"Time (s)","X (rad/s)","Y (rad/s)","Z (rad/s)"
8.292541665E-3,1.248385012E-1,1.497859508E-1,-3.146261275E-1
1.835254167E-2,1.331544109E-2,1.255008429E-1,-3.244137764E-1
2.841254167E-2,-1.335881203E-1,7.525710762E-2,-2.486187816E-1
3.847354167E-2,-2.673254311E-1,2.888899995E-3,-1.208499074E-1
4.853354167E-2,-3.631693125E-1,-7.185941935E-2,1.961261407E-2
5.859354167E-2,-4.226688445E-1,-1.631869376E-1,1.333756596E-1
6.865354168E-2,-4.593184888E-1,-2.310137749E-1,1.989159286E-1
7.871354168E-2,-4.891051650E-1,-2.598808110E-1,2.158887982E-1
8.877354168E-2,-5.027291179E-1,-2.378058285E-1,1.923716664E-1
9.883354168E-2,-4.860425591E-1,-1.696446240E-1,1.349288672E-1
1.088935417E-1,-4.377405643E-1,-1.011950746E-1,5.674615130E-2
1.189535417E-1,-3.598657548E-1,-4.140098020E-2,-2.473762725E-3
1.290135417E-1,-2.481302172E-1,2.993475460E-2,-2.498622425E-2
1.390735417E-1,-1.170406640E-1,1.218196750E-1,-4.135002848E-3
1.491335417E-1,2.121533826E-2,1.890823692E-1,5.092264712E-2
1.591935417E-1,1.457066685E-1,2.560907304E-1,1.396730244E-1
1.692535417E-1,2.393774241E-1,3.230460286E-1,2.241591215E-1
1.793135417E-1,2.917508781E-1,3.672140241E-1,2.770753205E-1
1.893735417E-1,3.048280776E-1,3.722253144E-1,2.856760025E-1
1.994335417E-1,2.913897634E-1,3.699094355E-1,2.459168732E-1
2.094935417E-1,2.828627825E-1,3.554768562E-1,1.514542401E-1
2.195535417E-1,2.991014123E-1,3.323419988E-1,2.739008889E-2
2.296135417E-1,3.580654860E-1,3.470282257E-1,-8.626779914E-2
2.396735417E-1,4.518788159E-1,3.591610491E-1,-1.380255371E-1
2.497335417E-1,5.574467778E-1,3.657246828E-1,-1.259174794E-1
2.597935417E-1,6.669192314E-1,4.854689240E-1,-7.219325751E-2
2.698535417E-1,7.700184584E-1,6.387000680E-1,-1.430845354E-2
2.799135417E-1,8.869229555E-1,7.234280109E-1,1.744228415E-2
2.899735417E-1,9.088413715E-1,5.542907119E-1,-5.892542377E-2
3.000335417E-1,5.644070506E-1,2.706843019E-1,-3.146858215E-1
3.100935417E-1,-6.529009938E-1,2.273532450E-1,-7.582564354E-1
3.201535417E-1,-1.052297235E0,-1.173551381E-1,-1.125236034E0
3.302135416E-1,-9.069391489E-1,2.880483270E-1,-1.264584899E0
3.402735416E-1,-5.058683753E-1,2.180663198E-1,-1.410106778E0
3.503335416E-1,-6.097097415E-3,2.896986902E-1,-1.451808095E0
3.603935416E-1,4.943984747E-1,3.744026423E-1,-1.332920790E0
3.704535416E-1,8.993148208E-1,6.781840324E-1,-1.155468225E0
3.805135416E-1,1.143236041E0,1.099832773E0,-9.499105811E-1
3.905735416E-1,1.324535251E0,1.518841028E0,-7.365502119E-1
4.006335416E-1,1.520356417E0,1.940984011E0,-5.861634016E-1
4.106935416E-1,1.767422199E0,2.397179127E0,-4.934322834E-1
4.207535416E-1,1.702431202E0,3.352181911E0,-4.993090630E-1
4.308135416E-1,1.123661518E0,4.294614792E0,-6.731032729E-1
4.408735416E-1,4.693622887E-1,4.073916435E0,-9.208148122E-1
4.509335416E-1,-7.668219507E-2,3.589722633E0,-8.293964863E-1
4.609935416E-1,-7.838606238E-1,3.146601915E0,-4.920959473E-1
4.710535416E-1,-8.299722075E-1,2.796277761E0,-2.317392975E-1
4.811135416E-1,-9.668490887E-1,2.122801542E0,-1.894933134E-1
4.911735416E-1,-1.084478855E0,1.197521329E0,-4.039508104E-1
5.012335416E-1,-1.235480070E0,4.946267605E-1,-5.234790444E-1
5.112945416E-1,-1.408769608E0,-6.730529666E-1,-4.153235555E-1
5.213545416E-1,-1.615603924E0,-1.442135811E0,-1.288121641E-1
5.314145416E-1,-1.811380148E0,-2.168072462E0,1.343954951E-1
5.414745416E-1,-1.831634045E0,-2.728903055E0,3.382868469E-1
5.515345416E-1,-1.764179587E0,-3.111380577E0,3.909094334E-1
5.615945417E-1,-1.596637487E0,-3.155581474E0,2.968463004E-1
5.716545417E-1,-1.379299283E0,-2.953471661E0,1.750038266E-1
5.817145417E-1,-1.219260097E0,-2.624673605E0,8.281236887E-2
5.917745417E-1,-1.074389696E0,-2.099938154E0,1.624725759E-2
6.018345417E-1,-9.234334230E-1,-1.409292221E0,-1.045447774E-3
6.118945417E-1,-7.201299667E-1,-7.026734352E-1,5.808861181E-2
6.219545417E-1,-4.622388184E-1,-2.123585939E-1,1.867339313E-1
6.320145417E-1,-1.644545346E-1,-4.649307951E-2,3.516372144E-1
6.420745417E-1,1.352594793E-1,-1.455320418E-1,4.708570838E-1
6.521345417E-1,3.909897208E-1,-2.861975431E-1,5.185292363E-1
6.621945417E-1,5.334522724E-1,-4.754047394E-1,4.393119216E-1
6.722545417E-1,5.221661329E-1,-6.682648063E-1,3.292729259E-1
6.823145417E-1,4.044407904E-1,-8.025445938E-1,2.348441333E-1
6.923745417E-1,2.528547049E-1,-8.920817971E-1,1.536729336E-1
7.024345417E-1,1.522769779E-1,-8.263949156E-1,7.172399759E-2
7.124942083E-1,1.278542131E-1,-6.642591357E-1,-4.368128255E-2
7.225542083E-1,1.665094644E-1,-4.981583059E-1,-2.063389122E-1
7.326142083E-1,2.220524400E-1,-3.499792516E-1,-3.511053920E-1
7.426742083E-1,2.668987513E-1,-2.314877510E-1,-4.411170483E-1
7.527342083E-1,3.139358461E-1,-1.444949061E-1,-4.367624223E-1
7.627942083E-1,3.925672770E-1,-1.209155396E-1,-3.222246468E-1
7.728542083E-1,5.036230683E-1,-1.893929392E-1,-1.397483945E-1
7.829142083E-1,6.662801504E-1,-3.402764499E-1,8.618673682E-2
7.929742083E-1,8.355007172E-1,-5.516227484E-1,2.554308176E-1
8.030342083E-1,9.555128813E-1,-8.033338189E-1,3.036428094E-1
8.130942083E-1,9.910650849E-1,-1.034461856E0,2.363717705E-1
8.231542083E-1,9.484062791E-1,-1.194716215E0,1.225280240E-1
8.332142083E-1,8.360751271E-1,-1.193569899E0,2.525955811E-2
8.432742083E-1,6.694874763E-1,-1.137531996E0,-1.129232813E-2
8.533342083E-1,4.697995782E-1,-1.161918640E0,-6.312938780E-2
8.633942083E-1,3.402825892E-1,-1.136405826E0,-8.287300169E-2
8.734542083E-1,2.811433077E-1,-1.101509094E0,-7.254272234E-3
8.835142083E-1,2.606156766E-1,-1.145056009E0,7.780922204E-2
8.935742083E-1,2.593363822E-1,-1.268872380E0,1.276602745E-1
9.036342083E-1,2.624096572E-1,-1.531573415E0,1.444949061E-1
9.136942083E-1,2.660995424E-1,-1.877721429E0,1.606864631E-1
9.237542083E-1,2.713829875E-1,-2.150258541E0,2.249860913E-1
9.338142083E-1,2.508333325E-1,-2.289320946E0,3.402045369E-1
9.438742083E-1,2.024095953E-1,-2.334100485E0,5.066872239E-1
9.539352083E-1,1.797679812E-1,-2.350818634E0,7.261027694E-1
9.639952083E-1,1.658290029E-1,-2.349634171E0,9.294359088E-1
9.740552083E-1,1.282003373E-1,-2.445787430E0,1.065759063E0
9.841152083E-1,4.124999419E-2,-2.581820488E0,1.133550882E0
9.941752083E-1,-1.385457516E-1,-2.551568747E0,1.085424423E0
1.004235208E0,-3.866913617E-1,-2.327083349E0,9.519254565E-1
1.014295208E0,-6.772382855E-1,-2.093045712E0,8.594516516E-1
1.024355208E0,-9.742801189E-1,-1.846876860E0,8.589139581E-1
1.034415208E0,-1.216158032E0,-1.630971074E0,9.344329238E-1
1.044475208E0,-1.331710935E0,-1.499693990E0,1.065164566E0
1.054535208E0,-1.312787056E0,-1.482954025E0,1.221344113E0
1.064595208E0,-1.183539152E0,-1.610167623E0,1.376684070E0
1.074655208E0,-1.000982523E0,-1.847028375E0,1.534031034E0
1.084715208E0,-8.288331032E-1,-2.095389605E0,1.667834282E0
1.094775208E0,-7.216423750E-1,-2.259069920E0,1.772686958E0
1.104835208E0,-7.481669188E-1,-2.327192068E0,1.871381044E0
1.114895208E0,-8.800732493E-1,-2.231903315E0,1.936942697E0
1.124955208E0,-1.056336284E0,-1.949783921E0,2.009960890E0
1.135015208E0,-1.228550315E0,-1.556318283E0,2.006109476E0
1.145075208E0,-1.314108014E0,-1.183963418E0,1.943944812E0
1.155135208E0,-1.269573450E0,-9.212536812E-1,1.874942303E0
1.165195208E0,-1.110581160E0,-7.610964775E-1,1.828000307E0
1.175255208E0,-8.661423922E-1,-6.934339404E-1,1.826484680E0
1.185315208E0,-6.038029194E-1,-7.409846783E-1,1.876900673E0
1.195375208E0,-3.359646797E-1,-9.060977697E-1,1.949033976E0
1.205435208E0,-1.026323438E-1,-1.110206485E0,2.001998186E0
1.215495208E0,4.481328279E-2,-1.302027106E0,2.030845404E0
1.225555208E0,1.409957409E-1,-1.371285319E0,2.036320448E0
1.235615208E0,2.296541482E-1,-1.264823914E0,2.042222261E0
1.245675208E0,3.250741661E-1,-1.102180123E0,2.041570187E0
1.255735208E0,4.583628476E-1,-1.011537671E0,2.011934996E0
1.265795208E0,6.898655891E-1,-1.037835240E0,1.971107721E0
1.275855208E0,1.000008702E0,-1.160424471E0,1.913882732E0
1.285915208E0,1.269055843E0,-1.263998270E0,1.960684896E0
1.295975208E0,1.380686164E0,-1.132837892E0,1.967416406E0
1.306035208E0,1.535075426E0,-1.202626824E0,1.775918603E0
1.316095208E0,1.592893004E0,-1.331458330E0,1.651015282E0
1.326155208E0,1.593172550E0,-1.261197805E0,1.618642092E0
1.336215208E0,1.532844067E0,-1.073144674E0,1.592843533E0
1.346276208E0,1.482882261E0,-1.023939013E0,1.464092970E0
1.356336208E0,1.401887774E0,-1.015031815E0,1.361536264E0
1.366396208E0,1.269796848E0,-8.261165023E-1,1.286009312E0
1.376456208E0,1.247259855E0,-7.079900503E-1,1.228793621E0
1.386516208E0,1.273517847E0,-5.340952277E-1,1.162997842E0
1.396576208E0,1.322544813E0,-3.869065046E-1,1.129209995E0
1.406636208E0,1.400573850E0,-4.070061743E-1,1.126682401E0
1.416696208E0,1.493676305E0,-4.834081233E-1,1.171744823E0
1.426756208E0,1.555954814E0,-5.696990490E-1,1.272189975E0
1.436816208E0,1.635701418E0,-5.876546502E-1,1.397601485E0
1.446876208E0,1.692559123E0,-6.567011476E-1,1.496852994E0
1.456936208E0,1.762882590E0,-7.450859547E-1,1.546324372E0
1.466996208E0,1.832405448E0,-8.693271875E-1,1.570113659E0
1.477056208E0,1.876818180E0,-1.008534312E0,1.573919773E0
1.487116208E0,1.900555968E0,-1.136858821E0,1.593623996E0
1.497176208E0,1.876144528E0,-1.241510987E0,1.612632513E0
1.507236208E0,1.801284909E0,-1.233473539E0,1.630543590E0
1.517296208E0,1.701033592E0,-1.101820230E0,1.676964641E0
1.527356208E0,1.590950251E0,-9.635406733E-1,1.749474049E0
1.537416208E0,1.489047408E0,-8.948694468E-1,1.818788052E0
1.547476208E0,1.450230241E0,-9.315427542E-1,1.902006865E0
1.557536208E0,1.475999475E0,-1.073960900E0,2.025676489E0
1.567596208E0,1.549575210E0,-1.300308585E0,2.177761555E0
1.577656208E0,1.592123151E0,-1.643100262E0,2.315060854E0
1.587716208E0,1.292109370E0,-2.330766678E0,2.222913265E0
1.597776208E0,9.576056600E-1,-2.686192513E0,2.116610527E0
1.607836208E0,7.151544094E-1,-2.645255566E0,2.054121017E0
1.617896208E0,5.818059444E-1,-2.419097662E0,2.010816574E0
1.627956208E0,5.770910978E-1,-2.158237219E0,1.993866563E0
1.638016208E0,6.444979310E-1,-1.921969175E0,1.979668856E0
1.648076208E0,7.179713249E-1,-1.767407060E0,1.972377658E0
1.658136208E0,7.810910344E-1,-1.710844517E0,1.995441675E0
1.668196208E0,8.389348984E-1,-1.801647663E0,2.040575743E0
1.678256208E0,8.965861797E-1,-1.987314582E0,2.130146980E0
1.688316208E0,9.570652246E-1,-2.172788858E0,2.236760616E0
1.698376208E0,1.011132360E0,-2.319075346E0,2.370930433E0
1.708437208E0,1.040855050E0,-2.435715914E0,2.467369080E0
1.718497042E0,1.039405704E0,-2.435290098E0,2.464957714E0
1.728557042E0,9.959370494E-1,-2.242167711E0,2.311510563E0
1.738617042E0,9.115579724E-1,-1.789671540E0,2.086502790E0
1.748677042E0,7.408218980E-1,-1.210697889E0,1.940361261E0
1.758737042E0,4.763531387E-1,-7.394716740E-1,1.869153857E0
1.768797042E0,1.397615373E-1,-4.985556901E-1,1.899510384E0
1.778857042E0,-1.209111959E-1,-3.671555519E-1,1.968749404E0
1.788917042E0,-2.370913327E-1,-3.037949502E-1,2.021891832E0
1.798977042E0,-1.788711250E-1,-2.454294860E-1,1.993619323E0
1.809037042E0,-1.233737841E-1,-3.121512532E-1,2.025597334E0
1.819097042E0,-1.444424838E-1,-3.570033610E-1,2.092951298E0
1.829157042E0,-2.361633480E-1,-4.007758796E-1,2.069640636E0
1.839217042E0,-3.297972977E-1,-4.339229167E-1,1.986295462E0
1.849277042E0,-3.938175440E-1,-3.586273491E-1,1.597073913E0
1.859337042E0,-4.515146613E-1,-3.985233605E-1,1.561897874E0
1.869397042E0,-4.169217944E-1,-3.139347136E-1,1.531481385E0
1.879457042E0,-3.379730284E-1,-2.248305827E-1,1.571935773E0
1.889517042E0,-3.243970275E-1,-2.462304235E-1,1.818655849E0
1.899577042E0,-2.675410807E-1,-2.936654389E-1,2.063766718E0
1.909637042E0,-2.316496521E-1,-2.347041368E-1,2.305123568E0
1.919697042E0,-2.633907199E-1,-9.757486731E-2,2.389164925E0
1.929757042E0,-3.535799980E-1,8.812309802E-2,2.275240183E0
1.939817042E0,-4.940954447E-1,2.611952126E-1,2.069684267E0
1.949877042E0,-6.905624270E-1,4.424041510E-1,1.743803382E0
1.959937042E0,-9.307205081E-1,6.235154271E-1,1.585499644E0
1.969997042E0,-1.153620124E0,6.966109276E-1,1.486032248E0
1.980057042E0,-1.222405195E0,6.920177341E-1,1.478877306E0
1.990117042E0,-1.250949502E0,5.701155663E-1,1.462991595E0
2.000177042E0,-1.241176844E0,4.434936643E-1,1.532437682E0
2.010237042E0,-1.160990715E0,3.495927453E-1,1.509299517E0
2.020297042E0,-1.020092964E0,2.857340574E-1,1.522867560E0
2.030357042E0,-9.307363629E-1,3.431406319E-1,1.565579414E0
2.040417042E0,-8.734407425E-1,5.341355205E-1,1.599962234E0
2.050477042E0,-8.622913957E-1,6.341622472E-1,1.582299352E0
2.060538042E0,-8.293859959E-1,6.906030774E-1,1.535802603E0
2.070598042E0,-7.455813289E-1,7.238638401E-1,1.518890500E0
2.080658042E0,-5.875180364E-1,6.324665546E-1,1.445091605E0
2.090718042E0,-4.172501266E-1,4.726180136E-1,1.352601647E0
2.100778042E0,-4.951865077E-1,5.732923150E-1,1.265144587E0
2.110838042E0,-5.538324714E-1,7.501725554E-1,1.262723207E0
2.120898042E0,-5.941231847E-1,6.210847497E-1,1.199988842E0
2.130958042E0,-5.004529357E-1,8.911433816E-2,1.011078596E0
2.141018042E0,-3.507760167E-1,-2.562743127E-1,8.463087678E-1
2.151078042E0,-4.142940044E-1,-4.292280078E-1,8.097853661E-1
2.161138042E0,-6.810588837E-1,-3.477171957E-1,8.894558549E-1
2.171198042E0,-8.783711791E-1,-5.080482364E-2,8.666623831E-1
2.181258042E0,-1.014795661E0,9.319470078E-2,6.580988169E-1
2.191318042E0,-1.018426895E0,1.335493177E-1,1.941606998E-1
2.201378042E0,-6.063354015E-1,-1.755353659E-1,-1.422558576E-1
2.211438042E0,-1.398731470E-1,-2.158114165E-1,-7.918075472E-2
2.221498042E0,1.612571329E-1,1.303771585E-1,-9.296767414E-2
2.231558042E0,1.870277524E-1,4.618986249E-1,-1.844688356E-1
2.241618042E0,8.879666030E-2,7.744096518E-1,-3.013042212E-1
2.251678042E0,7.972913794E-3,1.099165440E0,-4.249057770E-1
2.261738042E0,8.395843208E-3,1.106211543E0,-5.211293697E-1
2.271798042E0,8.573456854E-2,6.972509027E-1,-5.199432373E-1
2.281858042E0,-7.952207699E-3,4.437064230E-1,-3.715833724E-1
2.291918042E0,-1.410559267E-1,3.330158591E-1,-2.593609393E-1
2.301978042E0,-2.914395928E-1,2.483588904E-1,-1.905512065E-1
2.312038042E0,-4.154976308E-1,2.262184322E-1,-1.515388191E-1
2.322098042E0,-4.897465110E-1,1.459235400E-1,-1.134926975E-1
2.332158042E0,-5.147389174E-1,6.406169385E-2,-9.516189247E-2
2.342218042E0,-5.376822948E-1,1.063073426E-2,-3.516682982E-2
2.352278042E0,-4.932194650E-1,2.983745374E-2,1.642020047E-2
2.362338042E0,-4.168434143E-1,1.024669409E-1,8.789185435E-2
2.372398042E0,-3.256421387E-1,2.789743245E-1,1.176145971E-1
2.382459042E0,-2.578662932E-1,4.545184374E-1,1.239443794E-1
2.392519042E0,-2.703889906E-1,6.029942036E-1,1.388588697E-1
2.402579042E0,-2.792893946E-1,5.881960392E-1,1.707062572E-1
2.412639042E0,-3.053494990E-1,4.496434927E-1,2.201190889E-1
2.422699042E0,-3.264677823E-1,3.897111416E-1,1.813652813E-1
2.432759042E0,-2.932403088E-1,4.244038761E-1,2.799889632E-2
2.442819042E0,-1.932439357E-1,5.627523065E-1,-9.535783529E-2
2.452879042E0,-1.226858869E-1,6.268417835E-1,-6.653018296E-2
2.462939042E0,-1.539037526E-1,6.619557142E-1,-9.371699393E-2
2.472999042E0,-2.895321548E-1,6.746422052E-1,-3.806270659E-1
2.483059042E0,-5.144708157E-1,6.029015183E-1,-6.812796593E-1
2.493119042E0,-5.918215513E-1,4.590974450E-1,-9.752694964E-1
2.503179042E0,-5.547642708E-1,3.038727641E-1,-1.113850236E0
2.513239042E0,-4.067010283E-1,1.814312637E-1,-9.922804236E-1
2.523299042E0,-3.032165766E-1,-1.395055093E-2,-4.211802185E-1
2.533359042E0,-7.169865817E-2,1.716158539E-1,5.587887764E-1
2.543419042E0,1.703234166E-1,5.901306272E-1,1.345284700E0
2.553479042E0,2.663402259E-1,8.877447248E-1,1.441477776E0
2.563539042E0,3.278620541E-1,1.204990745E0,1.382483721E0
2.573599042E0,2.000431120E-1,1.155091166E0,1.268336415E0
2.583659042E0,5.095302314E-2,9.655731916E-1,1.214660883E0
2.593719042E0,4.134460166E-2,8.448587656E-1,1.451848030E0
2.603779042E0,7.467089593E-2,6.750735044E-1,1.878075600E0
2.613839042E0,7.992318273E-2,4.199346900E-1,2.567981243E0
2.623899042E0,-5.486972257E-2,3.123829663E-1,3.310712814E0
2.633959042E0,-1.471589208E-1,3.441893756E-1,4.012173176E0
2.644019042E0,-1.591056287E-1,5.398736000E-1,4.216473579E0
2.654079042E0,1.186615378E-1,5.796780586E-1,3.583647013E0
2.664139042E0,2.768467367E-1,2.007828206E-1,2.481568575E0
2.674199042E0,9.612329304E-2,-2.213559002E-1,1.447052240E0
2.684259042E0,-1.335033476E-1,-8.568150401E-1,1.022017837E0
2.694319042E0,-3.048559129E-1,-8.499512672E-1,1.187963128E0
2.704379042E0,-2.398381680E-1,-2.946172357E-1,1.721729279E0
2.714438833E0,-1.676449329E-1,9.202606976E-2,1.943128705E0
2.724499833E0,9.556262754E-3,1.163932756E-1,1.798010945E0
2.734559833E0,1.610497572E-2,2.721205652E-1,1.468309164E0
2.744619833E0,-1.599220932E-1,2.471208125E-1,1.122449398E0
2.754679833E0,-4.142009616E-1,-6.481817365E-2,7.967932224E-1
2.764739833E0,-6.451422572E-1,-2.528130710E-1,5.214377642E-1
2.774799833E0,-7.083483934E-1,-2.523401082E-1,3.066524267E-1
2.784859833E0,-7.946863770E-1,-4.415727779E-2,2.995828725E-2
2.794919833E0,-9.300153852E-1,-6.883333623E-2,-2.374169528E-1
2.804979833E0,-1.070042610E0,-2.857817113E-1,-3.700464368E-1
2.815039833E0,-1.243342400E0,-6.707720160E-1,-3.790468574E-1
2.825099833E0,-1.230509639E0,-9.863138199E-1,-1.795356423E-1
2.835159833E0,-9.945015311E-1,-7.434750795E-1,-1.253730655E-1
2.845219833E0,-1.111391783E0,-1.431127429E0,1.949990839E-1
2.855279833E0,-1.402955890E0,-2.718605995E0,4.972129762E-1
2.865339833E0,-1.233055830E0,-1.517083645E0,1.090446636E-1
2.875399833E0,-1.046586633E0,-3.453832120E-2,4.485827982E-1
2.885459833E0,-3.128047585E-1,4.292798936E-1,1.009677410E0
2.895519833E0,4.024606645E-1,3.968029022E-1,8.711876869E-1
2.905579833E0,6.414399743E-1,1.892957836E-1,4.819765389E-1
2.915639833E0,7.756105661E-1,-8.783676475E-2,3.560127318E-1
2.925699833E0,9.051229954E-1,-3.615726233E-1,2.737048566E-1
2.935759833E0,9.481356740E-1,-4.159833789E-1,1.962904930E-1
2.945819833E0,8.989349008E-1,-2.481071204E-1,1.263281554E-1
2.955879833E0,7.747210860E-1,-6.399614364E-2,6.795112789E-2
2.965939833E0,5.883494616E-1,2.679190226E-2,3.884800524E-2
2.975999833E0,3.385124803E-1,4.573363811E-2,7.388002425E-2
2.986059833E0,1.544821858E-1,1.720595658E-1,1.608035713E-1
2.996119833E0,-1.990502700E-3,2.791628540E-1,2.509715557E-1
3.006179833E0,-1.353271306E-1,3.797861934E-1,3.046787381E-1
3.016239833E0,-2.348912656E-1,5.173152685E-1,3.255171776E-1
3.026299833E0,-3.212095797E-1,6.724875569E-1,3.314847946E-1
3.036359833E0,-4.137261808E-1,7.731031179E-1,3.185799122E-1
3.046420833E0,-4.853558838E-1,8.121833205E-1,2.922248244E-1
3.056480833E0,-5.114287734E-1,8.069373965E-1,2.434711307E-1
3.066540833E0,-5.029492378E-1,7.406024337E-1,1.754455417E-1
3.076600833E0,-5.023071170E-1,6.463182569E-1,1.058355793E-1
3.086660833E0,-5.174778700E-1,5.441036820E-1,2.468769066E-2
3.096720833E0,-5.587190390E-1,4.451584518E-1,-6.396920234E-2
3.106780833E0,-6.107219458E-1,4.026897848E-1,-1.445266604E-1
3.116840833E0,-6.639228463E-1,3.657211065E-1,-2.204424590E-1
3.126900833E0,-7.105625272E-1,3.497574329E-1,-2.988444865E-1
3.136960833E0,-7.485783100E-1,3.382123709E-1,-3.790615797E-1
3.147020833E0,-7.787184715E-1,3.251894116E-1,-4.403436780E-1
3.157080833E0,-7.967888117E-1,3.119603992E-1,-4.688986540E-1
3.167140833E0,-7.935830355E-1,3.017352819E-1,-4.850152433E-1
3.177200833E0,-7.854793072E-1,2.849155366E-1,-4.864312410E-1
3.187260833E0,-7.844992876E-1,2.719904780E-1,-4.987519383E-1
3.197320833E0,-7.991669178E-1,2.521398067E-1,-5.215374231E-1
3.207380833E0,-8.040728569E-1,2.148867697E-1,-5.584208369E-1
3.217440833E0,-8.011665344E-1,1.480030864E-1,-6.027571559E-1
3.227500833E0,-8.059374690E-1,5.604939535E-2,-6.263676882E-1
3.237560833E0,-8.143714070E-1,-4.536830634E-2,-6.222965121E-1
3.247620833E0,-8.226534724E-1,-1.539542526E-1,-6.045962572E-1
3.257680833E0,-8.061397672E-1,-2.636101842E-1,-5.889014006E-1
3.267740833E0,-7.512231469E-1,-3.271829188E-1,-5.576250553E-1
3.277800833E0,-6.769958138E-1,-3.355308473E-1,-5.208142996E-1
3.287860833E0,-5.954285860E-1,-2.933942378E-1,-4.862433970E-1
3.297920833E0,-5.370491743E-1,-2.724916041E-1,-4.381725490E-1
3.307980833E0,-4.820432365E-1,-2.446570843E-1,-4.002410173E-1
3.318040833E0,-4.091178775E-1,-1.919640452E-1,-3.592762947E-1
3.328100833E0,-2.924879491E-1,-1.452565193E-1,-3.690348268E-1
3.338160833E0,-1.921522617E-1,-1.777739823E-1,-3.414790928E-1
3.348220833E0,-2.115274221E-1,-2.546402514E-1,-2.389847785E-1
3.358280833E0,-2.082767785E-1,-3.321939111E-1,-1.990775764E-1
3.368341833E0,-1.369483024E-1,-3.576488197E-1,-1.635208577E-1
3.378401833E0,-6.551086158E-2,-3.918448687E-1,-1.409505606E-1
3.388461833E0,-1.602630317E-2,-4.620580077E-1,-1.248932779E-1
3.398521833E0,2.486413904E-2,-5.493316650E-1,-1.079843417E-1
3.408581833E0,7.862578332E-2,-6.703941822E-1,-9.689055383E-2
3.418641833E0,1.166916788E-1,-7.629850507E-1,-8.230388165E-2
3.428701833E0,1.516848356E-1,-8.171468973E-1,-7.276459038E-2
3.438761833E0,1.948608011E-1,-8.420815468E-1,-7.621844113E-2
3.448821833E0,2.138163149E-1,-8.360891342E-1,-6.122670323E-2
3.458881833E0,2.251877338E-1,-8.147335052E-1,-2.492382936E-2
3.468941833E0,2.414048910E-1,-7.671394944E-1,1.156061701E-2
3.479001833E0,2.336923778E-1,-7.344673276E-1,4.221706092E-2
3.489061833E0,2.249984890E-1,-7.210950851E-1,6.955654174E-2
3.499121833E0,2.188364714E-1,-7.152273059E-1,7.758996636E-2
3.509181833E0,2.477382272E-1,-7.236567736E-1,5.774779990E-2
3.519241833E0,3.003796041E-1,-7.577378154E-1,2.017112821E-2
3.529301833E0,3.341345787E-1,-7.980367541E-1,-4.098185897E-2
3.539361833E0,3.822759986E-1,-8.161374927E-1,-1.013924703E-1
3.549421833E0,4.620222151E-1,-7.887313366E-1,-1.445352435E-1
3.559481833E0,5.424443483E-1,-7.328265309E-1,-1.650711447E-1
3.569541833E0,5.880708694E-1,-6.937205195E-1,-1.698834151E-1
3.579601833E0,6.042125821E-1,-7.034227252E-1,-1.419460624E-1
3.589661833E0,5.851613283E-1,-7.709792852E-1,-9.269535542E-2
3.599721833E0,5.085693598E-1,-8.331656456E-1,-4.628871009E-2
3.609781833E0,4.015543759E-1,-8.795282245E-1,-1.903943159E-2
3.619841833E0,3.074539900E-1,-9.287679195E-1,5.880645476E-4
3.629901833E0,2.477328181E-1,-9.812325835E-1,1.500930823E-2
3.639961833E0,2.236927301E-1,-1.017528296E0,2.648886293E-2
3.650021833E0,2.128862590E-1,-1.008257151E0,3.717764467E-2
3.660081833E0,2.150396854E-1,-9.680535197E-1,3.507507965E-2
3.670142833E0,2.224085629E-1,-8.909389377E-1,1.789228246E-2
3.680202833E0,2.445639372E-1,-7.914112806E-1,-3.985743970E-4
3.690262833E0,2.823636532E-1,-6.695896387E-1,-1.365625300E-2
3.700322833E0,3.137058616E-1,-5.545583963E-1,-1.925262064E-2
3.710382833E0,3.239336908E-1,-4.414955080E-1,-7.998520508E-3
3.720443083E0,2.926298082E-1,-3.406458795E-1,2.856791019E-3
3.730503083E0,2.443267405E-1,-2.749861181E-1,1.633681171E-2
3.740563083E0,1.956422925E-1,-2.207769305E-1,1.668728329E-2
3.750623083E0,1.758542210E-1,-1.796395332E-1,1.018681750E-2
3.760683083E0,1.834777892E-1,-1.634160876E-1,-7.710156962E-3
3.770743083E0,1.967134774E-1,-1.683168858E-1,-2.815274522E-2
3.780803083E0,2.293736786E-1,-1.738464087E-1,-4.807851836E-2
3.790863083E0,2.574824691E-1,-1.725706011E-1,-6.184215099E-2
3.800923083E0,2.806413174E-1,-1.695380658E-1,-6.851790100E-2
3.810983083E0,2.952782512E-1,-1.618160605E-1,-6.372987479E-2
3.821043083E0,2.903170586E-1,-1.491684318E-1,-4.818713665E-2
3.831103083E0,2.730635703E-1,-1.217710003E-1,-3.075107001E-2
3.841163083E0,2.482679486E-1,-8.466117829E-2,-1.832263172E-2
3.851223083E0,2.227923274E-1,-5.130232871E-2,-1.159770042E-2
3.861283083E0,2.004300356E-1,-1.666498929E-2,-1.414874196E-2
3.871343083E0,1.808836907E-1,1.299912483E-2,-2.402097359E-2
3.881403083E0,1.614247710E-1,4.377195239E-2,-2.802796476E-2
3.891463083E0,1.440625191E-1,7.640735805E-2,-2.655564994E-2
3.901523083E0,1.247383431E-1,9.341191500E-2,-1.571471989E-2
3.911583083E0,1.068952605E-1,1.037805155E-1,-8.522396907E-3
3.921643083E0,9.836702049E-2,1.134973243E-1,-1.168223657E-2
3.931703083E0,8.941405267E-2,1.250832379E-1,-1.292402484E-2
3.941763083E0,8.929580450E-2,1.327653825E-1,-1.588146389E-2
3.951823083E0,8.849650621E-2,1.315857023E-1,-2.583511733E-2
3.961883083E0,8.950877935E-2,1.208203956E-1,-3.312871605E-2
3.971944083E0,8.555852622E-2,9.245340526E-2,-3.676649183E-2
3.982004083E0,7.697941363E-2,4.511652142E-2,-4.096922651E-2
3.992064083E0,6.453225017E-2,4.686631728E-3,-4.453581944E-2
4.002124083E0,3.531044722E-2,-3.154594079E-2,-4.976333678E-2
4.012184083E0,4.104290158E-3,-5.705803260E-2,-5.653203279E-2
4.022244083E0,-2.747787163E-2,-7.471425831E-2,-7.230167836E-2
4.032304083E0,-7.438231260E-2,-9.923069179E-2,-8.136785030E-2
4.042364083E0,-1.051250398E-1,-1.276239753E-1,-1.008281037E-1
4.052424083E0,-1.370397806E-1,-1.395873278E-1,-1.252540350E-1
4.062484083E0,-1.740220338E-1,-1.216064766E-1,-1.582990736E-1
4.072544083E0,-2.066216618E-1,-8.043526858E-2,-2.074868232E-1
4.082604083E0,-2.287029922E-1,-4.209267348E-2,-2.459159791E-1
4.092664083E0,-2.260334343E-1,-5.195894465E-2,-2.430250049E-1
4.102724083E0,-2.266214639E-1,-1.231710687E-1,-1.919261366E-1
4.112784083E0,-2.425592691E-1,-2.264109701E-1,-1.080690920E-1
4.122844083E0,-2.455926090E-1,-2.787953615E-1,-3.753846884E-2
4.132904083E0,-2.374591529E-1,-2.482253015E-1,-1.550591551E-4
4.142964083E0,-2.069821954E-1,-1.579129845E-1,6.328672636E-3
4.153024083E0,-1.471330673E-1,-1.148081049E-1,8.668529801E-3
4.163084083E0,-6.515669823E-2,-5.360546708E-2,-5.699223839E-3
4.173144083E0,1.887921616E-2,-8.928339928E-3,-1.404000539E-2
4.183204083E0,7.951353490E-2,-1.026311517E-2,-1.143276971E-2
4.193264083E0,1.011172831E-1,-1.728951000E-2,3.332236083E-3
4.203324083E0,8.657269180E-2,-2.168292552E-2,3.384966403E-2
4.213384083E0,6.342282891E-2,-3.063291125E-2,6.530153006E-2
4.223444083E0,4.987958819E-2,-5.465169251E-2,9.204232693E-2
4.233504083E0,4.584616423E-2,-7.297109067E-2,1.097726896E-1
4.243564083E0,2.962777950E-2,-8.040716499E-2,1.188868284E-1
4.253624083E0,-6.192778237E-3,-8.563726395E-2,1.249698028E-1
4.263684083E0,-4.604218900E-2,-1.034937575E-1,1.136417836E-1
4.273745083E0,-7.244727761E-2,-1.194572747E-1,8.128024638E-2
4.283805083E0,-7.516929507E-2,-1.161640063E-1,3.240991011E-2
4.293865083E0,-4.019650444E-2,-8.447997272E-2,-9.198986925E-3
4.303925083E0,5.694286898E-3,-4.063421488E-2,-4.009671509E-2
4.313985083E0,4.735477269E-2,2.552383021E-2,-6.219132617E-2
4.324045083E0,9.061622620E-2,1.199512631E-1,-6.297430396E-2
4.334105083E0,1.390103400E-1,2.284371704E-1,-4.366243631E-2
4.344165083E0,1.828837842E-1,2.267236859E-1,-1.395407133E-3
4.354225083E0,2.290393114E-1,2.333767414E-1,2.666296251E-2
4.364285083E0,2.530498505E-1,2.624717653E-1,5.254888907E-2
4.374345083E0,2.768203020E-1,2.867208719E-1,5.811672658E-2
4.384405083E0,2.931401432E-1,3.239638507E-1,6.458980590E-2
4.394465083E0,2.973720133E-1,3.647941053E-1,5.858957022E-2
4.404525083E0,3.086979091E-1,3.790587783E-1,5.217668414E-2
4.414585083E0,3.118234575E-1,3.718855977E-1,5.360082164E-2
4.424645083E0,3.166895807E-1,3.507414162E-1,6.012023985E-2
4.434705083E0,3.104111552E-1,3.291034102E-1,6.762897968E-2
4.444765083E0,3.017050326E-1,3.094311655E-1,7.490633428E-2
4.454825083E0,2.897336483E-1,3.090615571E-1,8.343951404E-2
4.464885083E0,2.873090804E-1,2.993154526E-1,9.225297719E-2
4.474945083E0,2.882178128E-1,2.856164575E-1,1.004263684E-1
4.485005083E0,2.875656188E-1,2.613140345E-1,1.066216826E-1
4.495065083E0,2.829701900E-1,2.580106556E-1,1.167559400E-1
4.505125083E0,2.871846259E-1,2.719767988E-1,1.278245747E-1
4.515185083E0,2.879046500E-1,2.915355861E-1,1.391173005E-1
4.525245083E0,3.002966046E-1,3.272746801E-1,1.704613715E-1
4.535305083E0,3.019587696E-1,3.531189859E-1,1.798309982E-1
4.545365083E0,2.990362048E-1,3.850902319E-1,1.974781752E-1
4.555426083E0,3.081244826E-1,4.102149308E-1,2.265731543E-1
4.565486083E0,2.978915572E-1,4.305385649E-1,2.404546142E-1
4.575546083E0,2.891891897E-1,4.575977921E-1,2.472846508E-1
4.585606083E0,2.805331349E-1,4.765083790E-1,2.425908297E-1
4.595666083E0,2.771463096E-1,4.867677093E-1,2.350916564E-1
4.605726083E0,2.699232996E-1,5.132248998E-1,2.251884192E-1
4.615786083E0,2.480842471E-1,5.357291102E-1,2.201562375E-1
4.625846083E0,2.170299143E-1,5.558567047E-1,2.069786489E-1
4.635906083E0,1.714077592E-1,6.037742496E-1,1.924922913E-1
4.645966083E0,8.841407299E-2,6.664682627E-1,1.730743945E-1
4.656026083E0,-3.425268084E-2,7.323726416E-1,1.590759605E-1
4.666086083E0,-1.932433993E-1,7.672051787E-1,1.401739120E-1
4.676146083E0,-4.015839100E-1,7.957650423E-1,1.070479825E-1
4.686206083E0,-6.358904839E-1,8.040232658E-1,6.739244610E-2
4.696266083E0,-8.551074266E-1,8.697420955E-1,-6.263783202E-3
4.706326083E0,-1.076320171E0,9.269585013E-1,-7.596163452E-2
4.716385792E0,-1.352414370E0,9.289039373E-1,-1.436637193E-1
4.726445792E0,-1.666752815E0,8.348549604E-1,-2.331925333E-1
4.736505792E0,-1.987803578E0,6.234051585E-1,-3.949199915E-1
4.746565792E0,-2.268995047E0,3.626782298E-1,-6.261385679E-1
4.756625792E0,-2.440979481E0,1.617810875E-1,-8.898964524E-1
4.766685792E0,-2.474965334E0,6.873369962E-2,-1.101140738E0
4.776745792E0,-2.452892065E0,-9.053627029E-3,-1.154728770E0
4.786805792E0,-2.459934473E0,-1.475720853E-1,-1.066268682E0
4.796865792E0,-2.554737091E0,-2.657291889E-1,-9.702826142E-1
4.806925792E0,-2.652266741E0,-3.377567828E-1,-8.822398782E-1
4.816986792E0,-2.680181980E0,-4.647661150E-1,-7.913612723E-1
4.827046792E0,-2.625499487E0,-5.866935849E-1,-6.495682001E-1
4.837106792E0,-2.420855284E0,-6.513524055E-1,-5.112254620E-1
4.847166792E0,-2.068481922E0,-5.149825811E-1,-4.446973205E-1
4.857226792E0,-1.703450441E0,-3.210373819E-1,-4.785833955E-1
4.867286792E0,-1.409157634E0,-2.178420126E-1,-6.126151681E-1
4.877346792E0,-1.170584798E0,-1.931708902E-1,-7.960669994E-1
4.887406792E0,-9.590682983E-1,-3.432562649E-1,-9.708052278E-1
4.897466792E0,-7.943395376E-1,-6.030932069E-1,-1.084604383E0
4.907526792E0,-7.101565003E-1,-8.852398992E-1,-1.128046989E0
4.917586792E0,-7.047467828E-1,-1.067343235E0,-1.100569725E0
4.927646792E0,-7.122449279E-1,-1.092616558E0,-1.033739328E0
4.937706792E0,-7.042312622E-1,-1.095731378E0,-9.380260110E-1
4.947766792E0,-6.992974877E-1,-1.145863891E0,-8.145144582E-1
4.957826792E0,-7.296860814E-1,-1.175209641E0,-7.114048600E-1
4.967886792E0,-7.445702553E-1,-1.108507395E0,-6.361202002E-1
4.977946792E0,-7.191802263E-1,-9.938449860E-1,-5.860708952E-1
4.988006792E0,-6.901208758E-1,-8.326544762E-1,-5.370554328E-1
4.998066792E0,-6.514151096E-1,-6.691302061E-1,-4.913192093E-1
5.008126792E0,-6.188405752E-1,-5.109016895E-1,-4.306169748E-1
5.018186792E0,-5.765832663E-1,-4.114468992E-1,-3.507011831E-1
5.028246792E0,-4.905413091E-1,-3.501534462E-1,-2.693469524E-1
5.038306792E0,-3.678660095E-1,-3.496006727E-1,-1.793939322E-1
5.048366792E0,-2.203117162E-1,-3.528499901E-1,-9.786098450E-2
5.058426792E0,-6.086830050E-2,-3.502120674E-1,-1.854762435E-2
5.068486792E0,1.142020524E-1,-2.925471663E-1,6.234935299E-2
5.078547792E0,3.049858212E-1,-1.552405953E-1,1.479396820E-1
5.088607792E0,5.059117675E-1,3.081768006E-2,2.061332166E-1
5.098667792E0,7.004384995E-1,2.372246534E-1,2.282602191E-1
5.108727792E0,8.680144548E-1,4.250233173E-1,2.319732010E-1
5.118787792E0,1.018540740E0,5.317890048E-1,2.215260714E-1
5.128847792E0,1.157329440E0,5.539425015E-1,2.217969149E-1
5.138907792E0,1.269938827E0,5.060992241E-1,2.344120890E-1
5.148967792E0,1.355217218E0,3.985554278E-1,2.546534538E-1
5.159027792E0,1.428179026E0,2.389985025E-1,2.536239922E-1
5.169087792E0,1.509307504E0,7.769295573E-2,2.153019011E-1
5.179147792E0,1.600428820E0,-4.382406548E-2,1.381688118E-1
5.189207792E0,1.679724455E0,-1.169182435E-1,8.325655758E-2
5.199267792E0,1.659584045E0,-1.619434208E-1,1.022979468E-1
5.209327792E0,1.554682374E0,-2.172181308E-1,1.875406653E-1
5.219387792E0,1.379176736E0,-2.005654424E-1,2.941805422E-1
5.229447792E0,1.176000714E0,-1.318324506E-1,3.812062740E-1
5.239507792E0,1.040637612E0,-4.008374363E-2,4.127514660E-1
5.249567792E0,1.010161161E0,8.858874440E-2,3.412016332E-1
5.259627792E0,1.057293773E0,2.348313034E-1,2.293671817E-1
5.269687792E0,1.053909183E0,3.213363588E-1,1.703866869E-1
5.279747792E0,9.491990805E-1,3.234056532E-1,1.896961927E-1
5.289807792E0,7.798907757E-1,2.716404498E-1,2.465877086E-1
5.299868792E0,6.848863959E-1,2.768584788E-1,2.492536008E-1
5.309928792E0,6.417685151E-1,3.965872824E-1,1.615559757E-1
5.319988792E0,5.755670071E-1,4.750553668E-1,3.097593784E-2
5.330048792E0,3.945095539E-1,5.042806268E-1,-4.392839596E-2
5.340108792E0,2.017655820E-1,6.160660982E-1,-8.047130704E-2
5.350168792E0,5.892053992E-2,6.187095642E-1,-1.273218989E-1
5.360228792E0,1.301231533E-1,4.228698015E-1,-1.235150397E-1
5.370288792E0,4.346420169E-1,-1.297308058E-1,6.562718749E-2
5.380348792E0,5.445315242E-1,-6.728125811E-1,2.781552076E-1
5.390408792E0,5.328868628E-1,-4.114260077E-1,2.418430150E-1
5.400468792E0,1.084659472E-1,1.824048758E-1,2.980434597E-1
5.410528792E0,-1.105101109E0,5.429462790E-1,4.290712476E-1
5.420588792E0,-1.952242494E0,7.488376498E-1,1.559733897E-1
5.430648792E0,-1.303841591E0,9.266721010E-1,-4.670616984E-1
5.440708792E0,-6.072135568E-1,5.898026824E-1,-9.153501391E-1
5.450768792E0,-7.602811456E-1,-8.149048686E-2,-8.367959857E-1
5.460828792E0,-6.401540637E-1,-5.985105634E-1,-3.280159831E-1
5.470888792E0,2.008140832E-2,-5.485762954E-1,1.915714331E-2
5.480948792E0,7.586473227E-1,1.128688753E-1,1.328645945E-1
5.491008792E0,1.269571543E0,8.011037111E-1,1.025527641E-1
5.501068792E0,1.281312823E0,9.739232063E-1,1.160828248E-1
5.511128792E0,1.041161418E0,9.538668990E-1,2.135185599E-1
5.521188792E0,8.080492020E-1,8.275029063E-1,2.635208070E-1
5.531249792E0,5.869229436E-1,5.163050890E-1,2.107374817E-1
5.541309792E0,2.885811329E-1,2.819655538E-1,1.458997279E-1
5.551369792E0,-4.986292217E-3,2.134046108E-1,1.204430982E-1
5.561429792E0,-1.606365591E-1,3.321507871E-1,1.239175051E-1
5.571489792E0,-1.651229262E-1,4.773103595E-1,1.435439438E-1
5.581549792E0,-2.138487250E-1,5.192474127E-1,2.222617865E-1
5.591609792E0,-1.972516328E-1,6.589363217E-1,3.616050184E-1
5.601669792E0,-2.552826405E-1,8.482036591E-1,4.750347137E-1
5.611729792E0,-4.077922702E-1,8.863864541E-1,4.852325022E-1
5.621789792E0,-5.951850414E-1,6.299137473E-1,4.029885530E-1
5.631849792E0,-7.843597531E-1,2.861712575E-1,2.677473724E-1
5.641909792E0,-8.952237368E-1,-9.023882449E-2,1.200780272E-1
5.651969792E0,-8.436271548E-1,-4.116770327E-1,5.415227264E-2
5.662029792E0,-7.208533883E-1,-5.752542019E-1,-4.561882000E-3
5.672089792E0,-4.528690577E-1,-3.330532908E-1,-1.185704768E-1
5.682149792E0,-2.516771853E-1,7.446376234E-2,-1.515001208E-1
5.692209792E0,-3.269114792E-1,3.746241033E-1,-1.200894713E-1
5.702269792E0,-6.264110208E-1,4.549274445E-1,-6.185467541E-2
5.712329792E0,-1.163573384E0,2.748056054E-1,3.062092885E-2
5.722389708E0,-1.723167181E0,1.698532701E-1,1.054754183E-1
5.732449708E0,-2.312001944E0,1.065312922E-1,7.380537689E-2
5.742509708E0,-2.929781914E0,-2.400821820E-2,-1.546562314E-1
5.752569708E0,-3.311511993E0,1.009196322E-2,-4.885652363E-1
5.762630708E0,-3.611479282E0,-2.489249855E-1,-7.521929145E-1
5.772690708E0,-3.858533859E0,-6.607457995E-1,-9.501273036E-1
5.782750708E0,-3.800079346E0,-9.808809757E-1,-1.206455112E0
5.792810708E0,-3.599859476E0,-1.081170797E0,-1.372540951E0
5.802870708E0,-3.499245644E0,-1.451325774E0,-1.340980768E0
5.812930708E0,-3.276153803E0,-1.827284217E0,-1.178412557E0
5.822990708E0,-2.768842936E0,-2.047658205E0,-1.003659606E0
5.833050708E0,-2.096900940E0,-1.655894756E0,-8.650671244E-1
5.843110708E0,-1.388756871E0,-8.881099820E-1,-8.001362085E-1
5.853170708E0,-8.871619105E-1,-4.696371257E-1,-6.491083503E-1
5.863230708E0,-5.617118478E-1,-3.601756990E-1,-4.866452813E-1
5.873290708E0,-3.413975835E-1,-1.844781637E-1,-2.112906873E-1
5.883350708E0,-1.295842677E-1,3.294525743E-1,1.919368654E-2
5.893410708E0,2.324346602E-1,1.025431871E0,1.616323292E-1
5.903470708E0,6.505777240E-1,1.512169242E0,2.500951290E-1
5.913530708E0,1.065735221E0,1.626971126E0,2.758926153E-1
5.923590708E0,1.514040589E0,1.425867796E0,2.476953268E-1
5.933650708E0,1.952008367E0,1.083317399E0,2.102177292E-1
5.943710708E0,2.294835806E0,7.027261853E-1,2.148361057E-1
5.953770708E0,2.476455450E0,1.813205481E-1,3.324484825E-1
5.963830708E0,2.470083237E0,-5.497504473E-1,5.296838284E-1
5.973890708E0,2.424259663E0,-1.292127848E0,7.507621646E-1
5.983951708E0,2.416373968E0,-1.857652545E0,9.504478574E-1
5.994011708E0,2.508660316E0,-1.948577046E0,1.062083721E0
6.004071708E0,2.693429232E0,-1.653783321E0,1.008055806E0
6.014131708E0,2.816427946E0,-1.161375523E0,8.728736639E-1
6.024191708E0,2.755058527E0,-6.357240677E-1,7.893616557E-1
6.034251708E0,2.485195637E0,-2.134561837E-1,8.235089779E-1
6.044311708E0,2.039363384E0,1.572097987E-1,8.708293438E-1
6.054371708E0,1.499186516E0,5.510716438E-1,7.747731209E-1
6.064431708E0,1.064987183E0,8.822071552E-1,4.837272763E-1
6.074491708E0,8.379476666E-1,1.052056670E0,8.121739328E-2
6.084551708E0,8.569927216E-1,1.152990699E0,-2.503507137E-1
6.094611708E0,9.805905819E-1,1.104838848E0,-4.006238282E-1
6.104671708E0,9.793589115E-1,5.698179007E-1,-3.013825119E-1
6.114731708E0,7.856839895E-1,-4.105483890E-1,-1.144120991E-1
6.124791708E0,3.955078423E-1,-1.197558999E0,7.689121366E-2
6.134851708E0,3.128420115E-1,-1.348238230E0,9.765215218E-2
6.144911708E0,5.194419026E-1,-1.357476830E0,3.891945258E-2
6.154971708E0,6.903495193E-1,-1.088333964E0,-4.123983160E-2
6.165031708E0,5.116121173E-1,-6.082208157E-1,-7.004081458E-2
6.175091708E0,-1.889839955E-2,-7.787305117E-2,-5.607466400E-2
6.185151708E0,-5.860650539E-1,5.210450888E-1,-1.419134885E-1
6.195211708E0,-1.009133935E0,7.225813866E-1,-2.366519868E-1
6.205271708E0,-1.708788276E0,3.839359581E-1,-3.010588288E-1
6.215332708E0,-2.294283390E0,2.130880356E-1,-3.386719823E-1
6.225392708E0,-1.800066113E0,4.125091434E-1,-5.310186744E-1
6.235452708E0,-8.773822784E-1,7.761803269E-1,-6.961996555E-1
6.245512708E0,-6.107809544E-1,6.892165542E-1,-5.323621631E-1
6.255572708E0,-4.905727506E-1,-9.272558987E-2,-1.306240410E-1
6.265632708E0,1.787205637E-1,-3.640980124E-1,2.066792697E-1
6.275692708E0,8.077208400E-1,2.523177862E-1,2.589696348E-1
6.285752708E0,7.254940271E-1,7.466942668E-1,1.763450950E-1
6.295812708E0,4.008040726E-1,7.694216967E-1,7.860362530E-2
6.305872708E0,2.303613722E-1,2.049578577E-1,-1.210016012E-1
6.315932708E0,3.501173258E-1,-2.065045238E-1,-2.642389536E-1
6.325992708E0,4.576126337E-1,-2.230254412E-1,-3.253121376E-1
6.336052708E0,4.096863866E-1,-1.893862635E-1,-2.464055866E-1
6.346112708E0,3.037329614E-1,-2.787536085E-1,-1.036317497E-1
6.356172708E0,2.337227166E-1,-4.265963435E-1,2.009152621E-2
6.366232708E0,1.245979890E-1,-5.125569105E-1,1.076792330E-1
6.376292708E0,-1.210266873E-1,-4.417431653E-1,1.036850214E-1
6.386352708E0,-3.946390152E-1,-5.368927717E-1,3.334352747E-2
6.396412708E0,-7.089807391E-1,-7.054503560E-1,-3.668295965E-2
6.406472708E0,-1.039807558E0,-5.806658864E-1,-1.369389147E-1
6.416532708E0,-1.428992629E0,-4.020223916E-1,-2.382500917E-1
6.426592708E0,-1.940120101E0,-5.672851205E-1,-2.633835673E-1
6.436652708E0,-2.462024450E0,-7.224552631E-1,-1.980151981E-1
6.446713708E0,-2.842455149E0,-6.290193200E-1,-1.565336585E-1
6.456773708E0,-3.107483387E0,-6.022872925E-1,-1.313428134E-1
6.466833708E0,-3.363660336E0,-7.481217980E-1,1.967503503E-2
6.476893708E0,-3.623352289E0,-1.210275888E0,2.331428379E-1
6.486953708E0,-3.820648193E0,-1.523161292E0,4.318154156E-1
6.497013708E0,-3.783017874E0,-1.607981086E0,5.799366832E-1
6.507073708E0,-3.490904570E0,-1.503807187E0,5.670246482E-1
6.517133708E0,-3.122263908E0,-1.018967986E0,4.351965487E-1
6.527193708E0,-2.655648947E0,-1.747646481E-1,1.851234585E-1
6.537253708E0,-2.200421095E0,3.944801688E-1,-1.108839735E-2
6.547313708E0,-1.844857574E0,6.450775266E-1,-9.416355193E-2
6.557373708E0,-1.480465531E0,9.489077330E-1,-1.341698319E-1
6.567433708E0,-1.037991047E0,1.358240724E0,-2.081156075E-1
6.577493708E0,-5.871066451E-1,1.863447428E0,-3.249471486E-1
6.587553708E0,-7.128696889E-2,2.320086002E0,-4.006429315E-1
6.597613708E0,4.769130349E-1,2.435971975E0,-3.629125953E-1
6.607673708E0,9.267053604E-1,2.148904800E0,-2.448031902E-1
6.617733708E0,1.328602433E0,1.777551651E0,-1.380005777E-1
6.627793708E0,1.697603106E0,1.421406150E0,-3.761713207E-2
6.637853708E0,1.990281343E0,9.158926606E-1,9.314727038E-2
6.647913708E0,2.255237579E0,3.535240591E-1,2.431840152E-1
6.657973708E0,2.577776432E0,-3.276401013E-2,3.570591807E-1
6.668033708E0,2.864498138E0,-2.211804688E-1,4.600511193E-1
6.678093708E0,3.046568394E0,-2.070079148E-1,5.954827070E-1
6.688154708E0,3.145256519E0,-8.648864180E-2,7.134703398E-1
6.698214708E0,3.126020908E0,1.072712056E-2,7.376630306E-1
6.708274708E0,3.020297289E0,1.190194711E-1,6.565267444E-1
6.718335833E0,2.907701492E0,2.716407180E-1,5.055785179E-1
6.728395833E0,2.792539120E0,3.330978155E-1,3.868426085E-1
6.738455833E0,2.649702549E0,2.887391150E-1,3.681743741E-1
6.748515833E0,2.410650253E0,2.071413547E-1,3.733416498E-1
6.758575833E0,2.094459772E0,3.350979984E-1,2.322612405E-1
6.768635833E0,1.715512753E0,4.688131511E-1,1.010279581E-1
6.778695833E0,1.285015941E0,4.580830038E-1,6.483879406E-3
6.788755833E0,8.729255795E-1,2.075115591E-1,-9.356105328E-2
6.798815833E0,6.004253030E-1,-3.977254033E-2,-1.578886360E-1
6.808875833E0,4.726587534E-1,-2.882018983E-1,-2.646736205E-1
6.818935833E0,5.387150049E-1,-6.683300734E-1,-3.600741625E-1
6.828995833E0,5.739851594E-1,-7.242007256E-1,-3.221982718E-1
6.839055833E0,5.158858895E-1,-5.781657696E-1,-2.155173719E-1
6.849115833E0,6.631604433E-1,-6.787182689E-1,-1.394050568E-1
6.859175833E0,8.355939984E-1,-8.173856139E-1,1.207900513E-2
6.869235833E0,8.087405562E-1,-7.299091220E-1,1.402408034E-1
6.879295833E0,6.053658128E-1,-4.205006361E-1,1.274714768E-1
6.889355833E0,7.775504887E-2,1.089037210E-2,1.453429908E-1
6.899415833E0,-1.249928951E0,4.933132231E-1,1.712728590E-1
6.909475833E0,-2.331325531E0,8.176353574E-1,-7.827851921E-2
6.919535833E0,-1.809833646E0,8.952571750E-1,-4.613153934E-1
6.929596833E0,-6.045808196E-1,4.854434729E-1,-5.691313148E-1
6.939656833E0,-3.114221692E-1,-4.099171162E-1,-3.848004043E-1
6.949716833E0,-1.208341494E-1,-5.962631106E-1,9.573873132E-2
6.959776833E0,1.755112410E-1,-2.376434505E-1,3.528472185E-1
6.969836833E0,7.149185538E-1,5.719347000E-1,3.081362545E-1
6.979896833E0,1.091121197E0,1.171729922E0,6.462373585E-2
6.989956833E0,1.066242695E0,1.386866450E0,-7.692256011E-3
7.000016833E0,1.010500908E0,1.214335442E0,5.219557881E-2
7.010076833E0,8.088987470E-1,5.783960223E-1,1.220774129E-1
7.020136833E0,5.929568410E-1,-8.033876121E-2,9.287238866E-2
7.030196833E0,5.165832639E-1,-3.624741733E-1,4.613184184E-2
7.040256833E0,3.780018985E-1,-7.561439872E-1,1.054039523E-1
7.050316833E0,3.625390530E-1,-9.929449558E-1,2.099746317E-1
7.060376833E0,4.255451858E-1,-9.361485243E-1,2.577815354E-1
7.070436833E0,4.693912268E-1,-6.549459696E-1,2.934095562E-1
7.080496833E0,4.824252725E-1,-3.300632238E-1,2.839635909E-1
7.090556833E0,3.725745082E-1,-5.958009511E-2,2.812592685E-1
7.100616833E0,1.944617629E-1,2.652230263E-1,3.065087199E-1
7.110676833E0,-2.338286303E-2,6.608936191E-1,3.078764677E-1
7.120736833E0,-3.773166835E-1,8.476792574E-1,2.813399434E-1
7.130796833E0,-7.341670990E-1,7.984742522E-1,2.124539018E-1
7.140856833E0,-1.084478021E0,8.675313592E-1,9.596111625E-2
7.150916833E0,-1.535378575E0,1.188675404E0,-3.337471560E-2
7.160976833E0,-2.082939625E0,1.326803684E0,-2.003586441E-1
7.171036833E0,-2.640020132E0,6.491275430E-1,-2.739341855E-1
7.181097833E0,-3.098055124E0,-2.684877515E-1,-1.919370592E-1
7.191157833E0,-3.506039619E0,-6.369645000E-1,-1.082613915E-1
7.201217833E0,-3.929213762E0,-5.321717858E-1,-5.755772814E-2
7.211277833E0,-4.345596790E0,-6.519829035E-1,-1.329267863E-3
7.221337833E0,-4.497746468E0,-1.132262230E0,1.550621986E-1
7.231397833E0,-4.357920170E0,-1.690911889E0,2.609217167E-1
7.241457833E0,-4.016450882E0,-1.758331656E0,1.970862895E-1
7.251517833E0,-3.431708574E0,-1.504082084E0,-1.734791696E-2
7.261577833E0,-2.938846111E0,-1.051967382E0,-2.782197297E-1
7.271637833E0,-2.565874338E0,-4.915317595E-1,-3.789600730E-1
7.281697833E0,-2.173253536E0,-1.481669545E-1,-2.662716210E-1
7.291757833E0,-1.630876780E0,8.448407054E-2,8.355677128E-4
7.301817833E0,-9.035050869E-1,6.966134906E-1,9.103603661E-2
7.311877833E0,-2.026730776E-1,1.283013701E0,-8.293860406E-2
7.321937833E0,2.588335276E-1,1.404058933E0,-1.950803101E-1
7.331997833E0,5.757036805E-1,1.505052686E0,-1.690195408E-3
7.342057833E0,9.578869939E-1,1.726343274E0,2.216488868E-1
7.352117833E0,1.460771918E0,1.954086781E0,3.401164412E-1
7.362177833E0,2.007743120E0,1.922334433E0,3.516431451E-1
7.372237833E0,2.538017750E0,1.563490272E0,2.740833461E-1
7.382297833E0,2.955626965E0,9.367027879E-1,1.650181115E-1
7.392357833E0,3.153848171E0,5.073611438E-2,2.080510110E-1
7.402417833E0,3.156175375E0,-8.363505602E-1,4.921730161E-1
7.412477833E0,3.155353785E0,-1.328927755E0,8.826310635E-1
7.422538833E0,3.210636139E0,-1.516074419E0,1.148986816E0
7.432598833E0,3.216758013E0,-1.471428752E0,1.110059261E0
7.442658833E0,3.080279827E0,-1.176513314E0,8.174257874E-1
7.452718833E0,2.871517658E0,-8.466735482E-1,4.387554824E-1
7.462778833E0,2.585683107E0,-7.754473090E-1,1.780468971E-1
7.472838833E0,2.052525520E0,-7.718788981E-1,5.773594230E-2
7.482898833E0,1.304438949E0,-3.820768297E-1,-7.683891803E-2
7.492958833E0,7.851873636E-1,1.433458626E-1,-2.077452987E-1
7.503018833E0,5.334246755E-1,2.008959651E-1,-2.912156880E-1
7.513078833E0,4.259269536E-1,2.508792281E-1,-3.717129230E-1
7.523138833E0,6.781646609E-2,-1.897847056E-1,-4.170702994E-1
7.533198833E0,-1.699667871E-1,-1.450865269E0,-3.578452170E-1
7.543258833E0,4.363574982E-1,-2.453915596E0,-1.593379825E-1
7.553318833E0,1.141309977E0,-2.486158133E0,-2.120505087E-3
7.563378833E0,1.345880151E0,-2.152068377E0,3.082179129E-1
7.573438833E0,1.228343964E0,-1.456029773E0,6.641554832E-1
7.583498833E0,7.316641808E-1,-6.732662320E-1,8.019556999E-1
7.593558833E0,2.770280242E-1,-1.672190242E-2,6.077317595E-1
7.603618833E0,1.546520442E-1,8.450346589E-1,1.082431227E-1
7.613678833E0,9.402243793E-2,1.190123439E0,-3.158275783E-1
7.623738833E0,-8.472260237E-1,2.341311872E-1,-5.314746499E-1
7.633798833E0,-1.732251763E0,5.511980057E-1,-6.830479503E-1
7.643858833E0,-1.328167677E0,8.869195580E-1,-8.649855256E-1
7.653918833E0,-4.781652987E-1,5.705103278E-1,-9.187466502E-1
7.663978833E0,-1.857438385E-1,1.517226361E-2,-6.217807531E-1
7.674039833E0,4.798085615E-2,-7.229540944E-1,-4.058201611E-2
7.684099833E0,6.105419397E-1,-9.022444487E-1,4.138512611E-1
7.694159833E0,1.074489832E0,-4.384613931E-1,4.299815893E-1
7.704219833E0,1.049727559E0,1.680027097E-1,3.119670749E-1
7.714279833E0,7.790758014E-1,5.072875023E-1,2.400013953E-1
7.724338792E0,4.790698886E-1,2.954487503E-1,1.781353652E-1
7.734398792E0,4.288458228E-1,-2.729929611E-2,8.278509974E-2
7.744458792E0,5.055078268E-1,-2.443301380E-1,1.032182015E-3
7.754518792E0,5.032208562E-1,-2.119672000E-1,2.721901610E-2
7.764578792E0,4.858024418E-1,-9.993869811E-3,7.162962854E-2
7.774638792E0,4.849830866E-1,-2.763147932E-3,8.991514146E-2
7.784698792E0,3.687680662E-1,-3.493285477E-1,7.267090678E-2
7.794758792E0,1.128961444E-1,-7.217081785E-1,9.478915483E-2
7.804818792E0,-1.781242490E-1,-6.993623972E-1,1.354793310E-1
7.814878792E0,-4.774649441E-1,-3.478580117E-1,1.237246171E-1
7.824938792E0,-8.891283870E-1,6.978848577E-2,2.479536831E-2
7.834998792E0,-1.362164140E0,2.500563860E-1,-9.827857465E-2
7.845058792E0,-1.845139861E0,5.960750580E-1,-2.543933392E-1
7.855118792E0,-2.378888607E0,1.054374695E0,-4.268720746E-1
7.865178792E0,-2.930366278E0,1.013507128E0,-5.394806266E-1
7.875238792E0,-3.326548815E0,4.666915834E-1,-5.362846255E-1
7.885298792E0,-3.588762045E0,1.865621805E-1,-3.389736712E-1
7.895358792E0,-3.753543377E0,3.852136135E-1,-1.434107870E-1
7.905418792E0,-3.955472231E0,3.655099571E-1,-9.330287576E-2
7.915478792E0,-4.138096333E0,-3.357106447E-1,-1.941806823E-2
7.925538792E0,-4.212416649E0,-1.239021540E0,1.618979275E-1
7.935599792E0,-3.978115320E0,-1.589572191E0,2.384088784E-1
7.945659792E0,-3.416567087E0,-1.263162136E0,8.438949287E-2
7.955719792E0,-2.970624685E0,-7.556280494E-1,-7.581733912E-2
7.965779792E0,-2.737874746E0,-5.644687414E-1,-8.970732242E-2
7.975839792E0,-2.447418213E0,-3.112364709E-1,-5.703658238E-2
7.985899792E0,-1.958811641E0,5.984705687E-2,1.406742539E-2
7.995959792E0,-1.354682446E0,4.145559669E-1,4.922239110E-2
8.006019792E0,-8.653289676E-1,8.578476310E-1,-1.282766275E-2
8.016079792E0,-4.029203653E-1,1.366747260E0,-6.501962990E-2
8.026139792E0,1.486532837E-1,1.938765764E0,-5.760832131E-2
8.036199792E0,7.324876785E-1,2.412444830E0,-4.011230916E-2
8.046259792E0,1.275797248E0,2.603815317E0,-8.127477020E-3
8.056319792E0,1.749236465E0,2.485868692E0,4.946190491E-2
8.066379792E0,2.114663839E0,2.186487913E0,1.496835798E-1
8.076439792E0,2.365356684E0,1.697196364E0,2.873192132E-1
8.086499792E0,2.556273222E0,9.921295047E-1,5.134844780E-1
8.096559792E0,2.733022213E0,1.991318911E-1,8.222621083E-1
8.106619792E0,2.852990866E0,-5.364078879E-1,1.166079044E0
8.116679792E0,3.100595474E0,-8.855078816E-1,1.368460178E0
8.126739792E0,3.333099842E0,-8.821964860E-1,1.465467095E0
8.136799792E0,3.479141712E0,-6.220655441E-1,1.280506015E0
8.146859792E0,3.458544254E0,-2.979646921E-1,9.367449880E-1
8.156919792E0,3.248578310E0,-2.025675774E-1,5.713546276E-1
8.166979792E0,2.857548237E0,-3.879661858E-1,3.242108822E-1
8.177039792E0,2.386737585E0,-6.608757377E-1,1.571602374E-1
8.187100792E0,1.948683739E0,-7.774599195E-1,-1.324611623E-2
8.197160792E0,1.674948573E0,-7.808330059E-1,-1.543712616E-1
8.207220792E0,1.485696554E0,-8.147401214E-1,-2.363412380E-1
8.217280792E0,1.335353017E0,-7.676590681E-1,-3.759987056E-1
8.227340792E0,1.132890463E0,-5.483682752E-1,-4.666223526E-1
8.237400792E0,1.025446653E0,-5.003840923E-1,-4.830062985E-1
8.247460792E0,1.000440598E0,-6.298198104E-1,-4.399046302E-1
8.257520792E0,8.944358230E-1,-8.229832053E-1,-1.806617528E-1
8.267580792E0,8.880695701E-1,-8.949737549E-1,1.377010494E-1
8.277640792E0,1.046108723E0,-8.829737306E-1,2.810250819E-1
8.287700792E0,1.200677752E0,-7.539725900E-1,4.004939497E-1
8.297760792E0,1.228731871E0,-4.792046845E-1,3.699640036E-1
8.307820792E0,1.035965323E0,8.138352074E-3,2.450114340E-1
8.317880792E0,4.492679536E-1,3.878327608E-1,1.861440539E-1
8.327940792E0,-7.982740998E-1,2.989329994E-1,3.084635437E-1
8.338000792E0,-2.377376080E0,3.017457128E-1,1.125075743E-1
8.348060792E0,-2.676089764E0,5.123516917E-1,-6.528350711E-1
8.358120792E0,-1.551535010E0,4.650276601E-1,-1.028601050E0
8.368180792E0,-6.683139205E-1,1.792582273E-1,-1.070390821E0
8.378240792E0,-5.040237308E-2,1.713326667E-3,-7.026736736E-1
8.388300792E0,2.952218652E-1,-2.347892225E-1,-1.590735167E-1
8.398360792E0,2.190949321E-1,-4.012135863E-1,2.474493831E-1
8.408420792E0,5.044071078E-1,-3.553174809E-2,2.405392826E-1
8.418480792E0,8.129547238E-1,3.998825848E-1,1.071091741E-1
8.428541792E0,8.314234614E-1,4.865341187E-1,4.845517874E-2
8.438601792E0,6.782529950E-1,2.142914236E-1,-3.314431384E-2
8.448661792E0,4.842438102E-1,-2.194746584E-1,-1.319792867E-1
8.458721792E0,3.656184673E-1,-4.893076420E-1,-1.652557105E-1
8.468781792E0,1.722127646E-1,-7.985408306E-1,-1.028482616E-1
8.478841792E0,2.041804604E-2,-1.079135299E0,5.060065538E-2
8.488901792E0,-7.315264642E-2,-1.212544203E0,2.195830196E-1
8.498961792E0,-9.763009846E-2,-1.012299061E0,3.296099305E-1
8.509021792E0,-1.273483038E-1,-5.927948952E-1,4.203182757E-1
8.519081792E0,-9.948875755E-2,-1.302605122E-1,4.929330051E-1
8.529141792E0,-1.604803139E-3,3.712534606E-1,5.361725688E-1
8.539201792E0,-3.868190199E-2,5.910611153E-1,5.232408047E-1
8.549261792E0,-1.742852777E-1,5.659027696E-1,4.444058836E-1
8.559321792E0,-3.737033606E-1,7.526066899E-1,3.086956441E-1
8.569381792E0,-7.584636211E-1,1.073985457E0,1.217870042E-1
8.579441792E0,-1.256688476E0,1.207975626E0,-1.498219818E-1
8.589501792E0,-1.793980479E0,1.078098536E0,-4.336979091E-1
8.599561792E0,-2.325631857E0,6.904510856E-1,-6.313424706E-1
8.609621792E0,-2.824873447E0,3.205694258E-1,-7.332925797E-1
8.619681792E0,-3.243935585E0,3.091058433E-1,-7.819258571E-1
8.629741792E0,-3.590901136E0,1.766863018E-1,-7.679589391E-1
8.639801792E0,-3.851678133E0,-2.263956517E-2,-7.042002082E-1
8.649861792E0,-3.919206858E0,4.896910861E-2,-6.641550660E-1
8.659921792E0,-3.811991692E0,2.260505855E-1,-7.337865829E-1
8.669982792E0,-3.587504625E0,1.370187104E-1,-8.966945410E-1
8.680042792E0,-3.244928122E0,-1.797171533E-1,-1.128247380E0
8.690102792E0,-2.869505644E0,-4.797723293E-1,-1.342059851E0
8.700162792E0,-2.483518839E0,-5.006323457E-1,-1.332324862E0
8.710222792E0,-1.989950418E0,-1.197789907E-1,-1.076685429E0
8.720283292E0,-1.333390594E0,6.537646055E-1,-7.179682255E-1
8.730343292E0,-6.108648777E-1,1.378407478E0,-4.767987430E-1
8.740403292E0,-7.366989553E-2,1.477203727E0,-4.193665981E-1
8.750463292E0,2.689210176E-1,1.468968630E0,-1.846502274E-1
8.760523292E0,5.616742969E-1,1.622082710E0,1.687028706E-1
8.770583292E0,8.853764534E-1,1.609789252E0,4.786282480E-1
8.780643292E0,1.187047005E0,1.171370745E0,6.562033296E-1
8.790703292E0,1.504546642E0,5.508375168E-1,6.695545316E-1
8.800763292E0,1.914126754E0,-3.250110149E-2,5.816665292E-1
8.810823292E0,2.282914162E0,-4.311664701E-1,5.604858398E-1
8.820883292E0,2.532092810E0,-6.341078281E-1,7.265920043E-1
8.830943292E0,2.673552752E0,-7.874766588E-1,9.916436672E-1
8.841003292E0,2.743745804E0,-9.236492515E-1,1.243309736E0
8.851063292E0,2.815861702E0,-9.155879021E-1,1.381593943E0
8.861123292E0,2.934620619E0,-7.776372433E-1,1.348958731E0
8.871183292E0,3.092072010E0,-6.367083788E-1,1.162006378E0
8.881243292E0,3.271393538E0,-5.987143517E-1,8.803346753E-1
8.891303292E0,3.323645592E0,-6.491253376E-1,6.395292878E-1
8.901364292E0,3.046622276E0,-7.531954050E-1,5.441471934E-1
8.911424292E0,2.546813726E0,-7.866929173E-1,4.823368192E-1
8.921484292E0,2.002338886E0,-7.115843296E-1,3.545823097E-1
8.931544292E0,1.496349216E0,-6.976285577E-1,1.731137186E-1
8.941604292E0,1.148746967E0,-6.181870699E-1,-1.177339852E-1
8.951664292E0,9.548177719E-1,-4.941471517E-1,-4.510379136E-1
8.961724292E0,8.477805853E-1,-2.493841797E-1,-6.277226210E-1
8.971784292E0,6.969657540E-1,-1.785827242E-2,-6.713060141E-1
8.981844292E0,3.625013232E-1,-3.751024008E-1,-6.014623642E-1
8.991904292E0,-2.715712488E-1,-5.807769895E-1,-4.150166214E-1
9.001964292E0,-2.600432634E-1,-7.007138729E-1,-2.960518897E-1
9.012024292E0,3.765837848E-1,-7.483479977E-1,-1.925180405E-1
9.022084292E0,9.512906671E-1,-6.440203786E-1,1.139391437E-1
9.032144292E0,9.582838416E-1,-6.678343415E-1,4.634055197E-1
9.042204292E0,3.128258586E-1,-5.789117217E-1,8.085219860E-1
9.052264292E0,-1.583571792E0,-2.163015902E-1,1.134041786E0
9.062324292E0,-3.170743704E0,3.612267375E-1,6.826628447E-1
9.072384292E0,-2.703802586E0,6.046372652E-1,-3.763247728E-1
9.082444292E0,-1.328790665E0,8.173758984E-1,-8.898196220E-1
9.092504292E0,-5.530532002E-1,2.250688821E-1,-9.469502568E-1
9.102564292E0,-1.360350195E-2,-2.896622717E-1,-4.165891707E-1
9.112624292E0,6.375745535E-1,7.388637960E-2,1.901049912E-2
9.122685292E0,1.025193930E0,5.013178587E-1,1.584874392E-1
9.132745292E0,1.253283262E0,8.788521290E-1,-6.909991801E-2
9.142805292E0,1.188036203E0,9.248477817E-1,-1.960033923E-1
9.152865292E0,1.020962238E0,6.127991080E-1,-1.584192663E-1
9.162925292E0,8.391026855E-1,1.948992610E-1,-7.254435122E-2
9.172985292E0,4.857374132E-1,-3.411966562E-1,-1.948299631E-2
9.183045292E0,2.098011523E-1,-5.236555934E-1,-2.398810536E-2
9.193105292E0,7.176233083E-2,-4.875418246E-1,9.468927979E-2
9.203165292E0,-1.223780774E-2,-5.352468491E-1,3.138479292E-1
9.213225292E0,6.669038907E-3,-5.308030844E-1,4.783868194E-1
9.223285292E0,9.310379624E-2,-3.249990046E-1,5.612227321E-1
9.233345292E0,2.329200208E-1,1.009046212E-1,5.473729372E-1
9.243405292E0,2.839685678E-1,4.768155515E-1,4.847130179E-1
9.253465292E0,1.279273033E-1,6.875943542E-1,4.476695061E-1
9.263525292E0,-6.643888354E-2,8.935180902E-1,4.089209735E-1
9.273585292E0,-3.456090093E-1,1.210745096E0,3.189987838E-1
9.283645292E0,-8.155468702E-1,1.460877299E0,1.900812685E-1
9.293705292E0,-1.341107488E0,1.488027453E0,2.756026387E-2
9.303765292E0,-1.704920888E0,1.378147840E0,-1.310459077E-1
9.313825292E0,-1.855270386E0,1.137789369E0,-3.252609074E-1
9.323885292E0,-2.159246445E0,7.963738441E-1,-3.882097900E-1
9.333945292E0,-2.657249212E0,5.637110472E-1,-4.242926836E-1
9.344006292E0,-3.108766079E0,1.227333099E-1,-4.892331362E-1
9.354066292E0,-3.452056885E0,-4.500114322E-1,-4.821999967E-1
9.364126292E0,-3.590435028E0,-5.477564335E-1,-4.637415409E-1
9.374186292E0,-3.563738108E0,-3.302600384E-1,-4.471609592E-1
9.384246292E0,-3.409021139E0,-4.000651538E-1,-4.444026649E-1
9.394306292E0,-3.147244453E0,-6.881667376E-1,-5.091511011E-1
9.404366292E0,-2.758743763E0,-6.776963472E-1,-7.060922384E-1
9.414426292E0,-2.345828056E0,-5.963271856E-1,-7.909014225E-1
9.424486292E0,-1.970029116E0,-4.524714947E-1,-7.313181162E-1
9.434546292E0,-1.582132816E0,-1.606342942E-1,-6.362888217E-1
9.444606292E0,-1.125416279E0,3.085231483E-1,-4.934298992E-1
9.454666292E0,-6.885612607E-1,8.300409317E-1,-3.221958280E-1
9.464726292E0,-3.793559670E-1,1.038416862E0,-2.349912971E-1
9.474786292E0,-1.547345817E-1,1.066946864E0,-1.552863568E-1
9.484846292E0,7.416092604E-2,1.174788833E0,2.525955811E-2
9.494906292E0,3.859856725E-1,1.281343579E0,2.277298421E-1
9.504966292E0,7.680975795E-1,1.313541532E0,3.886227906E-1
9.515026292E0,1.167368174E0,1.177761912E0,4.806856215E-1
9.525086292E0,1.611007452E0,9.655839801E-1,5.252678990E-1
9.535146292E0,2.003279686E0,6.439840794E-1,5.695280433E-1
9.545206292E0,2.332183838E0,3.266767859E-1,7.180793881E-1
9.555266292E0,2.623536587E0,7.424268872E-2,9.838005304E-1
9.565326292E0,2.890512228E0,-1.588753909E-1,1.248454452E0
9.575387292E0,3.132142305E0,-4.207032919E-1,1.393514991E0
9.585447292E0,3.296184778E0,-7.387799621E-1,1.363980412E0
9.595507292E0,3.307407856E0,-1.094008327E0,1.212886810E0
9.605567292E0,3.157300711E0,-1.367923975E0,9.744148850E-1
9.615627292E0,2.888811827E0,-1.487986207E0,6.928684711E-1
9.625687292E0,2.565938473E0,-1.537744641E0,4.768301547E-1
9.635747292E0,2.089261532E0,-1.498771191E0,3.724038899E-1
9.645807292E0,1.514204979E0,-1.247738004E0,3.497991264E-1
9.655867292E0,1.095520139E0,-8.557223082E-1,2.053593993E-1
9.665927292E0,8.081897497E-1,-6.044247746E-1,-1.215628609E-1
9.675987292E0,6.093789339E-1,-3.384127915E-1,-4.252966344E-1
9.686047292E0,3.491933346E-1,-2.497532517E-1,-5.761443377E-1
9.696107292E0,-5.178365856E-2,-8.078892231E-1,-5.133898854E-1
9.706167292E0,-2.207408845E-1,-1.414080024E0,-2.074991018E-1
9.716227292E0,5.285304189E-1,-1.403597355E0,-9.981764480E-3
9.726287417E0,1.358439445E0,-1.209012151E0,1.989705116E-1
9.736347417E0,1.701460719E0,-7.373048067E-1,3.322377503E-1
9.746407417E0,1.594621420E0,1.127902791E-1,3.297505975E-1
9.756467417E0,1.161988497E0,9.065254927E-1,2.392318994E-1
9.766527417E0,6.738389730E-1,1.340841889E0,3.004225902E-3
9.776588417E0,-1.765099764E-1,1.130393505E0,-1.056644619E-1
9.786648417E0,-2.047228336E0,1.184670255E-1,-1.322199255E-1
9.796708417E0,-2.891725540E0,-6.006224081E-2,-7.535684705E-1
9.806768417E0,-2.132107496E0,-2.838821709E-1,-9.403285384E-1
9.816828417E0,-8.295410872E-1,-3.161026835E-1,-9.325699806E-1
9.826888417E0,-1.415878534E-2,-8.805086836E-3,-8.572707772E-1
9.836948417E0,5.189070106E-1,-8.636938781E-2,-3.475140631E-1
9.847008417E0,7.553740740E-1,-6.284104586E-1,2.968435884E-1
9.857068417E0,1.171213388E0,-5.566393137E-1,5.613290668E-1
9.867128417E0,1.401969552E0,1.620313972E-1,4.589206576E-1
9.877188417E0,1.164440870E0,7.158548832E-1,3.724803030E-1
9.887248417E0,8.465412259E-1,2.762543261E-1,1.828116775E-1
9.897308417E0,6.069597602E-1,-4.757528305E-1,1.633747481E-2
9.907368417E0,4.658012986E-1,-8.292149901E-1,-2.637390420E-2
9.917428417E0,3.650081158E-1,-1.004956484E0,7.519903593E-4
9.927488417E0,3.528618217E-1,-9.741654992E-1,9.557797760E-2
9.937548417E0,3.538514674E-1,-7.984658480E-1,1.977038085E-1
9.947608417E0,3.365181684E-1,-6.180810332E-1,2.681708932E-1
9.957668417E0,2.396355718E-1,-3.792724311E-1,3.183397949E-1
9.967728417E0,1.272874419E-3,3.688992560E-2,2.979312837E-1
9.977789417E0,-4.916132689E-1,5.620796680E-1,1.568460763E-1
9.987849417E0,-1.167456746E0,1.006859541E0,-9.605623037E-2
9.997909417E0,-1.893077612E0,1.218026280E0,-4.350747466E-1
1.000796942E1,-2.639012575E0,1.057202935E0,-8.301671743E-1
1.001802942E1,-3.257148981E0,2.270551026E-1,-1.104999542E0
1.002808942E1,-3.753774166E0,-3.025373816E-1,-1.119095683E0
1.003814942E1,-4.094666481E0,-6.422274746E-3,-9.538468719E-1
1.004820942E1,-4.061797619E0,1.168527976E-1,-5.893604755E-1
1.005826942E1,-4.000883102E0,-4.042870700E-1,-1.945796013E-1
1.006832942E1,-3.854523659E0,-1.262574673E0,5.939306319E-2
1.007838942E1,-3.472944975E0,-1.717553139E0,1.634542197E-1
1.008844942E1,-3.057041883E0,-1.379808664E0,3.250524104E-1
1.009850942E1,-2.753324747E0,-1.074566960E0,3.546446860E-1
1.010856942E1,-2.532253265E0,-1.043687582E0,2.159207761E-1
1.011862942E1,-2.183677673E0,-6.784806252E-1,1.199236810E-1
1.012868942E1,-1.790192246E0,-5.182158202E-3,2.887392640E-1
1.013874942E1,-1.365268111E0,5.897174478E-1,5.782526135E-1
1.014880942E1,-9.905484915E-1,1.087447405E0,5.617259741E-1
1.015886942E1,-6.602507234E-1,1.426337123E0,2.980587184E-1
1.016892942E1,-1.004443914E-1,1.927297592E0,-3.253659233E-2
1.017899042E1,5.881246924E-1,2.297335625E0,-2.650486529E-1
1.018905042E1,1.302377701E0,2.314567804E0,-3.517872989E-1
1.019911042E1,1.944804311E0,1.954804659E0,-2.555654347E-1
1.020917042E1,2.395808697E0,1.620434284E0,-4.838014394E-2
1.021923042E1,2.693898916E0,1.294954419E0,1.876443774E-1
1.022929042E1,2.969761848E0,8.006515503E-1,4.994560480E-1
1.023935042E1,3.223751307E0,2.755390108E-1,8.093010187E-1
1.024941042E1,3.562793970E0,-1.539483219E-1,1.042663217E0
1.025947042E1,3.921394348E0,-5.233370066E-1,1.141811609E0
1.026953042E1,4.055942535E0,-9.177644253E-1,1.073478103E0
1.027959042E1,3.823398829E0,-1.058018088E0,9.247017503E-1
1.028965042E1,3.335255861E0,-9.278038740E-1,7.930929065E-1
1.029971042E1,2.687514305E0,-8.430855274E-1,6.325684786E-1
1.030977042E1,2.015251160E0,-8.791806102E-1,4.564173520E-1
1.031983042E1,1.505070925E0,-7.996077538E-1,2.918124199E-1
1.032989042E1,1.139645219E0,-5.860915184E-1,-8.285765350E-2
1.033995042E1,8.431773782E-1,-9.855063260E-2,-4.686812460E-1
1.035001042E1,1.879028529E-1,2.798538506E-1,-5.997312665E-1
1.036007042E1,-4.191090465E-1,-4.680192769E-1,-3.262377381E-1
1.037013042E1,-2.533042803E-2,-1.945316792E0,-5.160956457E-2
1.038019142E1,1.281629682E0,-2.640332460E0,-1.312502194E-2
1.039025142E1,1.900282264E0,-2.013664484E0,2.456917912E-1
1.040031142E1,1.556922197E0,-6.480069160E-1,5.209795833E-1
1.041037142E1,7.328675389E-1,7.735829949E-1,6.126092076E-1
1.042043142E1,9.124495834E-2,1.525537491E0,2.672230899E-1
1.043049142E1,-3.671755195E-1,1.132883191E0,-1.740514338E-1
1.044055142E1,-5.865404010E-1,6.731858850E-2,-7.588182092E-1
1.045061142E1,-5.816273689E-1,-2.709662616E-1,-1.036344409E0
1.046067142E1,-7.003367543E-1,-1.335047930E-1,-8.864190578E-1
1.047073142E1,-1.002826333E0,2.393722236E-1,-6.278249621E-1
1.048079142E1,-9.125416875E-1,3.021456003E-1,-4.150517583E-1
1.049085142E1,-5.216318369E-1,-3.705213666E-1,-1.533709168E-1
1.050091142E1,-1.573998630E-1,-1.144270658E0,1.787412465E-1
1.051097142E1,1.710723191E-1,-1.555913925E0,5.511017442E-1
1.052103142E1,5.112900734E-1,-1.540643096E0,7.050452232E-1
1.053109142E1,6.140546799E-1,-1.244047523E0,6.362537742E-1
1.054115142E1,5.768250227E-1,-1.016417265E0,4.390530884E-1
1.055121142E1,5.590034127E-1,-8.954379559E-1,2.876845002E-1
1.056127142E1,5.940271616E-1,-6.688894629E-1,2.208250612E-1
1.057133242E1,6.103795171E-1,-2.253005654E-1,1.814688593E-1
1.058139242E1,6.216292381E-1,3.348753750E-1,1.465148777E-1
1.059145242E1,6.584194303E-1,5.905854702E-1,1.740321964E-1
1.060151242E1,7.190228701E-1,5.676916242E-1,2.910197973E-1
1.061157242E1,7.545223236E-1,4.840666056E-1,4.390630126E-1
1.062163242E1,7.469219565E-1,4.513728321E-1,5.754019022E-1
1.063169242E1,6.184261441E-1,3.598793745E-1,6.826431751E-1
1.064175242E1,4.405341744E-1,1.975927055E-1,7.094449401E-1
1.065181242E1,2.827990353E-1,3.494892642E-2,6.489753127E-1
1.066187242E1,1.338076890E-1,6.589192897E-3,5.716858506E-1
1.067193242E1,6.753984094E-2,1.733265668E-1,5.204727650E-1
1.068199242E1,4.428911954E-2,3.883163631E-1,4.993842542E-1
1.069205242E1,1.925331540E-2,6.608595848E-1,5.044552088E-1
1.070211242E1,-4.398557544E-2,8.596909046E-1,5.504032969E-1
1.071217242E1,-1.806153357E-1,8.454412818E-1,6.230705976E-1
1.072223154E1,-3.430639207E-1,7.085561156E-1,7.007014751E-1
1.073229154E1,-6.209027171E-1,4.631505907E-1,7.636548877E-1
1.074235154E1,-1.049114823E0,-5.901671574E-2,7.642740607E-1
1.075241154E1,-1.367818594E0,-5.173665881E-1,6.031252146E-1
1.076247254E1,-1.606967807E0,-5.058593154E-1,3.191289306E-1
1.077253254E1,-1.954062700E0,-4.929549396E-1,-7.220447995E-3
1.078259254E1,-2.340812922E0,-7.200666666E-1,-2.967910171E-1
1.079265254E1,-2.555632353E0,-8.839390278E-1,-5.592815876E-1
1.080271254E1,-2.682284832E0,-7.886908054E-1,-7.114295959E-1
1.081277254E1,-2.697185755E0,-4.708134532E-1,-7.555708289E-1
1.082283254E1,-2.576406002E0,-1.278230697E-1,-7.741341591E-1
1.083289254E1,-2.361923218E0,1.206841785E-2,-8.677869439E-1
1.084295254E1,-2.063184023E0,-2.227858901E-1,-1.052788258E0
1.085301254E1,-1.690748096E0,-4.770791233E-1,-1.228986144E0
1.086307254E1,-1.303839326E0,-6.746060252E-1,-1.256833792E0
1.087313254E1,-9.358556271E-1,-8.314512372E-1,-1.229624510E0
1.088319254E1,-7.244728208E-1,-9.074274898E-1,-1.172537208E0
1.089325254E1,-6.486015916E-1,-8.736980557E-1,-1.103524208E0
1.090331254E1,-5.724913478E-1,-8.264977932E-1,-1.090340853E0
1.091337254E1,-4.507397711E-1,-8.042953014E-1,-1.113409996E0
1.092343254E1,-2.444526553E-1,-8.342678547E-1,-1.168382406E0
1.093349254E1,-2.914525755E-2,-1.012763739E0,-1.239073515E0
1.094355354E1,1.639227271E-1,-1.332850933E0,-1.274093866E0
1.095361354E1,3.355373144E-1,-1.672044158E0,-1.306334853E0
1.096367354E1,4.786050022E-1,-1.938773394E0,-1.334787726E0
1.097373354E1,5.536279082E-1,-2.080052853E0,-1.335031033E0
1.098379354E1,5.679078102E-1,-2.182667255E0,-1.310786128E0
1.099385354E1,5.641052723E-1,-2.347373247E0,-1.264143944E0
1.100391354E1,5.717946291E-1,-2.520860672E0,-1.195003510E0
1.101397354E1,5.933095813E-1,-2.677525997E0,-1.100202441E0
1.102403354E1,6.332982779E-1,-2.830403328E0,-9.819571972E-1
1.103409354E1,6.646117568E-1,-2.981476545E0,-8.331018090E-1
1.104415354E1,7.339417934E-1,-3.038785934E0,-6.497732401E-1
1.105421354E1,8.910105824E-1,-2.936444521E0,-4.669030309E-1
1.106427354E1,1.098184109E0,-2.685151339E0,-3.013281822E-1
1.107433354E1,1.236650586E0,-2.410529852E0,-1.299581528E-1
1.108439354E1,1.240457892E0,-2.159430504E0,-2.563186921E-3
1.109445354E1,1.121099234E0,-2.074976206E0,4.916152358E-2
1.110451354E1,9.427564144E-1,-2.102713346E0,3.905722499E-2
1.111457354E1,7.517871857E-1,-2.162963152E0,5.873861723E-3
1.112463354E1,6.320801973E-1,-2.141895533E0,5.669597071E-3
1.113469454E1,5.377427340E-1,-2.206614494E0,4.182957858E-2
1.114475454E1,4.164323509E-1,-2.411252260E0,7.923686504E-2
1.115481454E1,2.942151129E-1,-2.492424965E0,7.642257493E-3
1.116487454E1,1.311247200E-1,-2.471809626E0,-5.177313462E-2
1.117493454E1,1.527048834E-2,-2.366473675E0,-1.287472844E-1
1.118499454E1,-3.861751407E-2,-2.140687466E0,-2.268991470E-1
1.119505454E1,-3.170368075E-2,-1.861182451E0,-3.161920011E-1
1.120511454E1,1.258532982E-3,-1.639128447E0,-3.813600838E-1
1.121517454E1,3.060522303E-2,-1.511955500E0,-4.291199744E-1
1.122523454E1,9.557329863E-2,-1.448320866E0,-4.757806957E-1
1.123529454E1,1.687567532E-1,-1.347170234E0,-5.041650534E-1
1.124535454E1,1.381610334E-1,-1.191504836E0,-4.681127667E-1
1.125541454E1,-7.009197026E-2,-1.147258639E0,-4.276151657E-1
1.126547454E1,-3.377508521E-1,-9.877606034E-1,-5.553422570E-1
1.127553454E1,-5.195425749E-1,-7.501875162E-1,-7.919209599E-1
1.128559454E1,-5.803475976E-1,-8.915228248E-1,-7.853285670E-1
1.129565454E1,-5.528960824E-1,-1.295933485E0,-5.622643232E-1
1.130571454E1,-3.508321941E-1,-1.378158092E0,-3.544951975E-1
1.131577554E1,3.831586242E-2,-1.029488087E0,-1.419963241E-1
1.132583554E1,3.951440156E-1,-5.846325159E-1,7.184272259E-2
1.133589554E1,6.869068742E-1,-2.915883064E-1,1.901140213E-1
1.134595554E1,8.951091170E-1,-1.446470469E-1,2.335528433E-1
1.135601554E1,1.017277002E0,-2.552609444E-1,2.126880884E-1
1.136607554E1,1.059221029E0,-5.423827171E-1,1.527861357E-1
1.137613554E1,1.001809478E0,-8.502838612E-1,9.530648589E-2
1.138619554E1,8.835712671E-1,-1.092356443E0,4.357564449E-2
1.139625554E1,8.034420013E-1,-1.248238325E0,4.029568285E-3
1.140631554E1,7.566673160E-1,-1.378021836E0,-1.035469770E-2
1.141637554E1,7.441888452E-1,-1.483218670E0,-2.252294682E-2
1.142643554E1,7.592564821E-1,-1.568765521E0,-3.693357855E-2
1.143649554E1,7.752107978E-1,-1.622847915E0,-5.494250357E-2
1.144655554E1,7.553236485E-1,-1.647650242E0,-6.671980023E-2
1.145661554E1,6.938237548E-1,-1.638983965E0,-8.951140195E-2
1.146667554E1,6.066781878E-1,-1.579192042E0,-1.252142787E-1
1.147673554E1,5.245187283E-1,-1.487663150E0,-1.609007418E-1
1.148679654E1,4.624154568E-1,-1.382884264E0,-1.859219372E-1
1.149685654E1,4.169635773E-1,-1.276384115E0,-1.999304742E-1
1.150691654E1,4.041782916E-1,-1.180194259E0,-1.881672889E-1
1.151697654E1,4.011505544E-1,-1.104824662E0,-1.580106765E-1
1.152703654E1,3.856253922E-1,-1.030327439E0,-1.332805604E-1
1.153709654E1,3.614467978E-1,-9.719179273E-1,-1.110026315E-1
1.154715654E1,3.407377899E-1,-9.412183166E-1,-8.551938087E-2
1.155721654E1,3.140049577E-1,-9.294590354E-1,-5.680175126E-2
1.156727654E1,2.627119422E-1,-9.356106520E-1,-3.562162817E-2
1.157733654E1,1.913240254E-1,-9.581899047E-1,-3.394130245E-2
1.158739654E1,1.193196028E-1,-1.004530191E0,-5.395815149E-2
1.159745654E1,6.931762397E-2,-1.034876347E0,-9.404192120E-2
1.160751654E1,4.899850860E-2,-1.080509663E0,-1.358407736E-1
1.161757654E1,5.499864742E-2,-1.121699572E0,-1.722679734E-1
1.162763654E1,6.969823688E-2,-1.162413120E0,-2.096582204E-1
1.163769654E1,7.582636178E-2,-1.202102423E0,-2.486018687E-1
1.164775654E1,7.816807926E-2,-1.271850824E0,-2.836123109E-1
1.165781654E1,8.202272654E-2,-1.351402521E0,-3.204210401E-1
1.166787754E1,9.850475937E-2,-1.415426016E0,-3.803027570E-1
1.167793754E1,1.228894442E-1,-1.465829015E0,-4.484268129E-1
1.168799754E1,1.497261226E-1,-1.495815635E0,-5.010790825E-1
1.169805754E1,1.657871157E-1,-1.509827018E0,-5.349238515E-1
1.170811754E1,1.582335979E-1,-1.532546997E0,-5.358067155E-1
1.171817754E1,1.348911673E-1,-1.583957314E0,-5.093553066E-1
1.172824179E1,9.812941402E-2,-1.699784040E0,-4.497572482E-1
1.173830179E1,5.035395920E-2,-1.856321096E0,-3.692678213E-1
1.174836179E1,3.536652774E-3,-1.988945484E0,-2.807563543E-1
1.175842179E1,-5.072584003E-2,-2.057490826E0,-2.168286741E-1
1.176848179E1,-1.021863669E-1,-2.055508375E0,-1.951643974E-1
1.177854179E1,-1.471188515E-1,-1.969515562E0,-2.199523300E-1
1.178860179E1,-2.016010135E-1,-1.831823468E0,-2.812511325E-1
1.179866179E1,-2.619217038E-1,-1.660436392E0,-3.680000901E-1
1.180872179E1,-3.310829401E-1,-1.492560506E0,-4.545722604E-1
1.181878179E1,-4.125528932E-1,-1.356387377E0,-5.162692666E-1
1.182884279E1,-5.118699074E-1,-1.262268424E0,-5.463707447E-1
1.183890279E1,-6.241578460E-1,-1.261269808E0,-5.611893535E-1
1.184896279E1,-7.344508171E-1,-1.329817533E0,-5.607006550E-1
1.185902279E1,-8.539421558E-1,-1.350932598E0,-5.435116291E-1
1.186908279E1,-9.733482003E-1,-1.280837655E0,-5.435801148E-1
1.187914279E1,-1.061941743E0,-1.195999503E0,-5.567603707E-1
1.188920279E1,-1.105941057E0,-1.099806309E0,-5.661847591E-1
1.189926279E1,-1.120841622E0,-9.659837484E-1,-5.578534603E-1
1.190932279E1,-1.119531155E0,-7.928114533E-1,-5.308080316E-1
1.191938279E1,-1.103407264E0,-6.032458544E-1,-5.070433617E-1
1.192944279E1,-1.070277572E0,-4.330671430E-1,-4.685361981E-1
1.193950279E1,-1.023127317E0,-3.072957695E-1,-4.025709927E-1
1.194956279E1,-9.453985095E-1,-2.532016635E-1,-2.836802900E-1
1.195962279E1,-8.298001885E-1,-2.796746194E-1,-1.635506302E-1
1.196968279E1,-6.870688796E-1,-3.742714226E-1,-8.863219619E-2
1.197974279E1,-5.681436062E-1,-5.460740328E-1,-4.803154990E-2
1.198980279E1,-5.278590322E-1,-7.568957210E-1,-1.148286182E-2
1.199986379E1,-5.394702554E-1,-9.548651576E-1,4.117491096E-2
1.200992379E1,-5.585075617E-1,-1.074175239E0,1.069653779E-1
1.201998379E1,-5.267405510E-1,-1.132551432E0,1.747178435E-1
1.203004379E1,-4.393137395E-1,-1.165258288E0,2.159955204E-1
1.204010379E1,-3.158178926E-1,-1.220963955E0,2.244895399E-1
1.205016379E1,-1.653048396E-1,-1.265861750E0,1.883925200E-1
1.206022379E1,8.987694047E-3,-1.308807135E0,1.073773727E-1
1.207028379E1,1.800864786E-1,-1.332795024E0,-4.911620170E-3
1.208034379E1,3.002250493E-1,-1.346445799E0,-1.206926256E-1
1.209040379E1,4.080524445E-1,-1.356490970E0,-2.379827648E-1
1.210046379E1,5.305569768E-1,-1.359280467E0,-3.507221043E-1
1.211052379E1,6.136897206E-1,-1.297643781E0,-4.507887959E-1
1.212058379E1,6.799419522E-1,-1.223013520E0,-5.500627756E-1
1.213064379E1,7.518462539E-1,-1.123518348E0,-5.997254252E-1
1.214070379E1,8.098117113E-1,-1.031347632E0,-5.886461139E-1
1.215076479E1,7.899738550E-1,-9.643909335E-1,-5.079858899E-1
1.216082479E1,6.830899715E-1,-9.889081120E-1,-3.852488399E-1
1.217088479E1,5.604828596E-1,-1.099724174E0,-2.319500744E-1
1.218094479E1,4.850588739E-1,-1.221201539E0,-8.475595713E-2
1.219100479E1,4.968212545E-1,-1.223299026E0,3.064547479E-2
1.220106479E1,5.669186115E-1,-1.101487637E0,1.256275475E-1
1.221112479E1,6.223919988E-1,-9.206519723E-1,2.103080750E-1
1.222118479E1,6.418930888E-1,-7.831525207E-1,2.821758091E-1
1.223124479E1,6.282867193E-1,-7.205573320E-1,3.564236760E-1
1.224130479E1,5.884644389E-1,-6.903321743E-1,4.298702478E-1
1.225136479E1,5.700124502E-1,-6.870631576E-1,4.808801711E-1
1.226142479E1,5.766974092E-1,-7.115905881E-1,4.840920866E-1
1.227148479E1,5.966199636E-1,-7.508066893E-1,4.475114346E-1
1.228154479E1,6.225050688E-1,-6.955373883E-1,3.705379665E-1
1.229160479E1,6.400659680E-1,-5.251286030E-1,2.559069693E-1
1.230166479E1,6.370526552E-1,-3.502947688E-1,1.208421066E-1
1.231172579E1,5.961193442E-1,-2.368227988E-1,-1.281369478E-2
1.232178579E1,5.097027421E-1,-2.209201753E-1,-1.283474118E-1
1.233184579E1,3.841815591E-1,-3.189497888E-1,-2.092635781E-1
1.234190579E1,2.614727020E-1,-5.128577352E-1,-2.350002676E-1
1.235196579E1,1.433444619E-1,-7.659578919E-1,-1.771185994E-1
1.236202579E1,3.026501089E-2,-1.064384103E0,-8.002405614E-2
1.237208579E1,-6.311846524E-2,-1.312571526E0,2.611330152E-2
1.238214579E1,-1.510631144E-1,-1.491569638E0,1.346818805E-1
1.239220579E1,-1.712986082E-1,-1.626419425E0,1.827822924E-1
1.240226579E1,-1.379085630E-1,-1.751027703E0,1.769413203E-1
1.241232579E1,-6.424366683E-2,-1.823039532E0,1.577673554E-1
1.242238579E1,1.008351520E-2,-1.830287933E0,1.166546419E-1
1.243244579E1,7.794672251E-2,-1.812992573E0,6.576855481E-2
1.244250579E1,1.180834696E-1,-1.772436380E0,3.601827100E-2
1.245256579E1,1.325196624E-1,-1.708829403E0,5.330666434E-3
1.246262579E1,1.442070156E-1,-1.628246427E0,-2.097708918E-2
1.247268679E1,1.514084637E-1,-1.559295297E0,-4.128289223E-2
1.248274679E1,1.673138291E-1,-1.508186340E0,-5.072744563E-2
1.249280679E1,1.736391038E-1,-1.449780226E0,-4.301759601E-2
1.250286679E1,1.713978350E-1,-1.381171346E0,-2.377251349E-2
1.251292679E1,1.509325206E-1,-1.294401884E0,-1.136976294E-3
1.252298679E1,1.206907406E-1,-1.188493490E0,2.737862431E-2
1.253304679E1,8.735382557E-2,-1.073941588E0,5.906464905E-2
1.254310679E1,5.469626933E-2,-9.389728308E-1,8.881258219E-2
1.255316679E1,2.012790553E-2,-8.007233739E-1,1.076118350E-1
1.256322679E1,-1.132048760E-2,-6.707267761E-1,1.139462814E-1
1.257328679E1,-3.494219482E-2,-5.832517743E-1,1.000869274E-1
1.258334679E1,-5.187137425E-2,-5.363863111E-1,7.666469365E-2
1.259340679E1,-6.042704731E-2,-5.185025930E-1,3.686587512E-2
1.260346679E1,-4.054831341E-2,-5.305725336E-1,1.515159383E-2
1.261352779E1,-4.734921269E-3,-5.481683016E-1,1.513013616E-3
1.262358779E1,2.689658292E-2,-5.499252677E-1,-2.098205313E-2
1.263364779E1,4.059135541E-2,-5.501080155E-1,-4.240559042E-2
1.264370779E1,6.048406661E-2,-5.423303246E-1,-5.673185736E-2
1.265376779E1,8.612737805E-2,-5.037448406E-1,-6.612934917E-2
1.266382779E1,1.144684255E-1,-4.580639601E-1,-7.352884859E-2
1.267388779E1,2.634752095E-1,-6.262739897E-1,-3.873337992E-3
1.268394779E1,1.990841478E-1,-4.000947773E-1,-1.766101643E-2
1.269400779E1,2.158197165E-1,-3.592112660E-1,-1.308969874E-2
1.270406779E1,2.186706662E-1,-3.165715039E-1,-6.799511611E-4
1.271412779E1,2.023414969E-1,-2.360244691E-1,1.415438857E-2
1.272418479E1,2.125174999E-1,-1.714426279E-1,3.983057663E-2
1.273424479E1,2.085861415E-1,-1.098698080E-1,3.765983135E-2
1.274430479E1,2.090435922E-1,-8.486045897E-2,4.254490882E-2
1.275436479E1,2.064869553E-1,-8.599496633E-2,3.293355927E-2
1.276442479E1,2.166551352E-1,-9.669676423E-2,5.713109300E-2
1.277448579E1,2.249365002E-1,-7.835131139E-2,1.027166843E-1
1.278454579E1,1.991680413E-1,-7.224990427E-2,8.266760409E-2
1.279460579E1,1.380588710E-1,-5.926939100E-2,3.739013523E-2
1.280466579E1,9.988579154E-2,-4.637430981E-2,1.404287107E-2
1.281472579E1,7.458309829E-2,-2.026201412E-2,7.773257326E-3
1.282478579E1,3.417782113E-2,1.432501432E-2,4.625656642E-3
1.283484579E1,-1.329462603E-2,5.061830580E-2,1.543196570E-2
1.284490579E1,-4.229950905E-2,9.858786315E-2,9.357161820E-3
1.285496579E1,-7.543615252E-2,1.680031568E-1,-1.114411838E-2
1.286502579E1,-9.720744938E-2,2.214955986E-1,-2.538242564E-2
1.287508579E1,-8.594760299E-2,2.544812262E-1,-2.821336687E-2
1.288514579E1,-6.329946220E-2,2.853309512E-1,-2.600335889E-2
1.289520579E1,-8.606602997E-2,3.114605546E-1,-1.455709152E-2
1.290526579E1,-8.283204585E-2,2.818900645E-1,9.153600782E-3
1.291532579E1,-9.135255963E-2,2.836227119E-1,6.491504610E-3
1.292538679E1,-9.392259270E-2,3.012113869E-1,7.798740175E-3
1.293544679E1,-1.157008633E-1,3.037493825E-1,-2.503617294E-2
1.294550679E1,-1.031605601E-1,2.925434113E-1,1.985500194E-2
1.295556679E1,-9.206689149E-2,2.681595087E-1,1.112755761E-2
1.296562679E1,-1.050630212E-1,2.653206587E-1,8.998167701E-3
1.297568679E1,-1.230603978E-1,3.055482209E-1,2.059543505E-2
1.298574679E1,-1.382177174E-1,3.250470757E-1,1.323751640E-3
1.299580679E1,-1.304756403E-1,3.296279609E-1,-8.613035083E-3
1.300586679E1,-9.657806158E-2,3.477666080E-1,-2.302088402E-2
1.301592679E1,-7.045990974E-2,4.061436355E-1,-3.758544475E-2
1.302598679E1,-4.776658118E-2,4.619672298E-1,-4.762183130E-2
1.303604679E1,-4.442671314E-2,5.204105973E-1,-4.284865409E-2
1.304610679E1,-4.784677923E-2,5.458232164E-1,-3.886515275E-2
1.305616679E1,-4.736022279E-2,5.318378806E-1,-3.990458697E-2
1.306622679E1,-4.748135805E-2,4.924553633E-1,-3.871489316E-2
1.307628779E1,-4.765899107E-2,4.196951389E-1,-2.628591843E-2
1.308634779E1,-5.289273709E-2,3.846873939E-1,1.135155559E-2
1.309640779E1,-5.806459486E-2,3.176298141E-1,3.692855313E-2
1.310646779E1,-6.395614147E-2,2.814958692E-1,5.642800778E-2
1.311652779E1,-8.014150709E-2,2.271564603E-1,6.675707549E-2
1.312658779E1,-8.527801931E-2,1.825220585E-1,7.309541851E-2
1.313664779E1,-4.851973429E-2,1.050983816E-1,5.625198781E-2
1.314670779E1,-2.279337309E-2,9.983588755E-2,2.338745818E-2
1.315676779E1,-8.128142916E-3,1.463945955E-1,2.036237530E-2
1.316682779E1,1.821836829E-2,1.604613662E-1,5.032441579E-3
1.317688779E1,3.303087130E-2,2.007115781E-1,6.230064668E-3
1.318694779E1,4.445306584E-2,2.153818011E-1,2.688522916E-3
1.319700779E1,4.634417593E-2,2.569963634E-1,3.953258041E-3
1.320706779E1,5.143268034E-2,2.698186636E-1,2.689587884E-3
1.321712779E1,4.282321408E-2,2.494122088E-1,-3.742212430E-3
1.322718779E1,2.158320695E-2,2.319202870E-1,-9.123731405E-3
1.323724879E1,1.001763064E-2,2.640233636E-1,1.113493461E-2
1.324730879E1,-2.610048279E-3,2.855579555E-1,1.615535468E-3
1.325736879E1,-8.639179170E-3,3.010884523E-1,-1.288351323E-2
1.326742879E1,-1.014733966E-2,2.976740599E-1,-1.914124936E-2
1.327748879E1,-1.699033193E-2,2.787666917E-1,-4.730897397E-2
1.328754879E1,-7.715391926E-3,2.709529400E-1,-2.891761437E-2
1.329760879E1,-3.524582088E-2,3.131483495E-1,-5.245041102E-3
1.330766879E1,-8.427116275E-2,3.318619132E-1,-1.237092074E-3
1.331772879E1,-1.395288408E-1,3.550894558E-1,4.714274313E-3
1.332778879E1,-1.546385139E-1,3.141501546E-1,2.742951270E-3
1.333784879E1,-1.354863942E-1,2.548716664E-1,3.785046283E-3
1.334790879E1,-8.674494922E-2,2.133778632E-1,1.075373124E-2
1.335796879E1,-4.115322232E-2,1.729619950E-1,-2.094955649E-3
1.336802879E1,-3.041281737E-2,1.399924606E-1,-6.664082408E-2
1.337808879E1,-2.441165037E-2,1.372573972E-1,-1.166565865E-1
1.338814979E1,-1.294378564E-2,1.436630934E-1,-1.618186533E-1
1.339820979E1,5.886093713E-3,1.585030258E-1,-1.832541525E-1
1.340826979E1,7.280145586E-2,1.787124276E-1,-1.606586576E-1
1.341832979E1,8.491830528E-2,1.339092702E-1,-7.405346632E-2
1.342838979E1,4.152935743E-2,3.711740300E-2,-1.530589461E-1
1.343844979E1,-1.080415212E-2,-3.030717745E-2,-1.325635314E-1
1.344850979E1,6.180945784E-4,-1.663931459E-1,-5.798160285E-2
1.345856979E1,1.660185494E-2,-2.771055400E-1,1.174900960E-2
1.346862979E1,1.990531571E-2,-3.907778561E-1,1.170677785E-2
1.347868979E1,-2.954958379E-2,-5.275589228E-1,-3.196746856E-2
1.348874979E1,-8.795788139E-2,-6.545462608E-1,-8.641582727E-2
1.349880979E1,-5.230854079E-2,-5.764937997E-1,-5.710640550E-2
1.350886979E1,-3.654227406E-2,-5.430901051E-1,-8.301381767E-2
1.351892979E1,-4.911638796E-2,-5.276738405E-1,-9.625159204E-2
1.352898979E1,-4.488150775E-2,-4.797013998E-1,-1.256442070E-1
1.353904979E1,-2.516319416E-2,-3.622434735E-1,-1.428631395E-1
1.354911079E1,3.641606774E-3,-2.133997977E-1,-1.087738499E-1
1.355917079E1,1.624528319E-2,-1.233924180E-1,-1.329566836E-1
1.356923079E1,5.236676428E-3,-5.243333429E-2,-1.179895326E-1
1.357929079E1,-1.149454620E-4,5.840396509E-2,-1.087683365E-1
1.358935079E1,3.803095594E-2,1.322581200E-3,-9.914509207E-2
1.359941079E1,2.646085247E-2,-1.246380433E-2,-4.536814615E-2
1.360947079E1,-2.837599441E-2,1.660937443E-2,-2.363896742E-2
1.361953079E1,-5.606940761E-2,-1.531766634E-2,-3.100953251E-2
1.362959079E1,2.185407560E-3,-1.221695542E-1,-3.889227659E-2
1.363965079E1,4.524179548E-2,-1.674672663E-1,-4.975530878E-2
1.364971079E1,6.645965576E-2,-2.377939224E-1,-6.982953101E-2
1.365977079E1,6.756938994E-2,-2.912512720E-1,-7.813725621E-2
1.366983079E1,1.010986045E-1,-2.501549125E-1,-5.051497370E-2
1.367989079E1,1.190823987E-1,-2.443361878E-1,-3.488860652E-2
1.368995079E1,9.736819565E-2,-2.557998896E-1,-2.814498544E-2
1.370001179E1,7.373983413E-2,-2.727777958E-1,-2.269216254E-2
1.371007179E1,4.861156642E-2,-2.656454146E-1,-2.228122577E-2
1.372013179E1,2.921549976E-2,-2.557440698E-1,-2.849011868E-2
1.373019108E1,2.733496577E-2,-2.270249724E-1,-2.873231657E-2
1.374025108E1,4.759816080E-2,-2.084616721E-1,-2.933046035E-2
1.375031108E1,6.486989558E-2,-2.173427492E-1,-2.299186587E-2
1.376037108E1,7.562374324E-2,-2.124374658E-1,-7.012365386E-3
1.377043108E1,5.693501234E-2,-2.089920044E-1,9.525973350E-3
1.378049108E1,3.844708204E-2,-2.115962952E-1,2.687673271E-2
1.379055108E1,2.377256565E-2,-2.138610631E-1,4.095280543E-2
1.380061108E1,1.630511135E-3,-1.889791489E-1,5.365288630E-2
1.381067108E1,-3.400896490E-2,-1.862444133E-1,5.599790812E-2
1.382073108E1,-6.041367352E-2,-2.058023959E-1,4.316014051E-2
1.383079108E1,-8.423623443E-2,-2.201286256E-1,2.934376709E-2
1.384085108E1,-1.308063865E-1,-3.076776564E-1,-2.051007561E-2
1.385091108E1,-8.365237713E-2,-2.573690712E-1,9.726868942E-3
1.386097208E1,-3.959809989E-2,-2.334315330E-1,2.528825216E-2
1.387103208E1,1.412682887E-2,-1.485140026E-1,2.801044285E-2
1.388109208E1,4.880571365E-2,-8.964402974E-2,2.012721822E-2
1.389115208E1,6.808776408E-2,-6.279413402E-2,1.717637852E-2
1.390121208E1,6.466560066E-2,-5.189034715E-2,1.579179987E-2
1.391127208E1,5.058212578E-2,-3.275063261E-2,1.093248185E-2
1.392133208E1,3.949964792E-2,-2.630445361E-2,9.702367708E-3
1.393139208E1,2.430138364E-2,-1.821009256E-2,4.585909657E-3
1.394145208E1,1.294326875E-2,-5.128378980E-3,4.404282197E-3
1.395151208E1,7.159565575E-3,6.966093555E-3,-8.950039744E-3
1.396157208E1,8.651201613E-3,1.250200719E-2,-1.498103514E-2
1.397163208E1,9.152622893E-3,8.778609335E-3,-1.501155458E-2
1.398169208E1,-9.870070033E-3,1.670071483E-2,-4.687733948E-2
1.399175208E1,-4.591023549E-2,6.084814668E-2,-7.653110474E-2
1.400181208E1,-7.632486522E-2,1.311644018E-1,-1.205001548E-1
1.401187208E1,-1.050908640E-1,1.386849433E-1,-1.666375548E-1
1.402193308E1,-1.142995432E-1,1.629535407E-1,-1.877327263E-1
1.403199308E1,-1.075322032E-1,7.687069476E-2,-1.472502351E-1
1.404205308E1,-8.700242639E-2,-1.563910544E-1,-9.513323009E-2
1.405211308E1,-8.677050471E-2,-4.162364602E-1,-8.328130096E-2
1.406217308E1,-1.117304489E-1,-6.788632870E-1,-1.240551025E-1
1.407223308E1,-1.335247606E-1,-8.471518755E-1,-1.864464283E-1
1.408229308E1,-1.344078779E-1,-9.104346633E-1,-2.462927252E-1
1.409235308E1,-1.266782880E-1,-7.901158333E-1,-2.969615161E-1
1.410241308E1,-8.952426165E-2,-5.623958707E-1,-2.896572649E-1
1.411247308E1,-1.520907134E-2,-3.708163202E-1,-2.399793714E-1
1.412253308E1,7.226324826E-2,-2.258692533E-1,-1.500934213E-1
1.413259308E1,1.522783190E-1,-7.123115659E-2,-6.220777705E-2
1.414265308E1,2.106907666E-1,-1.068338752E-2,-3.358279169E-2
1.415271308E1,1.984912902E-1,2.676915750E-2,-7.289140671E-2
1.416277308E1,1.736866087E-1,7.472958416E-3,-1.063580215E-1
1.417283308E1,1.749175042E-1,6.701197475E-2,-1.036600843E-1
1.418289408E1,1.796752363E-1,1.574979424E-1,-9.246442467E-2
1.419295408E1,1.694603115E-1,1.859462857E-1,-7.067369670E-2
1.420301408E1,1.476460993E-1,5.336853862E-2,-3.517855704E-2
1.421307408E1,1.109543890E-1,-1.275897920E-1,6.653314922E-3
1.422313408E1,6.704818457E-2,-2.954847813E-1,2.094703168E-2
1.423319408E1,-1.057721209E-2,-3.744689822E-1,1.572905667E-2
1.424325408E1,-7.652799785E-2,-5.011590123E-1,4.963216186E-2
1.425331408E1,-1.352512240E-1,-6.072066426E-1,6.559046358E-2
1.426337408E1,-1.729405373E-1,-6.149516702E-1,6.378484517E-2
1.427343408E1,-1.792046875E-1,-5.959681869E-1,5.492273718E-2
1.428349408E1,-1.919673532E-1,-5.442309380E-1,1.798709109E-2
1.429355408E1,-2.011205405E-1,-5.046666265E-1,-1.523775514E-2
1.430361408E1,-1.878116578E-1,-4.862439334E-1,-4.203714430E-2
1.431367408E1,-1.431952119E-1,-4.478705823E-1,-6.835284829E-2
1.432373408E1,-9.361807257E-2,-4.318335652E-1,-1.089945510E-1
1.433379408E1,-7.413893938E-2,-4.327833951E-1,-1.434374452E-1
1.434385508E1,-7.453121990E-2,-4.529461861E-1,-1.640393883E-1
1.435391508E1,-8.957717568E-2,-4.386371374E-1,-1.809557378E-1
1.436397508E1,-3.922212869E-2,-3.609516621E-1,-2.409309149E-1
1.437403508E1,6.133401021E-2,-1.463527977E-1,-3.739213943E-1
1.438409508E1,1.157333329E-1,1.100105494E-1,-4.861672521E-1
1.439415508E1,1.332703233E-1,3.790023923E-1,-5.958405137E-1
1.440421508E1,1.593951285E-1,4.795519114E-1,-6.264644265E-1
1.441427508E1,1.689758897E-1,4.908164740E-1,-6.710261106E-1
1.442433508E1,1.513082087E-1,4.594945014E-1,-6.853440404E-1
1.443439508E1,1.383027881E-1,3.920795023E-1,-8.108791709E-1
1.444445508E1,7.168033719E-2,3.522649705E-1,-8.091127276E-1
1.445451508E1,5.112285167E-2,2.422383875E-1,-7.646582723E-1
1.446457508E1,8.866063505E-2,9.085126221E-2,-6.739720702E-1
1.447463508E1,1.865598410E-1,-1.642408594E-2,-5.943238139E-1
1.448469508E1,2.647542357E-1,-7.062660158E-2,-5.513963103E-1
1.449475508E1,2.911220193E-1,-6.431371719E-2,-5.921688080E-1
1.450481608E1,2.255078554E-1,5.802250002E-3,-6.966475248E-1
1.451487608E1,9.963779151E-2,9.606957436E-3,-7.991493940E-1
1.452493608E1,-1.079950854E-2,-4.719933495E-2,-8.919549584E-1
1.453499608E1,-7.244887203E-2,-9.384967387E-2,-9.644040465E-1
1.454505608E1,-1.199338362E-1,-1.324535161E-1,-1.017910957E0
1.455511608E1,-2.156995535E-1,-1.544437557E-1,-9.971574545E-1
1.456517608E1,-2.820820212E-1,-1.165208742E-1,-9.487750530E-1
1.457523608E1,-3.546990752E-1,-6.227064878E-2,-9.086179733E-1
1.458529608E1,-3.956992328E-1,4.331756011E-2,-8.978585601E-1
1.459535608E1,-3.298593163E-1,2.788819075E-1,-9.935989380E-1
1.460541608E1,-2.026169300E-1,9.067948461E-1,-1.224353313E0
1.461547608E1,5.776906013E-1,2.478007317E0,-1.656369567E0
1.462553608E1,1.756679296E0,4.200919628E0,-2.354695320E0
1.463559608E1,1.288757801E0,2.458669901E0,-2.513666868E0
1.464565608E1,9.383925796E-2,-7.472351938E-2,-1.850974321E0
1.465571608E1,-3.275587857E-1,-7.642170191E-1,-1.384293795E0
1.466577708E1,1.069623232E-2,-5.240885615E-1,-1.210759282E0
1.467583708E1,3.307545185E-1,1.907687932E-1,-1.351574898E0
1.468589708E1,3.577587008E-1,8.311647773E-1,-1.574970126E0
1.469595708E1,2.897984385E-1,1.208864331E0,-1.760099173E0
1.470601708E1,5.405758023E-1,1.470204830E0,-1.812298656E0
1.471607708E1,2.970762551E-1,1.286520720E0,-1.646361351E0
1.472614042E1,1.191375852E0,1.020850420E0,-1.737285495E0
1.473620042E1,1.392106175E0,9.570132494E-1,-1.621652842E0
1.474626042E1,1.321074963E0,7.901989818E-1,-1.513780117E0
1.475632042E1,1.324218512E0,8.034683466E-1,-1.451487422E0
1.476638042E1,1.075492382E0,1.394782186E0,-1.578691959E0
1.477644042E1,6.871613115E-2,1.472409368E0,-1.651290059E0
1.478650042E1,-8.184221387E-2,1.632134080E0,-1.871021628E0
1.479656042E1,-3.784512728E-2,1.837195516E0,-1.949661851E0
1.480662042E1,3.909774590E-3,1.889066935E0,-1.928393006E0
1.481668042E1,1.444475800E-1,1.932290316E0,-1.909319282E0
1.482674142E1,4.342988431E-1,1.786204934E0,-1.909476638E0
1.483680142E1,7.574970126E-1,1.541780710E0,-1.950710535E0
1.484686142E1,9.518068433E-1,1.279376745E0,-2.073055267E0
1.485692142E1,9.610863924E-1,9.616672397E-1,-2.247970581E0
1.486698142E1,7.288324237E-1,5.641270876E-1,-2.478940964E0
1.487704142E1,2.983713746E-1,3.262024224E-1,-2.713463545E0
1.488710142E1,-2.373170853E-1,4.532628953E-1,-2.955794096E0
1.489716142E1,-7.817031145E-1,6.985683441E-1,-3.217356682E0
1.490722142E1,-1.251404285E0,1.025885701E0,-3.499926567E0
1.491728142E1,-1.609303355E0,1.392324567E0,-3.758306026E0
1.492734142E1,-1.831356883E0,1.804072142E0,-3.982306957E0
1.493740142E1,-1.925947428E0,2.264901400E0,-4.215278149E0
1.494746142E1,-1.964327574E0,2.607375145E0,-4.469535351E0
1.495752142E1,-1.910875797E0,2.727077484E0,-4.676053524E0
1.496758142E1,-1.770101190E0,2.721084356E0,-4.826901436E0
1.497764142E1,-1.660749435E0,2.576891661E0,-4.899217606E0
1.498770242E1,-1.568485856E0,2.525160789E0,-4.876838684E0
1.499776242E1,-1.511014700E0,2.567747116E0,-4.865819454E0
1.500782242E1,-1.432832479E0,2.628061056E0,-4.876984596E0
1.501788242E1,-1.276413798E0,2.714326859E0,-4.880645752E0
1.502794242E1,-1.030954957E0,2.865906715E0,-4.894539833E0
1.503800242E1,-7.270666361E-1,3.055943489E0,-4.880610943E0
1.504806242E1,-3.852693737E-1,3.078244209E0,-4.851707935E0
1.505812242E1,-4.134609550E-2,2.996643066E0,-4.803176880E0
1.506818242E1,2.726086378E-1,2.836012602E0,-4.698992729E0
1.507824242E1,5.696044564E-1,2.600583315E0,-4.521597862E0
1.508830242E1,8.093869686E-1,2.379789114E0,-4.253149509E0
1.509836242E1,9.387068748E-1,2.122584343E0,-4.032899380E0
1.510842242E1,9.494673610E-1,1.818996429E0,-3.838100433E0
1.511848242E1,9.291656613E-1,1.606062174E0,-3.608528614E0
1.512854242E1,9.271368980E-1,1.568215132E0,-3.438469410E0
1.513860242E1,8.965379596E-1,1.531954050E0,-3.326903343E0
1.514866242E1,7.906546593E-1,1.505400777E0,-3.253503084E0
1.515872342E1,5.908212662E-1,1.549800038E0,-3.193294048E0
1.516878342E1,3.565201163E-1,1.619020343E0,-3.085688353E0
1.517884342E1,1.136098579E-1,1.753511310E0,-2.918052197E0
1.518890342E1,-1.126845330E-1,1.917079449E0,-2.710287571E0
1.519896342E1,-3.164598644E-1,2.093064308E0,-2.474878311E0
1.520902342E1,-4.703477025E-1,2.312838316E0,-2.173119783E0
1.521908342E1,-5.778828859E-1,2.511007309E0,-1.851194859E0
1.522914342E1,-7.034192085E-1,2.530306101E0,-1.545567751E0
1.523920342E1,-8.662762642E-1,2.431935549E0,-1.254423022E0
1.524926342E1,-1.055040121E0,2.336225986E0,-1.008201599E0
1.525932342E1,-1.242973685E0,2.253917933E0,-8.125407100E-1
1.526938342E1,-1.438683510E0,2.191632986E0,-6.839704514E-1
1.527944342E1,-1.652779937E0,2.121435881E0,-6.413674951E-1
1.528950342E1,-1.687272191E0,1.412880898E0,-7.290904522E-1
1.529956342E1,-1.101601958E0,2.065201283E0,-1.057523489E0
1.530962342E1,-8.933263272E-2,2.702543497E0,-1.094285250E0
1.531968342E1,4.216345251E-1,2.111955881E0,-9.898225069E-1
1.532974442E1,5.720551610E-1,1.494726062E0,-8.492795229E-1
1.533980442E1,3.815486133E-1,4.269660413E-1,-4.761334658E-1
1.534986442E1,2.577379644E-1,8.313995600E-2,-1.449246425E-3
1.535992442E1,2.349549085E-1,3.683323786E-2,2.493788749E-1
1.536998442E1,2.875006795E-1,-1.196013391E-2,3.312431276E-1
1.538004442E1,3.382455707E-1,9.126484394E-2,3.569582105E-1
1.539010442E1,3.507152796E-1,2.277633101E-1,4.265250564E-1
1.540016442E1,3.788109124E-1,2.811853588E-1,4.455747008E-1
1.541022442E1,4.343516529E-1,2.957227528E-1,3.504218161E-1
1.542028442E1,4.760313034E-1,2.356130630E-1,2.229684144E-1
1.543034442E1,4.820593894E-1,2.310934216E-1,1.214569807E-1
1.544040442E1,4.092757106E-1,4.104014933E-1,-5.502682179E-4
1.545046442E1,3.100306392E-1,6.297191978E-1,-1.868769974E-1
1.546052442E1,2.360074222E-1,7.898423076E-1,-4.099314809E-1
1.547058442E1,4.475239515E-1,1.121809840E0,-5.373362899E-1
1.548064442E1,6.864485741E-1,1.372164845E0,-5.112393498E-1
1.549070442E1,8.565137982E-1,1.531741977E0,-4.586917162E-1
1.550076442E1,9.458721280E-1,1.592894673E0,-3.835286498E-1
1.551082542E1,9.233406782E-1,1.513652563E0,-3.231896758E-1
1.552088542E1,8.308377862E-1,1.296376467E0,-3.242241144E-1
1.553094542E1,8.330663443E-1,1.160648704E0,-3.883964419E-1
1.554100542E1,8.327423930E-1,1.011746764E0,-3.626948893E-1
1.555106542E1,7.225677371E-1,8.076558709E-1,-1.727188379E-1
1.556112542E1,4.950885475E-1,5.503790975E-1,6.573437154E-2
1.557118542E1,1.983226389E-1,4.089671671E-1,1.980253011E-1
1.558124542E1,-5.369948596E-2,5.409022570E-1,1.004825011E-1
1.559130542E1,-2.000798732E-1,6.302222610E-1,-9.599992633E-2
1.560136542E1,-2.631824613E-1,5.960314274E-1,-2.102324814E-1
1.561142542E1,-2.776916623E-1,5.867013335E-1,-2.669524848E-1
1.562148542E1,-2.750314474E-1,5.797990561E-1,-2.694469690E-1
1.563154542E1,-2.792333961E-1,5.342251658E-1,-2.253594249E-1
1.564160542E1,-3.087109029E-1,4.922454357E-1,-1.543774307E-1
1.565166542E1,-3.401812017E-1,5.097746253E-1,-9.962124377E-2
1.566172542E1,-3.710891604E-1,5.355907083E-1,-8.299337327E-2
1.567178542E1,-3.973433971E-1,5.684405565E-1,-9.427452087E-2
1.568184642E1,-4.013514519E-1,6.173247099E-1,-1.272342801E-1
1.569190642E1,-3.825838864E-1,6.637588143E-1,-1.744201630E-1
1.570196642E1,-3.461624980E-1,6.852406263E-1,-2.230379283E-1
1.571202642E1,-3.142077625E-1,7.181604505E-1,-2.557279766E-1
1.572208642E1,-2.809250951E-1,7.233926058E-1,-2.696470320E-1
1.573214267E1,-2.671221793E-1,6.954211593E-1,-2.655308545E-1
1.574220267E1,-2.637132406E-1,6.513273716E-1,-2.582089305E-1
1.575226267E1,-2.676329017E-1,6.283304691E-1,-2.600768805E-1
1.576232267E1,-2.665621638E-1,6.367045045E-1,-2.564570010E-1
1.577238267E1,-2.442477942E-1,6.484181881E-1,-2.325697541E-1
1.578244267E1,-2.065660506E-1,6.251079440E-1,-1.943746060E-1
1.579250267E1,-1.645634621E-1,5.894660354E-1,-1.508580148E-1
1.580256267E1,-1.227426007E-1,5.644971132E-1,-1.118721068E-1
1.581262267E1,-9.506596625E-2,5.456672311E-1,-9.220120311E-2
1.582268267E1,-9.591203183E-2,5.428985953E-1,-1.010731459E-1
1.583274267E1,-1.185579598E-1,5.607923269E-1,-1.296486109E-1
1.584280267E1,-1.509819925E-1,5.725038648E-1,-1.699088216E-1
1.585286267E1,-1.684664488E-1,5.814637542E-1,-2.015607655E-1
1.586292367E1,-1.634711474E-1,5.569972396E-1,-2.234230787E-1
1.587298367E1,-4.783988744E-2,4.078810215E-1,-2.028040886E-1
1.588304367E1,8.320293855E-4,3.383944035E-1,-2.216362059E-1
1.589310367E1,-1.782953925E-2,3.426006138E-1,-2.205464393E-1
1.590316367E1,-5.692337081E-2,3.216956854E-1,-2.017103881E-1
1.591322367E1,-7.196730375E-2,2.773092985E-1,-1.624228954E-1
1.592328367E1,-6.065768376E-2,2.454188764E-1,-1.322063506E-1
1.593334367E1,-5.229668692E-2,2.957872450E-1,-1.014087573E-1
1.594340367E1,-4.501687363E-2,3.654910326E-1,-6.242352724E-2
1.595346367E1,1.195891127E-1,3.469743431E-1,3.127926588E-2
1.596352367E1,2.822416723E-1,3.612784445E-1,7.733280957E-2
1.597358367E1,3.693259656E-1,3.510971665E-1,1.498869061E-1
1.598364367E1,3.894848526E-1,3.294005394E-1,1.772481650E-1
1.599370367E1,3.901413083E-1,2.582744360E-1,1.918164492E-1
1.600376367E1,3.476468325E-1,1.802033931E-1,1.751066148E-1
1.601382367E1,2.347759455E-1,1.640329361E-1,1.605122238E-1
1.602388367E1,9.828204662E-2,1.819355041E-1,1.579723209E-1
1.603394367E1,-2.452722937E-2,1.769748330E-1,1.537373662E-1
1.604400467E1,-1.163549423E-1,1.607640237E-1,1.591466069E-1
1.605406467E1,-1.959357858E-1,1.573415995E-1,1.557204574E-1
1.606412467E1,-2.420049608E-1,1.713671684E-1,1.475463063E-1
1.607418467E1,-2.331472933E-1,1.699101478E-1,1.390279233E-1
1.608424467E1,-1.648869216E-1,1.686883122E-1,1.267279536E-1
1.609430467E1,-6.453209370E-2,1.976009160E-1,1.155535951E-1
1.610436467E1,2.538470738E-2,2.473704219E-1,9.961877763E-2
1.611442467E1,9.426230937E-2,2.883407474E-1,7.673850656E-2
1.612448467E1,1.322951615E-1,3.074597418E-1,4.697544128E-2
1.613454467E1,1.345535219E-1,3.043377399E-1,9.372407570E-3
1.614460467E1,1.167761460E-1,2.885333896E-1,-2.408238128E-2
1.615466467E1,8.443338424E-2,2.682041526E-1,-4.900770634E-2
1.616472467E1,4.879043251E-2,2.436596751E-1,-5.789893493E-2
1.617478467E1,6.216075271E-3,2.328674793E-1,-6.105345115E-2
1.618484467E1,-1.114966720E-2,2.279445380E-1,-5.215769634E-2
1.619490467E1,-1.199298538E-3,2.318639159E-1,-3.644318134E-2
1.620496467E1,3.508569673E-2,2.435996979E-1,-2.215988934E-2
1.621502467E1,7.226449251E-2,2.503265738E-1,-2.561507560E-2
1.622508467E1,1.026865616E-1,2.583139837E-1,-4.480804503E-2
1.623514567E1,1.383915693E-1,2.746399641E-1,-7.754895091E-2
1.624520567E1,1.820038557E-1,3.145091236E-1,-9.941106290E-2
1.625526567E1,-2.425460964E-1,5.012508035E-1,-5.359430611E-2
1.626532567E1,-4.227321744E-1,4.851583540E-1,6.084314547E-3
1.627538567E1,-4.593959153E-1,2.393147498E-1,1.581175718E-3
1.628544567E1,-3.897455335E-1,-1.866955869E-2,-7.972178981E-3
1.629550567E1,-1.436316371E-1,-1.516608894E-1,3.212830517E-3
1.630556567E1,1.997087151E-1,-1.717879772E-1,5.165619310E-3
1.631562567E1,4.414534569E-1,-8.063648641E-2,-2.908662893E-2