Time(s),X(rad/s),Y(rad/s),Z(rad/s)
0.01556245,-0.366987497,-2.160675049,0.436975002
0.03258584,-0.766425014,-1.779525042,0.114399999
0.04960927,-1.030287504,-1.367849946,-0.210512504
0.06663287,-1.20381248,-0.890174985,-0.388850004
0.08365631,-1.27957499,-0.344024986,-0.239800006
0.1006799,-1.395624995,0.599087477,0.0056375
0.11770335,-0.660137475,1.119524956,0.068062499
0.13472699,0.614075005,-0.207212493,0.500500023
0.15175038,1.097937465,-1.720950007,0.880412519
0.16877387,0.763125002,-1.632949948,0.693549991
0.18579748,0.148637503,-1.156512499,0.154825002
0.20282094,-0.270462513,0.0518375,-0.087174997
0.2198446,-0.271699995,1.224575043,0.075350001
0.23686806,-0.613662481,1.213575006,-0.0004125
0.25389167,-0.610087514,0.64556247,-0.0859375
0.27091513,-0.728612483,0.010312499,-0.303324997
0.28793875,-1.049812436,0.203225002,-0.71389997
0.30496221,-1.372387528,0.958237469,-1.112100005
0.3219858,-1.532437444,1.010900021,-1.600775003
0.33900919,-1.758487463,1.080474973,-1.812112451
0.35603265,-1.899012446,0.816612482,-1.85611248
0.37305626,-1.957587481,0.640612483,-1.999112487
0.39007971,-1.837824941,0.632087469,-1.963637471
0.4071033,-1.456674933,0.456225008,-1.752300024
0.42412676,-1.264862537,0.117699996,-1.415150046
0.4411504,-1.39191246,0.155650005,-1.052287459
0.45817387,-1.395624995,0.0749375,-0.853187501
0.47519748,-1.390674949,0.088412501,-0.840950012
0.49222094,-1.393149972,0.501325011,-0.85194999
0.50924458,-1.252624989,0.771375001,-0.848237515
0.52626804,-1.067000031,0.718850017,-0.894712508
0.54329142,-1.080337524,0.458562493,-1.062049985
0.56031504,-1.154862523,0.177650005,-1.218387485
0.57733849,-1.076762438,0.104362503,-1.261150002
0.5943621,-1.018049955,0.264412493,-1.200099945
0.61138557,-1.018049955,0.626037478,-1.031525016
0.62840917,-0.80795002,1.058475018,-0.835999966
0.64543264,-0.432987511,0.965662479,-0.61984998
0.66245628,0.041112501,0.591799974,-0.463375002
0.67947972,0.227974996,0.348699987,-0.275274992
0.69650309,0.546837509,0.527037501,0.127875
0.71352678,1.063699961,0.661374986,0.790075004
0.73055019,1.421612501,0.1519375,1.432612538
0.74757382,2.24867487,0.195937499,1.870000005
0.76459729,2.929162502,0.330274999,2.130287409
0.78162091,2.796062469,0.237462506,2.220624924
0.79864436,2.662824869,-0.424737483,2.048475027
0.81566798,2.456437588,-0.53460002,1.834662437
0.83269145,2.2816751,0.472037494,1.515799999
0.84971506,1.82228744,1.388337493,1.328799963
0.86673857,1.350800037,2.093300104,1.631850004
0.88376216,1.237087488,1.44333744,2.078999996
0.90078556,1.286037445,0.840950012,2.372149944
0.91780924,1.182224989,-0.116875,2.374624968
0.93483269,1.223749995,-0.93046248,2.324574947
0.95185631,1.270087481,-1.59018755,2.133862495
0.96887973,1.178512454,-2.120387554,1.843187451
0.98590319,1.026987553,-2.626250029,1.426562548
1.00292679,0.6543625,-2.802112579,1.028224945
1.01995024,0.155925006,-2.879112482,0.68007499
1.03697385,-0.399987489,-2.665299892,0.361212492
1.05399728,-0.898424983,-2.242624998,-0.005225
1.0710209,-1.244099975,-1.777050018,-0.347324997
1.08804438,-1.36014998,-1.325087547,-0.675949991
1.10506801,-1.168337464,-0.979274988,-0.793237507
1.12209146,-1.034000039,-0.301262498,-0.420612484
1.139115,-0.590562522,0.599087477,-0.137225002
1.15613849,0.618887484,-0.226737499,0.357499987
1.1731619,1.145512462,-1.459424973,0.788837493
1.19018559,0.843699992,-1.226087451,0.776600003
1.20720896,0.35255,-0.747174978,0.63002497
1.22423264,0.042212501,0.69561249,0.926887512
1.24125606,-0.093362503,1.124475002,0.595787525
1.25827966,-0.070124999,0.876424968,0.069162503
1.27530313,-0.536800027,-0.493074983,-0.555087507
1.29232675,-1.112237453,-0.203637496,-1.278337479
1.30935021,-1.846487522,0.336462498,-1.488437533
1.32637387,-2.309587479,1.157474995,-1.15981245
1.34339734,-1.55567503,1.092712522,-1.255100012
1.36042095,-0.72132498,0.447562486,-1.44938755
1.37744443,-0.682274997,-0.041112501,-1.602149963
1.39446806,-0.856899977,0.0188375,-1.792724967
1.41149151,-1.054762483,0.034649998,-1.923349977
1.42851511,-1.351762533,-0.363550007,-1.718199968
1.44553858,-1.480049968,-0.884124994,-1.290575027
1.46256215,-1.373762488,-0.618887484,-1.016950011
1.47958559,-1.414049983,-0.072875001,-0.866662502
1.49660921,-1.418862462,0.070124999,-0.843424976
1.51363267,-1.382287502,-0.0386375,-0.948475003
1.53065626,-1.374862552,-0.143687502,-1.140287519
1.54767969,-1.263762474,-0.130212501,-1.269812465
1.5647033,-1.108525038,0.0529375,-1.288100004
1.58172676,-1.074424982,0.1189375,-1.231862545
1.59875037,-1.136712551,0.021175001,-1.175762534
1.61577385,-1.201475024,0.127462506,-1.102475047
1.63279747,-1.199000001,0.545324981,-0.961950004
1.64982097,-0.90200001,0.749374986,-0.78966248
1.66684436,-0.46351251,0.748137474,-0.60018748
1.68386803,-0.178749993,0.358462513,-0.556325018
1.70089143,0.135162503,0.095837496,-0.445087493
1.71791515,0.551787496,0.36203751,-0.188512504
1.73493855,1.267750025,0.737137497,0.324637502
1.75196215,1.80400002,0.483037502,1.073462486
1.76898562,2.148575068,-0.165687501,1.741712451
1.78600924,2.655537367,0.167887494,2.110762596
1.80303271,2.694725037,0.514800012,2.247575045
1.82005627,2.599437475,-0.144924998,2.198625088
1.83707996,2.552962542,-0.913412511,2.026474953
1.85410337,2.543200016,-1.015987515,1.612324953
1.87112707,2.291437387,-0.392975003,1.250699997
1.88815048,1.843187451,0.977899969,1.411849976
1.90517392,1.378849983,0.641849995,1.666087508
1.92219761,1.553612471,-0.214499995,2.297625065
1.93922101,1.563374996,-0.02145,2.468674898
1.95624462,1.347087502,-0.844937503,2.482150078
1.97326808,1.403324962,-1.664712548,2.297625065
1.99029168,1.469324946,-2.424674988,1.953187466
2.00731539,1.447324991,-2.97192502,1.668424964
2.02433886,1.24574995,-3.20402503,1.418037534
2.04136247,0.948887467,-3.263974905,1.22003746
2.05838593,0.571312487,-3.007400036,0.974600017
2.07540951,0.121687502,-2.403912544,0.753362477
2.09243299,-0.340037495,-1.646425009,0.571312487
2.1094566,-0.749374986,-0.93651247,0.484687507
2.12648003,-0.955762506,-0.79241252,0.4296875
2.14350359,-0.970475018,-0.615312517,0.474787504
2.16052709,-0.862949967,-0.582312524,0.324637502
2.17755073,-0.440274984,-0.247500002,0.165824994
2.1945742,0.280499995,-0.531024993,0.377162486
2.21159781,0.61036247,-1.196799994,0.653262496
2.22862128,0.47973749,-1.503425002,0.529787481
2.24564487,-0.140937492,-1.369087458,0.091299996
2.26266834,-0.823899984,-0.888937473,-0.282562494
2.27969197,-1.545912504,0.467224985,-0.286274999
2.29671543,-1.540962458,0.691900015,-0.759137511
2.31373907,-0.59413749,2.051774979,0.121825002
2.33076254,-0.330274999,1.060950041,0.352687508
2.34778623,-0.117699996,-0.089924999,0.005775
2.3648096,-0.443987489,-0.095974997,-0.623425007
2.38183328,-0.759137511,0.249699995,-1.301574945
2.3988569,-1.470149994,0.724900007,-1.715724945
2.41588036,-2.241112471,1.069474936,-1.955112457
2.43290399,-2.377924919,1.222237468,-2.058924913
2.44992744,-1.950299978,0.754324973,-2.034587383
2.46695104,-1.291812539,-0.198687494,-1.839062452
2.48397451,-0.926474989,-0.70441252,-1.476199985
2.5009981,-1.348049998,-0.319550008,-1.130524993
2.51802157,-1.752437472,-0.108212501,-0.809187472
2.53504518,-1.785300016,0.0138875,-0.729712486
2.55206862,-1.727962494,0.329174995,-0.805474997
2.56909233,-1.740200043,0.414562494,-0.872712493
2.58611595,-1.609437466,0.475749999,-0.92028749
2.60313943,-1.324812531,0.425562501,-0.921525002
2.62016303,-1.177000046,0.222887501,-0.937474966
2.63718652,-1.200099945,0.161699995,-0.966762483
2.65421012,-1.222237468,0.346224994,-0.955762506
2.67123359,-1.166000009,0.702899993,-0.910662472
2.68825722,-0.986424983,1.051187515,-0.768899977
2.70528072,-0.862949967,0.982712507,-0.621087492
2.72230433,-0.572274983,0.733425021,-0.533087492
2.73932802,-0.318174988,0.48179999,-0.410987496
2.75635149,-0.1519375,0.371800005,-0.241037503
2.7733751,0.176687494,0.469562501,0.046062499
2.79039856,0.681174994,0.71389997,0.2842125
2.80742218,1.369087458,0.734662473,0.620262504
2.82444565,1.860237479,0.613799989,1.218799949
2.84146936,2.093575001,0.408512503,1.895712495
2.85849297,2.449012518,0.522087514,2.148575068
2.87551638,2.386724949,0.505037487,2.162050009
2.89253999,2.441725016,0.089649998,2.014237404
2.90956346,2.45024991,-0.31597501,1.723425031
2.92658707,2.274387598,-0.342787504,1.334849954
2.94361053,1.901762486,0.193462506,1.283562541
2.96063414,1.548662543,0.629612505,1.282325029
2.97765759,1.262799978,0.0408375,1.756425023
2.99468127,1.366612434,0.26798749,2.419724941
3.01170487,1.366612434,0.164175004,2.298862457
3.02872836,1.349562526,-0.736175001,2.25733757
3.04575198,1.405662537,-1.698949933,2.10581255
3.06277546,1.380087495,-2.038574934,1.822425008
3.07979915,1.292087436,-2.309862375,1.45956254
3.09682277,1.123512506,-2.670249939,1.163800001
3.11384623,0.830224991,-2.6958251,0.912175
3.13086985,0.439312488,-2.559012413,0.658074975
3.14789347,-0.015125,-2.237674952,0.419787496
3.16491694,-0.451274991,-1.85405004,0.192637503
3.18194059,-0.787187517,-1.527899981,0.0154
3.19896405,-0.986424983,-1.354375005,-0.057887498
3.21598764,-1.025475025,-1.029462457,0.0215875
3.23301106,-1.024237514,-0.741124988,0.171875
3.25003468,-1.025475025,-0.512600005,0.075350001
3.26705835,-0.483037502,-0.052112501,0.054587498
3.28408181,0.342787504,-0.501600027,0.357499987
3.30110544,0.688600004,-1.3398,0.589737475
3.31812888,0.351312488,-1.469187498,0.427212507
3.33515246,-0.264412493,-1.139325023,0.019112499
3.35217594,-1.154999971,-0.220687494,-0.0028875
3.36919958,-1.940537453,-0.593312502,-0.78966248
3.38622328,-1.71943748,-0.120449998,-1.526387453
3.40324672,-0.270462513,2.431687593,-0.189750001
3.42027037,0.025162499,1.503149986,-0.069987498
3.43729383,0.528549969,-0.176687494,-0.143412501
3.45431753,-0.105599999,-0.775362492,-0.397512496
3.47134114,-0.834900022,-0.274450004,-0.932524979
3.48836458,-1.597200036,1.145237446,-1.642437458
3.5053882,-2.061537504,1.800012469,-2.160399914
3.5224117,-2.159300089,0.996187508,-2.178687572
3.5394353,-1.569149971,-0.463787496,-1.682724953
3.556459,-0.72132498,-0.945174992,-1.14152503
3.57348245,-0.817849994,-0.429549992,-0.765187502
3.59050616,-1.24781251,-0.045924999,-0.467087507
3.60752979,-1.437150002,0.125125006,-0.48179999
3.62455326,-1.550862551,0.513562501,-0.608850002
3.64157687,-1.601050019,0.571037471,-0.718850017
3.65860058,-1.510574937,0.533087492,-0.750612497
3.67562403,-1.339524984,0.502562523,-0.811662495
3.69264762,-1.16118753,0.491562486,-0.829949975
3.70967108,-1.069612503,0.388987511,-0.836137474
3.72669478,-1.125712514,0.164175004,-0.931424975
3.74371839,-1.152662516,0.182462499,-1.008424997
3.76074186,-1.115949988,0.452512503,-1.019425035
3.77776557,-0.951087475,0.672375023,-0.966899991
3.79478919,-0.798325002,0.730949998,-0.832424998
3.81181264,-0.710325003,0.5000875,-0.709087491
3.82883624,-0.546700001,0.243512496,-0.487987489
3.84585994,-0.181362495,0.291224986,-0.181225002
3.86288342,0.192499995,0.558799982,0.0154
3.87990713,0.554125011,0.424324989,0.104637496
3.89693075,1.224849939,0.584375024,0.161974996
3.9139542,2.169199944,1.016950011,0.383212507
3.93097782,2.677399874,0.768899977,0.924412489
3.94800152,2.904687405,0.164175004,1.577950001
3.96502499,2.987737417,-0.665362477,2.172912598
3.98204859,2.979212523,-0.739887476,2.466199875
3.9990723,2.751924992,-0.538312495,2.182674885
4.01609577,2.384249926,0.157987505,1.568187475
4.03311947,1.951674938,0.478087485,1.15775001
4.05014307,1.508237481,0.571037471,1.28837502
4.0671665,1.375137448,0.826375008,1.924999952
4.08419021,1.360424995,0.435324997,2.436912537
4.10121384,1.281087518,-0.40397501,2.468674898
4.11823728,1.102612495,-1.257987499,2.490537405
4.13526097,1.061087489,-2.055762529,2.304912567
4.1522846,1.158849955,-2.628725052,1.926100016
4.16930831,1.149087548,-2.925587416,1.471662521
4.18633177,1.013512492,-3.096637487,1.117324948
4.20335545,0.7227,-2.931637526,0.844937503
4.22037906,0.317074984,-2.694725037,0.658074975
4.23740254,-0.156887502,-2.214575052,0.476024985
4.25442626,-0.467224985,-1.740474939,0.307449997
4.27144986,-0.560037494,-1.41556251,0.247500002
4.28847354,-0.593037486,-1.275037527,0.326974988
4.30549697,-0.529512525,-1.283562541,0.51631248
4.32252069,-0.562512517,-1.140699983,0.538312495
4.33954429,-0.502699971,-0.632362485,0.367262512
4.3565677,-0.042075001,-0.129112497,0.408787489
4.37359138,0.554125011,-0.550549984,0.675125003
4.39061503,0.786225021,-1.276275039,0.841224968
4.40763872,0.49665001,-1.531612515,0.717887521
4.42466217,-0.0836,-1.580425024,0.312262505
4.44168584,-0.67127502,-1.243275046,-0.114124999
4.45870951,-1.363999963,-0.342925012,-0.296175003
4.47573317,-1.768387437,-0.253687501,-0.797087491
4.49275662,-0.863087475,1.542199969,-0.440274984
4.50978032,-0.0188375,1.388337493,0.094875
4.52680395,-0.139837503,-0.076587498,0.054449998
4.54382765,-0.62727499,-0.234162495,-0.465987504
4.56085113,-0.800799966,0.439037502,-1.051187515
4.57787478,-1.375,1.108525038,-1.42505002
4.59489842,-1.950437546,1.271049976,-1.558149934
4.61192211,-1.988250017,1.21728754,-1.616724968
4.62894557,-1.559525013,1.046237469,-1.749962449
4.64596926,-1.185662508,0.150700003,-1.633912444
4.66299286,-0.799562514,-0.473549992,-1.301574945
4.68001656,-0.980374992,-0.326974988,-1.053524971
4.69704,-1.500812531,-0.127875,-0.880137503
4.71406368,-1.55704999,-0.278162509,-0.728612483
4.7310873,-1.365237474,-0.33426249,-0.67732501
4.74811098,-1.252762437,-0.181637496,-0.646799982
4.76513446,-1.19295001,-0.0056375,-0.640612483
4.78215814,-1.157474995,0.242275,-0.615037501
4.79918183,-1.097662449,0.280225009,-0.630850017
4.81620544,-1.056137443,0.206937492,-0.73961252
4.83322912,-0.97913748,0.082225002,-0.766425014
4.8502526,-0.985187471,0.0419375,-0.812900007
4.86727632,-1.056137443,0.061462499,-0.858137488
4.88429998,-1.042662501,0.216700003,-0.855662525
4.90132367,-0.926612496,0.553849995,-0.768899977
4.91834714,-0.886325002,0.595375001,-0.647899985
4.93537086,-0.754324973,0.36946249,-0.497749984
4.95239449,-0.401225001,0.307037503,-0.432987511
4.9694182,-0.114124999,0.388987511,-0.434224993
4.98644188,0.089924999,0.464749992,-0.305937499
5.00346538,0.306075007,0.469562501,-0.082362503
5.02048909,0.699462473,0.483037502,0.226737499
5.0375127,1.290850043,0.540374994,0.669075012
5.05453636,1.902862549,0.781137466,1.17603755
5.07155981,2.486824989,0.794612467,1.588950038
5.0885835,2.683587551,0.340037495,1.817474961
5.10560708,2.644399881,0.121412501,1.845525026
5.12263076,2.897399902,-0.047162499,1.850474954
5.1396544,2.809400082,-0.330687493,1.63418746
5.15667787,2.383012533,-0.103399999,1.370324969
5.17370156,1.715999961,0.796949983,1.278612494
5.19072515,1.09284997,1.479912519,1.343374968
5.20774879,0.742224991,1.057237506,1.852812529
5.22477225,0.942562521,0.259462506,2.484487534
5.24179596,1.040325046,-0.286687493,2.354962587
5.25881967,1.130800009,-1.095462441,2.204674959
5.27584337,1.235849977,-1.593899965,1.839475036
5.292867,1.272424936,-2.083812475,1.471662521
5.30989046,1.188137531,-2.485724926,1.128324986
5.32691417,0.8925125,-2.532200098,0.858412504
5.34393788,0.544362485,-2.500437498,0.639649987
5.36096151,0.164312497,-2.263387442,0.458837509
5.37798522,-0.174074993,-1.828474998,0.241449997
5.39500891,-0.39517501,-1.194462538,0.094875
5.41203259,-0.487987489,-0.871887505,0.074112497
5.42905607,-0.58327502,-0.702075005,0.221925005
5.44607968,-0.751850009,-0.216975004,0.400262505
5.46310336,-0.637037516,0.1874125,0.307449997
5.48012704,-0.222887501,0.415800005,0.249974996
5.49715051,0.379362494,-0.148637503,0.430787504
5.51417418,0.803274989,-1.178512454,0.694649994
5.53119778,0.642125011,-1.15170002,0.723937511
5.54822147,0.368362486,-0.995225012,0.353787512
5.56524518,0.092262499,-0.842599988,-0.034649998
5.58226863,0.256024987,1.554437518,0.477262497
5.59929233,-0.139837503,0.524562478,0.269499987
5.61631601,-0.462412506,-0.162112504,-0.513562501
5.63333963,-0.893612504,0.115225002,-1.108525038
5.65036335,-1.813624978,0.490325004,-1.253999949
5.66738682,-2.360874891,1.085287452,-1.210000038
5.68441051,-2.351112604,1.64367497,-1.264999986
5.7014342,-1.842912436,1.306387544,-1.462862492
5.71845782,-1.375,0.595375001,-1.588675022
5.73548151,-1.29923749,0.233750001,-1.712149978
5.75250497,-1.409237504,0.373037487,-1.841675043
5.76952867,-1.565575004,0.655324996,-1.709674954
5.78655235,-1.492287517,0.667424977,-1.787912488
5.80357606,-1.398237467,0.134749994,-1.628962517
5.82059968,-1.285762548,-0.499262512,-1.238049984
5.83762336,-1.263900042,-0.510262489,-0.878899992
5.85464683,-1.268712521,-0.226874992,-0.6895625
5.87167052,-1.219900012,0.145750001,-0.630850017
5.88869422,-1.185662508,0.266750008,-0.688324988
5.9057179,-1.189375043,0.111649998,-0.84108752
5.92274152,-1.224712491,-0.046062499,-0.905712485
5.93976495,-1.21123755,-0.140112504,-0.986424983
5.95678865,-1.167374969,-0.032587498,-0.944899976
5.97381233,-1.103850007,0.116462499,-0.859375
5.99083603,-1.081850052,0.212987497,-0.855662525
6.00785963,-1.103850007,0.307037503,-0.817849994
6.02488331,-0.937612474,0.485374987,-0.743324995
6.0419068,-0.505174995,0.523325026,-0.670037508
6.05893048,-0.176550001,0.315562487,-0.578324974
6.0759542,0.034787498,0.294799984,-0.443987489
6.09297782,0.280362487,0.436562508,-0.304699987
6.11000153,0.639649987,0.501325011,-0.154412493
6.12702523,1.365237474,0.784712493,0.089924999
6.14404878,2.016437531,0.607612491,0.60431248
6.16107236,2.442825079,0.049224999,1.248087525
6.17809604,2.786162376,-0.177925006,1.830812454
6.19511965,3.094024897,0.193462506,2.131387472
6.21214333,2.951025009,-0.498025,1.96033752
6.22916699,2.602874994,-1.366612434,1.657425046
6.24619071,2.329250097,-1.458325028,1.394662499
6.26321417,2.17277503,-0.102162503,1.13203752
6.2802378,1.536287546,1.077999949,1.127087474
6.29726147,0.941325009,1.0157125,1.707474947
6.31428516,1.150187492,0.424324989,2.253624916
6.33130886,1.163662553,-0.121687502,2.343962431
6.34833234,0.934037507,-0.902412474,2.279200077
6.36535603,1.183187485,-1.860237479,2.175387383
6.38237971,1.279712439,-2.328150034,1.922525048
6.39940334,1.211374998,-2.709300041,1.576712489
6.41642706,1.040325046,-2.978112459,1.273800015
6.43345049,0.762987495,-2.830300093,1.004987478
6.45047416,0.447837502,-2.500437498,0.776462495
6.46749787,0.133787498,-2.120524883,0.593312502
6.48452157,-0.190025002,-1.565850019,0.380737484
6.50154519,-0.426937491,-1.191987514,0.186450005
6.51856884,-0.739749968,-1.046650052,0.091162503
6.53559254,-0.949850023,-0.810837507,0.204737499
6.55261598,-1.028087497,-0.735074997,0.241449997
6.56963968,-0.846037507,-0.289162487,0.187687501
6.58666338,0.164312497,0.065174997,0.364787489
6.60368698,0.863087475,-1.114987493,0.742362499
6.62071067,0.742224991,-1.504662514,0.854699969
6.63773437,0.214362502,-1.207800031,0.587125003
6.65475805,-0.359837502,-0.94393748,0.147262499
6.67178151,-0.219312504,0.551374972,0.165687501
6.68880521,-0.242550001,1.251387477,0.183974996
6.70582886,-0.082499996,1.17809999,-0.244887501
6.72285256,-0.115500003,0.425562501,-0.617512524
6.73987626,-0.337837488,-0.137637496,-1.057237506
6.75689973,-0.831324995,-0.055824999,-1.372524977
6.77392342,-1.483762503,0.375512511,-1.434812546
6.79094713,-1.863674998,0.99000001,-1.484862447
6.80797082,-1.763574958,1.305150032,-1.785437465
6.82499442,-1.493525028,0.845899999,-1.886775017
6.84201788,-1.302950025,0.146987498,-1.891724944
6.85904159,-1.194187522,-0.469974995,-1.615625024
6.87606527,-1.332237482,-0.621500015,-1.228287458
6.89308896,-1.549762487,-0.357499987,-0.880137503
6.91011256,-1.587574959,-0.143687502,-0.656562507
6.92713626,-1.522812486,0.027224999,-0.648037493
6.94415993,-1.521712542,0.069987498,-0.748137474
6.96118336,-1.497237444,0.156749994,-0.908187509
6.97820706,-1.316424966,0.027224999,-0.954662502
6.99523076,-1.123374939,-0.0253,-0.988900006
7.01225439,-1.019562483,0.004125,-0.99137497
7.02927806,-1.02313745,0.027224999,-0.990137518
7.04630175,-1.06713748,0.093225002,-0.999899983
7.06332546,-1.06713748,0.061462499,-0.960712493
7.08034894,-1.028087497,0.121412501,-0.897187471
7.09737265,-0.909562469,0.258224994,-0.81537497
7.11439633,-0.707987487,0.365749985,-0.579562485
7.13141994,-0.336600006,0.473275006,-0.318174988
7.14844356,0.185075,0.514800012,-0.32546249
7.1654671,0.610225022,0.421849996,-0.382937491
7.18249077,1.03056252,0.542850018,-0.1519375
7.19951445,1.855149984,0.99000001,0.364787489
7.21653815,2.582112551,0.784712493,0.992749989
7.23356179,3.097737551,0.314462513,1.739237547
7.25058546,2.841162443,-0.495550007,2.455199957
7.26760913,2.776400089,-0.808362484,2.704349995
7.2846326,3.023212433,-0.804650009,2.347675085
7.30165631,2.717687368,-0.549312472,1.855287433
7.31868002,2.297487497,-0.050875001,1.35808754
7.33570363,1.682999969,0.74566251,1.304324985
7.35272732,1.296900034,1.080474973,1.817474961
7.36975081,1.371425033,0.577087522,2.660350084
7.38677451,1.345712543,-0.127875,2.858350039
7.4037982,1.140424967,-0.98793751,2.841162443
7.42082189,1.376237512,-2.091099977,2.662824869
7.43784551,1.454475045,-2.612775087,2.299962521
7.45486921,1.368950009,-2.887637377,1.828474998
7.47189289,1.135612488,-3.114924908,1.35066247
7.48891657,0.733699977,-3.081924915,0.949987471
7.50594006,0.292600006,-2.901112556,0.70441252
7.52296374,-0.209549993,-2.416150093,0.520025015
7.53998734,-0.638274968,-1.742949963,0.30250001
7.55701102,-0.822799981,-1.275037527,0.062974997
7.57403471,-0.985324979,-1.015987515,-0.065174997
7.59105842,-0.833800018,-0.648312509,0.198687494
7.60808189,-0.88508749,-0.229212493,0.429549992
7.6251056,-0.711562514,0.83366251,0.317212492
7.64212928,0.1827375,0.668662489,0.457599998
7.65915297,0.921800017,-1.099174976,0.755699992
7.67617662,0.857037485,-1.695374966,0.679937482
7.69320006,0.207075,-1.366750002,0.278025001
7.71022375,-0.401362509,-0.748549998,-0.294937491
7.72724746,-0.671412468,0.837237477,-0.272937506
7.74427118,-0.733699977,1.2538625,-0.268124998
7.76129483,-0.589462519,1.024237514,-0.46351251
7.77831849,-1.144137502,-0.122924998,-0.665087521
7.79534218,-1.593762517,0.439037502,-1.021899939
7.81236587,-2.083674908,1.151287436,-1.243000031
7.8293893,-2.44887495,1.642437458,-1.244237542
7.84641301,-2.282774925,1.857349992,-1.432337523
7.86343662,-1.899150014,1.62401247,-1.662099957
7.8804603,-1.712287545,1.06576252,-1.770725012
7.897484,-1.563237548,0.485374987,-1.73291254
7.91450747,-1.377475023,0.065174997,-1.58138752
7.93153113,-1.407999992,-0.249974996,-1.407862544
7.94855478,-1.471524954,-0.703312516,-0.976662517
7.96557836,-1.437425017,-0.594550014,-0.639512479
7.98260203,-1.433712482,-0.264687508,-0.46351251
7.99962573,-1.388474941,0.082225002,-0.432987511
8.01664944,-1.348187447,0.448799998,-0.503799975
8.03367288,-1.379950047,0.447562486,-0.744562507
8.05069657,-1.383662462,0.236224994,-0.968137503
8.0677202,-1.278475046,0.244749993,-1.136712551
8.0847439,-1.188137531,0.417037487,-1.087900043
8.10176761,-1.133137465,0.596612513,-0.893612504
8.11879131,-1.013375044,0.7579,-0.638274968
8.13581479,-0.672512472,0.876424968,-0.418274999
8.15283854,-0.324362487,0.853187501,-0.362174988
8.16986225,-0.110550001,0.71995002,-0.264412493
8.18688585,0.168025002,0.718712509,-0.076312497
8.20390955,0.615175009,1.125574946,0.163212493
8.22093326,1.310237527,1.477437496,0.484549999
8.23795672,2.04091239,1.366337538,1.029325008
8.25498039,2.418349981,0.97776252,1.647524953
8.27200408,2.604112387,0.616137505,2.202199936
8.28902768,2.695687532,0.662612498,2.3744874
8.30605138,2.847212553,0.275274992,2.236437559
8.3230751,2.58692503,0.071225002,1.792999983
8.34009854,2.165487528,0.774949968,1.271324992
8.35712223,1.781862497,1.760962486,1.029325008
8.37414586,1.322474957,1.696200013,1.397137523
8.39116956,1.190474987,0.993712485,2.135099888
8.40819324,1.29923749,0.513562501,2.320724964
8.42521692,1.31271255,-0.0020625,2.221724987
8.44224041,1.432474971,-0.553025007,1.984812498
8.45926413,1.596099973,-1.221274972,1.657287478
8.47628781,1.549762487,-1.234750032,1.365375042
8.49331151,1.342000008,-1.398512483,1.091750026
8.51033512,1.076900005,-1.756425023,0.836412489
8.52735881,0.727512479,-1.920050025,0.684887469
8.54438225,0.321887493,-1.934762478,0.535837472
8.56140592,-0.031212499,-1.745424986,0.385549992
8.57842958,-0.242550001,-1.325087547,0.270737499
8.59545319,-0.407412499,-0.709362507,0.249974996
8.6124769,-0.568700016,-0.262212485,0.236499995
8.6295006,-0.728749991,0.100649998,0.193737492
8.64652427,-0.663987517,0.131174997,0.0374
8.66354794,-0.281599999,-0.0704,-0.136124998
8.68057142,0.260837495,-0.511500001,-0.155650005
8.69759501,0.728749991,-0.942699969,0.056924999
8.71461872,0.648175001,-1.199275017,0.110687502
8.7316424,0.154550001,-1.250562549,-0.059124999
8.74866587,-0.589462519,-1.091750026,-0.338937491
8.76568957,-0.975562513,-0.267162502,-0.556325018
8.78271328,-1.290712476,0.374274999,-0.696850002
8.79973695,-1.514287472,0.066412501,-0.710325003
8.81676051,-0.714037478,1.460387468,-0.141075
8.83378423,-0.459937483,0.998525024,-0.259462506
8.85080771,-0.760512471,0.342512488,-0.292462498
8.8678314,-1.27489996,0.815237522,-0.528275013
8.8848551,-1.96638751,1.301574945,-0.584512472
8.90187877,-2.406112432,1.544674993,-0.745800018
8.91890237,-2.364587545,1.890349984,-1.108662486
8.93592608,-2.174012423,1.608199954,-1.418862462
8.95294977,-1.875912547,0.892237485,-1.519099951
8.96997322,-1.510712504,0.564849973,-1.499575019
8.98699693,-1.23695004,0.442612499,-1.545912504
9.00402055,-1.173424959,0.635662496,-1.550862551
9.0210442,-1.422712445,0.756662488,-1.486099958
9.0380679,-1.56447494,0.045649998,-1.335812449
9.05509157,-1.671862483,-0.024062499,-1.124475002
9.07211505,-1.609575033,0.084700003,-0.939949989
9.08913875,-1.481287479,0.300987512,-0.736037493
9.10616246,-1.401950002,0.386512488,-0.6015625
9.12318607,-1.367712498,0.430512488,-0.632087469
9.14020976,-1.288237453,0.337562501,-0.794612467
9.15723326,-1.157612443,0.177512497,-0.947375
9.17425698,-1.069612503,0.228937492,-1.014474988
9.19128068,-1.031662464,0.408512503,-0.994949997
9.20830438,-1.123374939,0.627137482,-0.874087513
9.22532807,-1.129425049,0.910662472,-0.762849987
9.24235168,-0.882612467,0.941187501,-0.652849972
9.25937538,-0.466125011,0.600324988,-0.506274998
9.27639906,-0.081262499,0.408512503,-0.453749985
9.2934225,0.137500003,0.415800005,-0.329174995
9.31044618,0.256024987,0.556325018,-0.077412501
9.32746981,0.689700007,0.689424992,0.144924998
9.34449347,1.41900003,0.73218751,0.372074992
9.36151716,2.001724958,0.459800005,0.833937466
9.37854063,2.402537584,0.236224994,1.415424943
9.39556432,2.671212435,-0.103399999,1.909049988
9.41258803,2.754400015,-0.286687493,2.119149923
9.42961173,2.709162474,-0.568837524,2.078862429
9.44663535,2.491637468,-0.830362499,1.813762546
9.46365901,2.152012587,-0.158399999,1.392187476
9.48068249,1.681762457,1.053524971,1.088037491
9.49770624,1.094087481,1.680250049,1.365375042
9.51472991,0.956037521,1.407862544,1.962812543
9.53175353,1.202849984,0.690662503,2.273149967
9.54877722,1.112375021,-0.176687494,2.259675026
9.5658009,0.985324979,-0.738650024,2.126437426
9.58282462,1.194187522,-1.432612538,1.894337535
9.59984807,1.256474972,-1.881000042,1.554712534
9.61687175,1.120900035,-2.122862577,1.21261251
9.63389548,0.81674999,-2.348912477,0.924274981
9.65091919,0.431887507,-2.2816751,0.69836247
9.6679428,0.0177375,-2.159574986,0.528549969
9.68496623,-0.40259999,-1.953050017,0.340312511
9.70198991,-0.731225014,-1.600087523,0.114399999
9.71901361,-0.901037514,-1.198037505,-0.120174997
9.73603722,-0.920562506,-0.928125024,-0.238700002
9.75306091,-1.059849977,-0.39792499,-0.009075
9.77008461,-0.870512486,-0.057062499,0.136262506
9.78710831,-0.430649996,0.263037503,0.126499996
9.80413199,0.106837496,0.176412493,0.111924999
9.82115543,0.599224985,-1.012412548,0.372074992
9.8381791,0.567462504,-1.301987529,0.588362515
9.85520274,0.271837503,-1.053937435,0.383074999
9.87222644,-0.0617375,-0.493212491,0.091162503
9.88925014,-0.302362502,0.48785001,0.197449997
9.90627388,-0.436699987,0.980237484,0.282974988
9.92329732,-0.309650004,1.136574984,0.117974997
9.94032102,-0.729987502,0.167750001,-0.260699987
9.9573447,-1.245474935,0.0138875,-0.895950019
9.97436832,-1.72081244,0.573374987,-1.374862552
9.99139203,-2.281537533,1.068237543,-1.444574952
10.0084157,-2.265587568,1.798774958,-1.367575049
10.02543941,-1.675575018,1.754775047,-1.542337537
10.04246286,-1.417762518,1.157337546,-1.593624949
10.05948655,-1.464237452,0.804237485,-1.516625047
10.07651013,-1.533812523,0.844662488,-1.442100048
10.09353383,-1.579049945,0.845899999,-1.484862447
10.11055753,-1.359187484,0.247225002,-1.286999941
10.12758099,-1.177137494,0.148224995,-0.942425013
10.14460484,-1.240662456,0.403562486,-0.759137511
10.16162834,-1.299374938,0.307037503,-0.641987503
10.17865197,-1.270087481,0.622187495,-0.649275005
10.19567567,-1.145375013,0.741949976,-0.712800026
10.21269936,-1.102612495,0.639374971,-0.773850024
10.22972305,-1.077037454,0.523325026,-0.859375
10.24674651,-1.07456255,0.353512496,-0.96085
10.26377022,-1.084324956,0.226462498,-1.030424953
10.2807938,-1.105087519,0.275274992,-1.068374991
10.2978175,-1.135612488,0.508612514,-0.993849993
10.31484117,-0.971987486,0.767662525,-0.856899977
10.33186487,-0.600462496,0.693137467,-0.665087521
10.34888833,-0.28283751,0.555087507,-0.418412507
10.36591202,0.036024999,0.662612498,-0.213125005
10.38293571,0.274174988,0.770137489,-0.0042625
10.3999594,0.607749999,0.847000003,0.275550008
10.416983,1.131899953,0.667424977,0.656700015
10.43400669,1.797675014,0.355850011,1.097800016
10.45103037,2.364587545,0.148224995,1.615762472
10.46805407,2.808024883,0.29975,2.092200041
10.48507754,2.919262409,0.429275006,2.265724897
10.50210123,2.808024883,0.0419375,2.1166749
10.51912491,2.578399897,-0.124162503,1.795337439
10.53614853,2.226537466,0.759137511,1.431237459
10.55317223,1.797675014,2.000349998,1.156375051
10.57019571,1.399474978,1.528725028,1.557187438
10.58721942,1.784199953,0.950949967,2.170437574
10.60424313,1.778149962,0.414562494,2.3365376
10.62126682,1.713387489,-0.320924997,2.299962521
10.63829043,1.835624933,-0.923174977,2.114199877
10.65531412,1.889387488,-1.529137492,1.775812507
10.67233784,1.707337499,-1.629374981,1.456949949
10.6893613,1.351762533,-1.714900017,1.135749936
10.70638501,0.896087468,-1.965287447,0.902274966
10.72340869,0.413599998,-2.01781249,0.745937467
10.7404323,-0.150837496,-1.833425045,0.550549984
10.75745597,-0.643225014,-1.432612538,0.292737484
10.77447964,-0.921800017,-0.821837485,0.103399999
10.79150332,-1.069612503,-0.232924998,0.130212501
10.80852679,-1.097662449,0.048124999,0.367262512
10.82555048,-0.964562476,-0.0143,0.174212501
10.84257416,-0.541887522,-0.063112497,-0.079887502
10.85959785,0.119075,-0.443024993,-0.117837496
10.87662145,0.611462474,-1.048987508,0.226737499
10.89364511,0.579699993,-1.344750047,0.380600005
10.91066883,0.066550002,-1.283562541,0.161974996
10.92769253,-0.595650017,-0.848649979,-0.199650005
10.94471603,-0.810562491,0.507375002,-0.227699995
10.96173971,-0.949850023,0.793237507,-0.0396
10.9787634,-0.737275004,1.238049984,0.056924999
10.99578709,-0.329312503,0.930187523,-0.121412501
11.0128107,-0.611462474,0.241037503,-0.468462497
11.02983438,-1.156375051,0.358325005,-0.865424991
11.04685808,-1.904099941,0.99000001,-1.071949959
11.0638818,-2.583349943,1.476199985,-1.225812435
11.08090527,-2.556400061,1.790249944,-1.42505002
11.09792894,-2.077487469,1.807299972,-1.666912436
11.11495264,-1.696337461,1.284387469,-1.742674947
11.13197621,-1.585099936,0.835999966,-1.734149933
11.14899992,-1.467949986,0.879999995,-1.613150001
11.1660236,-1.571762443,0.847000003,-1.565575004
11.18304707,-1.735525012,0.5000875,-1.328524947
11.20007076,-1.689049959,0.256987512,-0.947375
11.21709446,-1.6328125,0.348562509,-0.759275019
11.23411816,-1.587712526,0.567324996,-0.656562507
11.25114179,-1.525287509,0.653949976,-0.65298748
11.26816548,-1.420237541,0.707712472,-0.683512509
11.28518917,-1.255375028,0.672375023,-0.754324973
11.30221287,-1.112375021,0.603900015,-0.822799981
11.31923634,-1.022037506,0.492799997,-0.918087483
11.33626002,-1.00485003,0.578324974,-0.971849978
11.35328374,-1.026849985,0.765187502,-0.938849986
11.37030737,-1.057374954,0.906949997,-0.834900022
11.3873311,-0.828987479,0.771237493,-0.682274997
11.40435479,-0.58464998,0.5000875,-0.500225008
11.42137847,-0.37083751,0.583137512,-0.260699987
11.43840213,-0.26455,0.822662473,-0.090887502
11.45542559,-0.126499996,0.976525009,0.0177375
11.47244929,0.268124998,1.037575006,-0.027362499
11.48947298,1.015849948,1.344337463,0.113025002
11.50649666,1.549625039,1.300337434,0.644462526
11.52352026,2.109250069,1.024237514,1.229662538
11.54054396,2.772687435,0.832424998,1.901625037
11.55756764,2.804450035,0.0309375,2.40625
11.57459106,2.733500004,-0.56773752,2.412299871
11.59161477,2.806787491,-0.0033,2.025099993
11.60863847,2.524637461,0.555087507,1.577950001
11.62566218,1.930912495,1.049812436,1.193087459
11.64268582,1.30528748,1.637487531,1.177137494
11.6597095,1.043900013,1.734012485,1.713524938
11.67673319,1.33842504,1.058475018,2.510062456
11.69375666,1.355474949,-0.093637496,2.446537495
11.71078035,1.278475046,-0.608025014,2.269437551
11.72780403,1.456812501,-1.321512461,1.94204998
11.74482764,1.583862543,-1.922525048,1.553475022
11.76185135,1.411712527,-2.191337585,1.200374961
11.77887505,1.024374962,-2.247575045,0.869274974
11.79589874,0.579699993,-2.154624939,0.656700015
11.81292222,0.150837496,-1.988525033,0.53460002
11.82994589,-0.303600013,-1.676949978,0.355024993
11.84696958,-0.61641252,-1.171224952,0.164450005
11.86399328,-0.725037515,-0.780312479,0.126499996
11.88101691,-0.918087483,-0.405212492,0.416074991
11.8980406,-0.975562513,0.0199375,0.583412468
11.9150643,-0.815512478,0.313225001,0.344024986
11.93208778,-0.39517501,0.43779999,0.168025002
11.94911148,0.335362494,-0.515212476,0.348837495
11.96613518,0.792275012,-1.589087486,0.609125018
11.98315886,0.610225022,-1.413087487,0.381837487
12.00018252,0.0055,-0.950124979,-0.097075
12.01720616,-0.729987502,0.0199375,-0.336462498
12.03422994,-1.225950003,0.551374972,-0.180124998
12.05125354,-1.506999969,0.750474989,-0.0726
12.06827724,-0.674987495,1.732774973,0.089924999
12.08530094,-0.277887493,0.450037509,0.0704
12.1023244,-0.629750013,-0.709362507,-0.326700002
12.11934809,-1.167374969,0.055412501,-0.966899991
12.13637178,-1.838099957,0.718712509,-1.444574952
12.15339537,-2.420825005,1.481150031,-1.648625016
12.17041906,-2.556400061,1.929537535,-1.677912474
12.18744278,-2.259537458,1.861062527,-1.81348753
12.20446646,-2.002962589,1.286862493,-1.83177495
12.22148992,-1.602149963,0.785950005,-1.83920002
12.23851361,-1.267475009,0.585612476,-1.685199976
12.2555373,-1.309000015,0.297275007,-1.462862492
12.27256099,-1.423812509,0.094462499,-1.152524948
12.2895846,-1.356712461,-0.032587498,-0.832424998
12.30660829,-1.382287502,0.275274992,-0.644325018
12.32363199,-1.492287517,0.556325018,-0.527037501
12.34065549,-1.467812538,0.671137512,-0.473275006
12.35767919,-1.32494998,0.799425006,-0.556325018
12.37470286,-1.202712536,0.787187517,-0.685850024
12.39172654,-1.09147501,0.600324988,-0.847137511
12.40875018,-1.016950011,0.535562515,-0.939949989
12.42577383,-1.009662509,0.847137511,-0.938712478
12.44279753,-0.996187508,1.057237506,-0.925237477
12.45982121,-0.843562484,0.749374986,-0.845899999
12.47684491,-0.716512501,0.269225001,-0.716374993
12.49386861,-0.414700002,0.364512503,-0.461037487
12.51089206,-0.055550002,0.821425021,-0.0969375
12.52791574,0.251075,1.008287549,0.25850001
12.54493943,0.692174971,0.536800027,0.501600027
12.56196311,1.112375021,-0.131449997,0.903649986
12.57898673,1.35066247,-0.096112497,1.498612523
12.59601045,2.183912516,0.563612521,1.738000035
12.61303418,2.979212523,1.238049984,1.729475021
12.63005762,2.924212456,1.577674985,1.784474969
12.64708133,2.623637438,0.6015625,1.746525049
12.66410502,2.443924904,0.021175001,1.638999939
12.68112866,2.370637417,0.585612476,1.428900003
12.69815229,2.156825066,1.681487441,1.158849955
12.71517594,1.809912443,1.319862485,0.997562468
12.73219963,1.46905005,0.671137512,1.394662499
12.7492231,1.503287435,1.103574991,1.96638751
12.7662468,1.730437517,0.344987512,2.022624969
12.78327049,1.800150037,-0.380737484,1.874812484
12.80029417,1.626624942,-0.626312494,1.647524953
12.81731785,1.488574982,-1.158987522,1.40071249
12.83434154,1.256474972,-1.559662461,1.13203752
12.85136518,0.948612511,-1.823662519,0.919462502
12.86838886,0.655462503,-1.830950022,0.715412498
12.88541256,0.283937484,-1.589087486,0.538174987
12.90243628,-0.163212493,-1.381325006,0.388024986
12.91945973,-0.529649973,-1.074699998,0.204737499
12.93648343,-0.700699985,-0.736312509,0.051975001
12.95350713,-0.810699999,-0.450450003,0.098449998
12.97053074,-0.789937496,-0.311162502,0.242550001
12.98755441,-0.642125011,-0.295212507,0.149737492
13.00457808,-0.298787504,-0.350212485,0.0165
13.02160156,0.156887502,-0.628787518,0.078924999
13.03862524,0.782512486,-1.255512476,0.399024993
13.05564895,0.806850016,-1.707612514,0.44055
13.07267261,0.221650004,-1.764950037,0.058162499
13.08969624,-0.654224992,-1.278749943,-0.282700002
13.10671996,-1.278612494,0.325325012,-0.210649997
13.12374365,-1.519237518,0.0187,-0.175312504
13.1407673,-0.940225005,1.654537439,0.408787489
13.15779078,-0.168025002,1.27215004,0.143687502
13.17481472,-0.383074999,-0.308687508,-0.241174996
13.19183818,-0.905849993,-0.269637495,-0.855662525
13.20886186,-1.310237527,0.327800006,-1.273525
13.22588554,-2.017674923,0.625899971,-1.377337456
13.24290923,-2.484349966,1.014474988,-1.377337456
13.25993288,-2.194775105,1.112237453,-1.554574966
13.27695657,-1.516762495,0.580662489,-1.697437525
13.29398023,-1.206424952,0.254512489,-1.625387549
13.31100391,-1.173424959,0.238700002,-1.618100047
13.32802737,-1.301712513,0.346224994,-1.597337484
13.34505106,-1.526525021,0.111649998,-1.379812479
13.36207475,-1.599812508,-0.120587498,-1.040187478
13.37909838,-1.654812455,0.112750001,-0.782374978
13.39612208,-1.635287523,0.327800006,-0.64556247
13.41314578,-1.613287449,0.683375001,-0.584512472
13.43016927,-1.553475022,0.625899971,-0.596750021
13.44719293,-1.431237459,0.522087514,-0.666324973
13.46421662,-1.255375028,0.358325005,-0.749374986
13.48124035,-1.052562475,0.310750008,-0.805612505
13.49826406,-1.024374962,0.271699995,-0.80932498
13.51528776,-1.183187485,0.3680875,-0.787325025
13.53231137,-1.361662507,0.470799983,-0.808087468
13.54933506,-1.156375051,0.90200001,-0.753087521
13.56635879,-0.541887522,1.024237514,-0.754324973
13.58338222,-0.148499996,0.630850017,-0.657800019
13.60040589,-0.086075,0.291224986,-0.337700009
13.61742959,0.015262499,0.705375016,-0.00055
13.63445331,0.453887492,1.288100004,0.419787496
13.65147692,1.23695004,1.37362504,0.430787504
13.6685006,2.02125001,1.092574954,0.506550014
13.68552428,2.495349884,0.605137467,0.964699984
13.70254794,2.781212568,-0.141350001,1.629237533
13.71957163,2.718924999,-0.846175015,2.336674929
13.73659505,2.477062464,-1.008700013,2.60658741
13.75361873,2.225300074,-0.913412511,2.238912582
13.77064246,2.106775045,-0.335500002,1.476475
13.78766617,1.861199975,0.258224994,1.189375043
13.80468982,1.684100032,0.513562501,1.450899959
13.82171344,1.856387496,0.308274984,1.733049989
13.83873713,1.99072504,0.149462506,2.004337549
13.85576084,1.637762547,-0.302637488,2.011625051
13.87278455,1.580287457,-1.135749936,1.98605001
13.88980802,1.647524953,-1.411849976,1.87976253
13.90683171,1.565575004,-1.476612449,1.664712548
13.92385542,1.509474993,-2.011762381,1.327425003
13.94087905,1.302950025,-2.38796258,1.06851244
13.95790271,0.949850023,-2.444200039,0.799700022
13.97492639,0.470937491,-2.176625013,0.56031251
13.99194988,-0.0127875,-1.839475036,0.326974988
14.00897355,-0.303600013,-1.469324946,0.075212501
14.02599723,-0.513700008,-1.254274964,-0.115362503
14.04302091,-0.630987525,-1.046650052,-0.082362503
14.06004461,-0.583412468,-0.416212499,0.171737492
14.07706831,-0.622462511,-0.269637495,0.223024994
14.09409193,-0.484412491,-0.053350002,0.183974996
14.11111563,-0.025024999,0.113987498,0.317074984
14.12813931,0.571174979,-0.405212492,0.590837479
14.14516301,0.6347,-0.897599995,0.633599997
14.16218647,0.1057375,-0.992887497,0.381837487
14.17921015,-0.523462474,-0.610499978,-0.045649998
14.19623383,-1.01708746,0.687087476,-0.365749985
14.21325752,-1.272424936,0.735899985,-0.72132498
14.23028111,-0.984087467,1.738962531,-0.053075001
14.24730481,-0.629750013,1.388337493,0.144924998
14.2643285,-0.810562491,0.595375001,-0.038362499
14.28135218,-1.156375051,0.579562485,-0.402462512
14.29837592,-1.659624934,0.905712485,-0.749374986
14.31539963,-2.295012474,1.450624943,-1.057237506
14.3324231,-2.494112492,1.830537438,-1.236812472
14.3494468,-2.176487446,1.868350029,-1.396862507
14.36647051,-1.700049996,1.350387454,-1.506862521
14.38349415,-1.485000014,1.059574962,-1.451862454
14.40051786,-1.496000051,1.179337502,-1.379812479
14.41754157,-1.691387534,1.426149964,-1.398100019
14.43456504,-1.851437449,1.310099959,-1.401812434
14.45158872,-1.704862475,0.743187487,-1.224712491
14.46861264,-1.525287509,0.475612491,-0.964424968
14.48563608,-1.496000051,0.581900001,-0.727374971
14.50265977,-1.44471252,0.707849979,-0.58327502
14.51968346,-1.407999992,0.848237515,-0.534325004
14.53670707,-1.333474994,0.860475004,-0.547800005
14.55373074,-1.269950032,0.78966248,-0.662612498
14.57075442,-1.238187551,0.730949998,-0.803137481
14.58777788,-1.20518744,0.760375023,-0.922900021
14.60480157,-1.180712461,0.828712523,-0.952187479
14.62182525,-1.194187522,0.876424968,-0.922900021
14.63884893,-0.980374992,1.036474943,-0.804374993
14.65587265,-0.650512517,0.922762513,-0.588087499
14.67289633,-0.565124989,0.605137467,-0.374412507
14.68991993,-0.304837495,0.735899985,-0.139837503
14.70694365,0.025024999,0.916712523,0.073974997
14.72396735,0.397650003,0.944762468,0.213262498
14.74099106,1.144137502,0.919187486,0.379362494
14.75801452,1.783100009,0.715137482,0.846175015
14.77503819,2.299824953,0.206937492,1.398375034
14.79206187,2.86907506,0.162937492,1.909049988
14.80908557,3.129362583,0.611187518,2.13015008
14.82610919,2.971787453,0.515900016,1.927337527
14.84313629,2.625974894,0.0407,1.67681253
14.86015651,2.303537369,-0.079062499,1.386137486
14.87718021,1.818437457,0.864187479,1.145375013
14.8942039,1.089137435,1.727962494,1.343374968
14.91122735,0.963325024,1.430962443,1.937099934
14.92825104,1.272424936,0.756662488,2.246200085
14.94527475,1.313949943,-0.085112497,2.2499125
14.96229847,1.304187536,-0.699599981,2.105674982
14.97932209,1.452000022,-1.231037498,1.827100039
14.99634577,1.47510004,-1.823662519,1.548524976
15.01336947,1.260187507,-2.160812378,1.227324963
15.03039317,0.882612467,-2.232862473,0.866937518
15.04741688,0.485650003,-2.169337511,0.629887521
15.06444033,0.159362495,-2.046000004,0.453887492
15.08146403,-0.148499996,-1.810187459,0.262075007
15.09848775,-0.346362501,-1.35808754,0.065449998
15.11551142,-0.501600027,-0.978174985,-0.037124999
15.13253505,-0.838750005,-0.70578748,0.132687494
15.14955873,-0.956037521,-0.351449996,0.442887485
15.16658242,-0.825275004,-0.050875001,0.348837495
15.1836061,-0.383074999,0.249699995,0.158262506
15.2006298,0.40259999,-0.0814,0.389262497
15.2176533,1.127087474,-1.399612546,0.777700007
15.23467699,1.083087444,-1.648900032,0.731362522
15.25170068,0.415937483,-1.130937457,0.307312489
15.26872436,-0.431887507,-0.821837485,-0.316937506
15.28574798,-1.010900021,0.283800006,-0.600324988
15.30277167,-0.99879998,0.80795002,-0.495274991
15.31979535,-0.601700008,1.239287496,-0.221650004
15.33681905,-0.259599984,0.674849987,-0.053075001
15.35384277,-0.865562499,-0.246399999,-0.248462498
15.3708665,-1.504524946,0.282562494,-0.688324988
15.38788995,-1.961437464,1.255100012,-1.126950026
15.40491362,-2.321825027,1.726724982,-1.480049968
15.4219373,-2.297487497,1.7694875,-1.703624964
15.43896093,-1.95896244,1.356575012,-1.846487522
15.45598462,-1.565575004,0.735899985,-1.878250003
15.47300829,-1.33099997,0.342512488,-1.710912466
15.49003197,-1.260187507,0.404799998,-1.574100018
15.50705564,-1.379950047,0.340037495,-1.454337478
15.52407934,-1.417762518,-0.065587498,-1.174525023
15.54110276,-1.363999963,-0.313499987,-0.856899977
15.55812642,-1.30666244,-0.355162501,-0.584512472
15.57515011,-1.30666244,-0.0363,-0.436699987
15.59217376,-1.33842504,0.177512497,-0.39517501
15.60919755,-1.393424988,0.395037502,-0.470799983
15.62622115,-1.378712535,0.503799975,-0.650512517
15.64324486,-1.199137449,0.447562486,-0.872850001
15.66026856,-1.029325008,0.414562494,-1.014474988
15.67729226,-1.006087542,0.503799975,-1.074424982
15.69431572,-1.018324971,0.677187502,-0.999899983
15.71133941,-1.096562505,0.793237507,-0.882612467
15.72836313,-0.924274981,0.660137475,-0.729849994
15.74538684,-0.516174972,0.352274984,-0.55151248
15.76241053,-0.192362502,0.314325005,-0.461037487
15.77943413,-0.040975001,0.507375002,-0.292462498
15.79645784,0.135024995,0.740712524,-0.123887502
15.81348152,0.573650003,0.78966248,-0.046887498
15.83050499,1.089137435,0.614899993,0.205974996
15.8475287,1.638862491,0.55756247,0.795987487
15.86455241,2.116537571,0.47437501,1.453374982
15.88157634,2.597924948,0.442612499,1.885812521
15.89859981,2.731162548,0.573374987,2.121624947
15.91562348,2.624875069,0.157987505,2.075150013
15.93264716,2.635874987,-0.268400013,1.96638751
15.94967078,2.475825071,-0.195112497,1.687950015
15.96669449,2.108012438,0.566087484,1.343374968
15.98371816,1.604762435,1.465199947,1.321375012
16.00074186,1.396999955,0.969237506,1.519237518
16.01776554,1.56309998,0.239800006,2.088624954
16.03478898,1.49476254,0.150700003,2.152149916
16.05181268,1.5313375,-0.557974994,2.106912374
16.06883635,1.596099973,-1.079512477,1.909049988
16.08586005,1.604762435,-1.490087509,1.63418746
16.10288368,1.516762495,-1.818712473,1.349424958
16.11990737,1.254137516,-2.043524981,1.102749944
16.13693104,0.874087513,-2.140049934,0.956037521
16.15395473,0.499125004,-2.152287483,0.839987516
16.17097841,0.047024999,-1.948237538,0.695887506
16.18800186,-0.405074984,-1.50356245,0.444124997
16.20502558,-0.657937467,-0.912175,0.226737499
16.22204926,-0.848512471,-0.759549975,0.0814
16.23907294,-0.985324979,-0.308687508,0.110687502
16.25609656,-0.755699992,-0.0264,0.0226875
16.27312032,-0.400124997,0.133512497,-0.092124999
16.29014394,0.142312497,-0.0594,-0.032312501
16.30716767,0.57722497,-0.594550014,0.416074991
16.32419136,0.595512509,-0.876837492,0.644599974
16.34121487,0.262075007,-0.948887467,0.388024986
16.35823856,-0.317074984,-1.070987463,-0.075075001
16.37526226,-0.926612496,-0.975700021,-0.43917501
16.39228595,-1.140424967,0.055412501,-0.541750014
16.40930968,-1.140424967,0.597850025,-0.0836
16.4263333,-0.854562521,0.90200001,0.064212501
16.44335703,-0.329312503,0.607612491,-0.162937492
16.46038074,-0.589462519,-0.008112499,-0.349937499
16.47740444,-1.056137443,0.322987497,-0.673612475
16.49442809,-1.640100002,0.957000017,-0.881375015
16.51145154,-2.064150095,1.415150046,-1.17947495
16.52847542,-2.059200048,1.429862499,-1.433575034
16.54549887,-1.862574935,1.091337442,-1.574100018
16.56252255,-1.593762517,0.686949968,-1.646149993
16.57954624,-1.406762481,0.464612484,-1.614387512
16.59656984,-1.301712513,0.452512503,-1.499575019
16.61359353,-1.447187543,0.409749985,-1.371287465
16.63061721,-1.602287531,0.161699995,-1.081712484
16.64764088,-1.612049937,0.176275,-0.880137503
16.66466454,-1.550999999,0.278987497,-0.773850024
16.68168827,-1.503287435,0.375512511,-0.731087506
16.69871174,-1.478950024,0.586849988,-0.727374971
16.71573544,-1.388474941,0.715137482,-0.717612505
16.73275916,-1.247949958,0.590562522,-0.74703747
16.74978285,-1.097662449,0.473275006,-0.821562469
16.76680651,-1.000037551,0.36203751,-0.881375015
16.78383011,-1.025612473,0.319274992,-0.898424983
16.8008538,-1.128324986,0.344987512,-0.907087505
16.81787749,-1.129425049,0.621087492,-0.889899969
16.83490096,-0.86680001,0.992474973,-0.778800011
16.85192465,-0.629750013,0.931287468,-0.641849995
16.86894855,-0.384175003,0.647899985,-0.474512488
16.88597202,-0.077550001,0.51837498,-0.338937491
16.9029957,0.131312504,0.649137497,-0.216700003
16.9200194,0.304837495,0.829949975,-0.0286
16.93704303,0.822799981,1.001000047,0.0704
16.95406673,1.652337432,1.15376246,0.311024994
16.97109044,2.24853754,0.847000003,0.821699977
16.98811413,2.564924955,0.239800006,1.475374937
17.00513782,2.71273756,-0.446737498,2.038574934
17.0221615,2.728687525,-0.521262527,2.347675085
17.03918497,2.721400023,-0.432024986,2.273149967
17.05620867,2.425637484,-0.131587505,1.837000012
17.07323236,2.147200108,0.285037488,1.289612532
17.09025608,1.715862513,0.817712486,1.147850037
17.10727975,1.16861248,1.263625026,1.554712534
17.12430344,1.207662463,1.162287474,2.24867487
17.14132712,1.409237504,0.357087493,2.600537539
17.15835075,1.284662485,-0.559074998,2.451487541
17.17537443,1.232137442,-1.145512462,2.274250031
17.19239812,1.434949994,-1.871237516,1.989624977
17.20942182,1.452000022,-2.390437603,1.640237451
17.2264453,1.257712483,-2.741062403,1.325087547
17.24346898,0.938849986,-2.82177496,1.026987553
17.26049268,0.516174972,-2.705724955,0.778937519
17.27751637,0.007975,-2.462487459,0.582312524
17.29453995,-0.409887493,-2.115575075,0.317074984
17.31156364,-0.607749999,-1.637899995,0.066687502
17.32858732,-0.701937497,-1.3398,-0.046887498
17.34561102,-0.986562491,-0.959887505,0.0006875
17.3626347,-1.01708746,-0.579837501,0.161974996
17.37965816,-0.898562491,-0.322162509,0.170499995
17.39668188,-0.596750021,-0.195112497,0.02145
17.41370556,0.137500003,-0.231687501,0.248737499
17.43072926,0.709224999,-1.025887489,0.695887506
17.44775294,0.758037508,-1.513324976,0.737412512
17.46477654,0.307312489,-1.255512476,0.465025008
17.48180023,-0.291362494,-0.950124979,0.0606375
17.49882395,-0.560175002,0.564849973,0.275550008
17.51584764,-0.303600013,1.074287534,0.505312502
17.53287133,0.293837488,1.250287533,0.287787497
17.54989504,-0.02255,-0.344162494,-0.219174996
17.56691849,-0.507650018,-0.428449988,-0.768899977
17.58394216,-1.166137457,0.056649998,-1.055999994
17.60096585,-1.987149954,0.817712486,-1.003474951
17.6179895,-2.259537458,1.37362504,-1.045137525
17.6350132,-1.979725003,1.442100048,-1.312574983
17.65203689,-1.603525043,0.915475011,-1.462862492
17.66906052,-1.372662544,0.432850003,-1.499575019
17.68608417,-1.284662485,0.340037495,-1.50562501
17.70310787,-1.35066247,0.457325012,-1.456812501
17.72013159,-1.466712475,0.53184998,-1.445812464
17.73715531,-1.593762517,0.597850025,-1.371287465
17.75417877,-1.515524983,0.117699996,-1.153900027
17.77120245,-1.33842504,-0.190162495,-0.948612511
17.78822614,-1.246850014,-0.129112497,-0.819087505
17.80524987,-1.191849947,0.060224999,-0.685987473
17.82227356,-1.179612517,0.277749986,-0.648037493
17.83929718,-1.102612495,0.258224994,-0.683512509
17.85632089,-1.029325008,0.071225002,-0.766562522
17.87334458,-0.924274981,0.067649998,-0.842324972
17.8903683,-0.749512494,0.250800014,-0.803137481
17.90739174,-0.596887469,0.376749992,-0.709087491
17.92441563,-0.606649995,0.43779999,-0.616275013
17.94143911,-0.718987525,0.332749993,-0.641987503
17.9584628,-0.677462518,0.258224994,-0.67732501
17.9754865,-0.495412499,0.29232499,-0.634562492
17.9925101,-0.301262498,0.314325005,-0.523462474
18.00953387,-0.073974997,0.410849989,-0.368225008
18.0265575,0.2094125,0.519612491,-0.224124998
18.04358117,0.450174987,0.61242497,-0.128837496
18.06060486,0.7030375,0.673612475,-0.099550001
18.07762857,1.304187536,0.795712471,-0.0286
18.09465226,2.050537586,0.744424999,0.205974996
18.11167595,2.577162504,0.341275007,0.631124973
18.12869961,2.926549911,-0.358737499,1.138087511
18.14572328,3.087837458,-0.901175022,1.641474962
18.16274681,2.903312445,-1.160225034,1.950574994
18.17977051,2.546637535,-1.050225019,1.998149991
18.19679421,2.117774963,-0.70578748,1.785575032
18.21381792,1.618100047,0.197037503,1.483899951
18.23084152,1.177137494,1.100000024,1.388612509
18.2478652,0.985324979,1.482387543,1.697712541
18.26488885,1.133137465,0.50613749,1.839337468
18.28191257,1.249187469,-0.441787511,2.091099977
18.29893627,0.948612511,-0.761887491,2.091099977
18.31595975,0.762987495,-1.276275039,1.994575024
18.33298345,0.855799973,-2.140049934,1.884575009
18.35000712,0.815512478,-2.681250095,1.574237466
18.36703082,0.704275012,-2.957350016,1.213850021
18.3840545,0.481937498,-3.085637569,0.916987479
18.4010781,0.168025002,-3.123450041,0.648175001
18.4181018,-0.169262499,-3.09787488,0.380600005
18.4351255,-0.365887493,-2.930537462,0.183974996
18.4521492,-0.470937491,-2.651962519,0.0605
18.46917289,-0.51493752,-2.655537367,-0.070124999
18.48619658,-0.534462512,-2.610437393,-0.099412501
18.50322006,-0.452650011,-2.317149878,-0.108075
18.52024373,-0.329312503,-1.943287492,-0.103124999
18.53726743,-0.332887501,-1.64161253,-0.057887498
18.55429114,-0.248600006,-1.527899981,-0.046887498
18.57131483,-0.0397375,-1.586612463,0.126499996
18.58833845,0.082499996,-1.702662468,0.286549985
18.60536216,0.093500003,-1.515799999,0.344024986
18.62238584,-0.0237875,-1.238462448,0.355024993
18.63940953,-0.256024987,-0.809599996,0.419787496
18.65643319,-0.190025002,-0.469974995,0.32683751
18.67345689,-0.318312496,-0.603074968,0.0397375
18.69048056,-0.315837503,-0.69836247,-0.155650005
18.70750403,0.172837496,-0.202399999,-0.0518375
18.72452773,0.404937506,-0.0264,0.067924999
18.74155138,0.097075,-0.768074989,-0.0298375
18.75857508,-0.091025002,-0.842599988,-0.429275006
18.7755988,-0.265787512,-0.631262481,-0.694512487
18.7926224,-0.409887493,-0.725312471,-0.684612513
18.80964611,-0.495412499,-0.786362469,-0.607749999
18.8266698,-0.435599983,-0.643362522,-0.6015625
18.84369351,-0.359837502,-0.798600018,-0.485512495
18.86071722,-0.381837487,-0.986699998,-0.341412485
18.87774091,-0.417174995,-1.086937547,-0.309650004
18.89476461,-0.335362494,-1.134512544,-0.326700002
18.91178807,-0.225362495,-1.149224997,-0.290125012
18.92881176,-0.214362502,-1.321512461,-0.211887494
18.94583546,-0.179024994,-1.442374945,-0.193599999
18.96285915,-0.055550002,-1.449800014,-0.150837496
18.97988286,-0.0017875,-1.505900025,-0.111649998
18.99690649,0.029975001,-1.552374959,-0.120174997
19.01393021,0.088550001,-1.604900002,-0.169125006
19.03095389,0.095837496,-1.665949941,-0.230175003
19.04797759,0.064075001,-1.738137484,-0.291224986
19.06500128,0.067787498,-1.808949947,-0.381700009
19.08202475,0.114262499,-1.81623745,-0.429275006
19.09904845,0.154550001,-1.813762546,-0.423224986
19.11607215,0.119075,-1.792999983,-0.396412492
19.13309584,0.097075,-1.742949963,-0.355987489
19.15011951,0.071500003,-1.67818749,-0.382937491
19.16714319,0.0518375,-1.554849982,-0.362174988
19.18416678,-0.036024999,-1.239562511,-0.327937484
19.20119045,-0.081262499,-0.990412474,-0.341412485
19.21821413,-0.103262499,-0.935412467,-0.353650004
19.23523778,-0.115500003,-0.967175007,-0.379224986
19.25226149,-0.076449998,-0.961125016,-0.464749992
19.26928516,0.071500003,-0.896362484,-0.55756247
19.28630886,0.226599991,-0.892650008,-0.593037486
19.30333253,0.381700009,-0.848649979,-0.561275005
19.32035598,0.505174995,-0.934175015,-0.480699986
19.33737966,0.578462482,-0.962362468,-0.445225
19.35440336,0.644462526,-0.934175015,-0.480699986
19.37142705,0.6895625,-0.917124987,-0.490462512
19.38845072,0.759275019,-0.91960001,-0.517274976
19.40547433,0.899800003,-1.018462539,-0.43175
19.42249805,0.985324979,-1.36551249,-0.323125005
19.43952176,1.097662449,-1.576849937,-0.238700002
19.45654547,1.360287547,-1.451037526,-0.270462513
19.47356916,1.630337477,-1.084462523,-0.357225001
19.49059288,1.896674991,-0.794887483,-0.434224993
19.50761632,2.094537497,-0.620262504,-0.370700002
19.52464026,2.167824984,-0.370974988,-0.130074993
19.54166372,2.14706254,-0.230450004,0.170499995
19.55868745,2.061537504,-0.358737499,0.471074998
19.57571115,1.947962523,-0.52373749,0.677462518
19.59273483,1.796437502,-0.693549991,0.79846251
19.60975853,1.535050035,-0.80588752,0.934037507
19.6267821,1.278475046,-0.846175015,1.084324956
19.64380579,0.831324995,-0.465025008,1.266374946
19.6608295,0.678562522,-0.786362469,1.537662506
19.67785316,0.716512501,-1.041700006,1.62195003
19.69487688,0.670037508,-1.440037489,1.661000013
19.71190035,0.622462511,-1.800424933,1.763574958
19.72892406,0.586987495,-2.237812519,1.880862474
19.74594775,0.606512487,-2.693487406,1.956624985
19.76297148,0.819087505,-3.404500008,1.909049988
19.77999517,0.750750005,-3.085637569,1.847862482
19.79701886,0.717750013,-2.90358758,1.852812529
19.81404257,0.789799988,-2.867012501,1.806337476
19.83106625,0.830087483,-2.743537426,1.746525049
19.84808986,0.897324979,-2.648250103,1.642712474
19.86511355,0.955900013,-2.649487495,1.547425032
19.88213726,0.953562498,-2.640962601,1.456949949
19.89916093,0.836274982,-2.462625027,1.347087502
19.91618463,0.707987487,-2.271912575,1.219900012
19.93320832,0.545462489,-2.086287498,1.102612495
19.95023201,0.323125005,-1.957999945,0.969512522
19.9672557,0.099550001,-1.801662445,0.821699977
19.98427914,-0.092262499,-1.619612455,0.694649994
20.00130283,-0.208312497,-1.448562503,0.6543625
20.01832653,-0.243787497,-1.332512498,0.712937474
20.03535022,-0.180262506,-1.259225011,0.764225006
20.05237391,0.0067375,-1.317800045,0.76669997
20.0693975,0.056787498,-1.690425038,0.665362477
20.08642116,0.093500003,-1.69166255,0.583412468
20.10344484,0.0836,-1.498612523,0.422125012
20.12046854,-0.234025002,-0.201162502,0.570074976
20.13749224,-0.295074999,-0.2402125,0.26455
20.15451593,0.492937505,0.919187486,0.097212501
20.17153964,0.287649989,-0.0215875,-0.163075
20.1885631,-0.615175009,-0.912175,-0.585749984
20.20558679,-1.151562452,0.375512511,-1.020662546
20.22261051,-1.769762516,1.292912483,-1.16723752
20.23963422,-2.084912539,1.763299942,-1.274762511
20.25665792,-1.93462503,1.580012441,-1.456812501
20.27368157,-1.724524975,0.980237484,-1.625387549
20.29070534,-1.439900041,0.242275,-1.599812508
20.30772896,-1.245612502,-0.0473,-1.493525028
20.32475266,-1.284662485,0.0028875,-1.476337433
20.34177635,-1.359187484,0.093225002,-1.434812546
20.35880004,-1.365375042,-0.246399999,-1.344475031
20.37582376,-1.36413753,-0.533500016,-0.944899976
20.39284744,-1.323712468,-0.483449996,-0.678562522
20.40987111,-1.301849961,-0.303874999,-0.616275013
20.42689481,-1.301849961,0.168987498,-0.564987481
20.44391829,-1.227324963,0.398612499,-0.613799989
20.46094198,-1.134374976,0.407274991,-0.654087484
20.47796566,-1.057512522,0.342512488,-0.706749976
20.49498933,-1.047612548,0.231274992,-0.72132498
20.512013,-0.986562491,0.149462506,-0.838612497
20.52903668,-0.945037484,0.276512504,-0.831324995
20.54606036,-0.968275011,0.632087469,-0.844799995
20.56308398,-0.90474999,0.799425006,-0.798325002
20.58010769,-0.709224999,0.694374979,-0.676087499
20.59713138,-0.434362501,0.52579999,-0.571037471
20.61415507,-0.135024995,0.566087484,-0.50751251
20.63117877,0.075075001,0.671137512,-0.388987511
20.64820222,0.144649997,0.597850025,-0.274174988
20.66522588,0.373174995,0.450037509,-0.114124999
20.6822496,1.034137487,0.404799998,0.135162503
20.69927328,1.697574973,0.156749994,0.600600004
20.71629698,2.236299992,-0.0924,1.189512491
20.73332069,2.503875017,-0.185212493,1.740474939
20.75034431,2.602874994,0.111649998,1.977387547
20.76736802,2.593112469,0.043175001,1.944525003
20.78439161,2.589400053,0.091987498,1.758762479
20.80141538,2.342587471,0.269225001,1.466712475
20.81843896,1.999387503,0.884949982,1.099037528
20.83546264,1.453237534,1.908774972,1.044037461
20.85248636,1.09284997,2.26421237,1.434949994
20.86951005,1.2186625,1.067000031,1.929812431
20.88653375,1.311475039,0.0297,2.23162508
20.90355743,1.167374969,-0.147399992,2.188862562
20.92058113,1.268712521,-0.865837514,2.104574919
20.93760483,1.377475023,-1.639137506,1.890762448
20.95462831,1.321237445,-2.246337414,1.641474962
20.97165201,1.046375036,-2.368437529,1.42642498
20.98867571,0.60898751,-2.326912403,1.242037535
21.00569942,0.076312497,-2.268337488,1.085562468
21.02272312,-0.330412507,-2.264625072,0.897462487
21.03974678,-0.673749983,-1.933524966,0.589599967
21.0567704,-0.869274974,-1.52184999,0.220687494
21.07379413,-0.914375007,-1.32632494,-0.044412501
21.09081782,-1.133137465,-0.908462524,-0.010312499
21.10784152,-1.181949973,-0.126637504,0.108212501
21.12486521,-0.951087475,0.26798749,-0.075075001
21.14188883,-0.456362486,0.527037501,-0.183699995
21.15891236,0.433124989,-0.549312472,0.122924998
21.17593629,1.04884994,-1.784474969,0.576125026
21.19295976,0.864324987,-1.769899964,0.551649988
21.20998346,0.219312504,-0.94393748,0.219312504
21.2270072,-0.825275004,0.058987498,0.131449997
21.2440309,-1.869862437,-0.392975003,-0.607749999
21.26105456,-1.30061245,2.248399973,-0.346224994
21.27807825,-0.0006875,2.388787508,0.408787489
21.2951019,0.619987488,0.388850004,0.147262499
21.31212555,0.424462497,-0.788837493,-0.312124997
21.3291493,-0.518649995,-0.485787511,-0.869137466
21.34617294,-1.60847497,0.610087514,-1.31271255
21.36319661,-2.517349958,1.715724945,-1.674337506
21.3802203,-2.954737425,2.490262508,-1.803725004
21.397244,-2.53687501,2.311924934,-1.662099957
21.41426766,-1.469187498,0.750474989,-1.480049968
21.43129133,-0.720224977,-0.273212493,-1.30528748
21.44831502,-0.86680001,-0.220687494,-1.060950041
21.4653387,-1.249187469,-0.000825,-0.830087483
21.48236219,-1.605999947,0.355850011,-0.745800018
21.49938587,-1.79052496,0.556325018,-0.737275004
21.51640956,-1.843050003,0.579424977,-0.720087469
21.53343324,-1.768525004,0.917949975,-0.717612505
21.55045692,-1.481425047,0.882475019,-0.759275019
21.56748062,-1.255375028,0.605137467,-0.854562521
21.58450432,-1.052562475,0.298512489,-1.027950048
21.601528,-0.929224968,0.101750001,-1.1171875
21.61855171,-0.880275011,0.156749994,-1.124475002
21.63557534,-0.949987471,0.287512511,-1.119662523
21.65259903,-1.011037469,0.480562508,-1.071949959
21.66962273,-0.897462487,0.722424984,-1.007187486
21.68664642,-0.536937475,0.751712501,-0.866662502
21.70367012,-0.262075007,0.448799998,-0.535562515
21.72069385,-0.040975001,0.354750007,-0.214362502
21.73771753,0.230312496,0.726137519,0.0814
21.75474121,0.748274982,1.064525008,0.364787489
21.7717649,1.470287442,0.78223747,0.725175023
21.78878836,2.070199966,0.161699995,1.128324986
21.8058123,2.502637386,-0.0594,1.592662454
21.82283576,2.834975004,0.281462491,1.96638751
21.83985949,2.836212397,0.233750001,2.031150103
21.85688317,2.561349869,-0.303737491,1.917575002
21.87390686,2.284012556,-0.221925005,1.605999947
21.89093055,2.028675079,0.931287468,1.14427495
21.90795421,1.467812538,2.148162603,1.251799941
21.92497791,1.390949965,1.962537527,1.603525043
21.94200155,1.730574965,0.849474967,1.940812469
21.95902533,1.657287478,0.184937492,2.105674982
21.97604902,1.414049983,-0.257400006,2.133862495
21.99307263,1.357949972,-0.63607502,2.054387569
22.0100963,1.315187454,-1.262799978,1.877287507
22.02711999,1.214949965,-1.890762448,1.563237548
22.04414368,0.964562476,-2.070337534,1.199137449
22.06116736,0.600462496,-2.147337437,0.822937489
22.07819106,0.213125005,-2.213337421,0.537074983
22.09521475,-0.236362502,-2.066762447,0.303737491
22.11223846,-0.655462503,-1.664712548,0.0116875
22.12926215,-0.975562513,-1.408275008,-0.255887508
22.14628583,-1.202849984,-1.211512446,-0.316937506
22.16330926,-1.282187462,-0.610499978,0.0287375
22.18033319,-1.04279995,-0.181637496,0.190025002
22.19735665,-0.656700015,0.162937492,-0.0017875
22.21438033,0.089787498,-0.107112497,0.0154
22.23140404,0.899800003,-1.323987484,0.44055
22.24842775,0.946137488,-1.623187542,0.624937475
22.26545143,0.596750021,-1.336087465,0.35255
22.28247513,0.352412492,0.528137505,0.339074999
22.29949879,0.200887501,0.448799998,0.358599991
22.31652247,-0.267024994,1.194049954,0.407550007
22.33354618,-0.325599998,1.027812481,0.056924999
22.3505699,-0.607887507,0.490325004,-0.370700002
22.36759359,-0.976799965,0.33632499,-1.027950048
22.38461729,-1.456949949,0.512324989,-1.444574952
22.40164097,-2.121487379,0.831187487,-1.596099973
22.41866463,-2.372012377,1.246574998,-1.70114994
22.43568826,-2.061675072,1.471387506,-1.646149993
22.45271205,-1.755049944,1.205049992,-1.568050027
22.46973565,-1.657287478,0.748137474,-1.508100033
22.48675936,-1.483762503,0.625899971,-1.516625047
22.50378305,-1.360424995,0.331512511,-1.384762526
22.52080673,-1.471662521,0.004125,-1.087900043
22.53783049,-1.595000029,0.1519375,-0.848375022
22.55485409,-1.619475007,0.428037494,-0.748274982
22.57187778,-1.54618752,0.743187487,-0.744562507
22.58890147,-1.393424988,1.070574999,-0.771375001
22.60592516,-1.134374976,0.897187471,-0.81537497
22.62294885,-0.993849993,0.335087508,-0.905849993
22.63997253,-1.069612503,-0.197449997,-1.016950011
22.65699625,-1.163800001,-0.271975011,-1.080474973
22.67401995,-1.058612466,0.016224999,-1.126950026
22.69104364,-0.921800017,0.434087485,-1.101237535
22.70806733,-0.854699969,0.652849972,-1.030424953
22.72509104,-0.610225022,0.61242497,-0.971849978
22.74211471,-0.392837495,0.462137491,-0.753087521
22.75913844,-0.248600006,0.395037502,-0.512462497
22.77616212,-0.034924999,0.502562523,-0.280362487
22.7931858,0.216837496,0.699187517,-0.056787498
22.81020947,0.743324995,0.734662473,0.254787505
22.82723317,1.497099996,0.413325012,0.703175008
22.84425686,2.255825043,0.148224995,1.155137539
22.86128057,2.804450035,0.087174997,1.630475044
22.87830428,2.925312519,0.115225002,2.050674915
22.89532795,2.86907506,0.106700003,2.115437508
22.91235163,2.676162481,-0.298925012,1.949337482
22.92937508,2.259537458,-0.181637496,1.711050034
22.946399,1.902724981,1.032762527,1.31408751
22.96342271,1.294287443,2.115162373,1.211374998
22.98044642,0.943662524,2.12135005,1.730574965
22.99746988,1.081712484,1.002237439,2.282774925
23.01449381,1.17947495,0.0248875,2.504012585
23.03151726,1.152662516,-0.878075004,2.477062464
23.04854093,1.170949936,-1.349562526,2.299962521
23.06556462,1.25523746,-2.013000011,2.031150103
23.0825883,1.213712454,-2.562725067,1.654812455
23.09961221,0.918087483,-2.648250103,1.273662448
23.11663591,0.469700009,-2.681250095,0.973224998
23.1336596,-0.077687502,-2.548150063,0.74841249
23.15068331,-0.577362478,-2.254862547,0.50888747
23.167707,-0.958512485,-1.760137439,0.202262506
23.18473072,-1.108799934,-1.43385005,-0.122649998
23.2017544,-1.21261251,-1.074699998,-0.238700002
23.2187781,-1.300475001,-0.491975009,-0.003025
23.23580177,-1.103850007,0.178749993,0.125262499
23.25282546,-0.717750013,0.867762506,0.1167375
23.26984918,0.218074992,0.036987498,0.220550001
23.28687287,1.043900013,-1.738137484,0.595650017
23.30389656,0.902137518,-1.807712436,0.598124981
23.32092024,0.343887508,-1.298274994,0.232787505
23.33794369,-0.180262506,-0.138874993,0.077687502
23.35496761,-0.462412506,0.78223747,0.202262506
23.37199127,0.226599991,2.137162447,0.256024987
23.38901498,-0.236499995,0.579562485,0.058162499
23.40603867,-0.707987487,0.0064625,-0.498987496
23.42306239,-1.179612517,0.388850004,-1.170949936
23.44008607,-1.906574965,0.866662502,-1.464100003
23.45710976,-2.439112425,1.343099952,-1.445812464
23.47413346,-2.287724972,1.912349939,-1.506862521
23.49115717,-1.87714994,1.747487545,-1.693862438
23.5081809,-1.614524961,0.860475004,-1.660862446
23.5252046,-1.382424951,0.236224994,-1.519099951
23.54222828,-1.41900003,0.298512489,-1.427525043
23.55925197,-1.610812545,0.402325004,-1.228287458
23.57627565,-1.687812448,0.649137497,-0.971849978
23.59329935,-1.574237466,0.706612468,-0.772612512
23.61032302,-1.566812515,0.727374971,-0.694512487
23.62734674,-1.598574996,0.948475003,-0.706612468
23.64437045,-1.396999955,0.993712485,-0.782374978
23.66139412,-1.201612473,0.904474974,-0.844662488
23.67841788,-1.156375051,0.534325004,-0.992612481
23.69544148,-1.167374969,0.200749993,-1.129425049
23.71246523,-1.185662508,0.122512497,-1.234475017
23.72948886,-1.155137539,0.293562502,-1.200237513
23.74651263,-1.033037543,0.696712494,-1.135475039
23.76353636,-0.65298748,0.988762498,-0.925374985
23.78056006,-0.384312511,0.743187487,-0.712800026
23.79758376,-0.285312504,0.529375017,-0.406174988
23.81460744,-0.007975,0.845762491,-0.0408375
23.8316311,0.353650004,1.184287548,0.226737499
23.8486548,1.249187469,1.216050029,0.485650003
23.8656785,1.923487544,0.752950013,0.924274981
23.88270216,2.559974909,0.480562508,1.460662484
23.89972589,2.968075037,0.176275,2.038437605
23.91674958,2.977837563,-0.235399991,2.42453742
23.93377325,2.83731246,-0.500500023,2.238912582
23.95079692,2.411062479,-0.264687508,1.79657495
23.96782065,2.098249912,0.761474967,1.367712498
23.98484432,1.637624979,1.879349947,1.241899967
24.00186802,1.249187469,2.172637463,1.670762539
24.01889174,1.427525043,1.334574938,2.109387398
24.03591543,1.574100018,0.168987498,2.271775007
24.05293914,1.414049983,-0.66178751,2.20591259
24.06996286,1.370049953,-1.05764997,2.014100075
24.08698654,1.459287524,-1.534087539,1.764812469
24.10401047,1.372524977,-1.927474976,1.458187461
24.12103394,1.144137502,-2.054524899,1.110037446
24.13805787,0.754324973,-2.098525047,0.786225021
24.15508156,0.252175003,-2.14981246,0.562650025
24.17210523,-0.275550008,-2.047237396,0.315837503
24.18912894,-0.743462503,-1.766187549,-0.081262499
24.20615261,-1.066037536,-1.342275023,-0.458700001
24.22317628,-1.183325052,-0.787599981,-0.542987526
24.24019996,-1.210274935,-0.336874992,-0.204600006
24.25722363,-1.034274936,0.289987505,0.051975001
24.27424732,-0.598124981,0.691900015,0.059262499
24.29127101,0.421987504,-0.599500001,0.163075
24.30829475,1.027950048,-1.514562488,0.470937491
24.32531836,0.832424998,-1.205462456,0.387887508
24.34234203,0.687087476,0.139699996,0.430649996
24.3593658,0.539274991,0.525662482,0.408650011
24.3763895,-0.229212493,1.098762512,0.309787512
24.39341318,-0.471074998,1.27957499,0.042212501
24.41043689,-0.767937481,0.686949968,-0.368362486
24.42746059,-1.128324986,0.589187503,-1.047612548
24.4444843,-1.505900025,0.707712472,-1.532575011
24.46150799,-1.96638751,0.765187502,-1.414049983
24.4785317,-2.003099918,1.030287504,-1.394525051
24.4955554,-1.720950007,1.113337517,-1.472762465
24.5125791,-1.613425016,0.77618748,-1.500812531
24.52960278,-1.690287471,0.71389997,-1.568050027
24.5466267,-1.808812499,0.865287483,-1.65715003
24.56365036,-1.999387503,1.025337458,-1.572862506
24.58067406,-1.905337453,0.441374987,-1.203950047
24.59769776,-1.834524989,0.253275007,-0.988900006
24.61472144,-1.819812536,0.410849989,-0.918087483
24.63174513,-1.645187497,0.568425,-0.920562506
24.64876881,-1.443612456,0.823762476,-0.920562506
24.6657925,-1.177274942,0.649137497,-0.971849978
24.6828162,-1.053799987,0.117699996,-1.056137443
24.69983991,-1.062325001,-0.184112504,-1.086662531
24.71686361,-1.064800024,-0.053350002,-1.106187463
24.73388739,-1.116087437,0.248325005,-1.133137465
24.75091107,-1.095324993,0.592899978,-1.1171875
24.76793476,-0.853462517,0.873950005,-1.031662464
24.78495846,-0.483312488,0.701662481,-0.924137473
24.80198216,-0.212025002,0.347324997,-0.649275005
24.81900586,0.099412501,0.490325004,-0.293837488
24.83602957,0.467224985,0.677187502,0.059262499
24.85305327,1.024237514,0.71389997,0.550412476
24.87007721,1.592387438,0.271562487,1.346949935
24.88710092,1.929537535,-0.378399998,2.0469625
24.90412438,2.325399876,-0.311162502,2.433062553
24.92114831,2.833600044,0.570900023,2.255962372
24.938172,2.716312408,0.254512489,1.77086246
24.95519569,2.463449955,-0.152349994,1.390949965
24.97221938,2.209349871,0.432850003,1.228425026
24.98924307,1.687674999,1.512912512,1.081850052
25.00626676,1.175762534,2.738174915,1.304187536
25.02329053,1.013375044,2.489024878,1.706099987
25.04031415,1.239287496,0.85194999,1.983437538
25.05733792,1.139187455,0.0064625,2.068962574
25.07436158,0.908187509,-0.224399999,1.950437546
25.09138527,1.029187441,-0.792549968,1.819812536
25.10840899,1.069474936,-1.524325013,1.618237495
25.1254327,0.858137488,-1.840712547,1.327425003
25.14245653,0.439037502,-1.877424955,1.028087497
25.15948014,-0.045924999,-1.956762433,0.771512508
25.17650406,-0.482075006,-1.896950006,0.593174994
25.1935275,-0.750887513,-1.750375032,0.323125005
25.21055141,-0.914650023,-1.548799992,-0.003025
25.22757508,-0.888937473,-1.223749995,-0.213125005
25.24459875,-0.973224998,-0.902412474,-0.135024995
25.26162246,-1.187037468,-0.364924997,0.212025002
25.27864615,-0.98793751,0.619712472,0.238837495
25.29566983,-0.458974987,0.848237515,0.067787498
25.31269352,0.506274998,-0.350212485,0.281599999
25.32971728,1.018187523,-1.366750002,0.571174979
25.34674088,0.744424999,-1.115124941,0.436699987
25.36376466,0.396274984,-0.124300003,0.143549994
25.38078834,-0.0924,0.601424992,-0.128837496
25.39781207,-0.370974988,1.299100041,-0.155787498
25.41483575,0.420749992,3.721712589,0.771512508
25.43185966,0.168987498,1.212337494,0.164312497
25.44888312,-0.40397501,-0.134062499,-0.225362495
25.46590706,-1.239562511,0.314325005,-0.953562498
25.48293076,-2.230387449,1.405387521,-1.548524976
25.49995444,-2.919399977,2.237262487,-1.665812492
25.51697813,-3.145449877,2.975224972,-1.473999977
25.5340018,-2.357437372,2.269025087,-1.387237549
25.55102547,-1.532850027,1.097525001,-1.257712483
25.56804917,-1.474137545,0.899524987,-1.114850044
25.58507292,-1.762475014,1.713250041,-1.118425012
25.60209662,-1.813762546,2.086975098,-1.08061254
25.6191203,-1.694000006,1.955112457,-0.956037521
25.63614401,-1.610949993,1.85006249,-0.914512515
25.65316768,-1.458325028,1.474962473,-0.918087483
25.67019137,-1.378849983,1.139050007,-0.826512516
25.68721507,-1.42779994,1.066862464,-0.813037515
25.70423899,-1.431375027,0.961812496,-0.916849971
25.72126247,-1.370324969,0.853049994,-1.063562512
25.73828616,-1.365375042,0.842050016,-1.16861248
25.75531006,-1.278749943,0.812762499,-1.145375013
25.77233375,-1.18827498,0.958237469,-1.01708746
25.78935744,-0.973224998,1.182912469,-0.896087468
25.80638112,-0.491975009,1.235574961,-0.837512493
25.82340478,-0.286687493,1.091337442,-0.645699978
25.84042848,-0.131449997,1.018049955,-0.356124997
25.85745225,0.115225002,1.211099982,-0.064212501
25.87447595,0.558799982,1.613012433,0.397650003
25.89149963,1.275862455,1.482249975,0.890037477
25.90852332,2.100587606,0.961812496,1.401950002
25.92554726,2.93617487,0.464612484,1.93462503
25.94257074,2.933700085,-0.374687493,2.290062428
25.95959468,2.778599977,-0.284350008,2.203299999
25.97661837,2.73583746,0.815237522,1.828337431
25.99364208,2.390162468,1.07181251,1.339662552
26.01066577,1.846487522,1.619062543,1.120900035
26.02768957,1.478675008,2.602600098,1.337187529
26.04471325,1.454337478,2.617312431,1.725625038
26.06173694,1.802487493,1.2538625,2.068962574
26.07876066,1.547150016,0.679662526,2.119012594
26.09578434,1.260049939,0.390087485,1.943150043
26.11280802,1.520200014,-0.601975024,1.867387533
26.1298317,1.731537461,-1.377750039,1.618100047
26.14685559,1.647249937,-1.636662483,1.283424973
26.16387929,1.275862455,-1.690425038,0.916849971
26.18090299,0.875187516,-1.895712495,0.637175024
26.1979267,0.373037487,-2.066762447,0.480699986
26.21495039,-0.230450004,-2.044762373,0.295074999
26.23197408,-0.822937489,-1.734424949,0.102025002
26.24899777,-1.213850021,-1.205462456,-0.045787498
26.26602151,-1.267612457,-0.526212513,-0.0177375
26.28304522,-1.145512462,0.060224999,0.191262499
26.30006894,-1.002512455,0.29975,0.026262499
26.31709266,-0.571312487,0.87023747,-0.176550001
26.33411636,0.371800005,0.5000875,-0.037262499
26.35114007,1.219762444,-1.066174984,0.43917501
26.36816379,1.030424953,-1.543849945,0.451412499
26.38518771,0.355987489,-1.147987485,0.089787498
26.4022114,-0.0044,0.149462506,-0.224124998
26.41923509,0.099412501,1.594725013,-0.095837496
26.43625885,-0.488262504,1.038812518,0.205837503
26.45328257,-0.61778748,0.892237485,0.097075
26.47030625,-0.778937519,0.655187488,-0.176550001
26.48732994,-1.283562541,0.607612491,-0.624937475
26.50435363,-1.893237472,1.112100005,-0.990137518
26.52137734,-2.376962423,1.654537439,-1.072087526
26.53840104,-2.518724918,1.752300024,-1.072087526
26.55542495,-2.223099947,1.522675037,-1.133137465
26.57244867,-1.988525033,1.219624996,-1.133137465
26.58947234,-1.96776247,1.117050052,-1.141662478
26.60649604,-2.039812565,1.207387447,-1.392187476
26.6235198,-1.900524974,1.416387439,-1.597337484
26.64054346,-1.755187511,1.275862455,-1.580287457
26.65756714,-1.563374996,0.57585001,-1.426287532
26.67459084,-1.319037437,0.101750001,-1.164899945
26.69161451,-1.312849998,0.256987512,-0.976662517
26.70863816,-1.568187475,0.795712471,-0.778800011
26.72566183,-1.593762517,1.059574962,-0.69698751
26.74268551,-1.456949949,1.218387485,-0.737275004
26.75970943,-1.268849969,1.07181251,-0.797087491
26.77673313,-1.178375006,0.919049978,-0.893612504
26.79375684,-1.081850052,0.751712501,-0.943662524
26.81078057,-1.029325008,0.691900015,-1.00485003
26.82780434,-1.063562512,0.694374979,-1.001137495
26.84482803,-1.183325052,0.828712523,-0.965662479
26.86185173,-1.029325008,1.081575036,-0.854562521
26.87887544,-0.457599998,1.187862515,-0.64556247
26.89589936,-0.192499995,0.9277125,-0.435462505
26.91292285,-0.014162499,0.837237477,-0.238837495
26.92994655,0.208175004,1.046237469,0.040975001
26.94697045,0.771375001,1.252624989,0.367125005
26.96399413,1.444574952,0.997287512,0.745937467
26.9810178,2.103062391,0.682137489,1.18690002
26.99804148,2.557499886,0.348562509,1.647524953
27.01506527,2.898362398,0.562375009,1.954149961
27.03208896,2.897125006,0.332749993,1.895575047
27.04911266,2.591737509,-0.209687501,1.700049996
27.06613656,2.285112381,-0.159637496,1.47042501
27.0831603,1.903962493,0.771237493,1.298137546
27.10018396,1.422574997,1.643537521,1.40071249
27.11720762,1.337049961,1.478675008,1.792862535
27.13423131,1.633912444,0.666187525,2.076387405
27.15125499,1.508100033,-0.00935,2.1484375
27.16827878,1.354237437,-0.622737467,2.026200056
27.18530245,1.412812471,-1.053937435,1.94067502
27.20232614,1.446912527,-1.520612478,1.776912451
27.21934983,1.366337538,-1.96776247,1.529000044
27.23637353,1.147575021,-2.195050001,1.181949973
27.25339722,0.796949983,-2.252525091,0.901037514
27.27042112,0.374274999,-2.214575052,0.67869997
27.28744483,-0.087449998,-1.994712472,0.401362509
27.30446853,-0.515074968,-1.507274985,0.036024999
27.32149226,-0.749650002,-1.090649962,-0.265787512
27.33851596,-0.873125017,-0.725312471,-0.44659999
27.35553972,-0.791175008,-0.314875007,-0.208312497
27.37256343,-0.721599996,0.011412499,-0.015262499
27.38958714,-0.493074983,0.178749993,-0.182599992
27.40661084,-0.041112501,0.060224999,-0.201024994
27.42363478,0.663850009,-1.111412525,0.048262499
27.44065846,0.981474996,-1.530375004,0.324362487
27.45768215,0.735899985,-1.306800008,0.298649997
27.47470585,0.550274968,0.848237515,0.562650025
27.49172963,-0.125400007,0.302087486,0.244887501
27.5087533,-0.267162502,1.569012523,-0.0042625
27.52577701,-0.3282125,1.202574968,-0.363412499
27.54280072,-0.619024992,0.568425,-0.685987473
27.55982464,-1.111274958,0.68818748,-1.151425004
27.57684832,-1.81623745,0.83228749,-1.382424951
27.59387201,-2.35014987,0.999762476,-1.355474949
27.61089569,-2.263387442,1.289199948,-1.43728745
27.62791946,-1.81623745,1.230625033,-1.581524968
27.64494315,-1.568187475,1.037575006,-1.651100039
27.66196683,-1.548662543,0.976525009,-1.715862513
27.67899053,-1.512087464,0.711425006,-1.704862475
27.69601426,-1.53271246,0.468324989,-1.515524983
27.71303819,-1.592525005,0.028462499,-1.139187455
27.73006163,-1.593762517,0.044412501,-0.843562484
27.74708553,-1.607237458,0.407274991,-0.740849972
27.76410922,-1.565712452,0.581900001,-0.739749968
27.78113291,-1.464237452,0.628374994,-0.875325024
27.79815661,-1.342137456,0.572137475,-0.952324987
27.81518031,-1.138087511,0.395037502,-1.01708746
27.8322041,-0.997562468,0.259324998,-1.038949966
27.84922779,-0.99879998,0.093225002,-1.064662457
27.86625148,-1.067275047,0.045649998,-1.106187463
27.88327517,-1.039087534,0.220275,-1.082949996
27.90029907,-0.981750011,0.548900008,-0.938849986
27.91732279,-0.797224999,0.796949983,-0.678562522
27.93434649,-0.377025008,0.800662518,-0.435462505
27.95137017,0.0127875,0.579424977,-0.320650011
27.96839386,0.153174996,0.459800005,-0.253412485
27.98541762,0.327937484,0.443850011,-0.287649989
28.00244131,0.861850023,0.523325026,-0.086075
28.01946499,1.572862506,0.513562501,0.257262498
28.03648869,2.169062376,0.1189375,0.773987472
28.05351259,2.735975027,-0.311162502,1.30666244
28.07053627,3.04507494,-0.660549998,1.805099964
28.08755999,2.980312586,-0.729025006,2.09838748
28.10458366,2.880074978,-0.842599988,2.094675064
28.12160737,2.644262552,-1.023412466,1.783100009
28.13863114,2.299824953,-0.676500022,1.36413753
28.15565483,1.60710001,0.465849996,1.090374947
28.17267874,0.986424983,2.06992507,1.473999977
28.18970242,0.884949982,1.626487494,2.0238626
28.20672611,1.183050036,0.076174997,2.3365376
28.22374979,1.07318747,-0.84988749,2.495349884
28.24077354,0.826375008,-1.322749972,2.405012369
28.25779724,0.936375022,-2.198762417,2.21677494
28.27482092,1.027950048,-2.9915874,1.902862549
28.29184461,0.960712493,-3.371500015,1.465474963
28.30886851,0.732325018,-3.45578742,1.081850052
28.3258922,0.393937498,-3.326400042,0.802037478
28.34291588,0.044412501,-3.000112534,0.574887514
28.35993957,-0.268262506,-2.552962542,0.342787504
28.37696326,-0.504074991,-2.071574926,0.185075
28.39398707,-0.66041249,-1.741712451,0.109312497
28.41101077,-0.745937467,-1.475512505,0.1387375
28.42803448,-0.811937511,-1.354512453,0.137500003
28.44505818,-0.908462524,-0.865837514,0.037262499
28.46208209,-0.822937489,-0.068062499,-0.078787498
28.47910579,-0.097212501,0.049224999,0.088550001
28.49612948,0.630850017,-0.858550012,0.689700007
28.5131532,0.648037493,-1.499850035,0.9805125
28.53017691,0.441512495,-1.546324968,0.711700022
28.54720069,0.0053625,-1.479087472,0.28283751
28.56422441,0.076312497,-0.407687485,0.224262506
28.58124809,0.380462498,0.596612513,0.215599999
28.59827177,0.432987511,0.768899977,0.099550001
28.61529545,0.070124999,-0.298925012,-0.440412492
28.63231936,-0.418549985,-0.439449996,-1.061087489
28.64934306,-0.79846251,-0.0705375,-1.499575019
28.66636677,-1.43385005,0.296037495,-1.552099943
28.68339055,-1.599949956,0.580662489,-1.707337499
28.70041422,-1.371562481,0.579424977,-1.867387533
28.7174379,-1.202987552,0.149462506,-1.748862505
28.73446183,-1.113749981,-0.647074997,-1.477712512
28.75148552,-1.13203752,-1.284937501,-1.134374976
28.76850919,-1.344612479,-1.132174969,-0.923037469
28.7855329,-1.518137455,-0.720499992,-0.701799989
28.8025567,-1.508375049,-0.529787481,-0.624937475
28.81958038,-1.422850013,-0.471212506,-0.707987487
28.8366041,-1.444849968,-0.399162501,-0.811800003
28.85362779,-1.409374952,-0.323399991,-0.891274989
28.87065169,-1.278612494,-0.0705375,-0.946274996
28.88767537,-1.070987463,0.022412499,-0.985324979
28.90469906,-0.94393748,-0.153587505,-1.045137525
28.92172278,-0.979412496,-0.540787518,-1.172187448
28.93874646,-0.954937518,-0.660549998,-1.202712536
28.95577023,-0.846175015,-0.395449996,-1.179612517
28.9727939,-0.629887521,0.005225,-1.015849948
28.98981758,-0.289025009,0.327800006,-0.761749983
29.00684125,0.115362503,0.332612485,-0.539412499
29.02386493,0.357225001,0.192224994,-0.374412507
29.04088884,0.658900023,-0.0595375,-0.266887486
29.05791252,1.031525016,-0.134062499,-0.157024995
29.07493622,1.450624943,0.0419375,0.306075007
29.09195993,2.017537594,-0.016775001,1.018324971
29.10898369,2.44749999,-0.417450011,1.615762472
29.12600738,2.731024981,-0.0925375,2.001724958
29.14303129,2.895887375,-0.071774997,2.150774956
29.16005499,2.668737411,-1.061362505,2.075012445
29.17707869,2.517212391,-1.380224943,1.957862496
29.19410239,2.296112537,-0.798600018,1.717100024
29.21112614,1.870962501,0.541612506,1.453237534
29.22814984,1.308862448,1.372387528,1.464237452
29.24517356,1.181812525,0.631950021,1.79657495
29.26219728,1.301574945,-0.072875001,2.276725054
29.27922118,1.24781251,-0.347874999,2.426874876
29.29624488,1.251525044,-0.91960001,2.444062471
29.31326856,1.363862514,-1.705137491,2.268062592
29.33029226,1.307762504,-2.223099947,1.935862541
29.34731593,1.06576252,-2.587199926,1.546049953
29.3643397,0.716374993,-2.702012539,1.189375043
29.38136342,0.302224994,-2.56396246,0.869274974
29.39838737,-0.053350002,-2.340387583,0.621224999
29.41541108,-0.37826249,-1.871237516,0.411125004
29.43243476,-0.60431248,-1.273937464,0.193599999
29.44945842,-0.84988749,-0.903649986,0.026262499
29.4664822,-1.123512506,-0.793787479,0.036024999
29.48350591,-1.138224959,-0.551787496,0.226599991
29.50052959,-0.945174992,0.028462499,0.320650011
29.51755328,-0.572549999,0.642949998,0.247362495
29.53457701,0.351037502,-0.0705375,0.397650003
29.55160094,0.965662479,-1.556087494,0.717750013
29.56862463,0.781137466,-1.545087457,0.692174971
29.58564833,0.281462491,-1.085700035,0.287787497
29.602672,-0.044687498,-0.417450011,-0.115500003
29.61969568,0.206937492,1.029049993,0.198550001
29.63671944,-0.030112499,1.371150017,0.056787498
29.65374315,-0.355024993,0.373037487,-0.266887486
29.67076706,-0.881649971,0.100512497,-0.688462496
29.6877908,-1.382562518,0.587949991,-1.075662494
29.7048145,-1.845525026,1.137812495,-1.315187454
29.72183815,-2.026337385,1.173149943,-1.422712445
29.73886192,-1.769762516,1.076762438,-1.558287501
29.75588559,-1.370324969,0.638137519,-1.640100002
29.77290927,-1.32632494,0.186037496,-1.614524961
29.78993296,-1.47042501,0.137225002,-1.519237518
29.80695689,-1.483899951,0.087174997,-1.465474963
29.82398059,-1.516899943,0.156749994,-1.328662515
29.84100436,-1.542612433,-0.0020625,-1.078137517
29.85802807,-1.64766252,0.083462499,-0.850849986
29.87505175,-1.597474933,0.210512504,-0.786225021
29.89207542,-1.485137463,0.440137506,-0.77275002
29.90909937,-1.491187453,0.899524987,-0.783749998
29.92612305,-1.303087473,0.909287512,-0.811800003
29.94314675,-1.111274958,0.668662489,-0.826512516
29.96017044,-1.042937517,0.255750001,-0.881512523
29.97719415,-1.009937525,-0.146300003,-0.993849993
29.99421786,-1.024512529,-0.176825002,-1.079375029
30.01124161,-1.10027504,0.143274993,-1.105087519
30.02826529,-1.111274958,0.498849988,-1.102612495
