Time (s),Acceleration x (m/s^2),Acceleration y (m/s^2),Acceleration z (m/s^2)
21.41,-3.15,9.20,2.38
21.42,-3.17,9.20,2.36
21.42,-3.16,9.18,2.35
21.42,-3.19,9.20,2.34
21.42,-3.17,9.20,2.32
21.42,-3.20,9.20,2.32
21.43,-3.19,9.22,2.30
21.43,-3.18,9.21,2.30
21.43,-3.17,9.21,2.30
21.43,-3.17,9.22,2.29
21.44,-3.15,9.24,2.30
21.44,-3.15,9.24,2.30
21.44,-3.14,9.24,2.29
21.44,-3.16,9.24,2.28
21.45,-3.14,9.27,2.27
21.45,-3.13,9.25,2.26
21.45,-3.11,9.25,2.25
21.45,-3.11,9.25,2.25
21.46,-3.09,9.24,2.23
21.46,-3.08,9.23,2.24
21.46,-3.07,9.23,2.25
21.46,-3.06,9.22,2.26
21.47,-3.08,9.22,2.26
21.47,-3.06,9.23,2.25
21.47,-3.06,9.22,2.25
21.47,-3.04,9.19,2.24
21.47,-3.04,9.20,2.24
21.48,-3.03,9.22,2.23
21.48,-3.02,9.22,2.24
21.48,-3.02,9.21,2.22
21.48,-3.02,9.21,2.22
21.49,-3.02,9.23,2.18
21.49,-3.02,9.18,2.17
21.49,-2.99,9.21,2.16
21.49,-2.99,9.22,2.14
21.50,-3.01,9.19,2.15
21.50,-2.98,9.20,2.13
21.50,-2.99,9.21,2.13
21.50,-2.97,9.20,2.13
21.51,-2.96,9.21,2.14
21.51,-2.95,9.23,2.12
21.51,-2.91,9.23,2.13
21.51,-2.92,9.22,2.13
21.52,-2.92,9.23,2.15
21.52,-2.92,9.24,2.19
21.52,-2.92,9.24,2.20
21.52,-2.89,9.20,2.22
21.52,-2.90,9.22,2.24
21.53,-2.86,9.22,2.24
21.53,-2.87,9.21,2.24
21.53,-2.87,9.22,2.25
21.53,-2.84,9.24,2.25
21.54,-2.85,9.26,2.27
21.54,-2.81,9.26,2.26
21.54,-2.82,9.25,2.26
21.54,-2.81,9.28,2.25
21.55,-2.80,9.31,2.25
21.55,-2.83,9.33,2.25
21.55,-2.81,9.32,2.23
21.55,-2.78,9.36,2.25
21.56,-2.78,9.34,2.23
21.56,-2.77,9.35,2.21
21.56,-2.76,9.36,2.22
21.56,-2.74,9.38,2.19
21.57,-2.74,9.38,2.21
21.57,-2.72,9.37,2.19
21.57,-2.73,9.34,2.19
21.57,-2.72,9.36,2.16
21.57,-2.70,9.33,2.12
21.58,-2.69,9.32,2.12
21.58,-2.69,9.32,2.12
21.58,-2.69,9.30,2.09
21.58,-2.69,9.27,2.09
21.59,-2.69,9.26,2.08
21.59,-2.70,9.26,2.07
21.59,-2.69,9.26,2.06
21.59,-2.71,9.23,2.06
21.60,-2.72,9.22,2.07
21.60,-2.75,9.22,2.08
21.60,-2.75,9.24,2.10
21.60,-2.77,9.23,2.13
21.61,-2.78,9.26,2.13
21.61,-2.78,9.26,2.15
21.61,-2.77,9.27,2.17
21.61,-2.77,9.28,2.17
21.62,-2.78,9.31,2.20
21.62,-2.79,9.31,2.20
21.62,-2.80,9.32,2.22
21.62,-2.79,9.36,2.22
21.62,-2.81,9.39,2.22
21.63,-2.82,9.38,2.24
21.63,-2.83,9.40,2.24
21.63,-2.83,9.42,2.25
21.63,-2.86,9.45,2.22
21.64,-2.84,9.48,2.22
21.64,-2.86,9.51,2.20
21.64,-2.86,9.48,2.22
21.64,-2.87,9.51,2.21
21.65,-2.87,9.51,2.17
21.65,-2.88,9.49,2.16
21.65,-2.90,9.46,2.12
21.65,-2.91,9.45,2.14
21.66,-2.91,9.44,2.10
21.66,-2.95,9.43,2.11
21.66,-2.96,9.40,2.10
21.66,-2.98,9.37,2.11
21.66,-3.00,9.35,2.09
21.67,-3.02,9.33,2.12
21.67,-3.02,9.35,2.11
21.67,-3.05,9.30,2.14
21.67,-3.05,9.32,2.14
21.68,-3.04,9.31,2.15
21.68,-3.08,9.30,2.16
21.68,-3.09,9.29,2.16
21.68,-3.13,9.29,2.18
21.69,-3.13,9.27,2.18
21.69,-3.13,9.25,2.20
21.69,-3.14,9.26,2.18
21.69,-3.13,9.24,2.19
21.70,-3.16,9.24,2.20
21.70,-3.15,9.22,2.19
21.70,-3.16,9.21,2.18
21.70,-3.16,9.21,2.19
21.71,-3.16,9.20,2.20
21.71,-3.19,9.21,2.18
21.71,-3.18,9.20,2.20
21.71,-3.18,9.19,2.20
21.71,-3.16,9.21,2.19
21.72,-3.15,9.21,2.18
21.72,-3.15,9.21,2.19
21.72,-3.14,9.20,2.21
21.72,-3.16,9.19,2.22
21.73,-3.14,9.18,2.21
21.73,-3.15,9.19,2.22
21.73,-3.13,9.17,2.23
21.73,-3.15,9.18,2.24
21.74,-3.13,9.18,2.25
21.74,-3.10,9.18,2.25
21.74,-3.08,9.17,2.25
21.74,-3.10,9.18,2.28
21.75,-3.09,9.15,2.26
21.75,-3.09,9.15,2.28
21.75,-3.08,9.13,2.28
21.75,-3.06,9.11,2.28
21.76,-3.05,9.09,2.27
21.76,-3.05,9.08,2.32
21.76,-3.04,9.06,2.31
21.76,-3.06,9.05,2.33
21.76,-3.05,9.02,2.33
21.77,-3.05,9.04,2.36
21.77,-3.06,9.02,2.38
21.77,-3.07,9.01,2.39
21.77,-3.04,9.00,2.40
21.78,-3.02,9.01,2.41
21.78,-3.02,8.98,2.42
21.78,-3.00,8.99,2.41
21.78,-3.00,9.00,2.40
21.79,-2.99,9.01,2.39
21.79,-2.99,9.03,2.41
21.79,-3.00,9.01,2.40
21.79,-3.00,9.03,2.40
21.80,-3.01,9.03,2.40
21.80,-3.01,9.07,2.41
21.80,-3.01,9.06,2.39
21.80,-3.03,9.07,2.38
21.81,-3.06,9.08,2.35
21.81,-3.07,9.10,2.37
21.81,-3.09,9.13,2.35
21.81,-3.13,9.15,2.33
21.81,-3.14,9.17,2.35
21.82,-3.16,9.19,2.34
21.82,-3.19,9.21,2.33
21.82,-3.21,9.23,2.31
21.82,-3.23,9.25,2.30
21.83,-3.27,9.27,2.29
21.83,-3.28,9.31,2.29
21.83,-3.28,9.32,2.28
21.83,-3.30,9.32,2.27
21.84,-3.32,9.35,2.29
21.84,-3.33,9.35,2.27
21.84,-3.33,9.33,2.29
21.84,-3.31,9.37,2.28
21.85,-3.31,9.35,2.28
21.85,-3.34,9.36,2.30
21.85,-3.31,9.33,2.33
21.85,-3.30,9.36,2.33
21.85,-3.28,9.34,2.33
21.86,-3.28,9.31,2.35
21.86,-3.23,9.32,2.38
21.86,-3.23,9.30,2.40
21.86,-3.23,9.27,2.41
21.87,-3.19,9.25,2.45
21.87,-3.17,9.24,2.48
21.87,-3.15,9.20,2.47
21.87,-3.12,9.18,2.49
21.88,-3.10,9.17,2.49
21.88,-3.08,9.13,2.49
21.88,-3.07,9.12,2.50
21.88,-3.03,9.09,2.50
21.89,-3.05,9.07,2.48
21.89,-3.04,9.06,2.46
21.89,-3.08,9.04,2.46
21.89,-3.08,9.04,2.46
21.90,-3.11,9.02,2.42
21.90,-3.11,9.05,2.46
21.90,-3.11,9.06,2.41
21.90,-3.13,9.04,2.39
21.90,-3.13,9.04,2.39
21.91,-3.15,9.05,2.38
21.91,-3.15,9.08,2.34
21.91,-3.17,9.08,2.35
21.91,-3.19,9.08,2.32
21.92,-3.19,9.12,2.31
21.92,-3.20,9.10,2.29
21.92,-3.19,9.12,2.27
21.92,-3.20,9.15,2.27
21.93,-3.20,9.15,2.26
21.93,-3.18,9.14,2.23
21.93,-3.18,9.16,2.22
21.93,-3.19,9.17,2.19
21.94,-3.17,9.19,2.21
21.94,-3.17,9.19,2.24
21.94,-3.18,9.17,2.22
21.94,-3.20,9.18,2.23
21.95,-3.20,9.14,2.25
21.95,-3.17,9.16,2.25
21.95,-3.15,9.15,2.27
21.95,-3.16,9.16,2.30
21.95,-3.16,9.14,2.30
21.96,-3.15,9.12,2.32
21.96,-3.14,9.13,2.32
21.96,-3.12,9.12,2.33
21.96,-3.13,9.11,2.34
21.97,-3.10,9.10,2.33
21.97,-3.13,9.10,2.35
21.97,-3.10,9.10,2.36
21.97,-3.10,9.10,2.36
21.98,-3.11,9.08,2.35
21.98,-3.14,9.08,2.37
21.98,-3.14,9.08,2.37
21.98,-3.15,9.09,2.37
21.99,-3.16,9.08,2.37
21.99,-3.16,9.07,2.36
21.99,-3.18,9.06,2.35
21.99,-3.18,9.07,2.34
22.00,-3.18,9.06,2.35
22.00,-3.22,9.05,2.34
22.00,-3.22,9.08,2.33
22.00,-3.21,9.09,2.28
22.00,-3.21,9.08,2.28
22.01,-3.21,9.09,2.26
22.01,-3.20,9.09,2.26
22.01,-3.19,9.13,2.26
22.01,-3.19,9.13,2.24
22.02,-3.16,9.13,2.23
22.02,-3.15,9.14,2.20
22.02,-3.15,9.16,2.19
22.02,-3.15,9.17,2.21
22.03,-3.13,9.20,2.17
22.03,-3.11,9.21,2.17
22.03,-3.08,9.25,2.15
22.03,-3.06,9.26,2.15
22.04,-3.05,9.26,2.15
22.04,-3.05,9.29,2.13
22.04,-3.03,9.29,2.14
22.04,-3.02,9.30,2.13
22.05,-3.01,9.31,2.14
22.05,-3.00,9.33,2.16
22.05,-2.98,9.36,2.16
22.05,-2.99,9.34,2.17
22.05,-2.98,9.33,2.20
22.06,-2.98,9.36,2.20
22.06,-2.97,9.37,2.23
22.06,-2.99,9.37,2.24
22.06,-2.98,9.36,2.24
22.07,-2.99,9.35,2.26
22.07,-3.00,9.34,2.28
22.07,-2.99,9.35,2.29
22.07,-3.00,9.30,2.29
22.08,-3.00,9.32,2.30
22.08,-3.02,9.28,2.33
22.08,-3.05,9.29,2.37
22.08,-3.06,9.28,2.35
22.09,-3.09,9.26,2.35
22.09,-3.10,9.24,2.37
22.09,-3.13,9.25,2.38
22.09,-3.12,9.26,2.39
22.09,-3.14,9.23,2.41
22.10,-3.14,9.22,2.42
22.10,-3.15,9.22,2.39
22.10,-3.16,9.20,2.40
22.10,-3.20,9.19,2.39
22.11,-3.21,9.17,2.37
22.11,-3.23,9.17,2.34
22.11,-3.23,9.15,2.32
22.11,-3.24,9.15,2.31
22.12,-3.25,9.13,2.29
22.12,-3.26,9.11,2.25
22.12,-3.26,9.13,2.26
22.12,-3.27,9.12,2.25
22.13,-3.26,9.10,2.24
22.13,-3.27,9.08,2.23
22.13,-3.25,9.08,2.22
22.13,-3.24,9.09,2.24
22.14,-3.23,9.06,2.20
22.14,-3.20,9.04,2.20
22.14,-3.21,9.06,2.20
22.14,-3.19,9.05,2.18
22.14,-3.20,9.05,2.17
22.15,-3.20,9.05,2.16
22.15,-3.18,9.06,2.14
22.15,-3.16,9.07,2.15
22.15,-3.15,9.07,2.14
22.16,-3.13,9.08,2.13
22.16,-3.13,9.08,2.11
22.16,-3.14,9.09,2.14
22.16,-3.14,9.11,2.13
22.17,-3.14,9.14,2.15
22.17,-3.12,9.17,2.13
22.17,-3.13,9.19,2.13
22.17,-3.14,9.20,2.14
22.18,-3.14,9.21,2.14
22.18,-3.15,9.24,2.13
22.18,-3.15,9.26,2.14
22.18,-3.17,9.27,2.15
22.19,-3.17,9.30,2.15
22.19,-3.14,9.33,2.18
22.19,-3.16,9.36,2.19
22.19,-3.14,9.37,2.22
22.19,-3.15,9.40,2.24
22.20,-3.15,9.40,2.24
22.20,-3.14,9.41,2.24
22.20,-3.15,9.40,2.25
22.20,-3.17,9.40,2.26
22.21,-3.16,9.40,2.28
22.21,-3.15,9.39,2.26
22.21,-3.17,9.39,2.29
22.21,-3.15,9.37,2.30
22.22,-3.16,9.36,2.31
22.22,-3.14,9.35,2.32
22.22,-3.15,9.33,2.32
22.22,-3.14,9.31,2.33
22.23,-3.14,9.29,2.31
22.23,-3.14,9.28,2.32
22.23,-3.14,9.26,2.30
22.23,-3.14,9.20,2.31
22.24,-3.15,9.18,2.29
22.24,-3.15,9.13,2.29
22.24,-3.16,9.11,2.28
22.24,-3.14,9.11,2.27
22.24,-3.15,9.09,2.28
22.25,-3.16,9.09,2.29
22.25,-3.18,9.07,2.27
22.25,-3.20,9.09,2.26
22.25,-3.21,9.09,2.26
22.26,-3.26,9.08,2.24
22.26,-3.29,9.11,2.22
22.26,-3.28,9.11,2.22
22.26,-3.30,9.12,2.23
22.27,-3.32,9.15,2.22
22.27,-3.31,9.15,2.21
22.27,-3.32,9.20,2.21
22.27,-3.32,9.24,2.23
22.28,-3.31,9.24,2.21
22.28,-3.32,9.27,2.19
22.28,-3.33,9.28,2.21
22.28,-3.32,9.28,2.19
22.28,-3.33,9.32,2.19
22.29,-3.34,9.32,2.16
22.29,-3.31,9.36,2.18
22.29,-3.30,9.37,2.16
22.29,-3.31,9.37,2.18
22.30,-3.30,9.36,2.18
22.30,-3.30,9.36,2.18
22.30,-3.28,9.36,2.20
22.30,-3.27,9.35,2.20
22.31,-3.25,9.33,2.22
22.31,-3.24,9.32,2.24
22.31,-3.23,9.28,2.24
22.31,-3.23,9.26,2.27
22.32,-3.21,9.24,2.28
22.32,-3.17,9.23,2.29
22.32,-3.18,9.20,2.29
22.32,-3.16,9.20,2.28
22.33,-3.17,9.20,2.30
22.33,-3.19,9.18,2.30
22.33,-3.19,9.18,2.28
22.33,-3.19,9.18,2.29
22.33,-3.20,9.15,2.30
22.34,-3.20,9.15,2.30
22.34,-3.20,9.15,2.29
22.34,-3.21,9.13,2.26
22.34,-3.22,9.12,2.28
22.35,-3.22,9.12,2.29
22.35,-3.22,9.12,2.27
22.35,-3.22,9.10,2.27
22.35,-3.23,9.12,2.25
22.36,-3.21,9.11,2.22
22.36,-3.22,9.12,2.20
22.36,-3.20,9.10,2.20
22.36,-3.21,9.10,2.21
22.37,-3.18,9.11,2.22
22.37,-3.14,9.12,2.19
22.37,-3.16,9.12,2.19
22.37,-3.14,9.11,2.19
22.38,-3.14,9.13,2.18
22.38,-3.15,9.16,2.21
22.38,-3.14,9.13,2.21
22.38,-3.14,9.14,2.20
22.38,-3.12,9.17,2.22
22.39,-3.15,9.18,2.21
22.39,-3.13,9.20,2.20
22.39,-3.12,9.19,2.22
22.39,-3.14,9.19,2.21
22.40,-3.13,9.19,2.22
22.40,-3.12,9.20,2.23
22.40,-3.09,9.19,2.21
22.40,-3.11,9.19,2.23
22.41,-3.13,9.19,2.24
22.41,-3.10,9.16,2.25
22.41,-3.09,9.18,2.28
22.41,-3.11,9.19,2.28
22.42,-3.11,9.18,2.27
22.42,-3.10,9.18,2.28
22.42,-3.12,9.17,2.26
22.42,-3.08,9.15,2.27
22.43,-3.10,9.18,2.26
22.43,-3.10,9.17,2.27
22.43,-3.09,9.17,2.26
22.43,-3.08,9.16,2.24
22.43,-3.09,9.17,2.25
22.44,-3.10,9.16,2.24
22.44,-3.09,9.18,2.20
22.44,-3.10,9.17,2.22
22.44,-3.07,9.17,2.20
22.45,-3.07,9.16,2.21
22.45,-3.09,9.15,2.21
22.45,-3.08,9.17,2.20
22.45,-3.07,9.15,2.17
22.46,-3.07,9.18,2.20
22.46,-3.08,9.15,2.19
22.46,-3.09,9.19,2.19
22.46,-3.06,9.16,2.19
22.47,-3.08,9.18,2.19
22.47,-3.08,9.20,2.20
22.47,-3.09,9.20,2.21
22.47,-3.11,9.21,2.20
22.48,-3.10,9.23,2.24
22.48,-3.12,9.24,2.26
22.48,-3.12,9.26,2.24
22.48,-3.13,9.26,2.24
22.48,-3.12,9.27,2.23
22.49,-3.16,9.29,2.23
22.49,-3.17,9.29,2.22
22.49,-3.19,9.28,2.23
22.49,-3.19,9.28,2.25
22.50,-3.21,9.27,2.23
22.50,-3.22,9.25,2.22
22.50,-3.22,9.26,2.26
22.50,-3.22,9.27,2.24
22.51,-3.23,9.26,2.26
22.51,-3.24,9.25,2.28
22.51,-3.24,9.24,2.27
22.51,-3.27,9.25,2.30
22.52,-3.26,9.26,2.25
22.52,-3.26,9.24,2.27
22.52,-3.25,9.25,2.26
22.52,-3.24,9.24,2.25
22.52,-3.22,9.25,2.22
22.53,-3.20,9.25,2.21
22.53,-3.20,9.27,2.16
22.53,-3.18,9.27,2.16
22.53,-3.19,9.27,2.15
22.54,-3.17,9.26,2.11
22.54,-3.15,9.25,2.12
22.54,-3.16,9.25,2.11
22.54,-3.16,9.24,2.10
22.55,-3.15,9.24,2.09
22.55,-3.16,9.21,2.09
22.55,-3.16,9.21,2.10
22.55,-3.15,9.20,2.06
22.56,-3.15,9.16,2.10
22.56,-3.16,9.16,2.09
22.56,-3.14,9.16,2.10
22.56,-3.13,9.17,2.11
22.57,-3.13,9.16,2.13
22.57,-3.12,9.13,2.12
22.57,-3.11,9.17,2.14
22.57,-3.10,9.14,2.14
22.57,-3.09,9.17,2.13
22.58,-3.12,9.18,2.15
22.58,-3.10,9.18,2.14
22.58,-3.08,9.19,2.15
22.58,-3.07,9.19,2.18
22.59,-3.08,9.20,2.18
22.59,-3.08,9.19,2.19
22.59,-3.08,9.19,2.18
22.59,-3.08,9.21,2.22
22.60,-3.08,9.21,2.22
22.60,-3.10,9.23,2.23
22.60,-3.12,9.23,2.25
22.60,-3.13,9.24,2.24
22.61,-3.10,9.24,2.25
22.61,-3.15,9.24,2.29
22.61,-3.13,9.24,2.26
22.61,-3.11,9.26,2.26
22.62,-3.14,9.27,2.24
22.62,-3.14,9.25,2.25
22.62,-3.13,9.26,2.24
22.62,-3.14,9.25,2.20
22.62,-3.14,9.24,2.23
22.63,-3.14,9.23,2.22
22.63,-3.14,9.23,2.22
22.63,-3.15,9.22,2.23
22.63,-3.15,9.21,2.23
22.64,-3.15,9.19,2.22
22.64,-3.13,9.18,2.21
22.64,-3.13,9.17,2.22
22.64,-3.12,9.15,2.19
22.65,-3.10,9.14,2.22
22.65,-3.11,9.11,2.17
22.65,-3.11,9.09,2.18
22.65,-3.09,9.10,2.20
22.66,-3.10,9.06,2.17
22.66,-3.09,9.07,2.17
22.66,-3.09,9.03,2.18
22.66,-3.09,9.04,2.18
22.67,-3.09,9.05,2.19
22.67,-3.09,9.08,2.19
22.67,-3.10,9.07,2.21
22.67,-3.10,9.08,2.22
22.67,-3.11,9.09,2.21
22.68,-3.10,9.08,2.23
22.68,-3.12,9.10,2.22
22.68,-3.13,9.12,2.24
22.68,-3.14,9.11,2.23
22.69,-3.14,9.12,2.23
22.69,-3.14,9.15,2.24
22.69,-3.13,9.15,2.24
22.69,-3.15,9.16,2.24
22.70,-3.14,9.15,2.24
22.70,-3.14,9.14,2.25
22.70,-3.14,9.14,2.26
22.70,-3.13,9.14,2.27
22.71,-3.15,9.15,2.25
22.71,-3.13,9.16,2.25
22.71,-3.16,9.16,2.26
22.71,-3.16,9.18,2.26
22.71,-3.17,9.16,2.25
22.72,-3.18,9.15,2.24
22.72,-3.18,9.17,2.27
22.72,-3.20,9.19,2.27
22.72,-3.20,9.20,2.27
22.73,-3.20,9.21,2.27
22.73,-3.21,9.22,2.28
22.73,-3.23,9.24,2.26
22.73,-3.22,9.23,2.27
22.74,-3.23,9.21,2.26
22.74,-3.23,9.26,2.27
22.74,-3.22,9.26,2.27
22.74,-3.22,9.26,2.28
22.75,-3.20,9.27,2.25
22.75,-3.18,9.26,2.24
22.75,-3.17,9.27,2.26
22.75,-3.16,9.28,2.24
22.76,-3.15,9.29,2.27
22.76,-3.14,9.30,2.30
22.76,-3.10,9.28,2.27
22.76,-3.08,9.26,2.30
22.76,-3.05,9.26,2.27
22.77,-3.02,9.26,2.30
22.77,-3.02,9.23,2.28
22.77,-3.02,9.20,2.26
22.77,-3.00,9.19,2.26
22.78,-2.97,9.19,2.25
22.78,-2.97,9.18,2.25
22.78,-2.95,9.15,2.25
22.78,-2.95,9.14,2.25
22.79,-2.96,9.13,2.26
22.79,-2.96,9.12,2.27
22.79,-2.97,9.11,2.27
22.79,-2.97,9.13,2.26
22.80,-2.97,9.12,2.25
22.80,-2.98,9.12,2.27
22.80,-2.99,9.13,2.27
22.80,-3.01,9.15,2.24
22.81,-3.02,9.16,2.23
22.81,-3.03,9.16,2.23
22.81,-3.05,9.19,2.20
22.81,-3.06,9.18,2.21
22.81,-3.07,9.20,2.21
22.82,-3.10,9.23,2.19
22.82,-3.12,9.24,2.19
22.82,-3.13,9.24,2.22
22.82,-3.15,9.29,2.22
22.83,-3.15,9.31,2.24
22.83,-3.16,9.33,2.24
22.83,-3.18,9.34,2.24
22.83,-3.19,9.36,2.29
22.84,-3.19,9.37,2.29
22.84,-3.19,9.40,2.28
22.84,-3.21,9.40,2.32
22.84,-3.22,9.41,2.32
22.85,-3.21,9.41,2.33
22.85,-3.22,9.44,2.34
22.85,-3.24,9.41,2.36
22.85,-3.26,9.41,2.37
22.86,-3.25,9.40,2.36
22.86,-3.26,9.39,2.35
22.86,-3.24,9.39,2.38
22.86,-3.23,9.36,2.37
22.86,-3.24,9.34,2.36
22.87,-3.23,9.33,2.38
22.87,-3.24,9.30,2.39
22.87,-3.23,9.27,2.39
22.87,-3.24,9.26,2.42
22.88,-3.22,9.24,2.43
22.88,-3.20,9.20,2.41
22.88,-3.19,9.18,2.42
22.88,-3.19,9.16,2.45
22.89,-3.19,9.15,2.43
22.89,-3.16,9.14,2.42
22.89,-3.16,9.14,2.42
22.89,-3.17,9.10,2.40
22.90,-3.19,9.09,2.41
22.90,-3.16,9.10,2.41
22.90,-3.19,9.11,2.38
22.90,-3.18,9.09,2.39
22.91,-3.17,9.10,2.38
22.91,-3.18,9.10,2.35
22.91,-3.19,9.12,2.35
22.91,-3.21,9.12,2.33
22.91,-3.20,9.18,2.32
22.92,-3.22,9.19,2.32
22.92,-3.23,9.20,2.32
22.92,-3.23,9.22,2.32
22.92,-3.24,9.23,2.29
22.93,-3.24,9.24,2.28
22.93,-3.25,9.26,2.27
22.93,-3.27,9.28,2.26
22.93,-3.26,9.25,2.26
22.94,-3.26,9.28,2.25
22.94,-3.26,9.28,2.24
22.94,-3.26,9.29,2.24
22.94,-3.25,9.31,2.25
22.95,-3.24,9.32,2.23
22.95,-3.23,9.31,2.24
22.95,-3.26,9.31,2.22
22.95,-3.26,9.33,2.23
22.95,-3.22,9.36,2.24
22.96,-3.22,9.34,2.25
22.96,-3.22,9.35,2.27
22.96,-3.23,9.34,2.26
22.96,-3.21,9.35,2.28
22.97,-3.22,9.34,2.28
22.97,-3.23,9.30,2.30
22.97,-3.21,9.34,2.32
22.97,-3.22,9.32,2.30
22.98,-3.23,9.31,2.31
22.98,-3.21,9.30,2.32
22.98,-3.20,9.31,2.31
22.98,-3.23,9.29,2.34
22.99,-3.22,9.31,2.32
22.99,-3.22,9.30,2.31
22.99,-3.22,9.32,2.29
22.99,-3.22,9.30,2.32
23.00,-3.20,9.29,2.34
23.00,-3.20,9.29,2.33
23.00,-3.20,9.29,2.35
23.00,-3.19,9.27,2.36
23.00,-3.15,9.27,2.35
23.01,-3.15,9.27,2.36
23.01,-3.14,9.21,2.38
23.01,-3.13,9.23,2.37
23.01,-3.11,9.20,2.38
23.02,-3.07,9.20,2.36
23.02,-3.05,9.18,2.36
23.02,-3.03,9.13,2.32
23.02,-2.99,9.15,2.30
23.03,-2.98,9.11,2.31
23.03,-2.97,9.12,2.28
23.03,-2.97,9.10,2.30
23.03,-2.95,9.07,2.27
23.04,-2.96,9.09,2.26
23.04,-2.94,9.08,2.25
23.04,-2.97,9.09,2.23
23.04,-2.97,9.09,2.25
23.05,-2.96,9.10,2.23
23.05,-2.97,9.10,2.23
23.05,-2.98,9.11,2.26
23.05,-3.02,9.12,2.24
23.05,-3.01,9.12,2.24
23.06,-3.04,9.15,2.24
23.06,-3.06,9.16,2.23
23.06,-3.08,9.18,2.24
23.06,-3.10,9.17,2.21
23.07,-3.11,9.19,2.24
23.07,-3.12,9.21,2.22
23.07,-3.15,9.24,2.19
23.07,-3.16,9.24,2.20
23.08,-3.18,9.27,2.20
23.08,-3.18,9.29,2.22
23.08,-3.20,9.30,2.20
23.08,-3.20,9.32,2.20
23.09,-3.18,9.31,2.20
23.09,-3.18,9.31,2.22
23.09,-3.16,9.32,2.23
23.09,-3.17,9.32,2.22
23.10,-3.14,9.29,2.23
23.10,-3.13,9.27,2.25
23.10,-3.12,9.27,2.23
23.10,-3.10,9.26,2.25
23.10,-3.09,9.22,2.26
23.11,-3.08,9.19,2.27
23.11,-3.07,9.16,2.28
23.11,-3.07,9.16,2.27
23.11,-3.07,9.17,2.29
23.12,-3.05,9.14,2.30
23.12,-3.05,9.12,2.28
23.12,-3.05,9.11,2.27
23.12,-3.05,9.11,2.30
23.13,-3.05,9.09,2.30
23.13,-3.06,9.05,2.32
23.13,-3.04,9.04,2.30
23.13,-3.07,9.04,2.30
23.14,-3.09,9.04,2.28
23.14,-3.10,9.02,2.29
23.14,-3.09,9.03,2.31
23.14,-3.11,9.01,2.32
23.14,-3.15,9.00,2.32
23.15,-3.15,8.98,2.35
23.15,-3.17,9.02,2.33
23.15,-3.18,9.02,2.35
23.15,-3.18,9.02,2.36
23.16,-3.21,8.98,2.35
23.16,-3.22,8.99,2.36
23.16,-3.24,8.94,2.35
23.16,-3.22,8.97,2.36
23.17,-3.25,8.98,2.32
23.17,-3.26,8.96,2.33
23.17,-3.26,8.98,2.33
23.17,-3.27,8.99,2.32
23.18,-3.26,8.98,2.27
23.18,-3.29,9.00,2.27
23.18,-3.33,8.99,2.28
23.18,-3.35,9.01,2.27
23.19,-3.37,9.04,2.24
23.19,-3.39,9.06,2.24
23.19,-3.42,9.09,2.22
23.19,-3.44,9.10,2.21
23.19,-3.46,9.13,2.19
23.20,-3.48,9.16,2.18
23.20,-3.49,9.18,2.15
23.20,-3.50,9.20,2.14
23.20,-3.51,9.21,2.13
23.21,-3.52,9.26,2.12
23.21,-3.54,9.29,2.08
23.21,-3.51,9.28,2.07
23.21,-3.52,9.28,2.07
23.22,-3.51,9.32,2.08
23.22,-3.47,9.30,2.05
23.22,-3.48,9.31,2.04
23.22,-3.46,9.31,2.04
23.23,-3.41,9.31,2.04
23.23,-3.40,9.32,2.05
23.23,-3.36,9.27,2.08
23.23,-3.32,9.27,2.09
23.24,-3.30,9.26,2.11
23.24,-3.27,9.23,2.14
23.24,-3.22,9.22,2.16
23.24,-3.21,9.20,2.15
23.24,-3.20,9.18,2.19
23.25,-3.20,9.17,2.18
23.25,-3.18,9.16,2.21
23.25,-3.18,9.14,2.21
23.25,-3.18,9.13,2.20
23.26,-3.18,9.11,2.19
23.26,-3.17,9.11,2.21
23.26,-3.18,9.10,2.20
23.26,-3.20,9.11,2.19
23.27,-3.18,9.10,2.19
23.27,-3.20,9.09,2.21
23.27,-3.19,9.11,2.18
23.27,-3.22,9.11,2.16
23.28,-3.22,9.11,2.19
23.28,-3.21,9.12,2.18
23.28,-3.21,9.11,2.16
23.28,-3.22,9.12,2.18
23.29,-3.20,9.15,2.14
23.29,-3.19,9.13,2.15
23.29,-3.19,9.13,2.13
23.29,-3.20,9.16,2.13
23.29,-3.17,9.14,2.13
23.30,-3.16,9.17,2.15
23.30,-3.13,9.18,2.16
23.30,-3.11,9.18,2.16
23.30,-3.12,9.18,2.17
23.31,-3.08,9.21,2.15
23.31,-3.08,9.20,2.16
23.31,-3.05,9.21,2.19
23.31,-3.04,9.21,2.18
23.32,-3.03,9.21,2.18
23.32,-3.02,9.22,2.21
23.32,-3.00,9.23,2.19
23.32,-2.99,9.21,2.19
23.33,-2.97,9.21,2.20
23.33,-2.95,9.21,2.18
23.33,-2.96,9.24,2.21
23.33,-2.94,9.23,2.20
23.34,-2.93,9.23,2.20
23.34,-2.94,9.23,2.18
23.34,-2.93,9.24,2.19
23.34,-2.95,9.26,2.17
23.34,-2.93,9.25,2.17
23.35,-2.94,9.24,2.15
23.35,-2.94,9.24,2.14
23.35,-2.93,9.24,2.15
23.35,-2.92,9.25,2.15
23.36,-2.94,9.25,2.12
23.36,-2.94,9.25,2.13
23.36,-2.96,9.27,2.12
23.36,-2.97,9.28,2.11
23.37,-2.96,9.26,2.10
23.37,-2.96,9.27,2.10
23.37,-2.97,9.27,2.13
23.37,-2.96,9.30,2.11
23.38,-2.97,9.30,2.08
23.38,-2.97,9.28,2.07
23.38,-2.97,9.29,2.08
23.38,-2.98,9.28,2.04
23.38,-2.97,9.26,2.04
23.39,-2.99,9.27,2.03
23.39,-2.98,9.27,2.06
23.39,-2.98,9.27,2.02
23.39,-2.98,9.26,2.03
23.40,-2.99,9.22,2.02
23.40,-2.98,9.20,2.03
23.40,-2.98,9.21,2.06
23.40,-3.00,9.18,2.08
23.41,-3.00,9.20,2.07
23.41,-3.00,9.16,2.08
23.41,-2.99,9.16,2.12
23.41,-3.01,9.14,2.13
23.42,-3.00,9.15,2.13
23.42,-2.99,9.15,2.15
23.42,-2.98,9.14,2.17
23.42,-2.98,9.15,2.17
23.43,-2.98,9.16,2.18
23.43,-2.98,9.15,2.19
23.43,-2.99,9.16,2.21
23.43,-2.99,9.19,2.20
23.43,-3.00,9.20,2.19
23.44,-3.02,9.21,2.20
23.44,-3.03,9.22,2.17
23.44,-3.04,9.25,2.17
23.44,-3.04,9.26,2.17
23.45,-3.05,9.27,2.18
23.45,-3.06,9.29,2.20
23.45,-3.08,9.30,2.17
23.45,-3.09,9.33,2.15
23.46,-3.09,9.35,2.15
23.46,-3.11,9.31,2.14
23.46,-3.12,9.34,2.15
23.46,-3.13,9.34,2.14
23.47,-3.14,9.34,2.13
23.47,-3.15,9.33,2.13
23.47,-3.15,9.32,2.09
23.47,-3.15,9.32,2.10
23.48,-3.17,9.30,2.07
23.48,-3.15,9.26,2.07
23.48,-3.16,9.27,2.07
23.48,-3.15,9.25,2.06
23.48,-3.15,9.24,2.06
23.49,-3.14,9.19,2.04
23.49,-3.13,9.17,2.05
23.49,-3.13,9.17,2.06
23.49,-3.13,9.15,2.06
23.50,-3.12,9.11,2.08
23.50,-3.12,9.14,2.07
23.50,-3.12,9.11,2.07
23.50,-3.09,9.10,2.07
23.51,-3.09,9.07,2.09
23.51,-3.09,9.07,2.09
23.51,-3.09,9.06,2.08
23.51,-3.12,9.05,2.11
23.52,-3.09,9.04,2.12
23.52,-3.13,9.04,2.13
23.52,-3.13,9.06,2.14
23.52,-3.12,9.06,2.14
23.53,-3.12,9.06,2.14
23.53,-3.13,9.08,2.17
23.53,-3.12,9.09,2.18
23.53,-3.13,9.11,2.19
23.53,-3.13,9.10,2.18
23.54,-3.13,9.11,2.19
23.54,-3.14,9.11,2.19
23.54,-3.13,9.11,2.20
23.54,-3.13,9.12,2.19
23.55,-3.10,9.13,2.18
23.55,-3.10,9.13,2.17
23.55,-3.10,9.11,2.19
23.55,-3.10,9.12,2.20
23.56,-3.09,9.11,2.23
23.56,-3.08,9.11,2.23
23.56,-3.08,9.12,2.24
23.56,-3.05,9.11,2.25
23.57,-3.04,9.11,2.26
23.57,-3.04,9.10,2.27
23.57,-3.00,9.10,2.26
23.57,-2.99,9.12,2.27
23.57,-2.99,9.13,2.27
23.58,-2.98,9.13,2.28
23.58,-2.98,9.15,2.28
23.58,-2.98,9.17,2.29
23.58,-2.97,9.20,2.31
23.59,-2.97,9.20,2.31
23.59,-2.97,9.23,2.32
23.59,-2.98,9.25,2.35
23.59,-2.98,9.27,2.35
23.60,-3.01,9.32,2.34
23.60,-3.04,9.32,2.35
23.60,-3.06,9.34,2.35
23.60,-3.08,9.33,2.37
23.61,-3.09,9.36,2.37
23.61,-3.13,9.38,2.40
23.61,-3.14,9.39,2.40
23.61,-3.16,9.38,2.42
23.62,-3.21,9.39,2.41
23.62,-3.23,9.39,2.43
23.62,-3.26,9.40,2.40
23.62,-3.27,9.41,2.41
23.62,-3.31,9.39,2.40
23.63,-3.32,9.39,2.41
23.63,-3.34,9.39,2.40
23.63,-3.37,9.38,2.37
23.63,-3.39,9.36,2.40
23.64,-3.40,9.34,2.38
23.64,-3.43,9.32,2.39
23.64,-3.46,9.33,2.38
23.64,-3.47,9.31,2.36
23.65,-3.49,9.31,2.35
23.65,-3.49,9.27,2.33
23.65,-3.52,9.27,2.30
23.65,-3.54,9.27,2.29
23.66,-3.55,9.29,2.24
23.66,-3.56,9.28,2.24
23.66,-3.58,9.29,2.20
23.66,-3.57,9.28,2.17
23.67,-3.57,9.27,2.13
23.67,-3.57,9.29,2.12
23.67,-3.56,9.27,2.09
23.67,-3.57,9.28,2.09
23.67,-3.57,9.29,2.07
23.68,-3.57,9.28,2.06
23.68,-3.56,9.31,2.03
23.68,-3.53,9.32,2.04
23.68,-3.52,9.34,2.04
23.69,-3.49,9.35,2.06
23.69,-3.47,9.35,2.05
23.69,-3.47,9.39,2.07
23.69,-3.43,9.38,2.08
23.70,-3.43,9.40,2.11
23.70,-3.41,9.39,2.13
23.70,-3.36,9.41,2.17
23.70,-3.32,9.39,2.18
23.71,-3.30,9.39,2.22
23.71,-3.27,9.38,2.22
23.71,-3.25,9.40,2.25
23.71,-3.22,9.40,2.26
23.72,-3.20,9.38,2.27
23.72,-3.18,9.36,2.25
23.72,-3.15,9.35,2.24
23.72,-3.13,9.33,2.24
23.72,-3.11,9.31,2.26
23.73,-3.10,9.28,2.25
23.73,-3.08,9.27,2.24
23.73,-3.05,9.26,2.24
23.73,-3.05,9.24,2.24
23.74,-3.02,9.21,2.24
23.74,-3.01,9.22,2.25
23.74,-2.99,9.17,2.24
23.74,-2.99,9.19,2.24
23.75,-3.00,9.16,2.23
23.75,-2.98,9.18,2.22
23.75,-2.98,9.17,2.23
23.75,-2.98,9.15,2.20
23.76,-3.02,9.14,2.18
23.76,-3.00,9.14,2.16
23.76,-3.01,9.13,2.16
23.76,-3.01,9.10,2.13
23.77,-3.03,9.11,2.13
23.77,-3.03,9.07,2.11
23.77,-3.02,9.08,2.10
23.77,-3.06,9.07,2.09
23.77,-3.06,9.07,2.07
23.78,-3.08,9.08,2.06
23.78,-3.10,9.06,2.07
23.78,-3.12,9.07,2.05
23.78,-3.16,9.07,2.07
23.79,-3.17,9.06,2.06
23.79,-3.20,9.08,2.08
23.79,-3.22,9.08,2.09
23.79,-3.22,9.07,2.09
23.80,-3.23,9.07,2.12
23.80,-3.25,9.10,2.10
23.80,-3.26,9.06,2.11
23.80,-3.27,9.08,2.12
23.81,-3.26,9.06,2.13
23.81,-3.26,9.04,2.13
23.81,-3.25,9.04,2.12
23.81,-3.25,9.04,2.13
23.81,-3.24,9.02,2.12
23.82,-3.21,9.02,2.11
23.82,-3.21,8.99,2.13
23.82,-3.19,8.98,2.13
23.82,-3.17,8.98,2.12
23.83,-3.15,8.96,2.16
23.83,-3.14,8.97,2.18
23.83,-3.11,8.95,2.19
23.83,-3.08,8.97,2.21
23.84,-3.06,8.98,2.23
23.84,-3.05,8.99,2.25
23.84,-3.01,8.99,2.25
23.84,-2.99,9.01,2.29
23.85,-3.00,9.01,2.29
23.85,-2.98,9.04,2.30
23.85,-2.96,9.05,2.31
23.85,-2.91,9.04,2.30
23.86,-2.90,9.08,2.32
23.86,-2.92,9.07,2.33
23.86,-2.90,9.09,2.32
23.86,-2.88,9.10,2.32
23.86,-2.86,9.10,2.34
23.87,-2.87,9.14,2.32
23.87,-2.87,9.15,2.33
23.87,-2.87,9.17,2.33
23.87,-2.87,9.21,2.33
23.88,-2.85,9.17,2.35
23.88,-2.84,9.20,2.33
23.88,-2.83,9.21,2.34
23.88,-2.85,9.21,2.32
23.89,-2.84,9.21,2.34
23.89,-2.85,9.21,2.34
23.89,-2.83,9.21,2.37
23.89,-2.80,9.20,2.36
23.90,-2.81,9.18,2.37
23.90,-2.78,9.18,2.38
23.90,-2.80,9.17,2.41
23.90,-2.75,9.16,2.41
23.91,-2.75,9.15,2.43
23.91,-2.75,9.10,2.44
23.91,-2.74,9.10,2.43
23.91,-2.74,9.06,2.45
23.91,-2.73,9.03,2.47
23.92,-2.74,8.98,2.48
23.92,-2.74,8.98,2.51
23.92,-2.74,8.95,2.52
23.92,-2.71,8.91,2.54
23.93,-2.73,8.87,2.54
23.93,-2.75,8.86,2.57
23.93,-2.75,8.86,2.59
23.93,-2.79,8.78,2.57
23.94,-2.79,8.75,2.60
23.94,-2.82,8.73,2.58
23.94,-2.86,8.68,2.61
23.94,-2.89,8.64,2.58
23.95,-2.93,8.60,2.54
23.95,-2.93,8.58,2.54
23.95,-2.96,8.55,2.50
23.95,-2.96,8.53,2.48
23.96,-2.97,8.50,2.47
23.96,-2.95,8.47,2.44
23.96,-2.95,8.43,2.46
23.96,-2.93,8.41,2.45
23.96,-2.91,8.39,2.44
23.97,-2.87,8.36,2.46
23.97,-2.81,8.31,2.46
23.97,-2.76,8.31,2.43
23.97,-2.71,8.27,2.45
23.98,-2.65,8.26,2.46
23.98,-2.56,8.22,2.44
23.98,-2.51,8.21,2.43
23.98,-2.44,8.19,2.46
23.99,-2.37,8.14,2.43
23.99,-2.30,8.14,2.44
23.99,-2.26,8.14,2.45
23.99,-2.21,8.13,2.46
24.00,-2.17,8.11,2.46
24.00,-2.16,8.08,2.48
24.00,-2.13,8.09,2.50
24.00,-2.14,8.08,2.52
24.00,-2.11,8.08,2.52
24.01,-2.14,8.09,2.54
24.01,-2.13,8.06,2.56
24.01,-2.12,8.06,2.55
24.01,-2.11,8.06,2.55
24.02,-2.13,8.04,2.53
24.02,-2.14,8.04,2.52
24.02,-2.17,8.03,2.49
24.02,-2.20,8.06,2.44
24.03,-2.23,8.06,2.43
24.03,-2.25,8.11,2.45
24.03,-2.28,8.17,2.45
24.03,-2.33,8.22,2.47
24.04,-2.33,8.30,2.50
24.04,-2.37,8.38,2.57
24.04,-2.43,8.47,2.61
24.04,-2.48,8.55,2.64
24.05,-2.55,8.65,2.66
24.05,-2.62,8.74,2.72
24.05,-2.69,8.87,2.78
24.05,-2.73,8.96,2.83
24.05,-2.83,9.07,2.87
24.06,-2.89,9.17,2.94
24.06,-2.93,9.26,3.00
24.06,-2.96,9.37,3.05
24.06,-2.97,9.47,3.12
24.07,-2.97,9.52,3.17
24.07,-2.95,9.59,3.17
24.07,-2.95,9.73,3.21
24.07,-3.09,9.83,3.33
24.08,-3.36,9.88,3.42
24.08,-3.54,9.92,3.51
24.08,-3.66,9.86,3.53
24.08,-3.77,9.87,3.51
24.09,-3.89,9.85,3.49
24.09,-3.98,9.83,3.50
24.09,-4.03,9.80,3.47
24.09,-4.05,9.77,3.43
24.10,-4.06,9.76,3.42
24.10,-4.09,9.73,3.36
24.10,-4.12,9.72,3.37
24.10,-4.18,9.71,3.32
24.10,-4.27,9.71,3.31
24.11,-4.38,9.71,3.27
24.11,-4.42,9.74,3.27
24.11,-4.47,9.77,3.25
24.11,-4.49,9.75,3.22
24.12,-4.52,9.74,3.21
24.12,-4.54,9.74,3.24
24.12,-4.58,9.72,3.26
24.12,-4.64,9.72,3.34
24.13,-4.69,9.70,3.36
24.13,-4.77,9.68,3.44
24.13,-4.81,9.68,3.50
24.13,-4.85,9.70,3.57
24.14,-4.91,9.70,3.66
24.14,-4.95,9.70,3.71
24.14,-5.00,9.70,3.76
24.14,-4.98,9.74,3.79
24.15,-5.00,9.75,3.81
24.15,-5.03,9.78,3.82
24.15,-5.01,9.77,3.79
24.15,-5.03,9.78,3.76
24.15,-5.06,9.81,3.69
24.16,-5.05,9.82,3.64
24.16,-4.97,9.78,3.59
24.16,-4.91,9.77,3.49
24.16,-4.84,9.72,3.46
24.17,-4.82,9.67,3.43
24.17,-4.77,9.59,3.36
24.17,-4.72,9.48,3.36
24.17,-4.71,9.39,3.34
24.18,-4.71,9.29,3.35
24.18,-4.73,9.16,3.38
24.18,-4.71,9.05,3.40
24.18,-4.64,8.98,3.45
24.19,-4.57,8.90,3.46
24.19,-4.54,8.81,3.49
24.19,-4.50,8.71,3.52
24.19,-4.52,8.62,3.58
24.20,-4.60,8.52,3.60
24.20,-4.65,8.41,3.65
24.20,-4.58,8.21,3.73
24.20,-4.50,8.01,3.76
24.20,-4.40,7.84,3.78
24.21,-4.32,7.64,3.83
24.21,-4.32,7.48,3.90
24.21,-4.37,7.36,3.97
24.21,-4.39,7.25,4.05
24.22,-4.49,7.18,4.16
24.22,-4.59,7.09,4.23
24.22,-4.66,7.02,4.31
24.22,-4.72,6.96,4.38
24.23,-4.75,6.89,4.42
24.23,-4.74,6.84,4.43
24.23,-4.71,6.84,4.50
24.23,-4.66,6.81,4.48
24.24,-4.62,6.81,4.46
24.24,-4.54,6.79,4.47
24.24,-4.49,6.80,4.43
24.24,-4.47,6.76,4.42
24.24,-4.43,6.75,4.39
24.25,-4.41,6.75,4.38
24.25,-4.40,6.72,4.35
24.25,-4.43,6.70,4.34
24.25,-4.44,6.68,4.32
24.26,-4.43,6.64,4.29
24.26,-4.41,6.63,4.27
24.26,-4.40,6.63,4.24
24.26,-4.37,6.63,4.25
24.27,-4.34,6.62,4.29
24.27,-4.31,6.63,4.29
24.27,-4.28,6.63,4.30
24.27,-4.24,6.63,4.30
24.28,-4.22,6.63,4.35
24.28,-4.19,6.62,4.36
24.28,-4.11,6.63,4.37
24.28,-4.11,6.60,4.38
24.29,-4.08,6.58,4.39
24.29,-4.05,6.55,4.39
24.29,-4.03,6.53,4.39
24.29,-4.02,6.50,4.41
24.29,-3.99,6.47,4.44
24.30,-3.95,6.44,4.43
24.30,-3.96,6.41,4.43
24.30,-3.95,6.39,4.42
24.30,-3.93,6.39,4.43
24.31,-3.92,6.35,4.43
24.31,-3.91,6.33,4.45
24.31,-3.93,6.33,4.41
24.31,-3.94,6.32,4.41
24.32,-3.96,6.32,4.41
24.32,-4.00,6.33,4.42
24.32,-4.05,6.37,4.39
24.32,-4.07,6.37,4.37
24.33,-4.07,6.44,4.33
24.33,-4.11,6.48,4.33
24.33,-4.09,6.55,4.31
24.33,-4.12,6.61,4.29
24.34,-4.10,6.68,4.30
24.34,-4.10,6.76,4.27
24.34,-4.13,6.87,4.28
24.34,-4.13,6.96,4.30
24.34,-4.11,7.09,4.29
24.35,-4.11,7.21,4.31
24.35,-4.14,7.34,4.31
24.35,-4.11,7.46,4.34
24.35,-4.13,7.57,4.36
24.36,-4.11,7.72,4.37
24.36,-4.11,7.82,4.36
24.36,-4.11,7.97,4.38
24.36,-4.13,8.10,4.39
24.37,-4.17,8.22,4.40
24.37,-4.18,8.37,4.38
24.37,-4.20,8.50,4.40
24.37,-4.21,8.64,4.38
24.38,-4.22,8.78,4.38
24.38,-4.22,8.90,4.37
24.38,-4.23,9.04,4.37
24.38,-4.23,9.14,4.38
24.39,-4.27,9.27,4.35
24.39,-4.31,9.40,4.36
24.39,-4.35,9.54,4.34
24.39,-4.35,9.64,4.35
24.39,-4.38,9.80,4.39
24.40,-4.41,9.90,4.37
24.40,-4.44,10.00,4.35
24.40,-4.51,10.13,4.34
24.40,-4.51,10.22,4.33
24.41,-4.57,10.31,4.28
24.41,-4.62,10.39,4.27
24.41,-4.67,10.45,4.25
24.41,-4.71,10.52,4.21
24.42,-4.75,10.56,4.16
24.42,-4.78,10.60,4.16
24.42,-4.79,10.61,4.12
24.42,-4.82,10.60,4.10
24.43,-4.80,10.57,4.10
24.43,-4.81,10.54,4.10
24.43,-4.79,10.50,4.08
24.43,-4.76,10.42,4.09
24.43,-4.70,10.32,4.08
24.44,-4.69,10.24,4.11
24.44,-4.63,10.15,4.11
24.44,-4.61,9.99,4.12
24.44,-4.56,9.84,4.13
24.45,-4.52,9.70,4.15
24.45,-4.50,9.53,4.15
24.45,-4.44,9.40,4.17
24.45,-4.41,9.27,4.19
24.46,-4.36,9.12,4.21
24.46,-4.37,9.00,4.23
24.46,-4.34,8.88,4.25
24.46,-4.36,8.77,4.28
24.47,-4.37,8.65,4.28
24.47,-4.40,8.55,4.28
24.47,-4.42,8.49,4.29
24.47,-4.44,8.41,4.30
24.48,-4.46,8.36,4.31
24.48,-4.49,8.32,4.32
24.48,-4.54,8.25,4.35
24.48,-4.60,8.24,4.34
24.48,-4.65,8.20,4.37
24.49,-4.69,8.16,4.39
24.49,-4.73,8.15,4.39
24.49,-4.81,8.08,4.40
24.49,-4.88,8.03,4.42
24.50,-4.92,8.00,4.43
24.50,-4.98,7.97,4.40
24.50,-5.01,7.95,4.38
24.50,-5.04,7.91,4.36
24.51,-5.06,7.91,4.31
24.51,-5.08,7.92,4.30
24.51,-5.08,7.85,4.25
24.51,-5.08,7.84,4.22
24.52,-5.10,7.82,4.21
24.52,-5.06,7.79,4.19
24.52,-5.06,7.76,4.12
24.52,-5.00,7.74,4.07
24.53,-4.90,7.74,4.05
24.53,-4.85,7.73,4.00
24.53,-4.77,7.72,3.97
24.53,-4.64,7.75,3.93
24.53,-4.56,7.76,3.88
24.54,-4.46,7.77,3.85
24.54,-4.36,7.79,3.80
24.54,-4.23,7.81,3.73
24.54,-4.12,7.88,3.70
24.55,-3.99,7.94,3.67
24.55,-3.89,7.99,3.65
24.55,-3.75,8.11,3.64
24.55,-3.60,8.23,3.64
24.56,-3.48,8.38,3.61
24.56,-3.39,8.56,3.57
24.56,-3.31,8.74,3.51
24.56,-3.25,8.94,3.48
24.57,-3.20,9.15,3.45
24.57,-3.13,9.37,3.43
24.57,-3.11,9.59,3.40
24.57,-3.06,9.83,3.41
24.58,-3.02,10.04,3.43
24.58,-3.02,10.23,3.44
24.58,-2.98,10.37,3.47
24.58,-2.95,10.47,3.48
24.58,-2.94,10.59,3.54
24.59,-2.93,10.65,3.60
24.59,-2.91,10.67,3.64
24.59,-2.89,10.63,3.64
24.59,-2.84,10.60,3.63
24.60,-2.74,10.52,3.65
24.60,-2.65,10.42,3.57
24.60,-2.57,10.28,3.53
24.60,-2.52,10.12,3.47
24.61,-2.50,9.98,3.44
24.61,-2.42,9.83,3.41
24.61,-2.37,9.67,3.39
24.61,-2.33,9.54,3.36
24.62,-2.30,9.39,3.34
24.62,-2.31,9.29,3.35
24.62,-2.38,9.17,3.37
24.62,-2.44,9.06,3.47
24.63,-2.54,8.95,3.58
24.63,-2.60,8.82,3.70
24.63,-2.65,8.76,3.89
24.63,-2.71,8.70,4.03
24.63,-2.77,8.68,4.19
24.64,-2.80,8.66,4.35
24.64,-2.85,8.64,4.50
24.64,-2.92,8.61,4.63
24.64,-2.99,8.57,4.74
24.65,-3.03,8.50,4.78
24.65,-3.08,8.43,4.84
24.65,-3.08,8.37,4.86
24.65,-3.02,8.37,4.83
24.66,-2.96,8.40,4.77
24.66,-2.92,8.42,4.73
24.66,-2.76,8.47,4.63
24.66,-2.56,8.59,4.44
24.67,-2.35,8.71,4.26
24.67,-2.11,8.87,4.00
24.67,-1.89,9.07,3.68
24.67,-1.64,9.30,3.32
24.67,-1.47,9.52,2.94
24.68,-1.36,9.81,2.56
24.68,-1.26,10.15,2.18
24.68,-1.14,10.45,1.79
24.68,-1.08,10.79,1.38
24.69,-1.02,11.10,1.06
24.69,-1.00,11.41,0.71
24.69,-0.97,11.70,0.38
24.69,-0.96,11.99,0.09
24.70,-0.97,12.24,-0.14
24.70,-0.93,12.43,-0.28
24.70,-0.92,12.58,-0.38
24.70,-0.89,12.68,-0.39
24.71,-0.89,12.72,-0.41
24.71,-0.89,12.71,-0.37
24.71,-1.00,12.66,-0.28
24.71,-1.14,12.53,-0.15
24.72,-1.23,12.33,0.01
24.72,-1.24,12.13,0.20
24.72,-1.22,11.93,0.40
24.72,-1.26,11.71,0.61
24.72,-1.40,11.47,0.82
24.73,-1.53,11.19,1.10
24.73,-1.65,10.88,1.35
24.73,-1.73,10.57,1.65
24.73,-1.80,10.27,1.98
24.74,-1.83,9.94,2.31
24.74,-1.84,9.57,2.62
24.74,-1.84,9.20,2.95
24.74,-1.87,8.79,3.27
24.75,-1.89,8.40,3.58
24.75,-1.85,8.01,3.88
24.75,-1.87,7.68,4.10
24.75,-1.91,7.34,4.33
24.76,-1.94,7.05,4.51
24.76,-1.96,6.81,4.66
24.76,-2.00,6.63,4.76
24.76,-2.01,6.42,4.81
24.77,-1.99,6.27,4.83
24.77,-1.98,6.15,4.77
24.77,-2.08,6.16,4.69
24.77,-2.06,6.16,4.52
24.77,-2.02,6.20,4.29
24.78,-1.81,6.25,4.08
24.78,-1.59,6.26,3.92
24.78,-1.64,6.33,3.70
24.78,-1.79,6.47,3.46
24.79,-1.92,6.64,3.17
24.79,-1.98,6.85,2.82
24.79,-2.13,7.01,2.48
24.79,-2.38,7.22,2.08
24.80,-2.71,7.43,1.71
24.80,-2.96,7.68,1.38
24.80,-3.12,7.89,1.18
24.80,-3.20,8.14,1.12
24.81,-3.38,8.41,1.14
24.81,-3.60,8.71,1.15
24.81,-3.83,8.97,1.23
24.81,-4.07,9.18,1.37
24.82,-4.22,9.35,1.61
24.82,-4.33,9.50,1.80
24.82,-4.46,9.63,2.03
24.82,-4.62,9.74,2.28
24.82,-4.85,9.92,2.49
24.83,-5.10,10.05,2.77
24.83,-5.22,10.15,3.12
24.83,-5.16,10.23,3.57
24.83,-5.03,10.26,4.05
24.84,-4.84,10.25,4.48
24.84,-4.58,10.20,4.87
24.84,-4.32,10.25,5.27
24.84,-3.90,10.34,5.61
24.85,-3.45,10.39,5.91
24.85,-2.99,10.42,6.19
24.85,-2.58,10.40,6.41
24.85,-2.31,10.29,6.44
24.86,-2.18,10.11,6.35
24.86,-2.15,9.86,6.18
24.86,-2.20,9.61,6.00
24.86,-2.27,9.27,5.80
24.86,-2.42,8.96,5.52
24.87,-2.54,8.66,5.21
24.87,-2.69,8.40,4.92
24.87,-2.80,8.15,4.61
24.87,-2.92,7.92,4.32
24.88,-3.00,7.74,4.02
24.88,-3.01,7.57,3.75
24.88,-3.06,7.42,3.51
24.88,-3.04,7.29,3.32
24.89,-3.07,7.20,3.16
24.89,-3.03,7.14,3.07
24.89,-3.00,7.10,3.00
24.89,-2.96,7.04,2.99
24.90,-2.91,7.04,2.98
24.90,-2.86,7.09,3.08
24.90,-2.84,7.09,3.13
24.90,-2.77,7.11,3.24
24.91,-2.69,7.16,3.37
24.91,-2.64,7.21,3.54
24.91,-2.61,7.32,3.67
24.91,-2.58,7.34,3.81
24.91,-2.54,7.39,3.90
24.92,-2.54,7.48,4.01
24.92,-2.48,7.58,4.16
24.92,-2.45,7.67,4.30
24.92,-2.43,7.74,4.38
24.93,-2.38,7.83,4.44
24.93,-2.36,7.91,4.47
24.93,-2.28,8.02,4.53
24.93,-2.23,8.14,4.55
24.94,-2.14,8.22,4.52
24.94,-2.06,8.29,4.47
24.94,-1.96,8.39,4.44
24.94,-1.84,8.47,4.41
24.95,-1.77,8.52,4.39
24.95,-1.72,8.56,4.41
24.95,-1.70,8.54,4.49
24.95,-1.68,8.51,4.59
24.96,-1.69,8.48,4.71
24.96,-1.72,8.48,4.77
24.96,-1.72,8.43,4.84
24.96,-1.74,8.44,4.86
24.96,-1.73,8.52,4.87
24.97,-1.70,8.57,4.80
24.97,-1.71,8.59,4.73
24.97,-1.76,8.61,4.66
24.97,-1.79,8.59,4.51
24.98,-1.83,8.56,4.45
24.98,-1.78,8.56,4.39
24.98,-1.84,8.52,4.29
24.98,-1.90,8.48,4.26
24.99,-2.02,8.41,4.19
24.99,-2.09,8.33,4.18
24.99,-2.12,8.25,4.22
24.99,-2.19,8.19,4.25
25.00,-2.21,8.08,4.36
25.00,-2.31,8.04,4.47
25.00,-2.34,8.00,4.58
25.00,-2.35,7.97,4.69
25.01,-2.37,7.96,4.82
25.01,-2.39,7.95,4.91
25.01,-2.41,7.95,5.01
25.01,-2.44,8.01,5.13
25.01,-2.48,8.03,5.19
25.02,-2.53,8.07,5.29
25.02,-2.58,8.08,5.38
25.02,-2.65,8.11,5.46
25.02,-2.73,8.14,5.57
25.03,-2.81,8.19,5.62
25.03,-2.85,8.25,5.68
25.03,-2.95,8.29,5.71
25.03,-3.08,8.32,5.75
25.04,-3.16,8.32,5.79
25.04,-3.26,8.32,5.82
25.04,-3.32,8.33,5.81
25.04,-3.36,8.31,5.84
25.05,-3.38,8.29,5.82
25.05,-3.42,8.22,5.77
25.05,-3.44,8.22,5.72
25.05,-3.45,8.19,5.68
25.06,-3.42,8.20,5.58
25.06,-3.39,8.21,5.47
25.06,-3.47,8.19,5.48
25.06,-3.57,8.14,5.55
25.06,-3.63,8.16,5.61
25.07,-3.73,8.16,5.69
25.07,-3.82,8.21,5.82
25.07,-3.88,8.24,5.92
25.07,-3.94,8.27,6.05
25.08,-4.01,8.33,6.17
25.08,-4.05,8.37,6.30
25.08,-4.07,8.40,6.42
25.08,-4.15,8.43,6.49
25.09,-4.22,8.50,6.56
25.09,-4.33,8.56,6.58
25.09,-4.40,8.54,6.59
25.09,-4.52,8.60,6.58
25.10,-4.61,8.62,6.55
25.10,-4.71,8.63,6.48
25.10,-4.79,8.60,6.43
25.10,-4.87,8.57,6.36
25.10,-4.92,8.52,6.25
25.11,-4.97,8.46,6.15
25.11,-5.03,8.43,6.04
25.11,-5.11,8.37,5.98
25.11,-5.18,8.30,5.88
25.12,-5.28,8.24,5.81
25.12,-5.32,8.13,5.74
25.12,-5.35,8.05,5.68
25.12,-5.39,7.97,5.61
25.13,-5.38,7.85,5.59
25.13,-5.37,7.77,5.54
25.13,-5.34,7.65,5.49
25.13,-5.32,7.51,5.44
25.14,-5.28,7.40,5.41
25.14,-5.23,7.27,5.36
25.14,-5.14,7.14,5.30
25.14,-5.00,7.04,5.28
25.15,-4.84,6.94,5.23
25.15,-4.66,6.90,5.18
25.15,-4.42,6.87,5.14
25.15,-4.16,6.88,5.07
25.15,-3.88,6.91,5.02
25.16,-3.65,6.96,4.95
25.16,-3.44,7.04,4.95
25.16,-3.19,7.14,4.92
25.16,-2.96,7.19,4.89
25.17,-2.79,7.26,4.88
25.17,-2.60,7.30,4.87
25.17,-2.44,7.33,4.90
25.17,-2.28,7.36,4.90
25.18,-2.11,7.40,4.90
25.18,-1.92,7.41,4.94
25.18,-1.79,7.41,4.90
25.18,-1.64,7.41,4.85
25.19,-1.49,7.47,4.76
25.19,-1.32,7.54,4.63
25.19,-1.17,7.59,4.37
25.19,-0.94,7.68,4.00
25.20,-0.67,7.72,3.61
25.20,-0.42,7.69,3.12
25.20,-0.20,7.63,2.57
25.20,-0.09,7.60,2.06
25.20,0.04,7.51,1.54
25.21,0.07,7.44,0.98
25.21,0.08,7.37,0.41
25.21,0.04,7.37,-0.18
25.21,-0.09,7.35,-0.73
25.22,-0.27,7.39,-1.23
25.22,-0.52,7.49,-1.68
25.22,-0.80,7.66,-2.11
25.22,-1.17,7.91,-2.49
25.23,-1.49,8.35,-2.78
25.23,-1.79,8.91,-3.11
25.23,-1.98,9.57,-3.34
25.23,-2.01,10.29,-3.59
25.24,-1.93,11.11,-3.76
25.24,-1.68,11.85,-3.91
25.24,-1.33,12.60,-4.03
25.24,-0.94,13.26,-4.14
25.25,-0.57,13.83,-4.20
25.25,-0.27,14.20,-4.14
25.25,-0.10,14.46,-3.97
25.25,-0.01,14.52,-3.76
25.25,-0.04,14.36,-3.42
25.26,-0.14,14.07,-3.03
25.26,-0.30,13.72,-2.55
25.26,-0.42,13.30,-2.08
25.26,-0.55,12.91,-1.58
25.27,-0.67,12.51,-1.15
25.27,-0.76,12.16,-0.69
25.27,-0.87,11.81,-0.31
25.27,-1.00,11.56,0.08
25.28,-1.16,11.31,0.43
25.28,-1.32,11.07,0.77
25.28,-1.44,10.89,1.09
25.28,-1.59,10.78,1.38
25.29,-1.72,10.68,1.65
25.29,-1.86,10.59,1.85
25.29,-1.95,10.54,1.96
25.29,-2.00,10.48,2.00
25.29,-2.07,10.46,2.00
25.30,-2.14,10.41,1.94
25.30,-2.22,10.40,1.84
25.30,-2.31,10.35,1.71
25.30,-2.44,10.32,1.64
25.31,-2.53,10.23,1.57
25.31,-2.59,10.15,1.50
25.31,-2.74,10.05,1.49
25.31,-2.90,9.90,1.49
25.32,-3.03,9.75,1.52
25.32,-3.21,9.59,1.57
25.32,-3.26,9.41,1.67
25.32,-3.30,9.25,1.70
25.33,-3.35,9.14,1.80
25.33,-3.36,9.08,1.92
25.33,-3.32,9.06,1.98
25.33,-3.25,9.01,2.02
25.34,-3.11,9.08,2.00
25.34,-3.02,9.19,2.02
25.34,-3.00,9.32,2.07
25.34,-2.97,9.45,2.05
25.34,-2.93,9.61,2.04
25.35,-2.89,9.78,2.01
25.35,-2.93,9.96,1.96
25.35,-2.99,10.17,1.91
25.35,-3.07,10.41,1.84
25.36,-3.12,10.64,1.73
25.36,-3.19,10.91,1.62
25.36,-3.30,11.20,1.50
25.36,-3.37,11.52,1.36
25.37,-3.46,11.81,1.16
25.37,-3.51,12.14,0.97
25.37,-3.50,12.43,0.78
25.37,-3.53,12.76,0.57
25.38,-3.52,13.09,0.39
25.38,-3.48,13.41,0.24
25.38,-3.34,13.74,0.15
25.38,-3.16,14.00,0.07
25.39,-2.92,14.24,-0.03
25.39,-2.69,14.41,-0.11
25.39,-2.43,14.54,-0.12
25.39,-2.19,14.61,-0.14
25.39,-1.98,14.60,-0.11
25.40,-1.85,14.55,-0.09
25.40,-1.75,14.39,-0.08
25.40,-1.69,14.19,-0.08
25.40,-1.55,13.90,-0.10
25.41,-1.49,13.57,-0.08
25.41,-1.40,13.15,-0.12
25.41,-1.34,12.72,-0.14
25.41,-1.23,12.26,-0.14
25.42,-1.17,11.71,-0.12
25.42,-1.24,11.17,-0.08
25.42,-1.38,10.54,0.01
25.42,-1.54,9.92,0.18
25.43,-1.67,9.34,0.37
25.43,-1.86,8.87,0.59
25.43,-2.13,8.48,0.81
25.43,-2.62,8.18,1.06
25.44,-3.21,7.91,1.34
25.44,-3.86,7.59,1.68
25.44,-4.47,7.27,2.02
25.44,-4.66,6.80,2.25
25.44,-4.75,6.51,2.49
25.45,-4.85,6.49,2.82
25.45,-4.94,6.44,3.15
25.45,-5.00,6.38,3.42
25.45,-5.01,6.34,3.66
25.46,-4.98,6.27,3.86
25.46,-4.93,6.12,3.97
25.46,-4.85,5.97,4.08
25.46,-4.69,5.84,4.19
25.47,-4.55,5.73,4.27
25.47,-4.56,5.63,4.26
25.47,-4.64,5.47,4.25
25.47,-4.71,5.41,4.28
25.48,-4.73,5.38,4.35
25.48,-4.69,5.41,4.33
25.48,-4.64,5.40,4.31
25.48,-4.56,5.39,4.24
25.49,-4.45,5.38,4.09
25.49,-4.35,5.39,3.94
25.49,-4.28,5.43,3.76
25.49,-4.10,5.55,3.58
25.49,-3.94,5.73,3.45
25.50,-3.81,5.90,3.27
25.50,-3.71,6.09,3.03
25.50,-3.59,6.33,2.88
25.50,-3.51,6.52,2.74
25.51,-3.44,6.75,2.59
25.51,-3.48,7.00,2.50
25.51,-3.52,7.23,2.41
25.51,-3.51,7.44,2.44
25.52,-3.44,7.60,2.46
25.52,-3.38,7.78,2.46
25.52,-3.33,8.00,2.55
25.52,-3.29,8.19,2.58
25.53,-3.26,8.42,2.67
25.53,-3.23,8.66,2.76
25.53,-3.20,8.87,2.86
25.53,-3.17,9.09,2.96
25.53,-3.14,9.28,3.08
25.54,-3.08,9.51,3.24
25.54,-3.03,9.70,3.33
25.54,-2.92,9.82,3.46
25.54,-2.82,9.98,3.59
25.55,-2.70,10.10,3.70
25.55,-2.58,10.18,3.79
25.55,-2.41,10.21,3.92
25.55,-2.35,10.24,4.08
25.56,-2.32,10.18,4.18
25.56,-2.36,10.03,4.40
25.56,-2.47,9.87,4.56
25.56,-2.56,9.70,4.70
25.57,-2.65,9.52,4.77
25.57,-2.74,9.35,4.84
25.57,-2.83,9.20,4.83
25.57,-2.89,9.04,4.82
25.58,-2.90,8.91,4.78
25.58,-2.92,8.75,4.70
25.58,-2.87,8.62,4.65
25.58,-2.92,8.46,4.58
25.58,-2.94,8.28,4.55
25.59,-3.01,8.07,4.50
25.59,-3.08,7.89,4.46
25.59,-3.14,7.68,4.43
25.59,-3.20,7.52,4.41
25.60,-3.20,7.37,4.38
25.60,-3.19,7.24,4.37
25.60,-3.16,7.11,4.33
25.60,-3.16,6.98,4.28
25.61,-3.14,6.85,4.29
25.61,-3.14,6.71,4.28
25.61,-3.15,6.55,4.34
25.61,-3.16,6.43,4.48
25.62,-3.16,6.37,4.51
25.62,-3.17,6.26,4.48
25.62,-3.22,6.17,4.46
25.62,-3.32,6.09,4.37
25.63,-3.39,6.02,4.26
25.63,-3.49,5.96,4.19
25.63,-3.55,5.89,4.11
25.63,-3.58,5.85,4.07
25.63,-3.61,5.82,4.04
25.64,-3.54,5.81,4.03
25.64,-3.53,5.80,4.00
25.64,-3.54,5.80,3.99
25.64,-3.56,5.83,4.03
25.65,-3.60,5.86,4.03
25.65,-3.61,5.91,4.01
25.65,-3.57,5.95,4.02
25.65,-3.54,5.98,3.99
25.66,-3.51,6.03,3.97
25.66,-3.52,6.09,3.97
25.66,-3.53,6.14,3.98
25.66,-3.55,6.16,3.96
25.67,-3.54,6.18,3.99
25.67,-3.54,6.19,4.00
25.67,-3.53,6.25,4.02
25.67,-3.54,6.29,3.99
25.68,-3.56,6.39,4.02
25.68,-3.56,6.45,4.01
25.68,-3.58,6.51,4.01
25.68,-3.60,6.60,4.00
25.68,-3.65,6.67,4.00
25.69,-3.69,6.77,4.00
25.69,-3.75,6.89,4.01
25.69,-3.84,7.00,4.02
25.69,-3.99,7.09,4.02
25.70,-4.08,7.18,4.01
25.70,-4.09,7.26,4.05
25.70,-4.15,7.38,4.07
25.70,-4.22,7.54,4.06
25.71,-4.25,7.69,4.10
25.71,-4.23,7.85,4.13
25.71,-4.20,7.97,4.16
25.71,-4.20,8.08,4.22
25.72,-4.24,8.20,4.27
25.72,-4.33,8.31,4.35
25.72,-4.43,8.44,4.43
25.72,-4.55,8.54,4.51
25.72,-4.65,8.64,4.58
25.73,-4.76,8.73,4.63
25.73,-4.84,8.81,4.64
25.73,-4.90,8.92,4.66
25.73,-4.96,9.04,4.63
25.74,-4.97,9.13,4.61
25.74,-5.01,9.24,4.58
25.74,-5.07,9.33,4.61
25.74,-5.14,9.44,4.59
25.75,-5.25,9.55,4.61
25.75,-5.38,9.60,4.64
25.75,-5.51,9.65,4.66
25.75,-5.67,9.66,4.73
25.76,-5.84,9.65,4.78
25.76,-6.02,9.66,4.84
25.76,-6.13,9.66,4.88
25.76,-6.22,9.66,4.93
25.77,-6.27,9.64,4.98
25.77,-6.28,9.60,5.08
25.77,-6.25,9.55,5.12
25.77,-6.23,9.49,5.18
25.77,-6.26,9.40,5.23
25.78,-6.25,9.32,5.29
25.78,-6.27,9.17,5.35
25.78,-6.33,9.06,5.46
25.78,-6.42,8.91,5.53
25.79,-6.51,8.79,5.57
25.79,-6.60,8.64,5.58
25.79,-6.63,8.50,5.61
25.79,-6.68,8.36,5.62
25.80,-6.69,8.25,5.61
25.80,-6.64,8.14,5.61
25.80,-6.54,8.10,5.58
25.80,-6.43,8.07,5.54
25.81,-6.26,8.07,5.47
25.81,-6.07,8.13,5.38
25.81,-5.84,8.21,5.34
25.81,-5.61,8.33,5.27
25.82,-5.38,8.47,5.22
25.82,-5.13,8.65,5.06
25.82,-4.88,8.84,4.95
25.82,-4.65,9.08,4.82
25.82,-4.42,9.35,4.70
25.83,-4.21,9.60,4.62
25.83,-3.96,9.91,4.51
25.83,-3.69,10.21,4.36
25.83,-3.41,10.53,4.20
25.84,-3.15,10.85,4.02
25.84,-2.93,11.19,3.78
25.84,-2.76,11.58,3.50
25.84,-2.64,12.03,3.26
25.85,-2.50,12.50,3.08
25.85,-2.36,13.01,2.90
25.85,-2.21,13.60,2.83
25.85,-2.08,14.21,2.78
25.86,-1.98,14.83,2.82
25.86,-1.93,15.43,2.91
25.86,-1.92,15.98,3.02
25.86,-1.92,16.49,3.12
25.87,-1.89,16.93,3.26
25.87,-1.89,17.28,3.38
25.87,-1.89,17.45,3.52
25.87,-1.91,17.52,3.61
25.87,-1.85,17.42,3.70
25.88,-1.82,17.13,3.77
25.88,-1.76,16.60,3.90
25.88,-1.72,15.74,4.00
25.88,-1.67,14.68,4.13
25.89,-1.53,13.58,4.25
25.89,-1.44,12.56,4.26
25.89,-1.36,11.68,4.20
25.89,-1.34,10.85,4.10
25.90,-1.37,10.12,3.93
25.90,-1.40,9.47,3.68
25.90,-1.44,8.88,3.43
25.90,-1.49,8.35,3.12
25.91,-1.59,7.84,2.77
25.91,-1.73,7.41,2.46
25.91,-1.85,7.02,2.16
25.91,-1.99,6.69,1.90
25.92,-2.09,6.44,1.70
25.92,-2.19,6.23,1.55
25.92,-2.29,6.11,1.40
25.92,-2.36,6.03,1.25
25.92,-2.39,5.99,1.16
25.93,-2.37,5.91,1.09
25.93,-2.33,5.85,1.00
25.93,-2.29,5.75,0.88
25.93,-2.23,5.71,0.75
25.94,-2.17,5.76,0.65
25.94,-2.02,5.83,0.52
25.94,-1.90,5.84,0.40
25.94,-1.78,5.91,0.26
25.95,-1.69,6.01,0.11
25.95,-1.53,6.17,-0.06
25.95,-1.36,6.36,-0.21
25.95,-1.20,6.58,-0.43
25.96,-1.06,6.81,-0.56
25.96,-0.99,7.07,-0.69
25.96,-0.99,7.35,-0.77
25.96,-1.05,7.69,-0.78
25.96,-1.14,8.04,-0.69
25.97,-1.20,8.37,-0.56
25.97,-1.30,8.68,-0.37
25.97,-1.36,9.00,-0.13
25.97,-1.37,9.33,0.19
25.98,-1.40,9.66,0.56
25.98,-1.47,10.01,0.94
25.98,-1.52,10.33,1.36
25.98,-1.49,10.61,1.79
25.99,-1.43,10.88,2.21
25.99,-1.46,11.18,2.61
25.99,-1.59,11.43,3.07
25.99,-1.78,11.66,3.48
26.00,-1.97,11.84,3.79
26.00,-2.20,11.99,3.99
26.00,-2.74,12.25,4.21
26.00,-3.29,12.39,4.44
26.01,-3.78,12.40,4.67
26.01,-3.89,12.21,4.90
26.01,-3.81,11.93,4.96
26.01,-3.86,11.67,5.03
26.01,-4.00,11.37,5.05
26.02,-4.15,10.99,5.16
26.02,-4.22,10.58,5.18
26.02,-4.25,10.20,5.07
26.02,-4.28,9.81,4.91
26.03,-4.20,9.46,4.78
26.03,-3.95,9.09,4.68
26.03,-3.52,8.78,4.69
26.03,-2.94,8.48,4.77
26.04,-2.44,8.21,4.84
26.04,-2.03,7.97,4.88
26.04,-1.74,7.81,4.90
26.04,-1.47,7.61,4.79
26.05,-1.22,7.41,4.72
26.05,-1.01,7.25,4.72
26.05,-0.68,7.07,4.72
26.05,-0.42,6.90,4.72
26.06,-0.21,6.78,4.67
26.06,-0.04,6.75,4.57
26.06,0.16,6.75,4.44
26.06,0.31,6.81,4.29
26.06,0.46,6.89,4.10
26.07,0.55,7.03,3.94
26.07,0.59,7.15,3.84
26.07,0.59,7.25,3.75
26.07,0.52,7.35,3.65
26.08,0.33,7.38,3.55
26.08,0.04,7.38,3.48
26.08,-0.39,7.39,3.43
26.08,-0.77,7.37,3.40
26.09,-1.14,7.42,3.45
26.09,-1.43,7.46,3.53
26.09,-1.72,7.54,3.64
26.09,-1.98,7.60,3.79
26.10,-2.22,7.64,3.90
26.10,-2.42,7.70,4.04
26.10,-2.57,7.74,4.20
26.10,-2.69,7.78,4.33
26.11,-2.78,7.78,4.43
26.11,-2.88,7.81,4.53
26.11,-2.97,7.85,4.60
26.11,-3.10,7.88,4.65
26.11,-3.20,7.88,4.65
26.12,-3.28,7.94,4.66
26.12,-3.38,7.98,4.62
26.12,-3.42,8.00,4.55
26.12,-3.39,8.05,4.45
26.13,-3.40,8.09,4.31
26.13,-3.32,8.15,4.17
26.13,-3.29,8.24,4.04
26.13,-3.23,8.30,3.89
26.14,-3.13,8.36,3.74
26.14,-3.06,8.38,3.65
26.14,-2.96,8.40,3.52
26.14,-2.90,8.44,3.44
26.15,-2.83,8.48,3.35
26.15,-2.74,8.50,3.31
26.15,-2.66,8.54,3.29
26.15,-2.59,8.57,3.31
26.15,-2.53,8.61,3.36
26.16,-2.44,8.64,3.45
26.16,-2.35,8.69,3.52
26.16,-2.26,8.73,3.54
26.16,-2.13,8.80,3.62
26.17,-2.02,8.89,3.65
26.17,-1.93,8.96,3.74
26.17,-1.85,9.04,3.85
26.17,-1.83,9.05,3.98
26.18,-1.83,9.03,4.09
26.18,-1.89,8.99,4.21
26.18,-1.99,8.95,4.33
26.18,-2.09,8.90,4.42
26.19,-2.19,8.84,4.41
26.19,-2.28,8.77,4.41
26.19,-2.36,8.73,4.33
26.19,-2.43,8.71,4.21
26.20,-2.44,8.68,4.11
26.20,-2.44,8.66,4.01
26.20,-2.46,8.67,3.95
26.20,-2.44,8.68,3.87
26.20,-2.43,8.67,3.87
26.21,-2.40,8.64,3.88
26.21,-2.42,8.65,3.91
26.21,-2.43,8.63,4.00
26.21,-2.41,8.62,4.07
26.22,-2.39,8.63,4.15
26.22,-2.38,8.63,4.25
26.22,-2.37,8.62,4.33
26.22,-2.35,8.59,4.37
26.23,-2.32,8.58,4.44
26.23,-2.30,8.54,4.50
26.23,-2.26,8.53,4.55
26.23,-2.20,8.50,4.59
26.24,-2.13,8.51,4.65
26.24,-2.09,8.47,4.69
26.24,-2.01,8.45,4.70
26.24,-1.96,8.40,4.74
26.25,-1.94,8.33,4.81
26.25,-1.89,8.29,4.91
26.25,-1.86,8.22,4.99
26.25,-1.86,8.19,5.02
26.25,-1.86,8.16,5.03
26.26,-1.87,8.13,5.11
26.26,-1.85,8.12,5.14
26.26,-1.85,8.10,5.17
26.26,-1.89,8.12,5.21
26.27,-1.91,8.14,5.27
26.27,-1.91,8.19,5.33
26.27,-1.95,8.21,5.31
26.27,-1.98,8.26,5.28
26.28,-2.01,8.32,5.28
26.28,-2.04,8.37,5.28
26.28,-2.10,8.42,5.25
26.28,-2.18,8.46,5.23
26.29,-2.25,8.51,5.19
26.29,-2.34,8.54,5.17
26.29,-2.45,8.58,5.10
26.29,-2.58,8.61,5.07
26.30,-2.70,8.69,5.04
26.30,-2.83,8.71,5.03
26.30,-2.95,8.75,5.03
26.30,-3.05,8.78,5.03
26.30,-3.17,8.75,5.07
26.31,-3.29,8.73,5.11
26.31,-3.37,8.74,5.15
26.31,-3.42,8.69,5.14
26.31,-3.50,8.66,5.14
26.32,-3.54,8.63,5.15
26.32,-3.58,8.59,5.12
26.32,-3.60,8.55,5.07
26.32,-3.62,8.47,5.00
26.33,-3.64,8.40,4.92
26.33,-3.65,8.32,4.79
26.33,-3.62,8.25,4.61
26.33,-3.60,8.14,4.45
26.34,-3.59,8.04,4.25
26.34,-3.60,7.91,4.08
26.34,-3.58,7.77,3.90
26.34,-3.56,7.64,3.72
26.35,-3.53,7.47,3.53
26.35,-3.46,7.33,3.37
26.35,-3.38,7.21,3.27
26.35,-3.28,7.11,3.22
26.35,-3.15,7.02,3.24
26.36,-3.00,6.98,3.31
26.36,-2.82,6.98,3.38
26.36,-2.57,7.01,3.50
26.36,-2.30,7.13,3.62
26.37,-2.04,7.25,3.74
26.37,-1.78,7.41,3.89
26.37,-1.56,7.59,4.07
26.37,-1.33,7.75,4.19
26.38,-1.20,7.90,4.36
26.38,-1.10,7.98,4.54
26.38,-1.09,8.02,4.67
26.38,-1.11,8.01,4.78
26.39,-1.20,7.95,4.87
26.39,-1.29,7.92,4.95
26.39,-1.32,7.81,4.97
26.39,-1.34,7.65,4.93
26.39,-1.32,7.54,4.94
26.40,-1.21,7.47,4.90
26.40,-1.13,7.44,4.83
26.40,-1.01,7.38,4.72
26.40,-0.88,7.40,4.63
26.41,-0.77,7.41,4.56
26.41,-0.69,7.48,4.52
26.41,-0.64,7.49,4.51
26.41,-0.57,7.49,4.45
26.42,-0.54,7.48,4.32
26.42,-0.55,7.48,4.14
26.42,-0.63,7.47,3.90
26.42,-0.80,7.50,3.63
26.43,-1.06,7.54,3.27
26.43,-1.35,7.68,2.89
26.43,-1.66,7.88,2.46
26.43,-1.95,8.14,2.03
26.44,-2.18,8.45,1.63
26.44,-2.37,8.83,1.23
26.44,-2.52,9.26,0.83
26.44,-2.66,9.70,0.43
26.44,-2.79,10.16,0.04
26.45,-2.90,10.62,-0.36
26.45,-3.05,11.07,-0.73
26.45,-3.19,11.43,-1.07
26.45,-3.34,11.81,-1.37
26.46,-3.48,12.08,-1.61
26.46,-3.59,12.30,-1.81
26.46,-3.77,12.44,-1.95
26.46,-3.97,12.52,-1.99
26.47,-4.15,12.54,-1.96
26.47,-4.37,12.48,-1.86
26.47,-4.56,12.39,-1.71
26.47,-4.69,12.32,-1.53
26.48,-4.81,12.24,-1.32
26.48,-4.89,12.09,-1.09
26.48,-4.91,11.94,-0.80
26.48,-4.96,11.77,-0.54
26.49,-4.99,11.58,-0.27
26.49,-5.03,11.38,0.05
26.49,-5.07,11.22,0.35
26.49,-5.16,11.07,0.70
26.49,-5.26,10.92,1.01
26.50,-5.31,10.79,1.31
26.50,-5.42,10.67,1.58
26.50,-5.45,10.59,1.81
26.50,-5.48,10.55,2.01
26.51,-5.68,10.49,2.17
26.51,-5.93,10.47,2.27
26.51,-6.10,10.47,2.40
26.51,-6.38,10.51,2.49
26.52,-6.63,10.48,2.58
26.52,-6.88,10.48,2.72
26.52,-7.10,10.41,2.85
26.52,-7.25,10.34,3.00
26.53,-7.35,10.23,3.13
26.53,-7.50,10.13,3.37
26.53,-7.61,10.06,3.60
26.53,-7.59,9.97,3.79
26.54,-7.45,9.85,3.96
26.54,-7.18,9.76,4.07
26.54,-6.76,9.71,4.12
26.54,-6.29,9.69,4.10
26.54,-5.80,9.67,4.01
26.55,-5.33,9.71,3.84
26.55,-4.86,9.72,3.63
26.55,-4.44,9.77,3.37
26.55,-4.09,9.83,3.15
26.56,-3.77,9.88,2.97
26.56,-3.50,9.94,2.79
26.56,-3.21,9.98,2.62
26.56,-3.02,10.04,2.45
26.57,-2.83,10.13,2.27
26.57,-2.69,10.22,2.13
26.57,-2.64,10.36,1.96
26.57,-2.60,10.55,1.82
26.58,-2.60,10.70,1.64
26.58,-2.59,10.85,1.44
26.58,-2.58,11.03,1.24
26.58,-2.54,11.23,1.01
26.58,-2.51,11.43,0.80
26.59,-2.44,11.64,0.64
26.59,-2.41,11.89,0.44
26.59,-2.38,12.11,0.25
26.59,-2.27,12.28,0.13
26.60,-2.14,12.45,0.03
26.60,-2.05,12.61,-0.01
26.60,-1.98,12.74,-0.02
26.60,-1.93,12.80,0.02
26.61,-1.87,12.80,0.07
26.61,-1.83,12.74,0.14
26.61,-1.77,12.70,0.28
26.61,-1.75,12.59,0.39
26.62,-1.71,12.49,0.51
26.62,-1.69,12.36,0.58
26.62,-1.62,12.17,0.65
26.62,-1.56,11.97,0.73
26.63,-1.53,11.72,0.85
26.63,-1.55,11.45,0.97
26.63,-1.61,11.21,1.08
26.63,-1.80,10.93,1.24
26.63,-2.04,10.66,1.42
26.64,-2.16,10.26,1.53
26.64,-2.14,9.91,1.54
26.64,-2.13,9.65,1.55
26.64,-2.12,9.42,1.55
26.65,-2.10,9.22,1.58
26.65,-2.13,8.98,1.70
26.65,-2.24,8.81,1.82
26.65,-2.38,8.57,2.01
26.66,-2.51,8.36,2.19
26.66,-2.68,8.16,2.38
26.66,-2.84,7.94,2.63
26.66,-3.05,7.80,2.87
26.67,-3.24,7.70,3.13
26.67,-3.41,7.63,3.31
26.67,-3.48,7.59,3.49
26.67,-3.53,7.49,3.59
26.68,-3.54,7.42,3.72
26.68,-3.61,7.41,3.82
26.68,-3.71,7.37,3.92
26.68,-3.67,7.39,3.99
26.68,-3.60,7.28,3.99
26.69,-3.50,7.14,3.84
26.69,-3.48,7.00,3.81
26.69,-3.53,6.88,3.77
26.69,-3.54,6.84,3.65
26.70,-3.49,6.87,3.48
26.70,-3.31,6.84,3.41
26.70,-3.15,6.87,3.48
26.70,-3.25,6.89,3.35
26.71,-3.45,6.95,3.13
26.71,-3.48,6.94,3.04
26.71,-3.43,6.99,3.02
26.71,-3.36,7.06,2.91
26.72,-3.23,7.11,2.81
26.72,-3.12,7.12,2.75
26.72,-3.00,7.08,2.70
26.72,-2.89,7.09,2.64
26.73,-2.78,7.12,2.61
26.73,-2.72,7.19,2.57
26.73,-2.73,7.33,2.56
26.73,-2.77,7.49,2.57
26.73,-2.85,7.63,2.61
26.74,-2.93,7.76,2.68
26.74,-3.03,7.88,2.71
26.74,-3.06,7.97,2.81
26.74,-3.05,8.06,2.89
26.75,-3.01,8.16,2.99
26.75,-2.93,8.25,3.10
26.75,-2.85,8.35,3.19
26.75,-2.78,8.46,3.27
26.76,-2.72,8.53,3.35
26.76,-2.69,8.63,3.39
26.76,-2.65,8.73,3.46
26.76,-2.69,8.81,3.48
26.77,-2.68,8.86,3.55
26.77,-2.71,8.88,3.58
26.77,-2.76,8.90,3.60
26.77,-2.82,8.91,3.61
26.78,-2.86,8.93,3.60
26.78,-2.92,8.91,3.63
26.78,-3.00,8.91,3.62
26.78,-3.07,8.89,3.59
26.78,-3.10,8.89,3.55
26.79,-3.15,8.87,3.52
26.79,-3.16,8.86,3.46
26.79,-3.19,8.81,3.47
26.79,-3.19,8.77,3.41
26.80,-3.17,8.74,3.41
26.80,-3.14,8.67,3.40
26.80,-3.11,8.62,3.37
26.80,-3.08,8.57,3.39
26.81,-3.03,8.52,3.37
26.81,-2.99,8.43,3.38
26.81,-2.95,8.34,3.37
26.81,-2.92,8.22,3.36
26.82,-2.90,8.09,3.37
26.82,-2.85,8.00,3.42
26.82,-2.78,7.89,3.45
26.82,-2.74,7.78,3.48
26.82,-2.70,7.66,3.49
26.83,-2.64,7.54,3.55
26.83,-2.64,7.41,3.60
26.83,-2.63,7.28,3.64
26.83,-2.64,7.20,3.69
26.84,-2.62,7.13,3.70
26.84,-2.60,7.00,3.77
26.84,-2.57,6.94,3.77
26.84,-2.55,6.89,3.77
26.85,-2.54,6.87,3.83
26.85,-2.52,6.85,3.83
26.85,-2.51,6.83,3.81
26.85,-2.52,6.81,3.83
26.86,-2.55,6.77,3.84
26.86,-2.55,6.71,3.86
26.86,-2.53,6.68,3.91
26.86,-2.53,6.64,3.92
26.87,-2.51,6.63,3.99
26.87,-2.50,6.56,4.03
26.87,-2.48,6.53,4.05
26.87,-2.49,6.49,4.10
26.87,-2.52,6.49,4.15
26.88,-2.58,6.46,4.20
26.88,-2.64,6.44,4.24
26.88,-2.74,6.41,4.28
26.88,-2.85,6.40,4.31
26.89,-2.93,6.36,4.33
26.89,-2.98,6.29,4.35
26.89,-3.07,6.23,4.39
26.89,-3.17,6.23,4.37
26.90,-3.29,6.20,4.36
26.90,-3.39,6.22,4.37
26.90,-3.46,6.22,4.38
26.90,-3.56,6.22,4.38
26.91,-3.69,6.22,4.39
26.91,-3.88,6.24,4.41
26.91,-4.06,6.21,4.43
26.91,-4.25,6.19,4.44
26.92,-4.40,6.17,4.47
26.92,-4.49,6.11,4.48
26.92,-4.48,6.04,4.50
26.92,-4.42,6.02,4.54
26.92,-4.44,6.03,4.59
26.93,-4.49,6.08,4.70
26.93,-4.57,6.17,4.75
26.93,-4.68,6.26,4.81
26.93,-4.76,6.36,4.84
26.94,-4.79,6.53,4.84
26.94,-4.83,6.72,4.89
26.94,-4.84,6.92,4.85
26.94,-4.84,7.13,4.88
26.95,-4.89,7.37,4.86
26.95,-4.95,7.58,4.82
26.95,-5.00,7.79,4.75
26.95,-5.08,8.01,4.71
26.96,-5.17,8.18,4.63
26.96,-5.27,8.39,4.56
26.96,-5.33,8.59,4.49
26.96,-5.41,8.82,4.40
26.97,-5.45,8.98,4.33
26.97,-5.47,9.17,4.26
26.97,-5.52,9.29,4.17
26.97,-5.60,9.48,4.12
26.97,-5.64,9.62,4.07
26.98,-5.70,9.77,4.05
26.98,-5.78,9.92,4.09
26.98,-5.85,10.06,4.15
26.98,-5.92,10.19,4.28
26.99,-6.03,10.29,4.44
26.99,-6.11,10.39,4.65
26.99,-6.16,10.51,4.97
26.99,-6.18,10.60,5.28
27.00,-6.20,10.63,5.61
27.00,-6.22,10.67,5.94
27.00,-6.29,10.63,6.23
27.00,-6.40,10.55,6.54
27.01,-6.50,10.46,6.77
27.01,-6.63,10.35,6.93
27.01,-6.72,10.18,7.06
27.01,-6.85,9.98,7.12
27.01,-7.03,9.74,7.11
27.02,-7.22,9.49,7.06
27.02,-7.44,9.21,6.93
27.02,-7.70,8.93,6.77
27.02,-7.96,8.63,6.57
27.03,-8.25,8.29,6.38
27.03,-8.55,8.01,6.15
27.03,-8.74,7.75,5.92
27.03,-8.87,7.56,5.67
27.04,-8.92,7.44,5.43
27.04,-8.86,7.36,5.22
27.04,-8.72,7.34,5.03
27.04,-8.50,7.35,4.91
27.05,-8.18,7.41,4.83
27.05,-7.76,7.54,4.80
27.05,-7.25,7.65,4.78
27.05,-6.72,7.81,4.79
27.06,-6.20,7.96,4.77
27.06,-5.70,8.13,4.74
27.06,-5.27,8.30,4.71
27.06,-4.92,8.45,4.66
27.06,-4.54,8.61,4.55
27.07,-4.23,8.75,4.46
27.07,-3.90,8.93,4.33
27.07,-3.59,9.15,4.19
27.07,-3.28,9.33,4.03
27.08,-3.01,9.59,3.86
27.08,-2.74,9.86,3.68
27.08,-2.46,10.19,3.52
27.08,-2.24,10.50,3.38
27.09,-2.00,10.83,3.25
27.09,-1.81,11.23,3.14
27.09,-1.65,11.59,3.06
27.09,-1.49,12.00,3.01
27.10,-1.37,12.42,3.00
27.10,-1.28,12.86,3.02
27.10,-1.22,13.34,3.05
27.10,-1.19,13.81,3.14
27.11,-1.15,14.28,3.25
27.11,-1.14,14.77,3.40
27.11,-1.13,15.23,3.61
27.11,-1.18,15.61,3.79
27.11,-1.29,15.92,3.92
27.12,-1.47,16.13,4.01
27.12,-1.71,16.25,3.95
27.12,-1.91,16.32,3.89
27.12,-2.14,16.27,3.65
27.13,-2.42,16.04,3.34
27.13,-2.69,15.64,2.92
27.13,-3.00,15.08,2.36
27.13,-3.29,14.33,1.73
27.14,-3.51,13.52,1.02
27.14,-3.58,12.70,0.39
27.14,-3.42,11.92,-0.19
27.14,-2.95,11.31,-0.60
27.15,-2.38,10.78,-0.94
27.15,-1.81,10.30,-1.26
27.15,-1.35,9.86,-1.41
27.15,-0.97,9.44,-1.51
27.16,-0.71,9.09,-1.55
27.16,-0.48,8.76,-1.48
27.16,-0.25,8.47,-1.39
27.16,-0.06,8.16,-1.23
27.16,0.09,7.89,-1.05
27.17,0.15,7.65,-0.84
27.17,0.10,7.47,-0.59
27.17,0.06,7.32,-0.40
27.17,0.03,7.13,-0.31
27.18,0.05,6.95,-0.19
27.18,0.09,6.86,-0.03
27.18,0.13,6.80,0.22
27.18,0.20,6.78,0.57
27.19,0.29,6.72,0.96
27.19,0.37,6.72,1.39
27.19,0.48,6.74,1.78
27.19,0.63,6.82,2.11
27.20,0.71,6.93,2.38
27.20,0.79,7.01,2.60
27.20,0.89,7.12,2.85
27.20,0.91,7.20,3.03
27.21,0.88,7.25,3.15
27.21,0.78,7.37,3.37
27.21,0.58,7.59,3.54
27.21,0.72,7.71,3.70
27.21,1.00,7.80,3.83
27.22,1.10,7.86,3.89
27.22,0.95,7.99,3.89
27.22,0.73,8.12,3.97
27.22,0.49,8.24,4.01
27.23,0.23,8.35,4.00
27.23,-0.07,8.57,3.89
27.23,-0.31,8.77,3.65
27.23,-0.64,9.01,3.40
27.24,-1.10,9.33,3.22
27.24,-1.51,9.66,3.12
27.24,-1.91,10.03,3.05
27.24,-2.23,10.37,2.93
27.25,-2.61,10.68,2.92
27.25,-3.04,10.93,2.95
27.25,-3.47,11.16,3.04
27.25,-3.88,11.35,3.19
27.25,-4.20,11.44,3.41
27.26,-4.54,11.47,3.67
27.26,-4.86,11.42,3.99
27.26,-5.13,11.30,4.33
27.26,-5.33,11.12,4.59
27.27,-5.43,10.87,4.83
27.27,-5.40,10.58,5.01
27.27,-5.23,10.30,5.09
27.27,-4.90,10.04,5.08
27.28,-4.38,9.77,4.94
27.28,-3.72,9.59,4.76
27.28,-2.99,9.42,4.50
27.28,-2.34,9.27,4.15
27.29,-1.81,9.09,3.81
27.29,-1.40,8.90,3.44
27.29,-1.19,8.73,3.14
27.29,-0.99,8.56,2.86
27.30,-0.81,8.40,2.66
27.30,-0.48,8.29,2.55
27.30,-0.18,8.19,2.52
27.30,-0.13,8.10,2.50
27.30,-0.16,8.00,2.49
27.31,-0.24,7.91,2.50
27.31,-0.41,7.80,2.53
27.31,-0.62,7.67,2.55
27.31,-0.92,7.50,2.61
27.32,-1.21,7.33,2.78
27.32,-1.47,7.17,2.99
27.32,-1.69,7.03,3.23
27.32,-1.83,6.91,3.46
27.33,-1.97,6.83,3.70
27.33,-2.10,6.79,3.89
27.33,-2.21,6.78,4.02
27.33,-2.32,6.75,4.16
27.34,-2.42,6.74,4.26
27.34,-2.46,6.75,4.30
27.34,-2.53,6.77,4.39
27.34,-2.58,6.81,4.45
27.35,-2.60,6.89,4.49
27.35,-2.63,6.93,4.50
27.35,-2.70,7.02,4.51
27.35,-2.74,7.12,4.51
27.35,-2.75,7.22,4.50
27.36,-2.78,7.30,4.48
27.36,-2.86,7.44,4.41
27.36,-2.89,7.59,4.38
27.36,-2.91,7.73,4.36
27.37,-2.97,7.87,4.32
27.37,-3.01,8.01,4.24
27.37,-3.07,8.17,4.19
27.37,-3.12,8.33,4.12
27.38,-3.16,8.53,4.05
27.38,-3.19,8.74,3.99
27.38,-3.20,8.92,3.93
27.38,-3.20,9.06,3.87
27.39,-3.17,9.25,3.80
27.39,-3.16,9.41,3.70
27.39,-3.14,9.57,3.56
27.39,-3.07,9.70,3.50
27.40,-2.98,9.80,3.41
27.40,-2.87,9.95,3.38
27.40,-2.75,10.00,3.33
27.40,-2.64,10.07,3.30
27.40,-2.58,10.05,3.34
27.41,-2.56,9.98,3.36
27.41,-2.51,9.86,3.39
27.41,-2.48,9.73,3.41
27.41,-2.42,9.59,3.44
27.42,-2.33,9.49,3.45
27.42,-2.28,9.38,3.43
27.42,-2.20,9.28,3.39
27.42,-2.13,9.21,3.40
27.43,-2.06,9.12,3.47
27.43,-2.04,9.06,3.55
27.43,-2.04,9.02,3.65
27.43,-2.07,8.99,3.79
27.44,-2.08,8.93,3.91
27.44,-2.15,8.91,4.08
27.44,-2.20,8.85,4.26
27.44,-2.31,8.81,4.41
27.44,-2.38,8.78,4.53
27.45,-2.42,8.75,4.62
27.45,-2.42,8.71,4.71
27.45,-2.40,8.66,4.81
27.45,-2.37,8.63,4.84
27.46,-2.33,8.55,4.86
27.46,-2.30,8.48,4.90
27.46,-2.29,8.38,4.90
27.46,-2.26,8.28,4.92
27.47,-2.25,8.14,4.94
27.47,-2.21,8.06,4.95
27.47,-2.19,7.93,4.96
27.47,-2.13,7.86,4.99
27.48,-2.14,7.75,5.02
27.48,-2.16,7.66,5.06
27.48,-2.18,7.58,5.13
27.48,-2.21,7.54,5.19
27.49,-2.23,7.46,5.27
27.49,-2.25,7.43,5.35
27.49,-2.30,7.41,5.43
27.49,-2.34,7.43,5.49
27.49,-2.39,7.43,5.57
27.50,-2.44,7.48,5.63
27.50,-2.51,7.47,5.75
27.50,-2.58,7.49,5.87
27.50,-2.68,7.53,5.90
27.51,-2.79,7.53,5.99
27.51,-2.92,7.54,6.03
27.51,-3.01,7.51,6.06
27.51,-3.15,7.50,6.15
27.52,-3.25,7.49,6.21
27.52,-3.36,7.47,6.24
27.52,-3.44,7.46,6.27
27.52,-3.55,7.45,6.29
27.53,-3.64,7.44,6.31
27.53,-3.71,7.42,6.32
27.53,-3.85,7.40,6.31
27.53,-3.93,7.34,6.30
27.54,-4.00,7.30,6.28
27.54,-4.10,7.28,6.24
27.54,-4.16,7.24,6.15
27.54,-4.22,7.17,6.05
27.54,-4.28,7.17,5.95
27.55,-4.31,7.11,5.82
27.55,-4.38,7.07,5.67
27.55,-4.46,6.98,5.49
27.55,-4.44,6.91,5.33
27.56,-4.44,6.89,5.18
27.56,-4.44,6.87,4.99
27.56,-4.39,6.79,4.84
27.56,-4.35,6.78,4.70
27.57,-4.29,6.78,4.53
27.57,-4.23,6.74,4.41
27.57,-4.22,6.74,4.25
27.57,-4.19,6.72,4.08
27.58,-4.16,6.71,3.90
27.58,-4.11,6.74,3.69
27.58,-4.09,6.79,3.49
27.58,-4.02,6.89,3.30
27.59,-3.91,6.95,3.14
27.59,-3.74,7.05,3.06
27.59,-3.51,7.29,2.95
27.59,-3.24,7.61,2.90
27.59,-3.01,7.90,2.93
27.60,-2.85,8.17,3.03
27.60,-2.72,8.42,3.19
27.60,-2.61,8.66,3.39
27.60,-2.46,8.91,3.61
27.61,-2.32,9.17,3.88
27.61,-2.21,9.40,4.18
27.61,-2.03,9.58,4.40
27.61,-1.83,9.77,4.59
27.62,-1.62,9.96,4.78
27.62,-1.45,10.07,4.96
27.62,-1.33,10.17,5.13
27.62,-1.22,10.27,5.24
27.63,-1.13,10.30,5.36
27.63,-1.07,10.30,5.45
27.63,-1.01,10.28,5.51
27.63,-0.98,10.19,5.50
27.64,-0.94,10.07,5.49
27.64,-0.83,9.94,5.44
27.64,-0.69,9.78,5.33
27.64,-0.56,9.60,5.22
27.64,-0.44,9.40,5.05
27.65,-0.25,9.18,4.92
27.65,-0.03,8.95,4.78
27.65,0.22,8.63,4.64
27.65,0.45,8.31,4.45
27.66,0.62,7.98,4.17
27.66,0.74,7.63,3.76
27.66,0.82,7.31,3.30
27.66,0.85,6.96,2.82
27.67,0.74,6.66,2.30
27.67,0.62,6.39,1.81
27.67,0.39,6.20,1.35
27.67,0.03,6.02,0.93
27.68,-0.34,5.95,0.56
27.68,-0.74,5.99,0.27
27.68,-1.10,6.10,-0.05
27.68,-1.41,6.33,-0.30
27.68,-1.68,6.61,-0.55
27.69,-1.92,6.95,-0.76
27.69,-2.09,7.35,-1.00
27.69,-2.22,7.87,-1.21
27.69,-2.30,8.39,-1.41
27.70,-2.42,8.94,-1.58
27.70,-2.53,9.48,-1.76
27.70,-2.65,9.95,-1.91
27.70,-2.72,10.43,-2.01
27.71,-2.82,10.82,-2.08
27.71,-2.90,11.22,-2.08
27.71,-2.98,11.54,-2.02
27.71,-3.10,11.80,-1.87
27.72,-3.23,11.99,-1.68
27.72,-3.30,12.14,-1.41
27.72,-3.44,12.21,-1.10
27.72,-3.53,12.25,-0.85
27.73,-3.67,12.28,-0.45
27.73,-3.73,12.29,-0.07
27.73,-3.80,12.30,0.36
27.73,-3.86,12.31,0.77
27.73,-4.00,12.32,1.19
27.74,-4.12,12.36,1.58
27.74,-4.28,12.41,1.91
27.74,-4.52,12.47,2.18
27.74,-4.75,12.56,2.37
27.75,-5.03,12.67,2.47
27.75,-5.39,12.79,2.48
27.75,-5.66,12.92,2.49
27.75,-5.93,13.02,2.44
27.76,-6.29,13.12,2.32
27.76,-6.81,13.22,2.19
27.76,-7.21,13.25,2.10
27.76,-7.62,13.25,2.02
27.77,-7.96,13.15,1.98
27.77,-8.18,12.93,1.95
27.77,-8.42,12.60,1.97
27.77,-8.58,12.22,1.97
27.78,-8.69,11.82,1.98
27.78,-8.71,11.46,2.01
27.78,-8.56,11.09,2.01
27.78,-8.26,10.78,1.97
27.78,-7.79,10.51,1.90
27.79,-7.18,10.29,1.76
27.79,-6.52,10.13,1.61
27.79,-5.94,10.03,1.47
27.79,-5.45,9.95,1.33
27.80,-5.02,9.92,1.22
27.80,-4.71,9.94,1.13
27.80,-4.42,9.92,1.06
27.80,-4.17,9.96,0.99
27.81,-3.94,10.00,0.93
27.81,-3.77,10.05,0.82
27.81,-3.60,10.11,0.73
27.81,-3.46,10.21,0.60
27.82,-3.31,10.35,0.49
27.82,-3.17,10.48,0.39
27.82,-3.02,10.60,0.36
27.82,-2.86,10.70,0.35
27.83,-2.68,10.83,0.33
27.83,-2.56,11.01,0.36
27.83,-2.46,11.13,0.43
27.83,-2.31,11.29,0.50
27.83,-2.17,11.46,0.60
27.84,-2.06,11.60,0.71
27.84,-1.91,11.74,0.84
27.84,-1.74,11.90,0.95
27.84,-1.61,12.05,1.08
27.85,-1.45,12.16,1.23
27.85,-1.29,12.29,1.40
27.85,-1.12,12.35,1.59
27.85,-0.97,12.43,1.77
27.86,-0.83,12.43,1.98
27.86,-0.66,12.39,2.14
27.86,-0.51,12.31,2.27
27.86,-0.41,12.18,2.36
27.87,-0.32,12.03,2.38
27.87,-0.22,11.83,2.41
27.87,-0.07,11.60,2.42
27.87,0.08,11.32,2.46
27.87,0.05,11.02,2.51
27.88,-0.05,10.51,2.57
27.88,0.00,9.91,2.52
27.88,0.11,9.38,2.50
27.88,0.23,8.94,2.51
27.89,0.29,8.67,2.52
27.89,0.26,8.41,2.56
27.89,-0.10,8.16,2.59
27.89,-0.79,7.82,2.67
27.90,-1.48,7.46,2.75
27.90,-2.04,7.12,2.81
27.90,-2.47,6.83,2.88
27.90,-2.78,6.62,2.93
27.91,-2.97,6.48,3.00
27.91,-3.13,6.41,3.03
27.91,-3.26,6.40,3.08
27.91,-3.34,6.37,3.09
27.92,-3.44,6.34,3.13
27.92,-3.60,6.33,3.27
27.92,-3.81,6.32,3.35
27.92,-4.04,6.27,3.46
27.92,-4.26,6.30,3.48
27.93,-4.42,6.34,3.44
27.93,-4.42,6.34,3.26
27.93,-4.39,6.36,3.12
27.93,-4.36,6.39,3.01
27.94,-4.33,6.53,2.90
27.94,-4.32,6.73,2.82
27.94,-4.40,6.97,2.78
27.94,-4.44,7.10,2.79
27.95,-4.46,7.18,2.81
27.95,-4.49,7.22,2.83
27.95,-4.53,7.18,2.85
27.95,-4.56,7.17,2.82
27.96,-4.53,7.17,2.80
27.96,-4.44,7.21,2.74
27.96,-4.28,7.31,2.69
27.96,-4.24,7.46,2.66
27.97,-4.26,7.62,2.66
27.97,-4.29,7.74,2.67
27.97,-4.27,7.87,2.73
27.97,-4.28,8.03,2.82
27.97,-4.24,8.18,2.89
27.98,-4.23,8.25,2.97
27.98,-4.23,8.39,3.03
27.98,-4.23,8.56,3.13
27.98,-4.25,8.69,3.22
27.99,-4.30,8.79,3.38
27.99,-4.35,8.83,3.53
27.99,-4.42,8.81,3.63
27.99,-4.48,8.82,3.76
28.00,-4.43,8.89,3.81
28.00,-4.32,8.95,3.95
28.00,-4.36,8.91,4.17
28.00,-4.46,8.83,4.18
28.01,-4.47,8.75,4.18
28.01,-4.47,8.70,4.22
28.01,-4.51,8.68,4.18
28.01,-4.50,8.64,4.12
28.02,-4.47,8.61,4.12
28.02,-4.45,8.58,4.10
28.02,-4.38,8.52,4.03
28.02,-4.28,8.50,4.05
28.02,-4.15,8.44,4.08
28.03,-4.03,8.39,4.09
28.03,-3.90,8.30,4.05
28.03,-3.78,8.19,4.04
28.03,-3.61,8.15,3.96
28.04,-3.43,8.06,3.93
28.04,-3.25,8.02,3.87
28.04,-3.10,7.92,3.80
28.04,-2.92,7.85,3.78
28.05,-2.75,7.81,3.76
28.05,-2.63,7.70,3.79
28.05,-2.49,7.59,3.84
28.05,-2.37,7.45,3.87
28.06,-2.25,7.37,3.89
28.06,-2.15,7.25,3.95
28.06,-2.12,7.10,4.01
28.06,-2.06,6.92,4.06
28.07,-2.03,6.73,4.08
28.07,-1.94,6.55,4.11
28.07,-1.91,6.43,4.11
28.07,-1.92,6.28,4.08
28.07,-1.96,6.11,4.06
28.08,-1.99,5.94,4.06
28.08,-2.03,5.82,4.02
28.08,-2.07,5.71,4.05
28.08,-2.12,5.61,4.07
28.09,-2.17,5.55,4.07
28.09,-2.20,5.53,4.07
28.09,-2.25,5.49,4.08
28.09,-2.31,5.47,4.12
28.10,-2.42,5.46,4.19
28.10,-2.54,5.42,4.23
28.10,-2.66,5.40,4.30
28.10,-2.85,5.35,4.36
28.11,-3.02,5.28,4.41
28.11,-3.21,5.24,4.46
28.11,-3.40,5.23,4.44
28.11,-3.59,5.20,4.40
28.11,-3.76,5.11,4.36
28.12,-3.84,5.00,4.34
28.12,-3.98,4.97,4.33
28.12,-4.17,4.93,4.33
28.12,-4.28,4.87,4.32
28.13,-4.27,4.80,4.31
28.13,-4.26,4.77,4.38
28.13,-4.34,4.77,4.39
28.13,-4.47,4.74,4.46
28.14,-4.65,4.77,4.55
28.14,-4.85,4.80,4.67
28.14,-4.95,4.79,4.75
28.14,-5.06,4.79,4.85
28.15,-5.13,4.82,4.92
28.15,-5.13,4.90,4.95
28.15,-5.10,5.05,4.93
28.15,-5.09,5.25,4.95
28.16,-5.07,5.48,4.94
28.16,-5.12,5.76,4.92
28.16,-5.14,6.05,4.91
28.16,-5.17,6.38,4.88
28.16,-5.16,6.71,4.85
28.17,-5.19,7.06,4.79
28.17,-5.23,7.46,4.72
28.17,-5.27,7.84,4.63
28.17,-5.30,8.24,4.56
28.18,-5.30,8.68,4.47
28.18,-5.32,9.11,4.39
28.18,-5.33,9.52,4.27
28.18,-5.31,9.91,4.18
28.19,-5.35,10.31,4.08
28.19,-5.39,10.73,3.96
28.19,-5.43,11.09,3.90
28.19,-5.52,11.44,3.84
28.20,-5.62,11.74,3.82
28.20,-5.67,12.06,3.87
28.20,-5.69,12.32,3.93
28.20,-5.67,12.51,4.07
28.21,-5.61,12.71,4.21
28.21,-5.59,12.86,4.45
28.21,-5.60,12.95,4.71
28.21,-5.64,13.02,4.98
28.21,-5.63,13.01,5.21
28.22,-5.66,12.94,5.44
28.22,-5.67,12.80,5.63
28.22,-5.65,12.59,5.85
28.22,-5.65,12.31,5.99
28.23,-5.61,12.02,6.12
28.23,-5.64,11.69,6.24
28.23,-5.75,11.30,6.31
28.23,-5.88,10.86,6.36
28.24,-6.05,10.38,6.42
28.24,-6.30,9.88,6.46
28.24,-6.58,9.37,6.49
28.24,-6.89,8.85,6.48
28.25,-7.21,8.37,6.51
28.25,-7.55,7.93,6.47
28.25,-7.82,7.51,6.49
28.25,-8.01,7.16,6.51
28.26,-8.10,6.88,6.48
28.26,-8.07,6.71,6.46
28.26,-7.94,6.65,6.47
28.26,-7.70,6.70,6.38
28.26,-7.35,6.86,6.31
28.27,-6.91,7.08,6.13
28.27,-6.43,7.34,5.89
28.27,-5.97,7.63,5.61
28.27,-5.54,7.87,5.29
28.28,-5.27,8.09,4.97
28.28,-5.11,8.30,4.64
28.28,-5.04,8.50,4.32
28.28,-5.00,8.71,4.05
28.29,-4.91,8.96,3.79
28.29,-4.79,9.21,3.59
28.29,-4.63,9.49,3.44
28.29,-4.39,9.81,3.35
28.30,-4.12,10.17,3.32
28.30,-3.87,10.60,3.36
28.30,-3.61,11.06,3.48
28.30,-3.35,11.61,3.69
28.30,-3.11,12.20,3.94
28.31,-2.92,12.87,4.21
28.31,-2.72,13.58,4.45
28.31,-2.59,14.27,4.62
28.31,-2.50,14.97,4.70
28.32,-2.46,15.56,4.72
28.32,-2.49,16.05,4.68
28.32,-2.56,16.37,4.57
28.32,-2.68,16.49,4.40
28.33,-2.81,16.37,4.10
28.33,-2.99,15.98,3.82
28.33,-3.13,15.33,3.58
28.33,-3.19,14.47,3.39
28.34,-3.06,13.54,3.23
28.34,-2.81,12.67,3.09
28.34,-2.53,11.86,2.94
28.34,-2.30,11.16,2.79
28.35,-2.16,10.50,2.65
28.35,-2.10,9.96,2.52
28.35,-2.10,9.43,2.39
28.35,-2.18,8.96,2.29
28.35,-2.26,8.53,2.17
28.36,-2.36,8.16,2.03
28.36,-2.44,7.86,1.91
28.36,-2.40,7.65,1.79
28.36,-2.29,7.50,1.64
28.37,-2.19,7.36,1.46
28.37,-2.02,7.23,1.30
28.37,-1.86,7.15,1.18
28.37,-1.70,7.10,1.08
28.38,-1.55,7.04,0.97
28.38,-1.43,7.02,0.94
28.38,-1.33,7.01,0.97
28.38,-1.17,7.03,1.01
28.39,-0.92,7.09,1.07
28.39,-0.72,7.14,1.12
28.39,-0.61,7.17,1.16
28.39,-0.57,7.24,1.17
28.40,-0.50,7.39,1.16
28.40,-0.42,7.58,1.17
28.40,-0.28,7.77,1.14
28.40,-0.12,7.97,1.09
28.40,0.08,8.18,1.05
28.41,0.19,8.41,0.98
28.41,0.24,8.64,0.91
28.41,0.32,8.85,0.90
28.41,0.40,9.04,0.89
28.42,0.45,9.23,0.96
28.42,0.45,9.43,0.98
28.42,0.37,9.63,1.09
28.42,0.23,9.81,1.19
28.43,0.08,9.98,1.38
28.43,-0.07,10.16,1.55
28.43,-0.25,10.35,1.76
28.43,-0.38,10.56,1.99
28.44,-0.49,10.79,2.28
28.44,-0.60,10.96,2.55
28.44,-0.89,11.06,2.70
28.44,-1.24,11.22,2.80
28.45,-1.55,11.42,2.85
28.45,-1.87,11.62,2.92
28.45,-1.98,11.72,3.03
28.45,-2.00,11.72,3.16
28.45,-1.98,11.63,3.30
28.46,-2.06,11.55,3.40
28.46,-2.15,11.48,3.55
28.46,-2.25,11.29,3.80
28.46,-2.44,11.00,4.11
28.47,-2.61,10.60,4.38
28.47,-2.89,10.24,4.67
28.47,-3.07,9.91,4.89
28.47,-3.05,9.52,5.13
28.48,-3.10,9.26,5.35
28.48,-3.12,9.06,5.57
28.48,-2.97,8.80,5.79
28.48,-2.70,8.57,6.08
28.49,-2.39,8.35,6.26
28.49,-2.08,8.16,6.36
28.49,-1.73,8.02,6.42
28.49,-1.45,7.88,6.37
28.50,-1.21,7.75,6.22
28.50,-0.96,7.68,6.00
28.50,-0.78,7.57,5.75
28.50,-0.56,7.48,5.47
28.50,-0.41,7.40,5.15
28.51,-0.32,7.36,4.81
28.51,-0.29,7.36,4.50
28.51,-0.26,7.36,4.22
28.51,-0.21,7.40,3.95
28.52,-0.25,7.38,3.71
28.52,-0.28,7.37,3.44
28.52,-0.38,7.38,3.21
28.52,-0.57,7.41,2.98
28.53,-0.88,7.51,2.72
28.53,-1.22,7.62,2.52
28.53,-1.49,7.75,2.39
28.53,-1.69,7.89,2.35
28.54,-1.84,8.02,2.38
28.54,-1.98,8.16,2.47
28.54,-2.11,8.26,2.66
28.54,-2.22,8.34,2.89
28.54,-2.31,8.44,3.12
28.55,-2.44,8.49,3.37
28.55,-2.56,8.51,3.58
28.55,-2.70,8.56,3.77
28.55,-2.84,8.56,3.94
28.56,-2.96,8.54,4.10
28.56,-3.07,8.50,4.20
28.56,-3.22,8.39,4.28
28.56,-3.38,8.32,4.32
28.57,-3.49,8.21,4.35
28.57,-3.53,8.14,4.38
28.57,-3.56,8.07,4.34
28.57,-3.54,8.00,4.34
28.58,-3.50,7.93,4.31
28.58,-3.49,7.91,4.27
28.58,-3.46,7.87,4.23
28.58,-3.43,7.87,4.14
28.59,-3.35,7.89,4.07
28.59,-3.27,7.91,3.98
28.59,-3.20,7.97,3.89
28.59,-3.11,8.03,3.83
28.59,-2.98,8.10,3.77
28.60,-2.93,8.17,3.66
28.60,-2.89,8.30,3.60
28.60,-2.83,8.39,3.59
28.60,-2.73,8.50,3.61
28.61,-2.67,8.61,3.64
28.61,-2.60,8.68,3.68
28.61,-2.54,8.78,3.72
28.61,-2.48,8.89,3.81
28.62,-2.42,8.97,3.91
28.62,-2.36,9.04,3.99
28.62,-2.31,9.08,4.07
28.62,-2.30,9.08,4.11
28.63,-2.31,9.06,4.21
28.63,-2.31,9.02,4.26
28.63,-2.30,8.95,4.31
28.63,-2.30,8.87,4.28
28.64,-2.30,8.78,4.27
28.64,-2.28,8.68,4.23
28.64,-2.29,8.56,4.22
28.64,-2.38,8.44,4.21
28.64,-2.44,8.32,4.23
28.65,-2.51,8.22,4.31
28.65,-2.60,8.08,4.39
28.65,-2.70,8.00,4.47
28.65,-2.81,7.90,4.58
28.66,-2.90,7.80,4.68
28.66,-3.02,7.76,4.82
28.66,-3.10,7.67,4.95
28.66,-3.13,7.62,5.07
28.67,-3.19,7.55,5.20
28.67,-3.19,7.51,5.27
28.67,-3.15,7.48,5.33
28.67,-3.18,7.45,5.37
28.68,-3.15,7.41,5.41
28.68,-3.14,7.39,5.45
28.68,-3.12,7.35,5.44
28.68,-3.06,7.31,5.44
28.69,-3.01,7.26,5.42
28.69,-2.97,7.19,5.45
28.69,-2.95,7.15,5.46
28.69,-2.95,7.08,5.49
28.69,-2.94,7.02,5.55
28.70,-2.94,6.94,5.63
28.70,-2.94,6.90,5.66
28.70,-2.97,6.82,5.74
28.70,-3.08,6.77,5.78
28.71,-3.07,6.68,5.79
28.71,-3.06,6.66,5.77
28.71,-3.07,6.64,5.77
28.71,-3.15,6.60,5.73
28.72,-3.26,6.56,5.73
28.72,-3.38,6.52,5.69
28.72,-3.47,6.47,5.62
28.72,-3.53,6.45,5.50
28.73,-3.62,6.38,5.35
28.73,-3.71,6.31,5.19
28.73,-3.81,6.22,5.04
28.73,-3.89,6.13,4.84
28.73,-3.97,6.05,4.59
28.74,-4.06,5.94,4.30
28.74,-4.10,5.81,4.06
28.74,-4.15,5.67,3.84
28.74,-4.16,5.53,3.62
28.75,-4.15,5.39,3.44
28.75,-4.16,5.24,3.29
28.75,-4.12,5.08,3.18
28.75,-4.08,4.91,3.10
28.76,-3.99,4.83,3.03
28.76,-3.87,4.70,3.02
28.76,-3.75,4.62,3.03
28.76,-3.64,4.59,3.05
28.77,-3.56,4.53,3.09
28.77,-3.46,4.51,3.08
28.77,-3.35,4.51,3.07
28.77,-3.23,4.52,3.06
28.78,-3.07,4.57,3.04
28.78,-2.86,4.61,3.05
28.78,-2.66,4.67,3.04
28.78,-2.44,4.72,3.06
28.78,-2.23,4.84,3.13
28.79,-2.03,4.96,3.27
28.79,-1.85,5.12,3.45
28.79,-1.56,5.25,3.67
28.79,-1.25,5.46,3.92
28.80,-0.90,5.63,4.18
28.80,-0.49,5.77,4.42
28.80,-0.04,5.91,4.64
28.80,0.44,6.06,4.89
28.81,0.89,6.19,5.11
28.81,1.33,6.31,5.34
28.81,1.72,6.38,5.52
28.81,2.25,6.39,5.65
28.82,2.62,6.38,5.81
28.82,2.90,6.32,5.92
28.82,3.07,6.18,6.02
28.82,3.26,6.04,6.11
28.83,3.44,5.89,6.20
28.83,3.57,5.77,6.24
28.83,3.63,5.65,6.24
28.83,3.65,5.58,6.14
28.83,3.58,5.56,5.99
28.84,3.34,5.58,5.71
28.84,3.02,5.58,5.35
28.84,2.57,5.64,4.95
28.84,2.12,5.74,4.51
28.85,1.59,5.84,4.02
28.85,1.02,5.98,3.50
28.85,0.42,6.14,2.98
28.85,-0.15,6.33,2.51
28.86,-0.63,6.59,2.06
28.86,-1.05,6.90,1.62
28.86,-1.39,7.26,1.22
28.86,-1.70,7.71,0.87
28.87,-2.03,8.24,0.59
28.87,-2.48,8.86,0.43
28.87,-2.97,9.57,0.35
28.87,-3.49,10.36,0.35
28.88,-4.01,11.14,0.28
28.88,-4.51,12.04,0.17
28.88,-4.86,12.95,0.07
28.88,-5.14,13.80,-0.10
28.88,-5.42,14.73,-0.25
28.89,-5.57,15.68,-0.37
28.89,-5.76,16.64,-0.45
28.89,-6.12,17.65,-0.51
28.89,-6.53,18.63,-0.52
28.90,-7.05,19.63,-0.53
28.90,-7.72,20.61,-0.51
28.90,-8.49,21.54,-0.49
28.90,-9.45,22.41,-0.49
28.91,-10.45,23.19,-0.65
28.91,-11.52,23.94,-0.91
28.91,-12.56,24.59,-1.13
28.91,-13.29,24.96,-1.30
28.92,-13.83,24.97,-1.54
28.92,-14.35,24.65,-1.69
28.92,-14.62,23.93,-1.63
28.92,-14.25,22.90,-1.58
28.93,-13.23,21.66,-1.56
28.93,-11.68,20.22,-1.51
28.93,-10.14,18.70,-1.38
28.93,-8.85,17.29,-1.19
28.93,-7.91,16.00,-1.02
28.94,-7.20,14.84,-0.87
28.94,-6.64,13.84,-0.71
28.94,-6.28,12.97,-0.45
28.94,-5.96,12.18,-0.14
28.95,-5.64,11.51,0.12
28.95,-5.38,10.96,0.31
28.95,-5.19,10.51,0.48
28.95,-5.01,10.16,0.61
28.96,-4.83,9.85,0.72
28.96,-4.71,9.64,0.79
28.96,-4.65,9.43,0.88
28.96,-4.55,9.26,0.99
28.97,-4.53,9.17,1.05
28.97,-4.53,9.08,1.14
28.97,-4.54,9.04,1.24
28.97,-4.59,8.97,1.34
28.97,-4.63,8.96,1.48
28.98,-4.74,8.91,1.66
28.98,-4.84,8.88,1.83
28.98,-4.90,8.87,1.98
28.98,-4.89,8.86,2.16
28.99,-4.87,8.87,2.32
28.99,-4.85,8.92,2.46
28.99,-4.81,8.96,2.62
28.99,-4.74,9.01,2.71
29.00,-4.59,9.08,2.84
29.00,-4.43,9.20,2.96
29.00,-4.28,9.32,3.09
29.00,-4.16,9.46,3.20
29.01,-4.03,9.66,3.28
29.01,-3.89,9.88,3.36
29.01,-3.75,10.07,3.38
29.01,-3.58,10.24,3.36
29.02,-3.40,10.46,3.32
29.02,-3.23,10.66,3.25
29.02,-3.04,10.82,3.18
29.02,-2.85,11.02,3.09
29.02,-2.74,11.21,2.97
29.03,-2.59,11.36,2.82
29.03,-2.40,11.43,2.68
29.03,-2.20,11.49,2.49
29.03,-2.04,11.53,2.32
29.04,-1.87,11.55,2.13
29.04,-1.65,11.52,1.90
29.04,-1.40,11.44,1.76
29.04,-1.12,11.34,1.60
29.05,-0.86,11.23,1.48
29.05,-0.61,11.08,1.38
29.05,-0.48,10.93,1.33
29.05,-0.57,10.74,1.33
29.06,-0.48,10.36,1.28
29.06,-0.27,9.91,1.28
29.06,-0.10,9.57,1.32
29.06,0.02,9.28,1.39
29.07,0.01,9.00,1.47
29.07,-0.05,8.72,1.59
29.07,-0.19,8.44,1.71
29.07,-0.39,8.09,1.81
29.07,-0.63,7.83,1.92
29.08,-0.94,7.61,2.03
29.08,-1.23,7.45,2.21
29.08,-1.54,7.30,2.37
29.08,-1.89,7.19,2.48
29.09,-2.20,7.15,2.57
29.09,-2.50,7.05,2.64
29.09,-2.75,7.00,2.67
29.09,-2.93,6.92,2.72
29.10,-3.12,6.81,2.75
29.10,-3.30,6.70,2.77
29.10,-3.33,6.64,2.75
29.10,-3.48,6.62,2.76
29.11,-3.63,6.63,2.77
29.11,-3.80,6.67,2.76
29.11,-3.94,6.66,2.74
29.11,-4.04,6.71,2.73
29.12,-4.06,6.73,2.68
29.12,-4.10,6.75,2.63
29.12,-4.12,6.75,2.54
29.12,-4.12,6.78,2.50
29.12,-4.18,6.83,2.50
29.13,-4.23,6.87,2.52
29.13,-4.31,6.90,2.55
29.13,-4.37,6.92,2.63
29.13,-4.40,6.95,2.68
29.14,-4.43,6.96,2.74
29.14,-4.46,7.04,2.83
29.14,-4.42,7.20,2.90
29.14,-4.32,7.30,2.95
29.15,-4.24,7.42,3.03
29.15,-4.08,7.52,3.12
29.15,-3.89,7.65,3.19
29.15,-3.69,7.78,3.27
29.16,-3.49,7.93,3.35
29.16,-3.23,8.04,3.39
29.16,-3.01,8.15,3.43
29.16,-2.81,8.28,3.46
29.17,-2.62,8.37,3.47
29.17,-2.44,8.44,3.52
29.17,-2.26,8.51,3.53
29.17,-2.06,8.51,3.55
29.17,-1.91,8.50,3.56
29.18,-1.85,8.54,3.52
29.18,-1.86,8.56,3.47
29.18,-1.90,8.58,3.47
29.18,-1.84,8.54,3.45
29.19,-1.86,8.55,3.47
29.19,-1.95,8.51,3.49
29.19,-2.04,8.49,3.50
29.19,-2.19,8.42,3.54
29.20,-2.34,8.36,3.52
29.20,-2.52,8.30,3.50
29.20,-2.68,8.25,3.47
29.20,-2.84,8.23,3.45
29.21,-2.97,8.18,3.40
29.21,-3.03,8.17,3.35
29.21,-3.10,8.12,3.31
29.21,-3.12,8.12,3.32
29.21,-3.14,8.06,3.32
29.22,-3.17,7.98,3.32
29.22,-3.18,7.91,3.35
29.22,-3.16,7.81,3.40
29.22,-3.08,7.75,3.44
29.23,-2.94,7.70,3.50
29.23,-2.86,7.66,3.57
29.23,-2.71,7.59,3.58
29.23,-2.70,7.51,3.63
29.24,-2.71,7.43,3.75
29.24,-2.75,7.31,3.86
29.24,-2.79,7.25,3.96
29.24,-2.79,7.17,4.07
29.25,-2.74,7.16,4.12
29.25,-2.70,7.11,4.21
29.25,-2.69,7.03,4.29
29.25,-2.68,6.95,4.39
29.26,-2.68,6.86,4.47
29.26,-2.71,6.76,4.50
29.26,-2.71,6.67,4.54
29.26,-2.78,6.57,4.53
29.26,-2.85,6.50,4.50
29.27,-2.95,6.41,4.42
29.27,-3.04,6.34,4.34
29.27,-3.15,6.31,4.28
29.27,-3.24,6.32,4.19
29.28,-3.38,6.32,4.13
29.28,-3.45,6.34,4.09
29.28,-3.55,6.34,4.05
29.28,-3.62,6.39,3.99
29.29,-3.71,6.44,3.97
29.29,-3.80,6.48,3.96
29.29,-3.91,6.52,3.98
29.29,-3.98,6.57,4.01
29.30,-4.04,6.60,4.01
29.30,-4.13,6.64,4.04
29.30,-4.25,6.64,4.09
29.30,-4.34,6.65,4.09
29.31,-4.45,6.69,4.12
29.31,-4.53,6.71,4.15
29.31,-4.59,6.72,4.13
29.31,-4.64,6.71,4.16
29.31,-4.64,6.72,4.17
29.32,-4.67,6.71,4.19
29.32,-4.68,6.72,4.21
29.32,-4.72,6.72,4.27
29.32,-4.78,6.74,4.28
29.33,-4.84,6.76,4.33
29.33,-4.86,6.78,4.36
29.33,-4.89,6.75,4.40
29.33,-4.88,6.77,4.43
29.34,-4.89,6.81,4.48
29.34,-4.93,6.83,4.53
29.34,-4.97,6.83,4.56
29.34,-4.98,6.83,4.60
29.35,-5.02,6.86,4.61
29.35,-5.04,6.87,4.69
29.35,-5.10,6.88,4.71
29.35,-5.11,6.89,4.72
29.36,-5.14,6.92,4.72
29.36,-5.17,6.95,4.74
29.36,-5.17,7.00,4.78
29.36,-5.18,7.06,4.78
29.36,-5.21,7.12,4.77
29.37,-5.24,7.20,4.77
29.37,-5.30,7.29,4.79
29.37,-5.34,7.38,4.77
29.37,-5.39,7.48,4.74
29.38,-5.41,7.58,4.74
29.38,-5.44,7.72,4.72
29.38,-5.49,7.85,4.71
29.38,-5.51,8.03,4.71
29.39,-5.54,8.23,4.71
29.39,-5.58,8.40,4.68
29.39,-5.61,8.59,4.62
29.39,-5.58,8.78,4.62
29.40,-5.59,8.96,4.57
29.40,-5.57,9.16,4.53
29.40,-5.56,9.36,4.48
29.40,-5.56,9.56,4.41
29.40,-5.51,9.70,4.34
29.41,-5.50,9.83,4.32
29.41,-5.45,9.95,4.28
29.41,-5.42,10.04,4.25
29.41,-5.36,10.07,4.26
29.42,-5.27,10.08,4.29
29.42,-5.18,10.05,4.34
29.42,-5.04,10.03,4.43
29.42,-4.89,10.03,4.50
29.43,-4.77,10.03,4.65
29.43,-4.68,10.04,4.83
29.43,-4.67,10.01,5.02
29.43,-4.63,9.95,5.20
29.44,-4.62,9.90,5.37
29.44,-4.57,9.85,5.53
29.44,-4.56,9.79,5.66
29.44,-4.59,9.70,5.80
29.45,-4.65,9.62,5.95
29.45,-4.76,9.50,6.10
29.45,-4.90,9.37,6.21
29.45,-5.06,9.25,6.29
29.45,-5.24,9.11,6.34
29.46,-5.43,9.00,6.34
29.46,-5.59,8.90,6.25
29.46,-5.75,8.79,6.16
29.46,-5.92,8.70,6.01
29.47,-6.11,8.58,5.81
29.47,-6.30,8.50,5.59
29.47,-6.49,8.42,5.37
29.47,-6.61,8.34,5.12
29.48,-6.73,8.30,4.91
29.48,-6.85,8.25,4.69
29.48,-6.89,8.24,4.44
29.48,-6.89,8.22,4.21
29.49,-6.85,8.21,3.99
29.49,-6.72,8.24,3.77
29.49,-6.55,8.26,3.61
29.49,-6.26,8.34,3.47
29.50,-5.90,8.37,3.43
29.50,-5.54,8.48,3.40
29.50,-5.18,8.53,3.43
29.50,-4.90,8.56,3.50
29.50,-4.65,8.61,3.57
29.51,-4.43,8.69,3.65
29.51,-4.19,8.79,3.74
29.51,-3.90,8.95,3.82
29.51,-3.64,9.18,3.90
29.52,-3.29,9.51,3.98
29.52,-2.99,9.88,4.05
29.52,-2.69,10.31,4.12
29.52,-2.44,10.81,4.17
29.53,-2.26,11.35,4.23
29.53,-2.15,11.92,4.22
29.53,-2.04,12.47,4.20
29.53,-1.99,12.99,4.14
29.54,-2.02,13.45,4.04
29.54,-2.22,13.89,3.91
29.54,-2.46,14.17,3.74
29.54,-2.58,14.46,3.62
29.55,-2.63,14.62,3.52
29.55,-2.58,14.70,3.37
29.55,-2.40,14.72,3.23
29.55,-2.19,14.60,3.02
29.55,-2.05,14.45,2.85
29.56,-1.89,14.22,2.65
29.56,-1.80,13.93,2.50
29.56,-1.75,13.57,2.39
29.56,-1.72,13.20,2.34
29.57,-1.79,12.69,2.23
29.57,-1.88,12.18,2.12
29.57,-1.99,11.66,1.98
29.57,-2.15,11.19,1.81
29.58,-2.25,10.80,1.57
29.58,-2.28,10.45,1.36
29.58,-2.24,10.07,1.18
29.58,-2.13,9.71,1.00
29.59,-1.96,9.37,0.87
29.59,-1.84,9.02,0.76
29.59,-1.77,8.68,0.61
29.59,-1.70,8.37,0.53
29.60,-1.59,8.10,0.53
29.60,-1.45,7.86,0.58
29.60,-1.36,7.61,0.64
29.60,-1.23,7.37,0.73
29.60,-1.11,7.12,0.83
29.61,-1.05,6.92,0.91
29.61,-0.98,6.74,1.00
29.61,-0.92,6.58,1.11
29.61,-0.89,6.49,1.16
29.62,-0.82,6.36,1.25
29.62,-0.75,6.27,1.33
29.62,-0.71,6.22,1.44
29.62,-0.63,6.18,1.52
29.63,-0.55,6.19,1.63
29.63,-0.49,6.22,1.69
29.63,-0.39,6.33,1.76
29.63,-0.30,6.46,1.81
29.64,-0.21,6.61,1.91
29.64,-0.18,6.78,1.92
29.64,-0.18,6.98,1.96
29.64,-0.25,7.21,1.97
29.64,-0.38,7.46,1.98
29.65,-0.49,7.66,1.98
29.65,-0.62,7.85,1.94
29.65,-0.77,8.08,1.89
29.65,-0.88,8.22,1.84
29.66,-0.99,8.35,1.75
29.66,-1.22,8.50,1.64
29.66,-1.42,8.64,1.60
29.66,-1.61,8.76,1.62
29.67,-1.79,8.88,1.64
29.67,-1.96,8.97,1.68
29.67,-2.13,9.09,1.74
29.67,-2.25,9.19,1.86
29.68,-2.38,9.32,1.94
29.68,-2.55,9.47,2.00
29.68,-2.70,9.64,2.09
29.68,-2.92,9.88,2.22
29.69,-3.24,10.05,2.35
29.69,-3.45,10.18,2.46
29.69,-3.57,10.28,2.53
29.69,-3.65,10.38,2.67
29.69,-3.73,10.51,2.80
29.70,-3.72,10.59,3.00
29.70,-3.72,10.63,3.20
29.70,-3.83,10.72,3.29
29.70,-3.80,10.83,3.33
29.71,-3.71,10.92,3.31
29.71,-3.57,10.92,3.23
29.71,-3.39,10.88,3.20
29.71,-3.05,10.81,3.20
29.72,-2.58,10.78,3.25
29.72,-2.20,10.72,3.39
29.72,-1.84,10.65,3.58
29.72,-1.58,10.54,3.76
29.73,-1.44,10.39,3.97
29.73,-1.31,10.20,4.20
29.73,-1.25,10.00,4.38
29.73,-1.17,9.79,4.54
29.74,-1.08,9.58,4.69
29.74,-0.98,9.42,4.78
29.74,-0.84,9.25,4.79
29.74,-0.67,9.10,4.73
29.74,-0.54,8.94,4.69
29.75,-0.45,8.80,4.61
29.75,-0.39,8.60,4.54
29.75,-0.38,8.38,4.41
29.75,-0.46,8.16,4.30
29.76,-0.66,7.93,4.22
29.76,-0.96,7.74,4.20
29.76,-1.29,7.57,4.14
29.76,-1.61,7.39,4.15
29.77,-1.91,7.21,4.15
29.77,-2.19,7.09,4.14
29.77,-2.42,6.94,4.16
29.77,-2.43,6.85,4.31
29.78,-2.55,6.77,4.41
29.78,-2.85,6.71,4.44
29.78,-3.15,6.70,4.43
29.78,-3.36,6.68,4.44
29.79,-3.47,6.68,4.45
29.79,-3.54,6.69,4.45
29.79,-3.59,6.72,4.47
29.79,-3.62,6.78,4.48
29.79,-3.61,6.83,4.46
29.80,-3.66,6.97,4.43
29.80,-3.65,7.05,4.42
29.80,-3.68,7.22,4.39
29.80,-3.71,7.37,4.34
29.81,-3.70,7.51,4.28
29.81,-3.72,7.66,4.19
29.81,-3.70,7.81,4.12
29.81,-3.65,7.99,4.03
29.82,-3.61,8.16,3.94
29.82,-3.57,8.29,3.88
29.82,-3.57,8.42,3.88
29.82,-3.52,8.55,3.84
29.83,-3.46,8.65,3.89
29.83,-3.38,8.74,3.88
29.83,-3.30,8.84,3.89
29.83,-3.25,8.91,3.92
29.83,-3.13,8.96,3.92
29.84,-3.05,9.01,3.93
29.84,-2.97,9.06,3.92
29.84,-2.92,9.09,3.89
29.84,-2.84,9.10,3.89
29.85,-2.77,9.11,3.86
29.85,-2.70,9.14,3.83
29.85,-2.61,9.12,3.82
29.85,-2.57,9.12,3.80
29.86,-2.56,9.12,3.79
29.86,-2.53,9.10,3.80
29.86,-2.57,9.10,3.81
29.86,-2.55,9.07,3.81
29.87,-2.55,9.08,3.80
29.87,-2.56,9.07,3.79
29.87,-2.59,9.04,3.75
29.87,-2.61,9.01,3.68
29.88,-2.65,9.00,3.66
29.88,-2.64,8.99,3.63
29.88,-2.64,8.98,3.56
29.88,-2.68,8.96,3.51
29.88,-2.71,8.97,3.47
29.89,-2.69,8.97,3.45
29.89,-2.69,8.93,3.46
29.89,-2.63,8.97,3.46
29.89,-2.62,8.97,3.43
29.90,-2.63,8.97,3.45
29.90,-2.64,8.98,3.44
29.90,-2.64,8.99,3.46
29.90,-2.64,9.00,3.48
29.91,-2.64,8.99,3.49
29.91,-2.62,8.98,3.53
29.91,-2.62,8.99,3.51
29.91,-2.59,9.03,3.55
29.92,-2.54,9.01,3.56
29.92,-2.49,9.01,3.53
29.92,-2.44,9.01,3.49
29.92,-2.37,9.01,3.43
29.93,-2.29,8.98,3.36
29.93,-2.19,8.95,3.28
29.93,-2.09,8.92,3.22
29.93,-2.02,8.85,3.19
29.93,-1.93,8.80,3.14
29.94,-1.86,8.77,3.15
29.94,-1.81,8.74,3.15
29.94,-1.75,8.75,3.16
29.94,-1.67,8.82,3.23
29.95,-1.56,8.84,3.32
29.95,-1.45,8.93,3.44
29.95,-1.34,9.02,3.58
29.95,-1.22,9.12,3.74
29.96,-1.14,9.23,3.91
29.96,-1.11,9.29,4.13
29.96,-1.12,9.32,4.37
29.96,-1.16,9.38,4.61
29.97,-1.24,9.43,4.84
29.97,-1.28,9.46,5.05
29.97,-1.41,9.46,5.24
29.97,-1.52,9.48,5.38
29.98,-1.65,9.47,5.52
29.98,-1.75,9.45,5.63
29.98,-1.84,9.43,5.71
29.98,-1.96,9.40,5.79
29.98,-2.11,9.36,5.81
29.99,-2.18,9.26,5.84
29.99,-2.23,9.20,5.95
29.99,-2.28,9.10,6.07
29.99,-2.29,8.98,6.14
30.00,-2.27,8.85,6.17
30.00,-2.29,8.71,6.21
30.00,-2.29,8.59,6.21
30.00,-2.27,8.41,6.24
30.01,-2.30,8.28,6.23
30.01,-2.31,8.14,6.24
30.01,-2.30,7.95,6.23
30.01,-2.31,7.78,6.15
30.02,-2.30,7.60,6.08
30.02,-2.28,7.44,6.00
30.02,-2.32,7.31,5.91
30.02,-2.36,7.17,5.79
30.03,-2.43,7.03,5.66
30.03,-2.52,6.93,5.49
30.03,-2.59,6.83,5.29
30.03,-2.66,6.75,5.13
30.03,-2.78,6.69,4.97
30.04,-2.90,6.67,4.83
30.04,-3.06,6.68,4.66
30.04,-3.23,6.69,4.51
30.04,-3.43,6.71,4.39
30.05,-3.59,6.75,4.25
30.05,-3.85,6.83,4.13
30.05,-4.08,6.92,4.05
30.05,-4.30,7.02,3.97
30.06,-4.50,7.14,3.89
30.06,-4.69,7.27,3.79
30.06,-4.80,7.38,3.64
30.06,-4.95,7.48,3.65
30.07,-5.08,7.61,3.69
30.07,-5.20,7.71,3.79
30.07,-5.29,7.83,3.87
30.07,-5.28,7.95,3.98
30.07,-5.23,8.09,4.12
30.08,-5.11,8.26,4.29
30.08,-4.96,8.41,4.51
30.08,-4.73,8.52,4.75
30.08,-4.50,8.63,4.95
30.09,-4.22,8.75,5.20
30.09,-3.96,8.84,5.44
30.09,-3.72,8.87,5.62
30.09,-3.56,8.87,5.84
30.10,-3.46,8.82,6.03
30.10,-3.33,8.72,6.17
30.10,-3.28,8.62,6.32
30.10,-3.17,8.46,6.42
30.11,-3.09,8.27,6.49
30.11,-3.04,8.08,6.51
30.11,-3.04,7.94,6.48
30.11,-2.90,7.74,6.37
30.12,-2.72,7.60,6.32
30.12,-2.58,7.42,6.20
30.12,-2.41,7.19,6.03
30.12,-2.33,6.97,5.82
30.12,-2.21,6.73,5.60
30.13,-2.13,6.52,5.33
30.13,-1.99,6.27,5.03
30.13,-1.92,5.99,4.72
30.13,-1.77,5.75,4.35
30.14,-1.68,5.47,3.93
30.14,-1.59,5.25,3.51
30.14,-1.49,5.04,3.07
30.14,-1.44,4.82,2.60
30.15,-1.38,4.65,2.17
30.15,-1.33,4.52,1.70
30.15,-1.31,4.45,1.27
30.15,-1.31,4.48,0.87
30.16,-1.32,4.53,0.55
30.16,-1.40,4.64,0.24
30.16,-1.50,4.83,-0.02
30.16,-1.64,5.05,-0.27
30.17,-1.82,5.38,-0.46
30.17,-1.99,5.71,-0.65
30.17,-2.14,6.12,-0.78
30.17,-2.29,6.55,-0.92
30.17,-2.42,7.01,-1.00
30.18,-2.53,7.48,-1.06
30.18,-2.64,7.97,-1.09
30.18,-2.75,8.48,-1.12
30.18,-2.83,9.01,-1.18
30.19,-2.95,9.58,-1.21
30.19,-3.10,10.12,-1.22
30.19,-3.25,10.71,-1.19
30.19,-3.44,11.31,-1.08
30.20,-3.70,11.86,-0.94
30.20,-3.96,12.45,-0.82
30.20,-4.21,12.98,-0.67
30.20,-4.48,13.50,-0.48
30.21,-4.77,13.97,-0.30
30.21,-5.04,14.40,-0.07
30.21,-5.31,14.74,0.17
30.21,-5.61,14.97,0.44
30.22,-5.87,15.16,0.68
30.22,-6.09,15.30,0.90
30.22,-6.34,15.38,1.08
30.22,-6.62,15.39,1.28
30.22,-6.93,15.37,1.49
30.23,-7.26,15.30,1.64
30.23,-7.59,15.11,1.80
30.23,-7.90,14.85,1.93
30.23,-8.17,14.57,2.02
30.24,-8.34,14.26,2.04
30.24,-8.52,13.92,2.05
30.24,-8.54,13.51,2.01
30.24,-8.51,13.07,1.93
30.25,-8.39,12.64,1.83
30.25,-8.16,12.17,1.74
30.25,-7.83,11.70,1.67
30.25,-7.43,11.27,1.60
30.26,-6.99,10.83,1.59
30.26,-6.58,10.40,1.59
30.26,-6.23,10.02,1.56
30.26,-5.90,9.68,1.57
30.26,-5.63,9.40,1.59
30.27,-5.34,9.15,1.57
30.27,-5.08,8.92,1.62
30.27,-4.84,8.77,1.63
30.27,-4.60,8.63,1.62
30.28,-4.39,8.53,1.61
30.28,-4.18,8.45,1.56
30.28,-3.98,8.41,1.54
30.28,-3.73,8.39,1.57
30.29,-3.48,8.36,1.63
30.29,-3.18,8.35,1.67
30.29,-2.90,8.39,1.73
30.29,-2.60,8.42,1.80
30.30,-2.39,8.50,1.82
30.30,-2.25,8.56,1.87
30.30,-2.08,8.63,1.87
30.30,-1.95,8.77,1.87
30.31,-1.84,8.90,1.90
30.31,-1.77,9.08,1.93
30.31,-1.71,9.26,1.98
30.31,-1.66,9.44,2.01
30.31,-1.62,9.66,2.10
30.32,-1.60,9.92,2.16
30.32,-1.60,10.14,2.24
30.32,-1.61,10.40,2.30
30.32,-1.59,10.62,2.30
30.33,-1.56,10.87,2.34
30.33,-1.53,11.11,2.34
30.33,-1.52,11.34,2.34
30.33,-1.52,11.58,2.26
30.34,-1.60,11.81,2.16
30.34,-1.56,12.02,2.08
30.34,-1.46,12.12,2.07
30.34,-1.36,12.20,2.01
30.35,-1.29,12.24,1.95
30.35,-1.27,12.20,1.88
30.35,-1.28,12.21,1.82
30.35,-1.33,12.11,1.79
30.36,-1.42,12.01,1.74
30.36,-1.47,11.81,1.74
30.36,-1.60,11.63,1.74
30.36,-1.77,11.35,1.82
30.36,-1.78,11.02,1.82
30.37,-1.75,10.74,1.84
30.37,-1.70,10.42,1.82
30.37,-1.59,10.13,1.72
30.37,-1.43,9.89,1.67
30.38,-1.24,9.65,1.68
30.38,-1.11,9.35,1.75
30.38,-1.19,9.10,1.82
30.38,-1.54,8.83,1.98
30.39,-1.96,8.55,2.15
30.39,-2.41,8.33,2.41
30.39,-2.86,8.08,2.68
30.39,-3.29,7.91,2.89
30.40,-3.68,7.82,3.04
30.40,-3.98,7.74,3.12
30.40,-4.13,7.62,3.08
30.40,-4.08,7.44,3.09
30.41,-3.82,7.30,3.13
30.41,-3.59,7.20,3.24
30.41,-3.47,7.19,3.31
30.41,-3.51,7.24,3.39
30.41,-3.56,7.37,3.40
30.42,-3.58,7.48,3.43
30.42,-3.55,7.61,3.33
30.42,-3.49,7.70,3.23
30.42,-3.50,7.73,3.09
30.43,-3.57,7.71,2.90
30.43,-3.71,7.71,2.86
30.43,-3.92,7.73,2.79
30.43,-4.05,7.73,2.77
30.44,-4.05,7.65,2.79
30.44,-4.00,7.61,2.74
30.44,-3.99,7.63,2.71
30.44,-4.02,7.60,2.63
30.45,-3.98,7.61,2.63
30.45,-3.96,7.58,2.66
30.45,-3.93,7.58,2.70
30.45,-3.93,7.64,2.74
30.46,-3.91,7.72,2.80
30.46,-3.88,7.82,2.86
30.46,-3.79,7.91,2.99
30.46,-3.78,8.03,3.07
30.46,-3.77,8.18,3.14
30.47,-3.77,8.31,3.23
30.47,-3.69,8.42,3.38
30.47,-3.63,8.50,3.47
30.47,-3.55,8.60,3.57
30.48,-3.45,8.75,3.66
30.48,-3.33,8.82,3.78
30.48,-3.27,8.90,3.87
30.48,-3.24,8.98,3.96
30.49,-3.22,9.01,4.07
30.49,-3.19,9.03,4.20
30.49,-3.19,9.03,4.28
30.49,-3.18,8.98,4.27
30.50,-3.17,8.89,4.35
30.50,-3.18,8.82,4.38
30.50,-3.25,8.76,4.38
30.50,-3.33,8.71,4.30
30.50,-3.40,8.68,4.22
30.51,-3.44,8.62,4.12
30.51,-3.43,8.58,4.04
30.51,-3.40,8.54,3.95
30.51,-3.40,8.48,3.88
30.52,-3.36,8.43,3.85
30.52,-3.31,8.41,3.81
30.52,-3.20,8.33,3.77
30.52,-3.06,8.29,3.73
30.53,-2.93,8.24,3.74
30.53,-2.81,8.20,3.72
30.53,-2.70,8.19,3.72
30.53,-2.65,8.19,3.75
30.54,-2.62,8.16,3.81
30.54,-2.63,8.15,3.85
30.54,-2.64,8.11,3.91
30.54,-2.60,8.03,4.00
30.55,-2.55,7.95,4.04
30.55,-2.49,7.88,4.15
30.55,-2.43,7.77,4.23
30.55,-2.37,7.68,4.27
30.55,-2.30,7.61,4.37
30.56,-2.23,7.50,4.40
30.56,-2.18,7.40,4.43
30.56,-2.15,7.30,4.47
30.56,-2.19,7.23,4.50
30.57,-2.27,7.12,4.45
30.57,-2.34,6.99,4.37
30.57,-2.43,6.83,4.32
30.57,-2.49,6.75,4.20
30.58,-2.57,6.64,4.12
30.58,-2.66,6.59,4.05
30.58,-2.77,6.53,4.05
30.58,-2.86,6.45,4.01
30.59,-2.99,6.33,4.02
30.59,-3.11,6.23,4.03
30.59,-3.22,6.21,4.05
30.59,-3.23,6.18,4.11
30.60,-3.23,6.21,4.16
30.60,-3.29,6.25,4.23
30.60,-3.41,6.22,4.29
30.60,-3.60,6.16,4.32
30.60,-3.82,6.04,4.36
30.61,-3.98,5.89,4.37
30.61,-4.05,5.80,4.37
30.61,-3.99,5.67,4.40
30.61,-3.93,5.57,4.41
30.62,-3.94,5.47,4.41
30.62,-4.00,5.40,4.44
30.62,-4.09,5.34,4.46
30.62,-4.24,5.25,4.50
30.63,-4.31,5.16,4.47
30.63,-4.38,5.12,4.44
30.63,-4.45,5.13,4.43
30.63,-4.45,5.15,4.44
30.64,-4.50,5.20,4.46
30.64,-4.54,5.25,4.55
30.64,-4.58,5.27,4.55
30.64,-4.64,5.32,4.58
30.65,-4.72,5.38,4.64
30.65,-4.81,5.44,4.71
30.65,-4.90,5.47,4.77
30.65,-4.98,5.50,4.83
30.65,-5.07,5.57,4.84
30.66,-5.10,5.65,4.86
30.66,-5.15,5.74,4.84
30.66,-5.17,5.90,4.82
30.66,-5.28,6.05,4.74
30.67,-5.37,6.25,4.65
30.67,-5.44,6.44,4.55
30.67,-5.47,6.59,4.41
30.67,-5.47,6.82,4.26
30.68,-5.55,7.10,4.13
30.68,-5.70,7.35,3.99
30.68,-5.83,7.65,3.88
30.68,-5.94,7.84,3.76
30.69,-6.08,8.08,3.72
30.69,-6.20,8.36,3.66
30.69,-6.32,8.64,3.62
30.69,-6.43,9.00,3.66
30.69,-6.50,9.42,3.74
30.70,-6.55,9.88,3.81
30.70,-6.57,10.37,3.93
30.70,-6.59,10.80,4.04
30.70,-6.54,11.22,4.18
30.71,-6.42,11.65,4.32
30.71,-6.28,12.08,4.42
30.71,-6.06,12.44,4.56
30.71,-5.90,12.80,4.75
30.72,-5.81,13.06,5.00
30.72,-5.77,13.25,5.21
30.72,-5.74,13.30,5.49
30.72,-5.64,13.27,5.71
30.73,-5.49,13.15,5.94
30.73,-5.32,12.94,6.13
30.73,-5.15,12.69,6.29
30.73,-5.00,12.37,6.42
30.74,-4.93,11.99,6.51
30.74,-4.91,11.57,6.54
30.74,-4.97,11.13,6.50
30.74,-5.11,10.64,6.46
30.74,-5.28,10.13,6.38
30.75,-5.46,9.63,6.33
30.75,-5.64,9.12,6.24
30.75,-5.85,8.64,6.16
30.75,-6.02,8.21,6.14
30.76,-6.14,7.91,6.15
30.76,-6.17,7.70,6.16
30.76,-6.15,7.60,6.28
30.76,-6.03,7.60,6.38
30.77,-5.85,7.71,6.48
30.77,-5.65,7.93,6.54
30.77,-5.40,8.19,6.49
30.77,-5.14,8.49,6.38
30.78,-4.88,8.78,6.19
30.78,-4.62,9.10,5.96
30.78,-4.40,9.38,5.68
30.78,-4.18,9.68,5.38
30.79,-3.98,9.98,5.08
30.79,-3.79,10.22,4.82
30.79,-3.54,10.52,4.58
30.79,-3.27,10.86,4.37
30.79,-3.01,11.21,4.18
30.80,-2.78,11.63,4.04
30.80,-2.59,12.05,3.90
30.80,-2.48,12.51,3.82
30.80,-2.39,13.00,3.71
30.81,-2.37,13.53,3.59
30.81,-2.37,14.07,3.47
30.81,-2.42,14.59,3.29
30.81,-2.47,15.03,3.09
30.82,-2.57,15.39,2.86
30.82,-2.66,15.62,2.60
30.82,-2.75,15.70,2.35
30.82,-2.88,15.60,2.12
30.83,-3.06,15.30,1.96
30.83,-3.17,14.81,1.85
30.83,-3.24,14.18,1.83
30.83,-3.14,13.56,1.86
30.84,-2.93,12.89,1.94
30.84,-2.77,12.29,2.05
30.84,-2.69,11.71,2.24
30.84,-2.75,11.10,2.41
30.84,-2.86,10.55,2.62
30.85,-3.00,10.03,2.82
30.85,-3.16,9.56,2.99
30.85,-3.24,9.14,3.09
30.85,-3.31,8.79,3.16
30.86,-3.35,8.47,3.16
30.86,-3.34,8.19,3.08
30.86,-3.31,7.91,2.95
30.86,-3.26,7.70,2.80
30.87,-3.17,7.48,2.65
30.87,-3.03,7.29,2.50
30.87,-2.87,7.12,2.33
30.87,-2.65,6.99,2.13
30.88,-2.46,6.86,1.99
30.88,-2.28,6.72,1.83
30.88,-2.09,6.63,1.69
30.88,-1.89,6.56,1.55
30.89,-1.72,6.51,1.40
30.89,-1.56,6.44,1.25
30.89,-1.40,6.41,1.15
30.89,-1.27,6.39,1.03
30.89,-1.16,6.40,0.94
30.90,-1.05,6.41,0.82
30.90,-0.98,6.48,0.68
30.90,-0.86,6.55,0.59
30.90,-0.78,6.63,0.52
30.91,-0.74,6.65,0.45
30.91,-0.69,6.69,0.37
30.91,-0.62,6.82,0.34
30.91,-0.60,6.94,0.28
30.92,-0.60,7.11,0.27
30.92,-0.68,7.30,0.31
30.92,-0.80,7.45,0.34
30.92,-1.00,7.66,0.43
30.93,-1.16,7.82,0.55
30.93,-1.32,7.97,0.67
30.93,-1.47,8.13,0.82
30.93,-1.59,8.30,1.05
30.93,-1.76,8.50,1.25
30.94,-1.98,8.67,1.50
30.94,-2.15,8.84,1.76
30.94,-2.24,8.98,1.97
30.94,-2.35,9.04,2.20
30.95,-2.51,9.09,2.38
30.95,-2.67,9.11,2.53
30.95,-2.85,9.18,2.76
30.95,-3.03,9.17,2.94
30.96,-3.21,9.20,3.10
30.96,-3.32,9.22,3.24
30.96,-3.41,9.25,3.31
30.96,-3.43,9.22,3.36
30.97,-3.39,9.22,3.41
30.97,-3.74,9.36,3.40
30.97,-4.25,9.67,3.38
30.97,-4.02,9.58,3.35
30.98,-3.58,9.36,3.31
30.98,-3.35,9.26,3.15
30.98,-3.02,9.25,3.02
30.98,-2.58,9.22,3.04
30.98,-2.39,9.21,3.07
30.99,-2.42,9.16,3.10
30.99,-2.63,9.11,3.06
30.99,-2.89,9.06,2.95
30.99,-3.12,9.10,2.79
31.00,-3.08,9.15,2.64
31.00,-2.67,9.20,2.63
31.00,-2.31,9.32,2.65
31.00,-2.08,9.39,2.75
31.01,-1.94,9.43,2.88
31.01,-1.86,9.38,3.12
31.01,-1.74,9.33,3.35
31.01,-1.65,9.31,3.66
31.02,-1.53,9.28,3.97
31.02,-1.45,9.25,4.29
31.02,-1.35,9.26,4.59
31.02,-1.24,9.22,4.87
31.03,-1.13,9.16,5.08
31.03,-1.05,9.11,5.19
31.03,-1.00,9.05,5.24
31.03,-0.98,8.98,5.22
31.03,-0.98,8.93,5.18
31.04,-1.10,8.83,5.07
31.04,-1.34,8.72,4.94
31.04,-1.71,8.60,4.80
31.04,-2.03,8.51,4.69
31.05,-2.29,8.41,4.58
31.05,-2.49,8.31,4.46
31.05,-2.73,8.17,4.33
31.05,-3.00,8.12,4.18
31.06,-3.25,8.04,4.02
31.06,-3.47,7.94,3.84
31.06,-3.67,7.85,3.70
31.06,-3.84,7.75,3.59
31.07,-4.01,7.65,3.46
31.07,-4.14,7.53,3.34
31.07,-4.25,7.44,3.27
31.07,-4.34,7.35,3.16
31.08,-4.36,7.28,3.07
31.08,-4.40,7.24,3.01
31.08,-4.46,7.23,2.92
31.08,-4.49,7.22,2.82
31.08,-4.50,7.25,2.73
31.09,-4.49,7.32,2.65
31.09,-4.44,7.42,2.56
31.09,-4.35,7.48,2.53
31.09,-4.21,7.60,2.49
31.10,-4.04,7.70,2.50
31.10,-3.81,7.84,2.56
31.10,-3.59,7.94,2.64
31.10,-3.34,8.10,2.81
31.11,-3.12,8.23,3.01
31.11,-2.88,8.36,3.19
31.11,-2.69,8.51,3.42
31.11,-2.47,8.67,3.65
31.12,-2.30,8.78,3.87
31.12,-2.18,8.91,4.13
31.12,-2.03,9.01,4.28
31.12,-1.94,9.10,4.42
31.12,-1.85,9.22,4.56
31.13,-1.83,9.30,4.68
31.13,-1.84,9.36,4.76
31.13,-1.89,9.44,4.85
31.13,-1.95,9.52,4.93
31.14,-1.99,9.54,4.95
31.14,-2.00,9.57,5.01
31.14,-2.12,9.59,4.97
31.14,-2.27,9.62,4.93
31.15,-2.32,9.63,4.83
31.15,-2.35,9.65,4.74
31.15,-2.33,9.66,4.61
31.15,-2.36,9.69,4.48
31.16,-2.37,9.66,4.35
31.16,-2.43,9.57,4.22
31.16,-2.46,9.48,4.10
31.16,-2.51,9.35,3.99
31.17,-2.53,9.23,3.86
31.17,-2.55,9.07,3.81
31.17,-2.56,8.96,3.79
31.17,-2.57,8.85,3.79
31.17,-2.52,8.73,3.76
31.18,-2.47,8.66,3.70
31.18,-2.39,8.59,3.71
31.18,-2.34,8.53,3.68
31.18,-2.24,8.47,3.68
31.19,-2.15,8.46,3.68
31.19,-2.10,8.43,3.67
31.19,-2.05,8.45,3.70
31.19,-1.97,8.50,3.75
31.20,-1.95,8.54,3.81
31.20,-1.98,8.59,3.86
31.20,-2.04,8.62,3.97
31.20,-2.10,8.68,4.06
31.21,-2.16,8.73,4.16
31.21,-2.25,8.75,4.25
31.21,-2.34,8.76,4.35
31.21,-2.38,8.78,4.39
31.22,-2.52,8.77,4.45
31.22,-2.61,8.75,4.50
31.22,-2.71,8.69,4.54
31.22,-2.82,8.64,4.56
31.22,-2.92,8.59,4.61
31.23,-3.02,8.52,4.69
31.23,-3.11,8.47,4.73
31.23,-3.20,8.40,4.80
31.23,-3.26,8.30,4.87
31.24,-3.37,8.23,4.94
31.24,-3.48,8.17,5.04
31.24,-3.55,8.08,5.14
31.24,-3.61,8.02,5.24
31.25,-3.57,7.93,5.36
31.25,-3.55,7.84,5.48
31.25,-3.59,7.73,5.59
31.25,-3.66,7.63,5.69
31.26,-3.75,7.56,5.80
31.26,-3.83,7.47,5.88
31.26,-3.95,7.39,5.95
31.26,-4.07,7.31,6.00
31.27,-4.13,7.26,6.05
31.27,-4.19,7.19,6.03
31.27,-4.24,7.07,6.00
31.27,-4.26,6.94,5.95
31.27,-4.23,6.79,5.90
31.28,-4.28,6.61,5.81
31.28,-4.33,6.43,5.70
31.28,-4.34,6.24,5.54
31.28,-4.43,6.02,5.35
31.29,-4.50,5.82,5.15
31.29,-4.54,5.59,4.92
31.29,-4.58,5.38,4.66
31.29,-4.57,5.20,4.45
31.30,-4.54,5.01,4.28
31.30,-4.47,4.83,4.07
31.30,-4.40,4.69,3.88
31.30,-4.31,4.55,3.68
31.31,-4.22,4.44,3.51
31.31,-4.14,4.34,3.35
31.31,-4.01,4.24,3.20
31.31,-3.80,4.18,3.10
31.32,-3.48,4.11,3.00
31.32,-3.09,4.11,2.87
31.32,-2.80,4.08,2.88
31.32,-2.52,4.10,2.95
31.32,-2.23,4.13,3.05
31.33,-1.92,4.23,3.18
31.33,-1.61,4.38,3.34
31.33,-1.30,4.57,3.48
31.33,-0.96,4.80,3.66
31.34,-0.60,5.01,3.79
31.34,-0.28,5.22,3.94
31.34,0.07,5.45,4.07
31.34,0.47,5.64,4.23
31.35,0.84,5.85,4.36
31.35,1.16,5.99,4.50
31.35,1.46,6.14,4.64
31.35,1.72,6.24,4.73
31.36,1.91,6.27,4.82
31.36,2.06,6.29,4.88
31.36,2.16,6.27,4.88
31.36,2.21,6.21,4.89
31.36,2.21,6.11,4.92
31.37,2.14,5.99,4.95
31.37,2.00,5.84,4.96
31.37,1.84,5.67,4.90
31.37,1.54,5.53,4.77
31.38,1.00,5.46,4.54
31.38,0.43,5.39,4.19
31.38,-0.11,5.35,3.75
31.38,-0.61,5.40,3.28
31.39,-1.05,5.41,2.80
31.39,-1.46,5.43,2.34
31.39,-1.82,5.47,1.91
31.39,-2.20,5.48,1.53
31.40,-2.56,5.53,1.16
31.40,-2.91,5.56,0.88
31.40,-3.22,5.71,0.66
31.40,-3.50,5.92,0.48
31.41,-3.80,6.24,0.38
31.41,-4.08,6.66,0.30
31.41,-4.33,7.23,0.23
31.41,-4.63,7.90,0.19
31.41,-4.95,8.72,0.13
31.42,-5.22,9.56,0.06
31.42,-5.42,10.45,-0.03
31.42,-5.62,11.37,-0.16
31.42,-5.82,12.28,-0.30
31.43,-5.99,13.16,-0.40
31.43,-6.17,13.99,-0.56
31.43,-6.24,14.83,-0.67
31.43,-6.23,15.60,-0.67
31.44,-6.27,16.36,-0.57
31.44,-6.31,17.03,-0.41
31.44,-6.36,17.65,-0.08
31.44,-6.52,18.18,0.25
31.45,-6.63,18.66,0.66
31.45,-6.81,19.06,1.11
31.45,-6.98,19.40,1.57
31.45,-7.06,19.60,2.03
31.46,-7.10,19.70,2.45
31.46,-7.14,19.70,2.82
31.46,-7.10,19.59,3.12
31.46,-6.95,19.38,3.33
31.46,-6.75,19.09,3.46
31.47,-6.46,18.72,3.46
31.47,-6.01,18.24,3.41
31.47,-5.55,17.73,3.30
31.47,-5.11,17.21,3.14
31.48,-4.73,16.69,2.99
31.48,-4.43,16.22,2.79
31.48,-4.13,15.78,2.60
31.48,-3.87,15.35,2.38
31.49,-3.62,14.92,2.19
31.49,-3.42,14.56,1.97
31.49,-3.29,14.25,1.79
31.49,-3.17,13.97,1.67
31.50,-2.99,13.71,1.53
31.50,-2.82,13.47,1.37
31.50,-2.74,13.30,1.20
31.50,-2.74,13.20,1.04
31.51,-2.72,13.01,0.90
31.51,-2.81,12.90,0.81
31.51,-2.96,12.83,0.75
31.51,-3.13,12.79,0.77
31.51,-3.26,12.76,0.83
31.52,-3.36,12.74,0.96
31.52,-3.47,12.69,1.06
31.52,-3.50,12.70,1.19
31.52,-3.56,12.67,1.33
31.53,-3.60,12.67,1.49
31.53,-3.60,12.64,1.67
31.53,-3.58,12.61,1.76
31.53,-3.50,12.54,1.91
31.54,-3.36,12.44,2.00
31.54,-3.18,12.37,2.04
31.54,-2.98,12.30,2.06
31.54,-2.75,12.20,2.09
31.55,-2.55,12.12,2.11
31.55,-2.44,12.05,2.12
31.55,-2.44,12.00,2.19
31.55,-2.49,11.86,2.21
31.55,-2.58,11.70,2.24
31.56,-2.72,11.47,2.29
31.56,-2.82,11.28,2.31
31.56,-2.89,11.10,2.32
31.56,-2.89,10.94,2.25
31.57,-2.70,10.85,2.14
31.57,-2.54,10.75,2.06
31.57,-2.42,10.66,1.97
31.57,-2.41,10.52,1.97
31.58,-2.40,10.40,2.02
31.58,-2.36,10.23,2.09
31.58,-2.46,9.99,2.14
31.58,-2.35,9.64,2.19
31.59,-2.12,9.30,2.21
31.59,-2.12,9.04,2.27
31.59,-2.21,8.86,2.36
31.59,-2.42,8.68,2.52
31.60,-2.65,8.50,2.61
31.60,-2.63,8.26,2.65
31.60,-2.63,8.06,2.63
31.60,-2.53,7.85,2.58
31.60,-2.43,7.58,2.48
31.61,-2.51,7.33,2.35
31.61,-2.80,7.14,2.29
31.61,-3.22,6.95,2.29
31.61,-3.64,6.78,2.35
31.62,-4.04,6.62,2.45
31.62,-4.36,6.46,2.57
31.62,-4.54,6.36,2.62
31.62,-4.68,6.30,2.76
31.63,-4.76,6.24,2.85
31.63,-4.78,6.22,2.87
31.63,-4.80,6.26,2.87
31.63,-4.86,6.29,2.86
31.64,-5.03,6.34,2.80
31.64,-5.28,6.35,2.77
31.64,-5.50,6.36,2.75
31.64,-5.67,6.39,2.74
31.65,-5.76,6.44,2.74
31.65,-5.83,6.50,2.74
31.65,-5.82,6.59,2.70
31.65,-5.77,6.63,2.72
31.65,-5.78,6.66,2.71
31.66,-5.76,6.71,2.73
31.66,-5.76,6.80,2.77
31.66,-5.72,6.92,2.86
31.66,-5.66,7.00,2.95
31.67,-5.56,7.07,3.06
31.67,-5.44,7.20,3.18
31.67,-5.28,7.26,3.31
31.67,-5.09,7.32,3.43
31.68,-4.89,7.39,3.55
31.68,-4.61,7.44,3.68
31.68,-4.36,7.51,3.77
31.68,-4.08,7.60,3.84
31.69,-3.81,7.65,3.91
31.69,-3.59,7.75,3.96
31.69,-3.33,7.80,3.96
31.69,-3.03,7.90,3.96
31.70,-2.86,7.95,4.03
31.70,-2.63,7.94,4.11
31.70,-2.50,7.93,4.13
31.70,-2.36,7.89,4.11
31.70,-2.21,7.87,4.10
31.71,-2.09,7.85,4.06
31.71,-2.03,7.82,4.01
31.71,-2.01,7.77,3.94
31.71,-2.03,7.70,3.85
31.72,-2.00,7.62,3.73
31.72,-2.04,7.55,3.72
31.72,-2.11,7.49,3.70
31.72,-2.22,7.40,3.66
31.73,-2.27,7.31,3.61
31.73,-2.33,7.25,3.58
31.73,-2.34,7.22,3.55
31.73,-2.33,7.19,3.55
31.74,-2.36,7.14,3.57
31.74,-2.38,7.09,3.60
31.74,-2.41,7.04,3.60
31.74,-2.44,7.01,3.63
31.75,-2.43,6.98,3.65
31.75,-2.41,6.97,3.69
31.75,-2.39,7.02,3.75
31.75,-2.35,7.02,3.76
31.75,-2.27,7.00,3.79
31.76,-2.26,7.03,3.81
31.76,-2.29,7.03,3.83
31.76,-2.30,7.03,3.82
31.76,-2.36,7.04,3.87
31.77,-2.42,7.06,3.93
31.77,-2.48,7.05,3.97
31.77,-2.49,7.03,4.01
31.77,-2.54,6.99,4.08
31.78,-2.58,6.95,4.10
31.78,-2.61,6.92,4.13
31.78,-2.62,6.90,4.18
31.78,-2.60,6.90,4.21
31.79,-2.62,6.85,4.26
31.79,-2.63,6.84,4.28
31.79,-2.68,6.79,4.32
31.79,-2.70,6.73,4.33
31.79,-2.78,6.69,4.41
31.80,-2.86,6.62,4.44
31.80,-2.95,6.54,4.52
31.80,-2.99,6.44,4.59
31.80,-3.08,6.28,4.62
31.81,-3.11,6.20,4.70
31.81,-3.14,6.06,4.72
31.81,-3.12,6.00,4.80
31.81,-3.16,5.88,4.91
31.82,-3.17,5.76,4.93
31.82,-3.23,5.69,5.03
31.82,-3.28,5.59,5.08
31.82,-3.36,5.51,5.17
31.83,-3.46,5.46,5.22
31.83,-3.53,5.33,5.24
31.83,-3.65,5.22,5.24
31.83,-3.87,5.16,5.22
31.84,-4.02,5.08,5.17
31.84,-4.16,4.96,5.16
31.84,-4.27,4.85,5.12
31.84,-4.34,4.74,5.07
31.84,-4.36,4.65,4.99
31.85,-4.38,4.65,4.99
31.85,-4.41,4.66,4.96
31.85,-4.45,4.74,4.99
31.85,-4.54,4.82,4.99
31.86,-4.63,4.94,5.00
31.86,-4.78,5.04,5.00
31.86,-4.96,5.13,4.95
31.86,-5.10,5.25,4.94
31.87,-5.20,5.36,4.92
31.87,-5.34,5.49,4.92
31.87,-5.43,5.65,4.90
31.87,-5.48,5.83,4.91
31.88,-5.53,6.03,4.97
31.88,-5.57,6.24,4.92
31.88,-5.66,6.48,4.86
31.88,-5.70,6.73,4.81
31.89,-5.77,6.97,4.66
31.89,-5.83,7.27,4.50
31.89,-5.94,7.55,4.34
31.89,-6.07,7.86,4.19
31.89,-6.18,8.16,4.02
31.90,-6.33,8.44,3.87
31.90,-6.46,8.73,3.75
31.90,-6.64,9.02,3.62
31.90,-6.78,9.28,3.54
31.91,-6.89,9.46,3.43
31.91,-6.94,9.65,3.39
31.91,-7.00,9.83,3.37
31.91,-7.01,10.00,3.42
31.92,-7.00,10.13,3.51
31.92,-6.96,10.24,3.63
31.92,-6.93,10.31,3.80
31.92,-6.85,10.35,3.96
31.93,-6.69,10.36,4.12
31.93,-6.52,10.35,4.29
31.93,-6.37,10.32,4.44
31.93,-6.26,10.26,4.60
31.94,-6.19,10.18,4.75
31.94,-6.16,10.07,4.83
31.94,-6.05,9.97,4.91
31.94,-5.98,9.86,5.02
31.94,-5.90,9.74,5.11
31.95,-5.85,9.63,5.17
31.95,-5.78,9.48,5.23
31.95,-5.72,9.36,5.26
31.95,-5.66,9.25,5.21
31.96,-5.71,9.19,5.14
31.96,-5.71,9.06,5.06
31.96,-5.79,8.99,5.06
31.96,-5.84,8.90,5.04
31.97,-5.88,8.79,5.02
31.97,-5.94,8.71,4.96
31.97,-6.03,8.63,4.91
31.97,-6.11,8.55,4.84
31.98,-6.21,8.51,4.82
31.98,-6.31,8.48,4.77
31.98,-6.40,8.47,4.81
31.98,-6.48,8.48,4.87
31.98,-6.51,8.53,5.00
31.99,-6.53,8.60,5.12
31.99,-6.46,8.68,5.26
31.99,-6.34,8.74,5.41
31.99,-6.20,8.84,5.60
32.00,-5.99,8.91,5.80
32.00,-5.77,8.99,5.98
32.00,-5.54,9.04,6.15
32.00,-5.32,9.07,6.27
32.01,-5.03,9.09,6.33
32.01,-4.65,9.13,6.30
32.01,-4.30,9.20,6.22
32.01,-3.99,9.25,6.12
32.02,-3.74,9.33,5.95
32.02,-3.48,9.38,5.75
32.02,-3.30,9.45,5.56
32.02,-3.13,9.57,5.30
32.03,-2.97,9.70,5.07
32.03,-2.89,9.92,4.83
32.03,-2.85,10.10,4.61
32.03,-2.83,10.35,4.42
32.03,-2.78,10.68,4.28
32.04,-2.79,11.02,4.09
32.04,-2.81,11.43,3.96
32.04,-2.83,11.84,3.82
32.04,-2.83,12.34,3.69
32.05,-2.81,12.83,3.54
32.05,-2.77,13.33,3.38
32.05,-2.70,13.84,3.20
32.05,-2.63,14.35,3.05
32.06,-2.54,14.84,2.89
32.06,-2.49,15.27,2.74
32.06,-2.42,15.60,2.57
32.06,-2.42,15.87,2.45
32.07,-2.41,15.97,2.36
32.07,-2.46,15.95,2.27
32.07,-2.57,15.71,2.25
32.07,-2.73,15.33,2.32
32.08,-2.87,14.79,2.43
32.08,-3.02,14.11,2.55
32.08,-3.08,13.47,2.69
32.08,-3.09,12.68,2.78
32.08,-3.03,11.97,2.82
32.09,-2.92,11.35,2.81
32.09,-2.80,10.75,2.77
32.09,-2.71,10.19,2.68
32.09,-2.74,9.70,2.57
32.10,-2.83,9.23,2.42
32.10,-2.90,8.80,2.25
32.10,-2.92,8.43,2.04
32.10,-2.89,8.15,1.83
32.11,-2.82,7.89,1.65
32.11,-2.71,7.67,1.46
32.11,-2.59,7.46,1.33
32.11,-2.41,7.25,1.17
32.12,-2.26,7.09,1.05
32.12,-2.13,6.91,0.95
32.12,-2.05,6.80,0.91
32.12,-1.97,6.72,0.86
32.13,-1.85,6.65,0.84
32.13,-1.70,6.58,0.81
32.13,-1.52,6.50,0.80
32.13,-1.37,6.42,0.80
32.13,-1.18,6.35,0.89
32.14,-1.00,6.28,1.00
32.14,-0.81,6.22,1.11
32.14,-0.70,6.18,1.22
32.14,-0.62,6.10,1.32
32.15,-0.59,6.12,1.36
32.15,-0.55,6.20,1.32
32.15,-0.54,6.28,1.30
32.15,-0.52,6.42,1.28
32.16,-0.47,6.64,1.31
32.16,-0.36,6.95,1.39
32.16,-0.31,7.24,1.52
32.16,-0.36,7.50,1.65
32.17,-0.47,7.77,1.76
32.17,-0.59,8.00,1.85
32.17,-0.70,8.22,1.91
32.17,-0.76,8.46,1.97
32.18,-0.94,8.71,2.12
32.18,-1.13,8.95,2.27
32.18,-1.31,9.18,2.42
32.18,-1.50,9.38,2.56
32.18,-1.58,9.59,2.71
32.19,-1.67,9.75,2.88
32.19,-1.61,9.88,3.15
32.19,-1.45,9.98,3.48
32.19,-1.55,10.08,3.70
32.20,-1.83,10.15,3.82
32.20,-2.13,10.17,3.99
32.20,-2.40,10.12,4.16
32.20,-2.65,10.13,4.30
32.21,-2.98,10.13,4.40
32.21,-3.35,10.11,4.42
32.21,-3.69,10.10,4.38
32.21,-4.05,10.09,4.29
32.22,-4.28,10.05,4.21
32.22,-4.40,10.00,4.06
32.22,-4.38,10.01,3.93
32.22,-4.19,9.99,3.80
32.22,-3.84,9.97,3.66
32.23,-3.26,10.00,3.51
32.23,-2.68,10.00,3.37
32.23,-2.22,10.02,3.31
32.23,-1.84,9.96,3.20
32.24,-1.61,9.85,3.13
32.24,-1.40,9.76,3.00
32.24,-1.28,9.61,2.94
32.24,-1.15,9.38,2.88
32.25,-0.82,9.11,2.82
32.25,-0.55,8.92,2.87
32.25,-0.23,8.80,2.86
32.25,0.05,8.64,2.83
32.26,0.21,8.53,2.84
32.26,0.27,8.43,2.91
32.26,0.26,8.31,2.98
32.26,0.19,8.22,3.11
32.27,0.05,8.11,3.22
32.27,-0.18,8.04,3.30
32.27,-0.50,7.96,3.43
32.27,-0.83,7.86,3.54
32.27,-1.14,7.80,3.63
32.28,-1.40,7.74,3.78
32.28,-1.62,7.66,3.88
32.28,-1.85,7.53,4.02
32.28,-2.03,7.45,4.12
32.29,-2.24,7.35,4.22
32.29,-2.42,7.22,4.26
32.29,-2.62,7.11,4.29
32.29,-2.82,7.02,4.33
32.30,-3.04,6.96,4.33
32.30,-3.24,6.84,4.35
32.30,-3.44,6.75,4.33
32.30,-3.59,6.68,4.32
32.31,-3.76,6.61,4.35
32.31,-3.92,6.54,4.37
32.31,-4.03,6.48,4.34
32.31,-4.12,6.46,4.27
32.32,-4.24,6.45,4.19
32.32,-4.34,6.49,4.14
32.32,-4.37,6.52,4.00
32.32,-4.38,6.63,3.92
32.32,-4.41,6.67,3.77
32.33,-4.43,6.77,3.64
32.33,-4.40,6.93,3.52
32.33,-4.31,7.08,3.37
32.33,-4.25,7.28,3.28
32.34,-4.18,7.49,3.19
32.34,-4.11,7.64,3.14
32.34,-4.04,7.85,3.11
32.34,-3.96,8.05,3.11
32.35,-3.88,8.23,3.17
32.35,-3.73,8.39,3.20
32.35,-3.57,8.59,3.27
32.35,-3.39,8.76,3.34
32.36,-3.22,8.92,3.40
32.36,-3.04,9.12,3.48
32.36,-2.84,9.29,3.48
32.36,-2.65,9.48,3.50
32.37,-2.50,9.59,3.53
32.37,-2.36,9.70,3.58
32.37,-2.23,9.79,3.60
32.37,-2.13,9.86,3.62
32.37,-2.05,9.86,3.65
32.38,-1.96,9.89,3.66
32.38,-1.88,9.88,3.68
32.38,-1.85,9.88,3.72
32.38,-1.86,9.81,3.73
32.39,-1.84,9.73,3.74
32.39,-1.86,9.63,3.75
32.39,-1.88,9.56,3.72
32.39,-1.89,9.48,3.68
32.40,-1.92,9.39,3.62
32.40,-1.90,9.32,3.53
32.40,-1.92,9.23,3.43
32.40,-2.01,9.14,3.49
32.41,-2.05,9.06,3.49
32.41,-2.11,8.99,3.44
32.41,-2.12,8.92,3.38
32.41,-2.11,8.84,3.31
32.41,-2.09,8.80,3.24
32.42,-2.05,8.76,3.19
32.42,-1.99,8.70,3.12
32.42,-1.96,8.70,3.12
32.42,-1.90,8.68,3.12
32.43,-1.85,8.65,3.15
32.43,-1.75,8.64,3.21
32.43,-1.67,8.64,3.26
32.43,-1.64,8.63,3.35
32.44,-1.59,8.62,3.50
32.44,-1.51,8.63,3.61
32.44,-1.46,8.61,3.76
32.44,-1.43,8.63,3.90
32.45,-1.40,8.62,4.09
32.45,-1.39,8.64,4.24
32.45,-1.40,8.64,4.39
32.45,-1.39,8.66,4.53
32.46,-1.41,8.67,4.65
32.46,-1.41,8.69,4.79
32.46,-1.45,8.69,4.87
32.46,-1.49,8.72,5.00
32.46,-1.52,8.73,5.10
32.47,-1.60,8.76,5.20
32.47,-1.67,8.74,5.28
32.47,-1.74,8.74,5.39
32.47,-1.81,8.69,5.48
32.48,-1.90,8.66,5.56
32.48,-1.97,8.60,5.64
32.48,-2.08,8.54,5.71
32.48,-2.16,8.49,5.78
32.49,-2.24,8.43,5.86
32.49,-2.33,8.35,5.86
32.49,-2.43,8.23,5.91
32.49,-2.52,8.17,5.95
32.50,-2.57,8.12,5.97
32.50,-2.57,8.03,6.01
32.50,-2.58,7.94,6.03
32.50,-2.63,7.81,6.05
32.51,-2.69,7.73,6.08
32.51,-2.76,7.69,6.08
32.51,-2.86,7.59,6.10
32.51,-2.96,7.54,6.12
32.51,-3.06,7.49,6.09
32.52,-3.15,7.45,6.05
32.52,-3.20,7.35,5.99
32.52,-3.27,7.28,5.90
32.52,-3.37,7.17,5.74
32.53,-3.42,7.10,5.58
32.53,-3.49,7.03,5.40
32.53,-3.56,6.93,5.22
32.53,-3.66,6.84,5.04
32.54,-3.73,6.75,4.85
32.54,-3.76,6.67,4.67
32.54,-3.77,6.64,4.47
32.54,-3.74,6.61,4.25
32.55,-3.70,6.62,4.04
32.55,-3.64,6.58,3.87
32.55,-3.58,6.54,3.71
32.55,-3.46,6.53,3.54
32.56,-3.39,6.53,3.44
32.56,-3.30,6.51,3.34
32.56,-3.21,6.55,3.32
32.56,-3.08,6.54,3.26
32.56,-2.94,6.58,3.28
32.57,-2.79,6.62,3.32
32.57,-2.62,6.69,3.36
32.57,-2.39,6.82,3.40
32.57,-2.20,6.94,3.46
32.58,-1.97,7.08,3.53
32.58,-1.75,7.25,3.58
32.58,-1.55,7.41,3.62
32.58,-1.38,7.63,3.65
32.59,-1.22,7.84,3.68
32.59,-1.03,8.01,3.71
32.59,-0.90,8.16,3.77
32.59,-0.79,8.36,3.83
32.60,-0.70,8.50,3.91
32.60,-0.66,8.64,4.05
32.60,-0.66,8.76,4.21
32.60,-0.71,8.80,4.34
32.61,-0.77,8.81,4.49
32.61,-0.86,8.76,4.63
32.61,-0.94,8.68,4.79
32.61,-1.04,8.53,4.90
32.61,-1.10,8.33,4.94
32.62,-1.19,8.12,4.92
32.62,-1.21,7.87,4.88
32.62,-1.27,7.63,4.80
32.62,-1.30,7.41,4.66
32.63,-1.40,7.19,4.47
32.63,-1.47,6.97,4.28
32.63,-1.56,6.82,4.09
32.63,-1.68,6.72,3.88
32.64,-1.82,6.66,3.61
32.64,-1.96,6.71,3.29
32.64,-2.14,6.80,2.92
32.64,-2.36,6.92,2.49
32.65,-2.54,7.06,2.07
32.65,-2.64,7.30,1.69
32.65,-2.73,7.52,1.33
32.65,-2.82,7.80,0.97
32.65,-2.94,8.10,0.65
32.66,-3.08,8.47,0.35
32.66,-3.20,8.89,0.10
32.66,-3.33,9.31,-0.12
32.66,-3.42,9.78,-0.31
32.67,-3.49,10.27,-0.46
32.67,-3.51,10.77,-0.60
32.67,-3.53,11.22,-0.70
32.67,-3.58,11.67,-0.82
32.68,-3.66,12.08,-0.86
32.68,-3.70,12.49,-0.87
32.68,-3.79,12.87,-0.87
32.68,-3.85,13.14,-0.82
32.69,-3.91,13.40,-0.71
32.69,-3.90,13.57,-0.56
32.69,-3.90,13.72,-0.34
32.69,-3.92,13.81,-0.09
32.70,-3.98,13.89,0.21
32.70,-4.10,13.92,0.55
32.70,-4.24,13.93,0.84
32.70,-4.44,13.89,1.19
32.70,-4.62,13.84,1.49
32.71,-4.86,13.75,1.73
32.71,-5.14,13.66,1.91
32.71,-5.46,13.52,2.05
32.71,-5.75,13.40,2.10
32.72,-6.08,13.26,2.13
32.72,-6.33,13.14,2.13
32.72,-6.55,13.00,2.12
32.72,-6.82,12.87,2.05
32.73,-7.03,12.73,2.03
32.73,-7.28,12.58,1.97
32.73,-7.43,12.37,1.94
32.73,-7.52,12.16,1.92
32.74,-7.62,11.94,1.97
32.74,-7.66,11.71,2.02
32.74,-7.65,11.47,2.12
32.74,-7.61,11.27,2.26
32.75,-7.44,11.09,2.41
32.75,-7.20,10.88,2.63
32.75,-6.92,10.68,2.82
32.75,-6.61,10.50,3.03
32.75,-6.20,10.34,3.25
32.76,-5.82,10.22,3.46
32.76,-5.44,10.17,3.66
32.76,-5.11,10.06,3.83
32.76,-4.79,10.02,4.02
32.77,-4.54,9.96,4.16
32.77,-4.40,9.99,4.30
32.77,-4.25,10.02,4.48
32.77,-4.09,10.04,4.56
32.78,-3.94,10.03,4.64
32.78,-3.78,10.03,4.66
32.78,-3.62,10.05,4.61
32.78,-3.48,10.06,4.48
32.79,-3.33,10.14,4.35
32.79,-3.20,10.20,4.16
32.79,-3.13,10.25,3.95
32.79,-3.04,10.33,3.70
32.80,-2.87,10.44,3.49
32.80,-2.71,10.51,3.26
32.80,-2.57,10.63,3.05
32.80,-2.41,10.72,2.77
32.80,-2.22,10.83,2.49
32.81,-2.08,10.92,2.18
32.81,-1.99,11.11,1.93
32.81,-1.89,11.27,1.75
32.81,-1.82,11.42,1.57
32.82,-1.79,11.58,1.39
32.82,-1.76,11.68,1.18
32.82,-1.74,11.79,0.95
32.82,-1.77,11.86,0.74
32.83,-1.76,11.92,0.54
32.83,-1.80,11.98,0.35
32.83,-1.83,11.95,0.20
32.83,-1.90,11.86,0.08
32.84,-1.97,11.75,-0.03
32.84,-2.00,11.70,-0.15
32.84,-1.99,11.58,-0.25
32.84,-1.99,11.46,-0.34
32.84,-1.83,11.30,-0.27
32.85,-1.66,11.12,-0.16
32.85,-1.55,10.88,-0.04
32.85,-1.46,10.61,0.19
32.85,-1.62,10.36,0.42
32.86,-2.02,10.14,0.64
32.86,-2.40,9.95,0.80
32.86,-2.72,9.72,0.96
32.86,-2.93,9.49,1.16
32.87,-2.99,9.32,1.43
32.87,-2.85,9.13,1.62
32.87,-2.58,8.91,1.84
32.87,-2.37,8.64,1.94
32.88,-2.31,8.36,2.08
32.88,-2.39,8.13,2.24
32.88,-2.49,7.99,2.47
32.88,-2.66,7.88,2.75
32.89,-2.88,7.73,3.07
32.89,-3.14,7.57,3.41
32.89,-3.30,7.37,3.70
32.89,-3.33,7.19,3.90
32.89,-3.33,7.05,4.04
32.90,-3.36,7.01,4.13
32.90,-3.38,6.96,4.20
32.90,-3.44,6.88,4.20
32.90,-3.49,6.79,4.14
32.91,-3.56,6.70,4.03
32.91,-3.65,6.65,3.90
32.91,-3.78,6.61,3.77
32.91,-3.86,6.59,3.63
32.92,-3.86,6.55,3.50
32.92,-3.86,6.55,3.38
32.92,-3.84,6.52,3.22
32.92,-3.80,6.62,3.10
32.93,-3.78,6.64,2.96
32.93,-3.78,6.67,2.85
32.93,-3.83,6.73,2.76
32.93,-3.84,6.78,2.65
32.94,-3.92,6.87,2.61
32.94,-4.12,7.01,2.55
32.94,-4.28,7.12,2.52
32.94,-4.30,7.16,2.55
32.94,-4.36,7.25,2.60
32.95,-4.34,7.28,2.70
32.95,-4.28,7.24,2.82
32.95,-4.19,7.22,2.93
32.95,-4.16,7.27,3.05
32.96,-4.15,7.32,3.16
32.96,-4.11,7.31,3.26
32.96,-4.10,7.33,3.34
32.96,-4.06,7.39,3.44
32.97,-4.01,7.44,3.56
32.97,-4.00,7.47,3.67
32.97,-3.93,7.51,3.75
32.97,-3.86,7.59,3.92
32.98,-3.81,7.60,3.95
32.98,-3.78,7.71,4.04
32.98,-3.75,7.74,4.12
32.98,-3.71,7.83,4.14
32.99,-3.68,7.87,4.13
32.99,-3.64,7.91,4.14
32.99,-3.57,7.92,4.13
32.99,-3.52,7.92,4.13
32.99,-3.47,7.90,4.15
33.00,-3.43,7.87,4.13
33.00,-3.37,7.84,4.14
33.00,-3.31,7.84,4.16
33.00,-3.20,7.84,4.18
33.01,-3.11,7.86,4.19
33.01,-3.03,7.82,4.19
33.01,-2.97,7.75,4.20
33.01,-2.89,7.73,4.26
33.02,-2.79,7.63,4.26
33.02,-2.67,7.53,4.24
33.02,-2.57,7.42,4.24
33.02,-2.44,7.30,4.21
33.03,-2.30,7.23,4.21
33.03,-2.18,7.18,4.19
33.03,-2.13,7.12,4.21
33.03,-2.10,7.07,4.22
33.04,-2.11,6.98,4.26
33.04,-2.10,6.89,4.26
33.04,-2.13,6.85,4.28
33.04,-2.19,6.77,4.29
33.04,-2.27,6.67,4.24
33.05,-2.35,6.62,4.17
33.05,-2.48,6.56,4.13
33.05,-2.61,6.50,4.04
33.05,-2.76,6.48,3.99
33.06,-2.89,6.44,3.98
33.06,-3.04,6.39,3.97
33.06,-3.13,6.37,3.97
33.06,-3.19,6.33,4.00
33.07,-3.23,6.30,4.00
33.07,-3.31,6.27,4.05
33.07,-3.33,6.25,4.07
33.07,-3.35,6.19,4.14
33.08,-3.35,6.13,4.17
33.08,-3.36,6.07,4.28
33.08,-3.36,6.02,4.33
33.08,-3.35,5.95,4.37
33.08,-3.34,5.92,4.44
33.09,-3.35,5.86,4.47
33.09,-3.39,5.83,4.53
33.09,-3.43,5.82,4.60
33.09,-3.52,5.81,4.59
33.10,-3.57,5.74,4.61
33.10,-3.63,5.71,4.64
33.10,-3.75,5.67,4.63
33.10,-3.90,5.62,4.61
33.11,-3.91,5.57,4.60
33.11,-3.85,5.50,4.60
33.11,-3.79,5.51,4.65
33.11,-3.72,5.52,4.66
33.12,-3.78,5.61,4.78
33.12,-3.88,5.72,4.85
33.12,-4.01,5.82,4.95
33.12,-4.18,5.90,5.05
33.13,-4.33,5.93,5.15
33.13,-4.47,5.97,5.20
33.13,-4.63,6.06,5.29
33.13,-4.75,6.16,5.33
33.13,-4.91,6.27,5.41
33.14,-5.07,6.41,5.43
33.14,-5.20,6.58,5.46
33.14,-5.39,6.79,5.48
33.14,-5.50,7.00,5.45
33.15,-5.66,7.28,5.39
33.15,-5.80,7.57,5.35
33.15,-5.97,7.85,5.28
33.15,-6.15,8.20,5.19
33.16,-6.35,8.53,5.09
33.16,-6.56,8.87,4.98
33.16,-6.72,9.19,4.85
33.16,-6.79,9.48,4.74
33.17,-6.88,9.78,4.66
33.17,-6.93,10.06,4.55
33.17,-6.99,10.34,4.44
33.17,-7.04,10.58,4.35
33.18,-7.06,10.83,4.29
33.18,-7.09,11.06,4.22
33.18,-7.07,11.29,4.21
33.18,-6.97,11.50,4.24
33.18,-6.73,11.67,4.32
33.19,-6.50,11.80,4.45
33.19,-6.31,11.90,4.61
33.19,-6.17,11.87,4.82
33.19,-6.09,11.79,5.03
33.20,-6.02,11.64,5.31
33.20,-5.93,11.45,5.51
33.20,-5.85,11.24,5.67
33.20,-5.76,11.01,5.80
33.21,-5.71,10.74,5.85
33.21,-5.68,10.47,5.81
33.21,-5.69,10.12,5.66
33.21,-5.72,9.80,5.51
33.22,-5.87,9.42,5.30
33.22,-6.06,9.02,5.07
33.22,-6.33,8.60,4.84
33.22,-6.65,8.16,4.59
33.23,-7.00,7.71,4.37
33.23,-7.34,7.35,4.19
33.23,-7.60,7.12,4.12
33.23,-7.69,7.09,4.18
33.23,-7.60,7.26,4.31
33.24,-7.40,7.51,4.54
33.24,-7.09,7.89,4.83
33.24,-6.74,8.32,5.18
33.24,-6.44,8.72,5.51
33.25,-6.19,9.06,5.83
33.25,-6.00,9.33,6.10
33.25,-5.87,9.54,6.34
33.25,-5.77,9.72,6.52
33.26,-5.59,9.91,6.60
33.26,-5.23,10.20,6.54
33.26,-4.77,10.60,6.43
33.26,-4.29,11.02,6.26
33.27,-3.83,11.53,6.09
33.27,-3.46,12.05,5.89
33.27,-3.05,12.63,5.65
33.27,-2.78,13.21,5.38
33.27,-2.54,13.78,5.05
33.28,-2.40,14.31,4.73
33.28,-2.31,14.84,4.41
33.28,-2.27,15.29,4.07
33.28,-2.25,15.63,3.68
33.29,-2.34,15.83,3.29
33.29,-2.49,15.85,2.88
33.29,-2.68,15.62,2.46
33.29,-2.91,15.18,2.10
33.30,-3.11,14.49,1.78
33.30,-3.24,13.73,1.55
33.30,-3.32,12.96,1.41
33.30,-3.32,12.27,1.36
33.31,-3.27,11.65,1.37
33.31,-3.16,11.07,1.48
33.31,-3.05,10.53,1.63
33.31,-2.98,10.05,1.85
33.32,-2.98,9.64,2.06
33.32,-3.04,9.22,2.26
33.32,-3.16,8.85,2.45
33.32,-3.28,8.48,2.57
33.32,-3.39,8.17,2.66
33.33,-3.45,7.88,2.65
33.33,-3.42,7.64,2.65
33.33,-3.37,7.47,2.63
33.33,-3.29,7.29,2.60
33.34,-3.16,7.12,2.43
33.34,-2.97,7.01,2.32
33.34,-2.75,6.93,2.20
33.34,-2.53,6.84,2.06
33.35,-2.30,6.80,1.94
33.35,-2.02,6.76,1.82
33.35,-1.76,6.73,1.68
33.35,-1.52,6.73,1.57
33.36,-1.41,6.75,1.44
33.36,-1.34,6.78,1.28
33.36,-1.28,6.85,1.08
33.36,-1.20,6.93,0.86
33.37,-1.13,7.04,0.64
33.37,-1.09,7.20,0.43
33.37,-1.04,7.41,0.20
33.37,-1.09,7.62,0.17
33.37,-1.17,7.85,0.13
33.38,-1.15,8.10,0.10
33.38,-1.10,8.35,0.16
33.38,-0.98,8.59,0.26
33.38,-0.93,8.80,0.42
33.39,-0.91,8.98,0.53
33.39,-0.95,9.22,0.81
33.39,-1.02,9.40,1.16
33.39,-1.08,9.59,1.52
33.40,-1.21,9.70,1.86
33.40,-1.28,9.81,2.19
33.40,-1.32,9.88,2.45
33.40,-1.36,9.91,2.70
33.41,-1.37,9.91,2.97
33.41,-1.37,9.84,3.22
33.41,-1.40,9.79,3.45
33.41,-1.40,9.62,3.65
33.42,-1.49,9.48,3.80
33.42,-2.13,9.58,3.90
33.42,-2.39,9.44,3.89
33.42,-2.34,9.29,3.78
33.42,-2.39,9.22,3.71
33.43,-2.36,9.15,3.73
33.43,-2.27,9.11,3.77
33.43,-2.20,9.07,3.84
33.43,-2.03,9.03,3.93
33.44,-1.86,8.99,3.95
33.44,-1.86,8.99,3.92
33.44,-1.78,8.92,3.82
33.44,-1.69,8.78,3.75
33.45,-1.67,8.67,3.68
33.45,-1.75,8.59,3.60
33.45,-1.84,8.52,3.58
33.45,-1.93,8.48,3.57
33.46,-2.01,8.38,3.61
33.46,-2.01,8.34,3.71
33.46,-1.95,8.27,3.86
33.46,-1.84,8.24,4.05
33.47,-1.75,8.21,4.20
33.47,-1.63,8.23,4.38
33.47,-1.55,8.25,4.56
33.47,-1.52,8.28,4.72
33.47,-1.56,8.31,4.84
33.48,-1.60,8.37,4.90
33.48,-1.58,8.43,4.94
33.48,-1.43,8.47,4.99
33.48,-1.29,8.47,5.04
33.49,-1.23,8.51,4.98
33.49,-1.27,8.51,4.87
33.49,-1.41,8.55,4.71
33.49,-1.55,8.56,4.57
33.50,-1.77,8.55,4.36
33.50,-1.96,8.54,4.14
33.50,-2.12,8.56,3.96
33.50,-2.26,8.53,3.79
33.51,-2.39,8.50,3.69
33.51,-2.54,8.46,3.63
33.51,-2.68,8.39,3.54
33.51,-2.80,8.33,3.47
33.51,-2.94,8.27,3.39
33.52,-3.09,8.21,3.33
33.52,-3.18,8.16,3.28
33.52,-3.25,8.11,3.26
33.52,-3.33,8.03,3.22
33.53,-3.41,7.96,3.22
33.53,-3.47,7.87,3.21
33.53,-3.50,7.78,3.20
33.53,-3.53,7.65,3.10
33.54,-3.65,7.59,3.00
33.54,-3.79,7.54,2.85
33.54,-3.83,7.52,2.80
33.54,-3.87,7.50,2.78
33.55,-3.88,7.51,2.75
33.55,-3.85,7.53,2.76
33.55,-3.78,7.56,2.73
33.55,-3.66,7.59,2.69
33.56,-3.54,7.65,2.65
33.56,-3.44,7.68,2.62
33.56,-3.35,7.73,2.59
33.56,-3.26,7.79,2.61
33.56,-3.21,7.86,2.69
33.57,-3.12,7.96,2.84
33.57,-3.03,8.01,3.01
33.57,-2.90,8.12,3.20
33.57,-2.75,8.22,3.39
33.58,-2.66,8.34,3.61
33.58,-2.55,8.45,3.84
33.58,-2.43,8.57,4.01
33.58,-2.38,8.68,4.21
33.59,-2.35,8.83,4.37
33.59,-2.30,8.95,4.52
33.59,-2.27,9.03,4.66
33.59,-2.25,9.12,4.70
33.60,-2.23,9.21,4.74
33.60,-2.24,9.26,4.79
33.60,-2.21,9.28,4.76
33.60,-2.19,9.30,4.74
33.61,-2.17,9.35,4.67
33.61,-2.17,9.33,4.58
33.61,-2.20,9.36,4.47
33.61,-2.19,9.32,4.35
33.61,-2.21,9.30,4.21
33.62,-2.23,9.26,4.06
33.62,-2.26,9.22,3.91
33.62,-2.29,9.18,3.77
33.62,-2.33,9.15,3.67
33.63,-2.36,9.12,3.57
33.63,-2.39,9.09,3.50
33.63,-2.40,9.03,3.48
33.63,-2.42,9.00,3.49
33.64,-2.41,8.98,3.48
33.64,-2.38,8.97,3.49
33.64,-2.38,8.96,3.56
33.64,-2.37,8.95,3.62
33.65,-2.39,8.93,3.69
33.65,-2.42,8.89,3.76
33.65,-2.39,8.86,3.78
33.65,-2.38,8.88,3.79
33.66,-2.34,8.84,3.80
33.66,-2.30,8.80,3.80
33.66,-2.29,8.78,3.79
33.66,-2.28,8.75,3.78
33.66,-2.21,8.70,3.78
33.67,-2.13,8.67,3.77
33.67,-2.08,8.67,3.79
33.67,-1.99,8.67,3.78
33.67,-1.93,8.67,3.79
33.68,-1.83,8.66,3.79
33.68,-1.76,8.67,3.82
33.68,-1.68,8.66,3.86
33.68,-1.60,8.68,3.91
33.69,-1.54,8.68,3.91
33.69,-1.47,8.66,3.94
33.69,-1.47,8.67,4.06
33.69,-1.45,8.67,4.19
33.70,-1.42,8.66,4.31
33.70,-1.38,8.70,4.38
33.70,-1.34,8.70,4.51
33.70,-1.36,8.70,4.65
33.70,-1.36,8.64,4.81
33.71,-1.41,8.65,4.95
33.71,-1.45,8.63,5.11
33.71,-1.50,8.60,5.25
33.71,-1.59,8.58,5.38
33.72,-1.67,8.55,5.52
33.72,-1.77,8.47,5.64
33.72,-1.84,8.43,5.80
33.72,-1.93,8.33,5.96
33.73,-2.02,8.30,6.07
33.73,-2.10,8.19,6.17
33.73,-2.21,8.11,6.25
33.73,-2.28,7.99,6.33
33.74,-2.37,7.84,6.36
33.74,-2.48,7.65,6.36
33.74,-2.59,7.45,6.30
33.74,-2.71,7.21,6.22
33.75,-2.77,6.97,6.12
33.75,-2.82,6.70,5.99
33.75,-2.91,6.46,5.80
33.75,-2.96,6.17,5.64
33.75,-3.01,5.92,5.44
33.76,-3.02,5.70,5.24
33.76,-3.03,5.50,5.08
33.76,-3.03,5.32,4.88
33.76,-3.00,5.16,4.71
33.77,-3.03,4.99,4.58
33.77,-3.06,4.85,4.45
33.77,-3.09,4.75,4.31
33.77,-3.16,4.61,4.21
33.78,-3.25,4.52,4.12
33.78,-3.29,4.46,3.99
33.78,-3.41,4.41,3.98
33.78,-3.54,4.41,4.06
33.79,-3.57,4.44,4.10
33.79,-3.60,4.53,4.14
33.79,-3.56,4.64,4.19
33.79,-3.43,4.81,4.25
33.80,-3.27,5.04,4.28
33.80,-3.05,5.26,4.38
33.80,-2.71,5.54,4.45
33.80,-2.34,5.88,4.58
33.80,-1.94,6.15,4.72
33.81,-1.54,6.49,4.83
33.81,-1.12,6.81,4.92
33.81,-0.73,7.05,5.05
33.81,-0.42,7.27,5.14
33.82,-0.15,7.41,5.24
33.82,0.03,7.52,5.27
33.82,0.18,7.59,5.31
33.82,0.28,7.61,5.29
33.83,0.31,7.57,5.29
33.83,0.38,7.50,5.28
33.83,0.40,7.38,5.25
33.83,0.38,7.22,5.14
33.84,0.32,7.04,5.06
33.84,0.19,6.93,4.90
33.84,0.02,6.76,4.68
33.84,-0.28,6.65,4.41
33.85,-0.61,6.61,4.15
33.85,-0.99,6.58,3.80
33.85,-1.38,6.61,3.42
33.85,-1.73,6.66,3.06
33.85,-2.10,6.73,2.72
33.86,-2.49,6.82,2.36
33.86,-2.82,6.94,2.02
33.86,-3.09,7.06,1.70
33.86,-3.31,7.20,1.38
33.87,-3.46,7.37,1.13
33.87,-3.61,7.63,0.94
33.87,-3.71,7.94,0.75
33.87,-3.81,8.34,0.58
33.88,-3.94,8.83,0.40
33.88,-4.10,9.33,0.22
33.88,-4.29,9.92,0.03
33.88,-4.53,10.51,-0.22
33.89,-4.72,11.12,-0.43
33.89,-4.90,11.73,-0.59
33.89,-5.08,12.36,-0.79
33.89,-5.16,12.98,-0.95
33.90,-5.29,13.59,-1.09
33.90,-5.38,14.15,-1.18
33.90,-5.45,14.69,-1.25
33.90,-5.52,15.13,-1.27
33.90,-5.58,15.55,-1.18
33.91,-5.60,15.90,-1.06
33.91,-5.57,16.20,-0.81
33.91,-5.54,16.49,-0.61
33.91,-5.59,16.55,-0.37
33.92,-5.73,16.53,-0.08
33.92,-5.86,16.43,0.19
33.92,-6.00,16.24,0.48
33.92,-6.14,15.99,0.79
33.93,-6.32,15.69,1.08
33.93,-6.54,15.35,1.35
33.93,-6.76,15.02,1.56
33.93,-6.98,14.71,1.70
33.94,-7.26,14.45,1.77
33.94,-7.51,14.23,1.81
33.94,-7.66,14.01,1.78
33.94,-7.75,13.78,1.74
33.94,-7.77,13.55,1.68
33.95,-7.79,13.30,1.56
33.95,-7.78,13.00,1.45
33.95,-7.74,12.66,1.39
33.95,-7.69,12.37,1.30
33.96,-7.58,12.05,1.24
33.96,-7.42,11.72,1.22
33.96,-7.22,11.40,1.25
33.96,-7.02,11.13,1.33
33.97,-6.83,10.86,1.42
33.97,-6.74,10.65,1.52
33.97,-6.61,10.55,1.67
33.97,-6.38,10.48,1.88
33.98,-6.09,10.38,2.10
33.98,-5.83,10.37,2.30
33.98,-5.62,10.40,2.47
33.98,-5.37,10.42,2.65
33.99,-5.17,10.47,2.85
33.99,-4.99,10.54,3.01
33.99,-4.79,10.66,3.17
33.99,-4.56,10.79,3.32
33.99,-4.28,10.88,3.47
34.00,-4.01,10.96,3.59
34.00,-3.73,11.04,3.66
34.00,-3.53,11.07,3.71
34.00,-3.34,11.10,3.74
34.01,-3.23,11.17,3.72
34.01,-3.09,11.19,3.69
34.01,-2.97,11.26,3.60
34.01,-2.87,11.30,3.51
34.02,-2.79,11.31,3.36
34.02,-2.72,11.36,3.22
34.02,-2.58,11.45,3.02
34.02,-2.39,11.50,2.80
34.03,-2.18,11.59,2.59
34.03,-2.05,11.74,2.42
34.03,-1.91,11.79,2.26
34.03,-1.76,11.86,2.11
34.04,-1.62,11.88,1.99
34.04,-1.51,11.94,1.87
34.04,-1.43,11.98,1.80
34.04,-1.30,12.00,1.76
34.04,-1.19,12.00,1.67
34.05,-1.12,12.00,1.60
34.05,-1.07,11.97,1.51
34.05,-0.98,11.86,1.42
34.05,-0.91,11.73,1.34
34.06,-0.90,11.62,1.27
34.06,-0.89,11.42,1.21
34.06,-0.83,11.21,1.14
34.06,-0.84,11.00,1.08
34.07,-0.86,10.75,1.08
34.07,-0.92,10.51,1.08
34.07,-1.04,10.15,1.15
34.07,-1.19,9.78,1.27
34.08,-1.43,9.36,1.42
34.08,-1.54,9.00,1.61
34.08,-1.63,8.69,1.77
34.08,-1.77,8.45,1.94
34.09,-1.90,8.26,2.13
34.09,-2.10,8.07,2.23
34.09,-2.31,7.85,2.32
34.09,-2.52,7.63,2.39
34.09,-2.70,7.44,2.49
34.10,-2.86,7.27,2.65
34.10,-2.97,7.10,2.75
34.10,-3.08,6.88,2.81
34.10,-3.22,6.73,2.80
34.11,-3.53,6.58,2.80
34.11,-3.72,6.44,2.75
34.11,-3.71,6.31,2.82
34.11,-3.49,6.29,2.95
34.12,-3.15,6.30,3.02
34.12,-3.04,6.34,3.07
34.12,-3.12,6.31,3.08
34.12,-3.21,6.25,2.97
34.13,-3.35,6.27,2.84
34.13,-3.50,6.32,2.74
34.13,-3.55,6.33,2.69
34.13,-3.50,6.36,2.63
34.13,-3.48,6.47,2.63
34.14,-3.65,6.57,2.64
34.14,-3.77,6.59,2.66
34.14,-3.77,6.61,2.63
34.14,-3.70,6.59,2.63
34.15,-3.67,6.54,2.60
34.15,-3.62,6.49,2.65
34.15,-3.54,6.47,2.63
34.15,-3.52,6.47,2.58
34.16,-3.51,6.54,2.61
34.16,-3.47,6.58,2.59
34.16,-3.45,6.64,2.60
34.16,-3.40,6.73,2.55
34.17,-3.32,6.86,2.57
34.17,-3.23,7.02,2.67
34.17,-3.16,7.15,2.76
34.17,-3.06,7.28,2.79
34.18,-3.01,7.43,2.88
34.18,-2.93,7.54,2.90
34.18,-2.86,7.66,2.95
34.18,-2.80,7.73,3.03
34.18,-2.78,7.81,3.11
34.19,-2.75,7.84,3.18
34.19,-2.75,7.88,3.26
34.19,-2.77,7.88,3.31
34.19,-2.81,7.91,3.38
34.20,-2.86,7.92,3.37
34.20,-2.92,7.91,3.39
34.20,-2.97,7.91,3.42
34.20,-3.04,7.88,3.44
34.21,-3.10,7.87,3.44
34.21,-3.22,7.89,3.44
34.21,-3.33,7.93,3.43
34.21,-3.34,7.94,3.39
34.22,-3.32,7.95,3.37
34.22,-3.25,7.99,3.32
34.22,-3.17,8.03,3.36
34.22,-3.04,8.08,3.36
34.23,-2.94,8.11,3.40
34.23,-2.81,8.15,3.40
34.23,-2.72,8.19,3.42
34.23,-2.66,8.20,3.43
34.23,-2.60,8.24,3.44
34.24,-2.56,8.21,3.44
34.24,-2.55,8.21,3.49
34.24,-2.54,8.16,3.54
34.24,-2.52,8.16,3.55
34.25,-2.51,8.12,3.60
34.25,-2.54,8.05,3.67
34.25,-2.59,7.96,3.75
34.25,-2.61,7.93,3.82
34.26,-2.67,7.85,3.92
34.26,-2.75,7.78,3.99
34.26,-2.81,7.66,4.06
34.26,-2.87,7.58,4.14
34.27,-2.94,7.48,4.25
34.27,-2.98,7.37,4.37
34.27,-3.01,7.23,4.43
34.27,-3.03,7.08,4.51
34.28,-3.07,6.94,4.58
34.28,-3.11,6.79,4.63
34.28,-3.15,6.67,4.66
34.28,-3.20,6.54,4.72
34.28,-3.25,6.41,4.72
34.29,-3.25,6.31,4.81
34.29,-3.25,6.22,4.89
34.29,-3.23,6.17,4.98
34.29,-3.29,6.11,5.02
34.30,-3.31,6.05,5.15
34.30,-3.39,5.99,5.27
34.30,-3.47,5.93,5.38
34.30,-3.56,5.88,5.47
34.31,-3.49,5.88,5.43
34.31,-3.61,5.82,5.45
34.31,-3.67,5.81,5.44
34.31,-3.89,5.79,5.44
34.32,-4.14,5.75,5.41
34.32,-4.34,5.70,5.40
34.32,-4.47,5.61,5.31
34.32,-4.55,5.56,5.20
34.33,-4.54,5.56,5.07
34.33,-4.50,5.51,4.92
34.33,-4.48,5.46,4.81
34.33,-4.56,5.43,4.75
34.33,-4.64,5.42,4.67
34.34,-4.70,5.42,4.65
34.34,-4.79,5.47,4.60
34.34,-4.91,5.50,4.52
34.34,-5.06,5.54,4.47
34.35,-5.23,5.59,4.40
34.35,-5.40,5.60,4.38
34.35,-5.52,5.66,4.34
34.35,-5.61,5.74,4.35
34.36,-5.73,5.80,4.36
34.36,-5.87,5.87,4.40
34.36,-6.01,5.95,4.41
34.36,-6.14,6.05,4.40
34.37,-6.23,6.17,4.42
34.37,-6.28,6.31,4.40
34.37,-6.35,6.41,4.41
34.37,-6.41,6.59,4.40
34.37,-6.41,6.78,4.37
34.38,-6.49,6.98,4.35
34.38,-6.50,7.23,4.33
34.38,-6.57,7.51,4.36
34.38,-6.65,7.79,4.40
34.39,-6.70,8.09,4.46
34.39,-6.74,8.43,4.50
34.39,-6.72,8.76,4.52
34.39,-6.75,9.16,4.52
34.40,-6.69,9.57,4.65
34.40,-6.65,9.98,4.78
34.40,-6.74,10.34,4.72
34.40,-6.74,10.65,4.66
34.41,-6.72,10.98,4.67
34.41,-6.64,11.27,4.60
34.41,-6.56,11.51,4.54
34.41,-6.42,11.76,4.57
34.42,-6.29,11.95,4.65
34.42,-6.11,12.05,4.79
34.42,-5.92,12.09,4.92
34.42,-5.74,12.04,5.09
34.42,-5.57,11.97,5.27
34.43,-5.35,11.97,5.42
34.43,-5.17,11.93,5.65
34.43,-5.02,11.87,5.78
34.43,-4.94,11.78,5.86
34.44,-4.86,11.64,6.01
34.44,-4.80,11.44,6.09
34.44,-4.73,11.16,6.15
34.44,-4.66,10.84,6.18
34.45,-4.67,10.47,6.29
34.45,-4.69,10.11,6.25
34.45,-4.79,9.74,6.29
34.45,-4.92,9.40,6.34
34.46,-5.10,9.11,6.28
34.46,-5.24,8.91,6.27
34.46,-5.33,8.75,6.23
34.46,-5.39,8.67,6.09
34.47,-5.42,8.67,5.94
34.47,-5.41,8.76,5.79
34.47,-5.36,8.88,5.57
34.47,-5.33,9.06,5.33
34.47,-5.19,9.33,5.10
34.48,-5.00,9.65,4.87
34.48,-4.76,10.03,4.59
34.48,-4.54,10.44,4.36
34.48,-4.32,10.85,4.16
34.49,-4.10,11.27,3.97
34.49,-3.86,11.69,3.83
34.49,-3.59,12.15,3.69
34.49,-3.35,12.68,3.59
34.50,-3.11,13.22,3.55
34.50,-2.87,13.77,3.47
34.50,-2.64,14.30,3.42
34.50,-2.40,14.83,3.37
34.51,-2.15,15.31,3.23
34.51,-1.98,15.69,3.07
34.51,-1.86,15.92,2.86
34.51,-1.82,15.98,2.58
34.52,-1.78,15.88,2.25
34.52,-1.73,15.58,1.91
34.52,-1.72,15.11,1.65
34.52,-1.64,14.50,1.42
34.52,-1.48,13.88,1.26
34.53,-1.31,13.24,1.13
34.53,-1.13,12.68,1.07
34.53,-1.00,12.16,1.11
34.53,-0.92,11.69,1.23
34.54,-0.89,11.30,1.43
34.54,-0.93,10.88,1.67
34.54,-1.00,10.52,1.93
34.54,-1.09,10.13,2.19
34.55,-1.21,9.75,2.46
34.55,-1.40,9.35,2.62
34.55,-1.49,9.01,2.70
34.55,-1.49,8.73,2.72
34.56,-1.47,8.51,2.72
34.56,-1.39,8.30,2.70
34.56,-1.39,8.08,2.65
34.56,-1.35,7.87,2.61
34.56,-1.28,7.70,2.51
34.57,-1.18,7.56,2.41
34.57,-1.09,7.43,2.34
34.57,-0.93,7.36,2.26
34.57,-0.80,7.27,2.17
34.58,-0.64,7.20,2.09
34.58,-0.54,7.13,2.05
34.58,-0.42,7.09,1.99
34.58,-0.30,7.09,1.91
34.59,-0.17,7.07,1.81
34.59,-0.12,7.11,1.70
34.59,-0.12,7.13,1.55
34.59,-0.12,7.22,1.40
34.60,-0.11,7.33,1.19
34.60,-0.14,7.49,1.04
34.60,-0.22,7.64,0.94
34.60,-0.40,7.81,0.86
34.61,-0.57,7.98,0.86
34.61,-0.79,8.13,0.97
34.61,-1.09,8.26,1.07
34.61,-1.35,8.43,1.23
34.61,-1.60,8.62,1.42
34.62,-1.82,8.76,1.62
34.62,-2.02,8.94,1.81
34.62,-2.17,9.10,2.04
34.62,-2.27,9.25,2.26
34.63,-2.41,9.35,2.44
34.63,-2.55,9.39,2.68
34.63,-2.73,9.39,2.92
34.63,-2.90,9.35,3.19
34.64,-3.11,9.27,3.45
34.64,-3.30,9.21,3.65
34.64,-3.53,9.14,3.80
34.64,-3.72,9.06,3.88
34.65,-3.89,9.01,3.98
34.65,-4.00,8.98,4.02
34.65,-4.05,8.93,4.03
34.65,-4.07,8.88,4.02
34.66,-4.06,8.84,3.97
34.66,-4.05,8.80,3.90
34.66,-4.02,8.73,3.79
34.66,-4.07,8.71,3.67
34.66,-4.36,8.79,3.49
34.67,-4.29,8.77,3.25
34.67,-3.99,8.70,3.08
34.67,-3.51,8.59,2.99
34.67,-3.04,8.43,2.95
34.68,-2.65,8.29,2.87
34.68,-2.43,8.22,2.79
34.68,-2.36,8.23,2.80
34.68,-2.28,8.28,2.88
34.69,-2.27,8.28,2.87
34.69,-2.22,8.35,2.76
34.69,-2.24,8.43,2.73
34.69,-2.19,8.47,2.86
34.70,-2.08,8.51,3.06
34.70,-2.05,8.54,3.30
34.70,-2.06,8.60,3.57
34.70,-2.05,8.68,3.82
34.71,-2.08,8.73,4.04
34.71,-2.07,8.77,4.26
34.71,-2.01,8.79,4.50
34.71,-1.94,8.81,4.68
34.71,-1.98,8.83,4.76
34.72,-2.03,8.85,4.78
34.72,-2.13,8.86,4.77
34.72,-2.27,8.82,4.77
34.72,-2.37,8.82,4.73
34.73,-2.48,8.80,4.68
34.73,-2.61,8.78,4.63
34.73,-2.74,8.73,4.59
34.73,-2.86,8.69,4.56
34.74,-2.96,8.63,4.52
34.74,-3.05,8.58,4.48
34.74,-3.15,8.48,4.44
34.74,-3.20,8.36,4.38
34.75,-3.27,8.25,4.33
34.75,-3.31,8.15,4.28
34.75,-3.37,8.09,4.21
34.75,-3.52,8.01,4.14
34.76,-3.66,7.87,4.04
34.76,-3.79,7.78,3.96
34.76,-3.93,7.71,3.86
34.76,-4.00,7.64,3.75
34.76,-4.08,7.57,3.64
34.77,-4.13,7.53,3.52
34.77,-4.15,7.51,3.37
34.77,-4.12,7.52,3.21
34.77,-4.10,7.53,3.07
34.78,-4.01,7.55,2.92
34.78,-3.96,7.58,2.80
34.78,-3.89,7.65,2.71
34.78,-3.80,7.67,2.67
34.79,-3.65,7.72,2.63
34.79,-3.51,7.74,2.62
34.79,-3.30,7.78,2.63
34.79,-3.13,7.83,2.69
34.80,-2.93,7.87,2.77
34.80,-2.77,7.92,2.88
34.80,-2.58,7.99,2.99
34.80,-2.44,8.06,3.14
34.80,-2.28,8.13,3.31
34.81,-2.15,8.19,3.46
34.81,-2.08,8.26,3.64
34.81,-2.05,8.31,3.77
34.81,-2.02,8.35,3.92
34.82,-2.02,8.41,4.08
34.82,-2.02,8.44,4.20
34.82,-2.05,8.48,4.30
34.82,-2.06,8.52,4.35
34.83,-2.09,8.54,4.42
34.83,-2.14,8.56,4.45
34.83,-2.17,8.56,4.46
34.83,-2.25,8.57,4.46
34.84,-2.28,8.58,4.42
34.84,-2.33,8.56,4.39
34.84,-2.39,8.58,4.35
34.84,-2.41,8.57,4.29
34.85,-2.45,8.56,4.21
34.85,-2.47,8.51,4.11
34.85,-2.51,8.50,4.05
34.85,-2.54,8.49,3.98
34.85,-2.53,8.49,3.89
34.86,-2.46,8.49,3.76
34.86,-2.43,8.52,3.66
34.86,-2.46,8.50,3.72
34.86,-2.46,8.49,3.70
34.87,-2.45,8.51,3.72
34.87,-2.40,8.55,3.69
34.87,-2.36,8.60,3.67
34.87,-2.33,8.63,3.66
34.88,-2.29,8.66,3.68
34.88,-2.28,8.71,3.68
34.88,-2.30,8.74,3.69
34.88,-2.30,8.77,3.72
34.89,-2.32,8.82,3.76
34.89,-2.37,8.86,3.81
34.89,-2.42,8.86,3.86
34.89,-2.49,8.87,3.92
34.90,-2.53,8.92,3.97
34.90,-2.56,8.99,4.00
34.90,-2.58,9.02,4.02
34.90,-2.64,9.07,4.03
34.90,-2.67,9.10,4.07
34.91,-2.76,9.12,4.09
34.91,-2.86,9.14,4.13
34.91,-2.91,9.11,4.15
34.91,-2.96,9.07,4.16
34.92,-3.02,9.03,4.17
34.92,-3.05,8.98,4.21
34.92,-3.08,8.89,4.24
34.92,-3.08,8.82,4.25
34.93,-3.07,8.76,4.31
34.93,-3.04,8.67,4.33
34.93,-3.00,8.59,4.38
34.93,-2.95,8.51,4.43
34.94,-2.87,8.47,4.48
34.94,-2.81,8.39,4.53
34.94,-2.76,8.31,4.59
34.94,-2.73,8.25,4.66
34.95,-2.73,8.15,4.75
34.95,-2.70,8.07,4.81
34.95,-2.71,8.04,4.90
34.95,-2.71,7.97,4.99
34.95,-2.71,7.89,5.06
34.96,-2.72,7.86,5.13
34.96,-2.71,7.79,5.20
34.96,-2.69,7.72,5.27
34.96,-2.71,7.64,5.33
34.97,-2.75,7.58,5.38
34.97,-2.75,7.52,5.40
34.97,-2.78,7.42,5.40
34.97,-2.79,7.33,5.37
34.98,-2.79,7.22,5.35
34.98,-2.84,7.07,5.31
34.98,-2.88,6.98,5.25
34.98,-2.91,6.88,5.18
34.99,-2.95,6.77,5.07
34.99,-2.99,6.63,4.96
34.99,-3.00,6.53,4.86
34.99,-3.05,6.42,4.74
34.99,-3.05,6.30,4.62
35.00,-3.06,6.17,4.51
35.00,-3.03,6.09,4.42
35.00,-2.98,6.01,4.38
35.00,-2.89,5.92,4.33
35.01,-2.79,5.86,4.30
35.01,-2.67,5.78,4.28
35.01,-2.58,5.68,4.25
35.01,-2.36,5.69,4.13
35.02,-2.23,5.65,4.12
35.02,-2.09,5.63,4.19
35.02,-1.95,5.58,4.26
35.02,-1.81,5.60,4.32
35.03,-1.63,5.62,4.37
35.03,-1.44,5.69,4.41
35.03,-1.28,5.78,4.44
35.03,-1.09,5.89,4.51
35.04,-0.90,6.02,4.56
35.04,-0.75,6.14,4.58
35.04,-0.58,6.28,4.61
35.04,-0.43,6.39,4.63
35.04,-0.31,6.48,4.70
35.05,-0.20,6.59,4.74
35.05,-0.05,6.70,4.78
35.05,0.06,6.83,4.80
35.05,0.22,6.97,4.89
35.06,0.38,7.15,4.96
35.06,0.55,7.27,5.04
35.06,0.66,7.41,5.05
35.06,0.74,7.54,5.12
35.07,0.82,7.74,5.13
35.07,0.80,7.86,5.14
35.07,0.82,8.03,5.11
35.07,0.78,8.17,5.01
35.08,0.68,8.26,4.89
35.08,0.50,8.34,4.67
35.08,0.28,8.35,4.41
35.08,-0.02,8.37,4.08
35.09,-0.33,8.36,3.68
35.09,-0.65,8.34,3.28
35.09,-0.98,8.30,2.86
35.09,-1.28,8.29,2.41
35.09,-1.55,8.27,1.96
35.10,-1.82,8.25,1.52
35.10,-2.10,8.29,1.12
35.10,-2.33,8.31,0.74
35.10,-2.60,8.35,0.39
35.11,-2.93,8.41,0.13
35.11,-3.26,8.47,-0.11
35.11,-3.52,8.57,-0.27
35.11,-3.77,8.69,-0.38
35.12,-4.01,8.87,-0.46
35.12,-4.19,9.06,-0.50
35.12,-4.35,9.35,-0.54
35.12,-4.49,9.67,-0.58
35.13,-4.60,10.01,-0.60
35.13,-4.70,10.36,-0.63
35.13,-4.73,10.74,-0.68
35.13,-4.78,11.18,-0.77
35.14,-4.77,11.61,-0.83
35.14,-4.81,12.00,-0.87
35.14,-4.81,12.34,-0.95
35.14,-4.77,12.73,-1.04
35.14,-4.69,13.14,-1.10
35.15,-4.61,13.42,-1.12
35.15,-4.54,13.69,-1.09
35.15,-4.43,13.94,-0.98
35.15,-4.33,14.10,-0.80
35.16,-4.23,14.26,-0.58
35.16,-4.11,14.35,-0.30
35.16,-3.99,14.40,0.01
35.16,-3.86,14.38,0.35
35.17,-3.78,14.34,0.69
35.17,-3.73,14.28,1.02
35.17,-3.75,14.18,1.42
35.17,-3.82,14.09,1.74
35.18,-3.88,13.96,2.00
35.18,-3.94,13.86,2.24
35.18,-4.04,13.73,2.40
35.18,-4.14,13.56,2.45
35.19,-4.22,13.40,2.46
35.19,-4.33,13.23,2.35
35.19,-4.46,13.13,2.21
35.19,-4.57,12.97,2.03
35.19,-4.68,12.86,1.84
35.20,-4.77,12.76,1.68
35.20,-4.89,12.64,1.53
35.20,-4.96,12.53,1.35
35.20,-5.04,12.41,1.13
35.21,-5.15,12.28,0.94
35.21,-5.26,12.15,0.78
35.21,-5.32,11.99,0.63
35.21,-5.35,11.81,0.54
35.22,-5.41,11.66,0.49
35.22,-5.44,11.49,0.47
35.22,-5.46,11.33,0.49
35.22,-5.46,11.17,0.55
35.23,-5.45,11.05,0.63
35.23,-5.42,10.94,0.72
35.23,-5.38,10.85,0.84
35.23,-5.34,10.80,0.94
35.23,-5.27,10.76,1.05
35.24,-5.18,10.70,1.18
35.24,-5.10,10.68,1.31
35.24,-4.96,10.69,1.44
35.24,-4.82,10.70,1.53
35.25,-4.67,10.73,1.66
35.25,-4.50,10.76,1.73
35.25,-4.31,10.80,1.79
35.25,-4.12,10.88,1.88
35.26,-3.95,10.90,1.96
35.26,-3.82,10.99,2.03
35.26,-3.69,11.06,2.09
35.26,-3.52,11.13,2.11
35.27,-3.34,11.20,2.10
35.27,-3.20,11.26,2.10
35.27,-3.10,11.36,2.06
35.27,-2.95,11.47,1.97
35.28,-2.82,11.57,1.87
35.28,-2.69,11.64,1.82
35.28,-2.49,11.69,1.72
35.28,-2.36,11.72,1.67
35.28,-2.27,11.74,1.62
35.29,-2.17,11.75,1.52
35.29,-2.03,11.71,1.41
35.29,-1.88,11.64,1.34
35.29,-1.70,11.56,1.37
35.30,-1.55,11.45,1.35
35.30,-1.45,11.34,1.33
35.30,-1.35,11.17,1.39
35.30,-1.24,10.99,1.43
35.31,-1.15,10.77,1.43
35.31,-1.04,10.52,1.42
35.31,-0.93,10.27,1.41
35.31,-0.77,10.00,1.39
35.32,-0.67,9.69,1.35
35.32,-0.63,9.42,1.31
35.32,-0.62,9.16,1.35
35.32,-0.73,8.87,1.44
35.33,-0.98,8.51,1.54
35.33,-1.25,8.22,1.66
35.33,-1.49,7.95,1.79
35.33,-1.70,7.67,1.94
35.33,-1.90,7.42,2.11
35.34,-2.15,7.23,2.20
35.34,-2.31,7.13,2.26
35.34,-2.52,7.09,2.35
35.34,-2.82,7.05,2.42
35.35,-3.20,6.95,2.49
35.35,-3.51,6.88,2.52
35.35,-3.79,6.83,2.57
35.35,-4.08,6.78,2.61
35.36,-4.24,6.73,2.69
35.36,-4.37,6.72,2.77
35.36,-4.50,6.73,2.85
35.36,-4.60,6.76,2.95
35.37,-4.75,6.76,3.04
35.37,-4.90,6.75,3.16
35.37,-4.94,6.69,3.33
35.37,-4.80,6.66,3.52
35.38,-4.70,6.68,3.63
35.38,-4.72,6.78,3.72
35.38,-4.77,6.87,3.75
35.38,-4.83,6.94,3.75
35.38,-4.84,6.98,3.72
35.39,-4.81,7.05,3.65
35.39,-4.76,7.14,3.62
35.39,-4.66,7.24,3.60
35.39,-4.56,7.35,3.52
35.40,-4.49,7.47,3.47
35.40,-4.41,7.57,3.41
35.40,-4.30,7.68,3.38
35.40,-4.23,7.73,3.35
35.41,-4.21,7.77,3.30
35.41,-4.17,7.78,3.26
35.41,-4.09,7.77,3.23
35.41,-4.05,7.77,3.22
35.42,-4.02,7.77,3.15
35.42,-3.98,7.80,3.10
35.42,-3.98,7.83,3.04
35.42,-4.02,7.87,2.96
35.42,-4.05,7.94,2.91
35.43,-4.07,8.00,2.86
35.43,-4.09,8.10,2.86
35.43,-4.10,8.19,2.88
35.43,-4.08,8.23,2.93
35.44,-4.07,8.30,2.98
35.44,-4.01,8.37,3.06
35.44,-3.94,8.44,3.17
35.44,-3.86,8.51,3.28
35.45,-3.74,8.60,3.42
35.45,-3.64,8.66,3.54
35.45,-3.55,8.70,3.68
35.45,-3.44,8.75,3.82
35.46,-3.40,8.75,3.95
35.46,-3.34,8.79,4.05
35.46,-3.27,8.82,4.11
35.46,-3.25,8.89,4.17
35.47,-3.26,8.90,4.28
35.47,-3.24,8.88,4.36
35.47,-3.23,8.86,4.40
35.47,-3.26,8.80,4.45
35.47,-3.25,8.77,4.50
35.48,-3.21,8.72,4.54
35.48,-3.20,8.65,4.55
35.48,-3.20,8.59,4.55
35.48,-3.14,8.52,4.54
35.49,-3.10,8.46,4.49
35.49,-3.07,8.43,4.47
35.49,-3.03,8.37,4.44
35.49,-3.00,8.31,4.43
35.50,-2.99,8.27,4.41
35.50,-2.99,8.18,4.37
35.50,-3.00,8.15,4.33
35.50,-3.01,8.08,4.27
35.51,-3.02,8.04,4.25
35.51,-3.04,7.97,4.21
35.51,-3.04,7.95,4.18
35.51,-3.08,7.93,4.13
35.52,-3.08,7.91,4.10
35.52,-3.07,7.90,4.08
35.52,-3.09,7.89,4.10
35.52,-3.11,7.86,4.13
35.52,-3.15,7.79,4.13
35.53,-3.12,7.79,4.13
35.53,-3.19,7.70,4.18
35.53,-3.18,7.65,4.21
35.53,-3.27,7.56,4.25
35.54,-3.28,7.49,4.26
35.54,-3.30,7.45,4.34
35.54,-3.30,7.37,4.38
35.54,-3.32,7.26,4.37
35.55,-3.32,7.22,4.39
35.55,-3.38,7.11,4.39
35.55,-3.43,6.99,4.40
35.55,-3.45,6.90,4.38
35.56,-3.50,6.77,4.40
35.56,-3.52,6.68,4.41
35.56,-3.52,6.60,4.41
35.56,-3.52,6.54,4.40
35.57,-3.55,6.47,4.38
35.57,-3.58,6.35,4.38
35.57,-3.57,6.32,4.38
35.57,-3.56,6.29,4.38
35.57,-3.59,6.21,4.36
35.58,-3.66,6.17,4.38
35.58,-3.70,6.09,4.37
35.58,-3.73,6.09,4.37
35.58,-3.77,6.08,4.34
35.59,-3.81,6.04,4.33
35.59,-3.86,6.04,4.31
35.59,-3.93,6.03,4.28
35.59,-3.97,6.03,4.25
35.60,-4.05,5.98,4.21
35.60,-4.06,5.90,4.15
35.60,-4.06,5.87,4.16
35.60,-4.18,5.87,4.13
35.61,-4.33,5.90,4.11
35.61,-4.40,5.92,4.11
35.61,-4.46,5.92,4.11
35.61,-4.43,5.95,4.10
35.62,-4.49,5.93,4.14
35.62,-4.53,5.98,4.16
35.62,-4.60,6.02,4.19
35.62,-4.72,6.09,4.30
35.62,-4.79,6.15,4.31
35.63,-4.88,6.26,4.34
35.63,-4.91,6.33,4.41
35.63,-4.97,6.43,4.44
35.63,-5.05,6.52,4.45
35.64,-5.08,6.62,4.48
35.64,-5.16,6.69,4.47
35.64,-5.22,6.78,4.44
35.64,-5.32,6.87,4.41
35.65,-5.43,6.99,4.39
35.65,-5.51,7.10,4.34
35.65,-5.57,7.21,4.29
35.65,-5.61,7.34,4.21
35.66,-5.65,7.49,4.16
35.66,-5.63,7.62,4.08
35.66,-5.64,7.74,3.98
35.66,-5.65,7.86,3.93
35.66,-5.62,7.97,3.85
35.67,-5.61,8.10,3.81
35.67,-5.58,8.19,3.81
35.67,-5.52,8.29,3.84
35.67,-5.48,8.35,3.88
35.68,-5.42,8.43,3.92
35.68,-5.35,8.50,4.04
35.68,-5.29,8.61,4.14
35.68,-5.28,8.71,4.28
35.69,-5.24,8.78,4.41
35.69,-5.23,8.86,4.53
35.69,-5.21,8.93,4.66
35.69,-5.20,9.02,4.82
35.70,-5.17,9.13,4.99
35.70,-5.16,9.25,5.12
35.70,-5.16,9.39,5.29
35.70,-5.15,9.51,5.48
35.71,-5.18,9.59,5.67
35.71,-5.19,9.71,5.86
35.71,-5.19,9.79,6.06
35.71,-5.18,9.83,6.22
35.71,-5.14,9.87,6.36
35.72,-5.10,9.87,6.45
35.72,-5.10,9.84,6.51
35.72,-5.11,9.75,6.51
35.72,-5.13,9.62,6.49
35.73,-5.17,9.48,6.43
35.73,-5.30,9.31,6.30
35.73,-5.41,9.12,6.08
35.73,-5.62,8.94,5.84
35.74,-5.85,8.74,5.55
35.74,-6.18,8.55,5.25
35.74,-6.46,8.37,4.89
35.74,-6.78,8.20,4.50
35.75,-7.07,8.07,4.25
35.75,-7.29,7.98,4.16
35.75,-7.38,7.98,4.19
35.75,-7.43,7.95,4.27
35.76,-7.38,8.00,4.45
35.76,-7.29,8.07,4.64
35.76,-7.14,8.15,4.85
35.76,-6.89,8.25,5.06
35.76,-6.61,8.36,5.23
35.77,-6.30,8.45,5.35
35.77,-5.86,8.53,5.41
35.77,-5.48,8.61,5.44
35.77,-5.04,8.67,5.40
35.78,-4.62,8.74,5.29
35.78,-4.21,8.76,5.13
35.78,-3.82,8.80,4.94
35.78,-3.47,8.81,4.75
35.79,-3.17,8.87,4.55
35.79,-2.94,8.92,4.33
35.79,-2.79,8.98,4.17
35.79,-2.71,9.08,4.06
35.80,-2.66,9.21,3.92
35.80,-2.61,9.41,3.84
35.80,-2.58,9.66,3.75
35.80,-2.57,9.93,3.73
35.81,-2.51,10.28,3.77
35.81,-2.48,10.60,3.80
35.81,-2.41,11.03,3.86
35.81,-2.29,11.48,3.95
35.81,-2.21,11.97,4.05
35.82,-2.11,12.44,4.12
35.82,-2.00,12.94,4.22
35.82,-1.90,13.41,4.30
35.82,-1.84,13.90,4.35
35.83,-1.80,14.35,4.43
35.83,-1.78,14.76,4.49
35.83,-1.80,15.13,4.56
35.83,-1.88,15.42,4.64
35.84,-2.04,15.58,4.70
35.84,-2.24,15.64,4.76
35.84,-2.53,15.58,4.78
35.84,-2.89,15.27,4.78
35.85,-3.34,14.73,4.68
35.85,-3.81,14.05,4.53
35.85,-4.22,13.25,4.22
35.85,-4.48,12.48,3.87
35.85,-4.62,11.69,3.43
35.86,-4.64,10.96,2.97
35.86,-4.53,10.29,2.49
35.86,-4.29,9.73,2.11
35.86,-4.02,9.27,1.68
35.87,-3.72,8.90,1.38
35.87,-3.47,8.55,1.10
35.87,-3.26,8.27,0.86
35.87,-3.05,8.03,0.68
35.88,-2.87,7.79,0.54
35.88,-2.70,7.56,0.48
35.88,-2.55,7.33,0.45
35.88,-2.43,7.10,0.42
35.89,-2.29,6.90,0.45
35.89,-2.13,6.76,0.50
35.89,-1.89,6.66,0.52
35.89,-1.63,6.60,0.46
35.90,-1.32,6.58,0.43
35.90,-1.00,6.54,0.37
35.90,-0.72,6.51,0.34
35.90,-0.46,6.50,0.33
35.90,-0.21,6.53,0.32
35.91,0.00,6.53,0.32
35.91,0.20,6.56,0.35
35.91,0.43,6.61,0.41
35.91,0.60,6.64,0.46
35.92,0.72,6.70,0.53
35.92,0.81,6.76,0.62
35.92,0.92,6.87,0.70
35.92,0.96,7.07,0.77
35.93,0.96,7.31,0.88
35.93,0.95,7.60,0.98
35.93,0.87,7.90,1.11
35.93,0.77,8.18,1.15
35.94,0.64,8.43,1.21
35.94,0.45,8.64,1.24
35.94,0.26,8.88,1.31
35.94,0.05,9.09,1.44
35.95,-0.20,9.31,1.62
35.95,-0.47,9.51,1.79
35.95,-0.72,9.71,2.04
35.95,-0.97,9.86,2.27
35.95,-1.28,9.96,2.53
35.96,-1.58,10.05,2.82
35.96,-1.88,10.05,3.08
35.96,-2.12,10.03,3.35
35.96,-2.28,9.98,3.66
35.97,-2.47,9.90,3.95
35.97,-2.70,9.79,4.27
35.97,-2.98,9.62,4.51
35.97,-3.28,9.47,4.72
35.98,-3.70,9.29,4.90
35.98,-4.12,9.09,4.99
35.98,-4.55,8.91,5.09
35.98,-5.00,8.73,5.09
35.99,-5.50,8.53,4.96
35.99,-6.02,8.36,4.70
35.99,-6.45,8.20,4.41
35.99,-6.70,8.13,4.06
36.00,-6.82,8.12,3.61
36.00,-6.81,8.13,3.14
36.00,-6.63,8.13,2.63
36.00,-6.31,8.13,2.07
36.00,-5.91,8.11,1.56
36.01,-5.32,8.12,1.17
36.01,-4.64,8.14,0.77
36.01,-4.06,8.25,0.39
36.01,-3.61,8.41,0.15
36.02,-3.20,8.49,-0.01
36.02,-2.78,8.55,-0.02
36.02,-2.44,8.58,0.11
36.02,-2.42,8.73,0.29
36.03,-2.13,8.84,0.56
36.03,-1.86,8.90,0.85
36.03,-1.80,8.99,0.97
36.03,-1.69,9.09,1.11
36.04,-1.53,9.17,1.37
36.04,-1.34,9.26,1.71
36.04,-1.14,9.36,2.16
36.04,-0.95,9.50,2.65
36.05,-0.72,9.66,3.17
36.05,-0.53,9.78,3.74
36.05,-0.36,9.86,4.28
36.05,-0.19,9.89,4.77
36.05,-0.10,9.88,5.23
36.06,-0.09,9.84,5.63
36.06,-0.03,9.77,5.91
36.06,0.01,9.63,6.10
36.06,-0.06,9.50,6.24
36.07,-0.20,9.34,6.34
36.07,-0.40,9.17,6.45
36.07,-0.72,8.97,6.50
36.07,-1.04,8.78,6.53
36.08,-1.40,8.62,6.51
36.08,-1.89,8.47,6.34
36.08,-2.38,8.33,6.02
36.08,-2.86,8.23,5.62
36.09,-3.21,8.13,5.22
36.09,-3.50,8.07,4.82
36.09,-3.65,8.02,4.42
36.09,-3.71,7.98,4.08
36.09,-3.70,7.93,3.74
36.10,-3.64,7.93,3.44
36.10,-3.57,7.93,3.19
36.10,-3.53,7.97,2.96
36.10,-3.49,8.03,2.72
36.11,-3.49,8.10,2.56
36.11,-3.45,8.14,2.45
36.11,-3.40,8.26,2.35
36.11,-3.32,8.35,2.33
36.12,-3.28,8.46,2.38
36.12,-3.20,8.59,2.52
36.12,-3.09,8.71,2.61
36.12,-3.01,8.86,2.75
36.13,-2.89,8.99,2.91
36.13,-2.75,9.15,3.08
36.13,-2.61,9.28,3.28
36.13,-2.46,9.42,3.48
36.14,-2.31,9.55,3.66
36.14,-2.12,9.65,3.83
36.14,-1.97,9.75,3.99
36.14,-1.83,9.85,4.12
36.14,-1.70,9.89,4.20
36.15,-1.58,9.95,4.23
36.15,-1.45,9.98,4.23
36.15,-1.33,9.96,4.16
36.15,-1.29,9.91,4.11
36.16,-1.26,9.85,4.12
36.16,-1.25,9.76,4.07
36.16,-1.27,9.64,4.04
36.16,-1.30,9.55,4.05
36.17,-1.33,9.47,4.08
36.17,-1.34,9.38,4.08
36.17,-1.36,9.32,4.09
36.17,-1.39,9.22,4.10
36.18,-1.40,9.15,4.09
36.18,-1.45,9.11,4.09
36.18,-1.46,9.09,4.10
36.18,-1.49,9.12,4.11
36.19,-1.47,9.12,4.10
36.19,-1.52,9.12,4.11
36.19,-1.55,9.12,4.05
36.19,-1.67,9.06,4.07
36.19,-1.77,9.01,4.04
36.20,-1.89,8.96,4.05
36.20,-1.99,8.90,4.04
36.20,-2.06,8.84,3.94
36.20,-2.05,8.82,3.78
36.21,-2.02,8.81,3.61
36.21,-1.99,8.81,3.45
36.21,-1.94,8.80,3.32
36.21,-1.90,8.80,3.23
36.22,-1.86,8.78,3.17
36.22,-1.82,8.77,3.14
36.22,-1.81,8.78,3.19
36.22,-1.79,8.77,3.25
36.23,-1.81,8.76,3.33
36.23,-1.81,8.79,3.40
36.23,-1.78,8.80,3.48
36.23,-1.78,8.80,3.54
36.24,-1.78,8.81,3.59
36.24,-1.77,8.82,3.69
36.24,-1.75,8.85,3.74
36.24,-1.73,8.85,3.79
36.24,-1.68,8.89,3.87
36.25,-1.65,8.90,3.93
36.25,-1.65,8.92,4.02
36.25,-1.63,8.92,4.06
36.25,-1.63,8.92,4.12
36.26,-1.67,8.93,4.21
36.26,-1.69,8.91,4.30
36.26,-1.71,8.94,4.38
36.26,-1.73,8.94,4.45
36.27,-1.77,8.89,4.56
36.27,-1.79,8.88,4.67
36.27,-1.82,8.85,4.73
36.27,-1.86,8.86,4.80
36.28,-1.89,8.83,4.86
36.28,-1.93,8.79,4.89
36.28,-1.94,8.74,4.91
36.28,-1.98,8.66,4.89
36.28,-2.03,8.60,4.87
36.29,-2.02,8.54,4.87
36.29,-2.01,8.45,4.83
36.29,-2.09,8.32,4.90
36.29,-2.19,8.20,4.96
36.30,-2.27,8.04,5.04
36.30,-2.31,7.88,5.10
36.30,-2.35,7.77,5.19
36.30,-2.37,7.65,5.26
36.31,-2.44,7.53,5.35
36.31,-2.48,7.42,5.46
36.31,-2.53,7.30,5.60
36.31,-2.60,7.21,5.71
36.32,-2.64,7.12,5.83
36.32,-2.73,7.04,5.91
36.32,-2.80,6.96,5.93
36.32,-2.90,6.94,6.14
36.33,-3.07,6.89,6.29
36.33,-3.23,6.83,6.40
36.33,-3.39,6.81,6.47
36.33,-3.54,6.75,6.53
36.33,-3.71,6.74,6.54
36.34,-3.88,6.72,6.53
36.34,-4.05,6.72,6.47
36.34,-4.20,6.71,6.36
36.34,-4.36,6.67,6.26
36.35,-4.50,6.63,6.15
36.35,-4.60,6.60,6.02
36.35,-4.73,6.56,5.87
36.35,-4.84,6.55,5.69
36.36,-4.93,6.53,5.52
36.36,-5.02,6.54,5.34
36.36,-5.09,6.53,5.14
36.36,-5.15,6.55,4.90
36.37,-5.17,6.55,4.65
36.37,-5.14,6.58,4.39
36.37,-5.11,6.60,4.17
36.37,-5.01,6.60,3.91
36.38,-5.06,6.54,3.81
36.38,-5.01,6.49,3.73
36.38,-4.96,6.46,3.68
36.38,-4.91,6.40,3.58
36.38,-4.84,6.37,3.52
36.39,-4.72,6.34,3.47
36.39,-4.58,6.33,3.47
36.39,-4.44,6.34,3.53
36.39,-4.31,6.34,3.59
36.40,-4.11,6.36,3.66
36.40,-3.90,6.43,3.75
36.40,-3.72,6.50,3.84
36.40,-3.44,6.62,3.94
36.41,-3.23,6.76,4.03
36.41,-2.98,6.92,4.15
36.41,-2.79,7.01,4.29
36.41,-2.62,7.09,4.40
36.42,-2.51,7.14,4.54
36.42,-2.41,7.19,4.64
36.42,-2.35,7.25,4.75
36.42,-2.33,7.23,4.89
36.43,-2.34,7.17,4.99
36.43,-2.33,7.09,5.04
36.43,-2.36,6.96,5.05
36.43,-2.38,6.85,5.05
36.43,-2.40,6.74,4.97
36.44,-2.36,6.63,4.89
36.44,-2.31,6.55,4.84
36.44,-2.26,6.49,4.82
36.44,-2.28,6.43,4.76
36.45,-2.30,6.38,4.64
36.45,-2.36,6.35,4.55
36.45,-2.43,6.32,4.43
36.45,-2.50,6.30,4.28
36.46,-2.57,6.30,4.10
36.46,-2.64,6.31,3.87
36.46,-2.71,6.28,3.63
36.46,-2.78,6.25,3.33
36.47,-2.92,6.22,3.02
36.47,-3.02,6.24,2.66
36.47,-3.14,6.24,2.34
36.47,-3.25,6.31,2.09
36.48,-3.32,6.43,1.83
36.48,-3.37,6.66,1.62
36.48,-3.38,6.95,1.44
36.48,-3.39,7.29,1.31
36.48,-3.41,7.66,1.17
36.49,-3.43,8.12,1.02
36.49,-3.47,8.59,0.86
36.49,-3.51,9.10,0.72
36.49,-3.59,9.62,0.56
36.50,-3.67,10.16,0.34
36.50,-3.80,10.65,0.13
36.50,-3.95,11.20,-0.07
36.50,-4.11,11.77,-0.30
36.51,-4.27,12.33,-0.49
36.51,-4.45,12.87,-0.64
36.51,-4.62,13.41,-0.80
36.51,-4.81,13.95,-0.91
36.52,-5.05,14.43,-0.98
36.52,-5.27,14.89,-1.04
36.52,-5.46,15.31,-1.06
36.52,-5.60,15.69,-1.01
36.52,-5.72,15.97,-0.94
36.53,-5.79,16.22,-0.84
36.53,-5.88,16.43,-0.68
36.53,-6.00,16.52,-0.48
36.53,-6.10,16.52,-0.25
36.54,-6.13,16.43,0.03
36.54,-6.17,16.28,0.31
36.54,-6.07,16.08,0.57
36.54,-5.95,15.81,0.79
36.55,-5.85,15.57,1.01
36.55,-5.83,15.32,1.16
36.55,-5.79,15.13,1.28
36.55,-5.72,14.94,1.42
36.56,-5.58,14.72,1.53
36.56,-5.38,14.48,1.62
36.56,-5.18,14.25,1.72
36.56,-4.97,13.98,1.80
36.57,-4.81,13.70,1.89
36.57,-4.63,13.41,1.94
36.57,-4.42,13.12,1.95
36.57,-4.24,12.88,2.01
36.57,-4.04,12.60,2.09
36.58,-3.82,12.41,2.15
36.58,-3.63,12.18,2.25
36.58,-3.42,11.96,2.34
36.58,-3.20,11.82,2.37
36.59,-3.00,11.65,2.42
36.59,-2.81,11.47,2.47
36.59,-2.62,11.34,2.47
36.59,-2.41,11.23,2.46
36.60,-2.24,11.08,2.44
36.60,-2.03,11.01,2.40
36.60,-1.89,10.90,2.37
36.60,-1.68,10.80,2.31
36.61,-1.53,10.73,2.32
36.61,-1.38,10.70,2.34
36.61,-1.28,10.65,2.40
36.61,-1.17,10.58,2.44
36.62,-1.09,10.59,2.48
36.62,-1.02,10.57,2.52
36.62,-0.97,10.59,2.47
36.62,-0.99,10.60,2.43
36.62,-1.00,10.64,2.39
36.63,-1.02,10.68,2.29
36.63,-1.04,10.73,2.20
36.63,-1.07,10.82,2.08
36.63,-1.15,10.92,1.97
36.64,-1.15,10.94,1.83
36.64,-1.16,11.04,1.72
36.64,-1.16,11.13,1.59
36.64,-1.20,11.17,1.44
36.65,-1.20,11.21,1.30
36.65,-1.16,11.20,1.20
36.65,-1.17,11.21,1.05
36.65,-1.19,11.21,0.92
36.66,-1.18,11.15,0.84
36.66,-1.15,11.08,0.72
36.66,-1.10,10.96,0.63
36.66,-1.04,10.89,0.58
36.67,-1.05,10.74,0.52
36.67,-1.03,10.57,0.49
36.67,-1.02,10.34,0.51
36.67,-1.06,10.06,0.60
36.67,-1.18,9.74,0.71
36.68,-1.23,9.43,0.85
36.68,-1.35,9.16,1.03
36.68,-1.55,8.89,1.24
36.68,-1.55,8.57,1.32
36.69,-1.67,8.30,1.47
36.69,-1.99,8.08,1.60
36.69,-2.44,7.95,1.77
36.69,-2.80,7.82,1.93
36.70,-3.05,7.64,2.09
36.70,-3.10,7.43,2.22
36.70,-3.18,7.30,2.34
36.70,-3.31,7.19,2.42
36.71,-3.36,7.07,2.58
36.71,-3.26,6.95,2.78
36.71,-3.17,6.88,2.96
36.71,-3.20,6.88,3.08
36.71,-3.37,6.89,3.16
36.72,-3.53,6.89,3.26
36.72,-3.65,6.91,3.38
36.72,-3.78,6.87,3.49
36.72,-4.03,6.87,3.55
36.73,-4.19,6.92,3.59
36.73,-4.25,6.93,3.60
36.73,-4.22,6.95,3.56
36.73,-4.12,6.95,3.52
36.74,-4.09,7.05,3.46
36.74,-4.21,7.17,3.38
36.74,-4.33,7.27,3.27
36.74,-4.43,7.29,3.21
36.75,-4.48,7.30,3.09
36.75,-4.50,7.29,2.96
36.75,-4.47,7.32,2.84
36.75,-4.39,7.30,2.74
36.76,-4.28,7.31,2.61
36.76,-4.10,7.35,2.50
36.76,-3.99,7.38,2.42
36.76,-3.88,7.43,2.39
36.76,-3.84,7.47,2.36
36.77,-3.82,7.49,2.42
36.77,-3.82,7.50,2.42
36.77,-3.86,7.47,2.43
36.77,-3.92,7.47,2.46
36.78,-3.90,7.49,2.50
36.78,-3.87,7.51,2.53
36.78,-3.79,7.52,2.59
36.78,-3.67,7.53,2.65
36.79,-3.56,7.56,2.72
36.79,-3.46,7.63,2.83
36.79,-3.36,7.68,2.91
36.79,-3.25,7.74,3.01
36.80,-3.17,7.83,3.09
36.80,-3.10,7.91,3.13
36.80,-3.03,7.92,3.20
36.80,-2.95,7.99,3.34
36.81,-2.87,8.04,3.40
36.81,-2.84,8.11,3.42
36.81,-2.80,8.13,3.46
36.81,-2.76,8.14,3.52
36.81,-2.73,8.13,3.55
36.82,-2.69,8.14,3.60
36.82,-2.64,8.12,3.64
36.82,-2.65,8.09,3.68
36.82,-2.69,8.06,3.65
36.83,-2.74,8.00,3.62
36.83,-2.80,8.00,3.58
36.83,-2.84,7.96,3.55
36.83,-2.83,7.96,3.49
36.84,-2.80,7.98,3.51
36.84,-2.79,7.98,3.50
36.84,-2.75,8.00,3.53
36.84,-2.71,8.02,3.61
36.85,-2.65,8.02,3.61
36.85,-2.60,8.02,3.63
36.85,-2.58,8.06,3.62
36.85,-2.57,8.11,3.64
36.86,-2.55,8.11,3.66
36.86,-2.57,8.08,3.63
36.86,-2.60,8.11,3.63
36.86,-2.61,8.13,3.62
36.86,-2.64,8.17,3.65
36.87,-2.63,8.14,3.68
36.87,-2.59,8.11,3.68
36.87,-2.58,8.08,3.69
36.87,-2.55,8.04,3.71
36.88,-2.52,7.99,3.69
36.88,-2.46,7.97,3.72
36.88,-2.46,7.89,3.77
36.88,-2.43,7.82,3.78
36.89,-2.42,7.72,3.82
36.89,-2.40,7.66,3.88
36.89,-2.38,7.52,3.93
36.89,-2.37,7.41,3.96
36.90,-2.37,7.34,4.06
36.90,-2.40,7.22,4.10
36.90,-2.44,7.16,4.17
36.90,-2.50,7.08,4.23
36.91,-2.56,6.96,4.23
36.91,-2.60,6.82,4.26
36.91,-2.66,6.67,4.28
36.91,-2.78,6.58,4.31
36.91,-2.88,6.53,4.33
36.92,-3.02,6.49,4.35
36.92,-3.16,6.42,4.37
36.92,-3.25,6.37,4.41
36.92,-3.38,6.31,4.44
36.93,-3.54,6.25,4.47
36.93,-3.71,6.23,4.50
36.93,-3.82,6.18,4.54
36.93,-3.90,6.13,4.59
36.94,-3.97,6.10,4.62
36.94,-4.10,6.10,4.68
36.94,-4.24,6.08,4.68
36.94,-4.37,6.04,4.71
36.95,-4.46,6.08,4.74
36.95,-4.47,6.13,4.75
36.95,-4.50,6.20,4.76
36.95,-4.60,6.24,4.80
36.95,-4.71,6.30,4.89
36.96,-4.84,6.29,4.97
36.96,-4.90,6.37,4.93
36.96,-5.03,6.43,4.97
36.96,-5.06,6.54,4.91
36.97,-5.15,6.66,4.89
36.97,-5.24,6.71,4.94
36.97,-5.32,6.79,4.92
36.97,-5.37,6.86,4.90
36.98,-5.44,6.97,4.88
36.98,-5.51,7.11,4.80
36.98,-5.54,7.19,4.70
36.98,-5.54,7.32,4.62
36.99,-5.55,7.46,4.51
36.99,-5.52,7.62,4.41
36.99,-5.54,7.78,4.31
36.99,-5.66,7.92,4.21
37.00,-5.76,8.08,4.12
37.00,-5.86,8.18,4.05
37.00,-5.93,8.28,3.98
37.00,-5.96,8.38,3.90
37.00,-6.03,8.46,3.86
37.01,-6.07,8.49,3.84
37.01,-6.08,8.47,3.82
37.01,-6.13,8.46,3.77
37.01,-6.18,8.39,3.77
37.02,-6.27,8.32,3.77
37.02,-6.29,8.28,3.77
37.02,-6.34,8.30,3.82
37.02,-6.33,8.37,3.85
37.03,-6.28,8.52,3.89
37.03,-6.25,8.66,3.90
37.03,-6.19,8.84,3.92
37.03,-6.18,9.07,4.00
37.04,-6.23,9.30,4.07
37.04,-6.32,9.45,4.21
37.04,-6.37,9.63,4.41
37.04,-6.40,9.76,4.64
37.05,-6.41,9.90,4.87
37.05,-6.42,10.01,5.14
37.05,-6.42,10.11,5.43
37.05,-6.39,10.15,5.64
37.05,-6.37,10.16,5.89
37.06,-6.31,10.15,6.08
37.06,-6.26,10.08,6.29
37.06,-6.30,10.01,6.43
37.06,-6.35,9.91,6.57
37.07,-6.41,9.74,6.65
37.07,-6.59,9.57,6.75
37.07,-6.81,9.42,6.85
37.07,-7.07,9.20,6.96
37.08,-7.33,8.98,7.08
37.08,-7.53,8.75,7.19
37.08,-7.72,8.52,7.28
37.08,-7.85,8.30,7.40
37.09,-7.91,8.04,7.44
37.09,-7.88,7.83,7.42
37.09,-7.82,7.66,7.34
37.09,-7.68,7.48,7.21
37.10,-7.41,7.34,6.98
37.10,-7.01,7.35,6.70
37.10,-6.49,7.35,6.33
37.10,-5.99,7.36,5.98
37.10,-5.56,7.41,5.64
37.11,-5.22,7.53,5.37
37.11,-4.92,7.64,5.12
37.11,-4.67,7.82,4.87
37.11,-4.43,8.04,4.66
37.12,-4.22,8.30,4.46
37.12,-4.06,8.58,4.28
37.12,-3.90,8.89,4.10
37.12,-3.74,9.22,3.95
37.13,-3.57,9.58,3.87
37.13,-3.42,9.91,3.79
37.13,-3.23,10.31,3.73
37.13,-3.08,10.76,3.64
37.14,-2.97,11.23,3.57
37.14,-2.87,11.73,3.51
37.14,-2.80,12.29,3.40
37.14,-2.81,12.87,3.33
37.15,-2.80,13.47,3.21
37.15,-2.82,14.07,3.14
37.15,-2.83,14.65,3.07
37.15,-2.86,15.23,2.97
37.15,-2.90,15.78,2.91
37.16,-2.87,16.30,2.87
37.16,-2.85,16.80,2.85
37.16,-2.87,17.23,2.99
37.16,-2.88,17.53,3.17
37.17,-2.92,17.67,3.39
37.17,-2.91,17.63,3.61
37.17,-2.99,17.29,3.81
37.17,-3.01,16.69,3.99
37.18,-3.02,15.78,4.10
37.18,-2.91,14.67,4.12
37.18,-2.80,13.55,4.04
37.18,-2.70,12.55,3.92
37.19,-2.62,11.69,3.70
37.19,-2.56,10.97,3.51
37.19,-2.55,10.32,3.34
37.19,-2.55,9.72,3.20
37.19,-2.50,9.21,3.12
37.20,-2.36,8.75,3.06
37.20,-2.21,8.37,3.00
37.20,-2.02,8.02,2.94
37.20,-1.81,7.74,2.91
37.21,-1.61,7.51,2.80
37.21,-1.44,7.31,2.67
37.21,-1.34,7.11,2.57
37.21,-1.20,6.95,2.43
37.22,-1.05,6.73,2.34
37.22,-0.95,6.57,2.25
37.22,-0.85,6.40,2.19
37.22,-0.75,6.29,2.10
37.23,-0.60,6.19,2.00
37.23,-0.50,6.13,1.88
37.23,-0.41,6.07,1.77
37.23,-0.34,6.05,1.67
37.24,-0.24,6.03,1.54
37.24,-0.13,6.04,1.43
37.24,-0.02,6.08,1.30
37.24,0.05,6.14,1.15
37.24,0.17,6.20,0.95
37.25,0.25,6.30,0.80
37.25,0.30,6.39,0.70
37.25,0.27,6.49,0.56
37.25,0.24,6.62,0.36
37.26,0.23,6.81,0.15
37.26,0.19,7.03,-0.03
37.26,0.15,7.27,-0.15
37.26,0.09,7.56,-0.24
37.27,-0.09,7.84,-0.21
37.27,-0.29,8.13,-0.24
37.27,-0.43,8.43,-0.08
37.27,-0.54,8.73,0.03
37.28,-0.67,8.98,0.17
37.28,-0.82,9.20,0.37
37.28,-1.01,9.38,0.57
37.28,-1.22,9.54,0.79
37.29,-1.43,9.67,1.09
37.29,-1.63,9.77,1.35
37.29,-1.78,9.87,1.67
37.29,-1.93,9.91,1.95
37.29,-2.08,9.92,2.26
37.30,-2.27,9.94,2.59
37.30,-2.58,9.96,2.87
37.30,-2.90,10.00,3.17
37.30,-3.20,10.05,3.51
37.31,-3.47,10.03,3.82
37.31,-3.62,9.98,4.01
37.31,-3.82,9.89,4.20
37.31,-4.07,9.83,4.31
37.32,-4.33,9.75,4.34
37.32,-4.56,9.65,4.39
37.32,-4.71,9.49,4.48
37.32,-4.71,9.32,4.59
37.33,-4.71,9.16,4.63
37.33,-4.74,9.04,4.57
37.33,-4.78,9.00,4.36
37.33,-4.68,8.92,4.03
37.34,-4.36,8.81,3.71
37.34,-3.85,8.65,3.42
37.34,-3.31,8.54,3.19
37.34,-2.76,8.46,2.87
37.34,-2.30,8.38,2.59
37.35,-1.95,8.30,2.34
37.35,-1.69,8.25,2.14
37.35,-1.53,8.23,2.02
37.35,-1.39,8.25,1.93
37.36,-1.32,8.28,1.90
37.36,-1.23,8.39,2.00
37.36,-1.15,8.49,2.14
37.36,-1.08,8.64,2.30
37.37,-0.99,8.73,2.39
37.37,-0.81,8.87,2.54
37.37,-0.65,9.00,2.69
37.37,-0.50,9.06,2.82
37.38,-0.37,9.18,2.97
37.38,-0.23,9.22,3.06
37.38,-0.15,9.29,3.23
37.38,-0.13,9.32,3.38
37.38,-0.14,9.39,3.48
37.39,-0.32,9.41,3.63
37.39,-0.60,9.38,3.81
37.39,-0.93,9.31,4.00
37.39,-1.29,9.17,4.21
37.40,-1.62,9.01,4.39
37.40,-1.95,8.84,4.57
37.40,-2.26,8.68,4.69
37.40,-2.53,8.51,4.82
37.41,-2.73,8.31,4.92
37.41,-2.95,8.14,4.98
37.41,-3.17,7.97,5.05
37.41,-3.40,7.82,5.00
37.42,-3.61,7.66,4.90
37.42,-3.76,7.55,4.80
37.42,-3.91,7.47,4.62
37.42,-4.04,7.40,4.39
37.43,-4.15,7.34,4.16
37.43,-4.29,7.26,3.94
37.43,-4.46,7.17,3.74
37.43,-4.57,7.12,3.52
37.43,-4.56,7.05,3.31
37.44,-4.52,7.01,3.14
37.44,-4.48,7.00,2.99
37.44,-4.39,6.99,2.85
37.44,-4.28,6.93,2.72
37.45,-4.14,6.93,2.64
37.45,-3.96,6.99,2.61
37.45,-3.81,7.02,2.64
37.45,-3.66,7.06,2.72
37.46,-3.54,7.12,2.83
37.46,-3.38,7.18,2.97
37.46,-3.18,7.29,3.14
37.46,-3.02,7.37,3.31
37.47,-2.86,7.51,3.52
37.47,-2.75,7.65,3.75
37.47,-2.67,7.79,3.95
37.47,-2.60,7.92,4.10
37.48,-2.53,8.07,4.24
37.48,-2.47,8.20,4.33
37.48,-2.46,8.34,4.43
37.48,-2.43,8.46,4.44
37.48,-2.43,8.55,4.41
37.49,-2.40,8.66,4.38
37.49,-2.45,8.71,4.35
37.49,-2.46,8.78,4.27
37.49,-2.54,8.80,4.22
37.50,-2.54,8.83,4.13
37.50,-2.50,8.90,3.99
37.50,-2.47,8.95,3.90
37.50,-2.53,8.94,3.83
37.51,-2.58,8.93,3.74
37.51,-2.65,8.90,3.66
37.51,-2.66,8.91,3.60
37.51,-2.70,8.92,3.54
37.52,-2.69,8.93,3.51
37.52,-2.71,8.95,3.44
37.52,-2.74,8.94,3.42
37.52,-2.72,8.90,3.40
37.53,-2.70,8.88,3.41
37.53,-2.68,8.82,3.46
37.53,-2.66,8.71,3.37
37.53,-2.55,8.65,3.41
37.53,-2.33,8.72,3.37
37.54,-2.13,8.75,3.36
37.54,-2.01,8.74,3.35
37.54,-1.96,8.67,3.35
37.54,-2.03,8.53,3.38
37.55,-2.01,8.44,3.41
37.55,-1.96,8.43,3.43
37.55,-1.87,8.41,3.40
37.55,-1.82,8.39,3.38
37.56,-1.82,8.33,3.38
37.56,-1.81,8.34,3.37
37.56,-1.80,8.37,3.38
37.56,-1.84,8.37,3.34
37.57,-1.97,8.40,3.42
37.57,-2.07,8.43,3.51
37.57,-2.18,8.50,3.58
37.57,-2.30,8.57,3.75
37.58,-2.42,8.59,3.89
37.58,-2.51,8.66,4.02
37.58,-2.60,8.70,4.06
37.58,-2.68,8.75,4.15
37.58,-2.77,8.76,4.21
37.59,-2.88,8.77,4.26
37.59,-2.98,8.77,4.35
37.59,-3.09,8.78,4.43
37.59,-3.18,8.74,4.47
37.60,-3.25,8.73,4.58
37.60,-3.31,8.72,4.61
37.60,-3.37,8.70,4.65
37.60,-3.39,8.69,4.69
37.61,-3.43,8.65,4.72
37.61,-3.49,8.59,4.80
37.61,-3.55,8.53,4.85
37.61,-3.61,8.50,4.94
37.62,-3.63,8.41,4.96
37.62,-3.68,8.32,5.05
37.62,-3.63,8.33,5.19
37.62,-3.56,8.33,5.23
37.62,-3.53,8.34,5.26
37.63,-3.45,8.37,5.27
37.63,-3.44,8.43,5.26
37.63,-3.50,8.36,5.29
37.63,-3.69,8.28,5.46
37.64,-3.91,8.22,5.60
37.64,-4.03,8.12,5.77
37.64,-4.14,8.02,5.91
37.64,-4.22,7.90,6.01
37.65,-4.28,7.81,6.07
37.65,-4.32,7.70,6.11
37.65,-4.38,7.61,6.13
37.65,-4.43,7.49,6.10
37.66,-4.48,7.35,6.08
37.66,-4.50,7.24,6.03
37.66,-4.51,7.09,5.97
37.66,-4.51,6.91,5.85
37.67,-4.52,6.78,5.75
37.67,-4.50,6.61,5.63
37.67,-4.45,6.47,5.47
37.67,-4.33,6.34,5.30
37.67,-4.19,6.23,5.08
37.68,-4.02,6.13,4.85
37.68,-3.84,6.01,4.64
37.68,-3.64,5.87,4.42
37.68,-3.39,5.74,4.14
37.69,-3.13,5.62,3.87
37.69,-2.84,5.53,3.61
37.69,-2.57,5.41,3.34
37.69,-2.28,5.31,3.13
37.70,-2.01,5.22,2.89
37.70,-1.75,5.10,2.63
37.70,-1.51,5.02,2.46
37.70,-1.29,4.91,2.30
37.71,-1.13,4.81,2.22
37.71,-0.99,4.72,2.18
37.71,-0.83,4.64,2.17
37.71,-0.68,4.60,2.20
37.72,-0.57,4.54,2.27
37.72,-0.45,4.56,2.36
37.72,-0.38,4.52,2.41
37.72,-0.31,4.58,2.52
37.72,-0.20,4.61,2.57
37.73,-0.11,4.67,2.62
37.73,0.04,4.71,2.64
37.73,0.19,4.74,2.61
37.73,0.39,4.79,2.57
37.74,0.59,4.81,2.54
37.74,0.81,4.83,2.44
37.74,1.03,4.85,2.38
37.74,1.27,4.87,2.31
37.75,1.52,4.83,2.26
37.75,1.65,4.80,2.20
37.75,1.77,4.82,2.16
37.75,1.82,4.83,2.12
37.76,1.80,4.87,2.11
37.76,1.71,4.93,2.13
37.76,1.57,5.05,2.22
37.76,1.34,5.19,2.31
37.77,1.02,5.40,2.45
37.77,0.65,5.70,2.59
37.77,0.13,6.07,2.69
37.77,-0.42,6.53,2.73
37.77,-1.01,7.06,2.78
37.78,-1.51,7.74,2.74
37.78,-1.98,8.61,2.68
37.78,-2.39,9.49,2.65
37.78,-2.68,10.43,2.64
37.79,-2.89,11.39,2.62
37.79,-3.07,12.42,2.56
37.79,-3.21,13.42,2.55
37.79,-3.33,14.43,2.55
37.80,-3.41,15.47,2.51
37.80,-3.42,16.45,2.44
37.80,-3.40,17.35,2.43
37.80,-3.42,18.15,2.39
37.81,-3.40,18.84,2.41
37.81,-3.48,19.44,2.44
37.81,-3.59,19.97,2.46
37.81,-3.71,20.29,2.56
37.81,-3.96,20.53,2.58
37.82,-4.29,20.54,2.55
37.82,-4.79,20.41,2.50
37.82,-5.26,20.18,2.29
37.82,-5.78,19.80,2.02
37.83,-6.33,19.35,1.71
37.83,-6.85,18.87,1.31
37.83,-7.26,18.33,0.92
37.83,-7.64,17.81,0.48
37.84,-8.00,17.28,0.07
37.84,-8.22,16.77,-0.43
37.84,-8.44,16.27,-0.92
37.84,-8.51,15.82,-1.27
37.85,-8.52,15.34,-1.63
37.85,-8.44,14.91,-1.93
37.85,-8.34,14.49,-2.17
37.85,-8.18,14.09,-2.29
37.86,-7.97,13.68,-2.31
37.86,-7.75,13.26,-2.16
37.86,-7.53,12.87,-1.96
37.86,-7.33,12.54,-1.70
37.86,-7.14,12.22,-1.41
37.87,-7.03,11.91,-1.08
37.87,-6.88,11.65,-0.70
37.87,-6.82,11.45,-0.35
37.87,-6.76,11.25,0.01
37.88,-6.82,11.15,0.37
37.88,-6.86,11.09,0.85
37.88,-6.77,11.07,1.33
37.88,-6.65,11.03,1.79
37.89,-6.51,11.02,2.16
37.89,-6.35,11.07,2.49
37.89,-6.19,11.18,2.83
37.89,-6.05,11.28,3.16
37.90,-5.85,11.41,3.48
37.90,-5.65,11.53,3.76
37.90,-5.41,11.66,3.99
37.90,-5.16,11.76,4.17
37.91,-4.92,11.85,4.35
37.91,-4.70,11.93,4.49
37.91,-4.48,12.02,4.59
37.91,-4.28,12.10,4.67
37.91,-4.05,12.12,4.70
37.92,-3.81,12.15,4.70
37.92,-3.60,12.15,4.62
37.92,-3.38,12.15,4.49
37.92,-3.20,12.16,4.33
37.93,-3.02,12.09,4.11
37.93,-2.83,12.04,3.86
37.93,-2.67,11.99,3.61
37.93,-2.59,11.92,3.29
37.94,-2.54,11.86,2.99
37.94,-2.51,11.76,2.68
37.94,-2.53,11.65,2.30
37.94,-2.50,11.50,1.93
37.95,-2.46,11.38,1.55
37.95,-2.40,11.24,1.20
37.95,-2.33,11.08,0.93
37.95,-2.29,10.87,0.66
37.96,-2.22,10.65,0.42
37.96,-2.14,10.44,0.20
37.96,-2.07,10.23,0.02
37.96,-2.00,9.98,-0.25
37.96,-2.06,9.76,-0.39
37.97,-2.13,9.56,-0.50
37.97,-2.23,9.33,-0.55
37.97,-2.28,9.09,-0.52
37.97,-2.41,8.85,-0.43
37.98,-2.51,8.60,-0.39
37.98,-2.67,8.38,-0.28
37.98,-2.72,8.22,-0.13
37.98,-2.74,8.03,0.01
37.99,-2.78,7.88,0.20
37.99,-2.83,7.70,0.38
37.99,-2.80,7.55,0.57
37.99,-2.74,7.46,0.72
38.00,-2.72,7.34,0.89
38.00,-2.74,7.20,1.11
38.00,-2.81,7.06,1.34
38.00,-2.94,6.89,1.56
38.01,-3.11,6.72,1.82
38.01,-3.28,6.56,2.06
38.01,-3.43,6.39,2.31
38.01,-3.51,6.23,2.52
38.01,-3.61,6.12,2.73
38.02,-3.65,6.06,2.95
38.02,-3.55,6.05,3.15
38.02,-3.51,6.05,3.33
38.02,-3.51,6.01,3.50
38.03,-3.66,6.02,3.66
38.03,-3.84,6.08,3.82
38.03,-3.89,6.12,3.90
38.03,-3.93,6.15,3.96
38.04,-3.93,6.19,3.98
38.04,-3.95,6.24,3.93
38.04,-4.01,6.24,3.89
38.04,-4.01,6.25,3.87
38.05,-3.96,6.26,3.81
38.05,-3.93,6.30,3.71
38.05,-3.95,6.36,3.55
38.05,-4.02,6.39,3.46
38.05,-4.09,6.42,3.34
38.06,-4.16,6.41,3.23
38.06,-4.16,6.35,3.15
38.06,-4.12,6.30,3.08
38.06,-4.07,6.26,3.00
38.07,-4.01,6.21,2.92
38.07,-3.93,6.22,2.86
38.07,-3.87,6.18,2.82
38.07,-3.76,6.16,2.78
38.08,-3.64,6.21,2.74
38.08,-3.56,6.27,2.75
38.08,-3.46,6.34,2.74
38.08,-3.40,6.44,2.74
38.09,-3.37,6.55,2.75
38.09,-3.35,6.70,2.80
38.09,-3.27,6.88,2.65
38.09,-3.12,7.02,2.64
38.10,-3.24,7.17,2.81
38.10,-3.21,7.29,2.90
38.10,-3.10,7.40,3.01
38.10,-2.99,7.54,3.06
38.10,-2.92,7.66,3.07
38.11,-2.82,7.79,3.14
38.11,-2.71,7.93,3.25
38.11,-2.63,8.04,3.29
38.11,-2.56,8.15,3.30
38.12,-2.49,8.19,3.31
38.12,-2.45,8.23,3.32
38.12,-2.43,8.29,3.28
38.12,-2.42,8.33,3.27
38.13,-2.42,8.36,3.25
38.13,-2.44,8.33,3.27
38.13,-2.47,8.33,3.24
38.13,-2.49,8.28,3.27
38.14,-2.52,8.27,3.29
38.14,-2.54,8.18,3.32
38.14,-2.57,8.12,3.37
38.14,-2.58,8.07,3.40
38.15,-2.59,8.02,3.41
38.15,-2.59,7.99,3.41
38.15,-2.60,7.99,3.45
38.15,-2.65,7.98,3.48
38.15,-2.67,7.98,3.54
38.16,-2.71,7.96,3.59
38.16,-2.76,7.98,3.68
38.16,-2.81,7.97,3.75
38.16,-2.86,7.93,3.83
38.17,-2.83,7.94,3.83
38.17,-2.88,7.88,3.90
38.17,-2.87,7.90,3.94
38.17,-2.87,7.88,3.99
38.18,-2.90,7.85,3.98
38.18,-2.91,7.79,3.99
38.18,-2.89,7.69,3.93
38.18,-2.92,7.64,3.89
38.19,-2.96,7.56,3.91
38.19,-3.01,7.46,4.03
38.19,-3.04,7.33,4.07
38.19,-3.05,7.27,4.08
38.20,-3.07,7.18,4.10
38.20,-3.07,7.08,4.12
38.20,-3.03,6.97,4.16
38.20,-3.04,6.91,4.29
38.20,-3.07,6.80,4.42
38.21,-3.15,6.66,4.54
38.21,-3.17,6.54,4.66
38.21,-3.21,6.44,4.77
38.21,-3.26,6.33,4.87
38.22,-3.30,6.19,4.97
38.22,-3.31,6.11,5.07
38.22,-3.34,6.11,5.13
38.22,-3.32,6.10,5.22
38.23,-3.31,6.11,5.30
38.23,-3.34,6.11,5.36
38.23,-3.43,6.13,5.39
38.23,-3.50,6.15,5.44
38.24,-3.75,6.04,5.53
38.24,-3.92,5.99,5.63
38.24,-4.15,5.93,5.67
38.24,-4.30,5.85,5.67
38.24,-4.39,5.80,5.67
38.25,-4.50,5.79,5.61
38.25,-4.58,5.78,5.57
38.25,-4.64,5.78,5.51
38.25,-4.71,5.80,5.43
38.26,-4.86,5.85,5.35
38.26,-5.05,5.95,5.31
38.26,-5.28,6.02,5.20
38.26,-5.52,5.99,5.09
38.27,-5.70,5.98,4.99
38.27,-5.86,5.94,4.92
38.27,-6.00,5.92,4.82
38.27,-6.09,5.96,4.72
38.28,-6.20,6.02,4.65
38.28,-6.28,6.14,4.58
38.28,-6.38,6.31,4.49
38.28,-6.47,6.45,4.43
38.29,-6.62,6.62,4.36
38.29,-6.73,6.78,4.33
38.29,-6.86,6.95,4.27
38.29,-6.94,7.08,4.24
38.29,-6.97,7.23,4.16
38.30,-6.99,7.34,4.12
38.30,-6.98,7.47,4.08
38.30,-7.00,7.58,3.99
38.30,-6.97,7.71,3.93
38.31,-6.91,7.83,3.83
38.31,-6.83,7.94,3.73
38.31,-6.72,8.06,3.67
38.31,-6.62,8.18,3.62
38.32,-6.50,8.30,3.59
38.32,-6.43,8.43,3.65
38.32,-6.38,8.58,3.73
38.32,-6.33,8.76,3.85
38.33,-6.29,8.89,4.04
38.33,-6.30,9.05,4.24
38.33,-6.36,9.20,4.49
38.33,-6.40,9.31,4.78
38.34,-6.47,9.44,5.03
38.34,-6.53,9.52,5.34
38.34,-6.55,9.66,5.60
38.34,-6.59,9.74,5.85
38.34,-6.64,9.85,6.03
38.35,-6.70,9.87,6.22
38.35,-6.80,9.94,6.39
38.35,-6.86,9.95,6.47
38.35,-6.92,9.94,6.53
38.36,-7.03,9.89,6.61
38.36,-7.11,9.84,6.65
38.36,-7.19,9.74,6.66
38.36,-7.29,9.67,6.60
38.37,-7.36,9.55,6.59
38.37,-7.44,9.42,6.59
38.37,-7.42,9.28,6.60
38.37,-7.41,9.16,6.59
38.38,-7.34,9.06,6.58
38.38,-7.27,8.95,6.53
38.38,-7.13,8.87,6.48
38.38,-6.95,8.81,6.45
38.39,-6.77,8.77,6.38
38.39,-6.54,8.71,6.32
38.39,-6.29,8.70,6.25
38.39,-6.01,8.67,6.16
38.39,-5.73,8.62,6.06
38.40,-5.47,8.57,5.87
38.40,-5.17,8.53,5.68
38.40,-4.87,8.48,5.50
38.40,-4.58,8.44,5.25
38.41,-4.34,8.35,5.01
38.41,-4.10,8.30,4.76
38.41,-3.88,8.22,4.54
38.41,-3.63,8.15,4.37
38.42,-3.41,8.03,4.22
38.42,-3.18,7.96,4.11
38.42,-2.94,7.90,4.02
38.42,-2.77,7.85,3.97
38.43,-2.59,7.82,3.93
38.43,-2.48,7.86,3.93
38.43,-2.41,7.93,3.95
38.43,-2.35,8.00,4.01
38.44,-2.31,8.15,4.06
38.44,-2.34,8.36,4.09
38.44,-2.35,8.61,4.08
38.44,-2.35,8.94,4.06
38.44,-2.33,9.29,4.04
38.45,-2.34,9.71,4.04
38.45,-2.32,10.14,4.06
38.45,-2.30,10.64,4.05
38.45,-2.33,11.15,4.04
38.46,-2.35,11.69,4.03
38.46,-2.36,12.26,4.01
38.46,-2.36,12.88,3.94
38.46,-2.35,13.47,3.89
38.47,-2.36,14.08,3.81
38.47,-2.36,14.71,3.75
38.47,-2.35,15.31,3.71
38.47,-2.40,15.84,3.67
38.48,-2.44,16.31,3.65
38.48,-2.53,16.66,3.62
38.48,-2.62,16.93,3.54
38.48,-2.79,16.96,3.49
38.48,-3.04,16.77,3.37
38.49,-3.36,16.26,3.21
38.49,-3.77,15.39,3.05
38.49,-4.07,14.28,2.90
38.49,-4.06,13.08,2.69
38.50,-3.74,12.08,2.49
38.50,-3.32,11.19,2.24
38.50,-2.91,10.49,1.96
38.50,-2.60,9.88,1.69
38.51,-2.38,9.31,1.42
38.51,-2.25,8.81,1.23
38.51,-2.17,8.36,1.02
38.51,-2.12,7.93,0.87
38.52,-2.05,7.55,0.77
38.52,-1.95,7.17,0.68
38.52,-1.82,6.84,0.63
38.52,-1.70,6.52,0.59
38.53,-1.53,6.25,0.56
38.53,-1.37,6.00,0.53
38.53,-1.23,5.78,0.51
38.53,-1.12,5.58,0.54
38.53,-1.01,5.41,0.55
38.54,-0.94,5.27,0.55
38.54,-0.86,5.17,0.59
38.54,-0.77,5.11,0.64
38.54,-0.70,5.08,0.72
38.55,-0.62,5.09,0.77
38.55,-0.54,5.15,0.81
38.55,-0.45,5.21,0.84
38.55,-0.34,5.31,0.89
38.56,-0.26,5.40,0.93
38.56,-0.21,5.52,0.94
38.56,-0.24,5.66,1.00
38.56,-0.30,5.82,1.00
38.57,-0.38,6.01,1.03
38.57,-0.44,6.23,1.01
38.57,-0.50,6.45,1.04
38.57,-0.55,6.75,1.05
38.58,-0.61,7.06,1.08
38.58,-0.67,7.40,1.09
38.58,-0.73,7.77,1.11
38.58,-0.84,8.09,1.17
38.58,-0.98,8.39,1.25
38.59,-1.27,8.80,1.37
38.59,-1.59,9.17,1.53
38.59,-1.87,9.48,1.75
38.59,-2.07,9.73,1.86
38.60,-2.22,10.03,1.96
38.60,-2.40,10.27,2.11
38.60,-2.53,10.51,2.28
38.60,-2.74,10.71,2.48
38.61,-3.01,10.89,2.68
38.61,-3.23,11.08,2.94
38.61,-3.48,11.17,3.26
38.61,-3.75,11.28,3.57
38.62,-4.10,11.33,3.79
38.62,-4.49,11.33,3.99
38.62,-4.92,11.28,4.10
38.62,-5.35,11.16,4.18
38.63,-5.75,10.96,4.20
38.63,-6.12,10.70,4.21
38.63,-6.38,10.46,4.11
38.63,-6.55,10.19,3.95
38.63,-6.64,9.89,3.69
38.64,-6.57,9.71,3.27
38.64,-6.33,9.55,2.89
38.64,-5.72,9.38,2.57
38.64,-4.90,9.25,2.31
38.65,-4.18,9.15,2.07
38.65,-3.66,9.05,1.86
38.65,-3.27,8.89,1.69
38.65,-3.00,8.73,1.59
38.66,-2.75,8.56,1.54
38.66,-2.56,8.44,1.55
38.66,-2.38,8.33,1.60
38.66,-2.25,8.35,1.70
38.67,-2.27,8.44,1.80
38.67,-2.15,8.51,1.96
38.67,-1.87,8.54,2.14
38.67,-1.56,8.59,2.27
38.67,-1.27,8.64,2.43
38.68,-1.07,8.71,2.64
38.68,-0.85,8.71,2.88
38.68,-0.61,8.71,3.13
38.68,-0.38,8.64,3.36
38.69,-0.14,8.56,3.55
38.69,-0.02,8.47,3.67
38.69,0.08,8.35,3.75
38.69,0.09,8.28,3.79
38.70,0.11,8.18,3.83
38.70,0.02,8.11,3.92
38.70,-0.18,8.03,3.94
38.70,-0.48,8.01,3.92
38.71,-0.83,8.00,3.94
38.71,-1.22,8.00,3.95
38.71,-1.60,7.99,3.99
38.71,-1.88,7.96,4.07
38.72,-2.09,7.95,4.12
38.72,-2.27,7.93,4.12
38.72,-2.41,7.92,4.15
38.72,-2.53,7.86,4.19
38.72,-2.65,7.85,4.21
38.73,-2.78,7.82,4.21
38.73,-2.89,7.79,4.21
38.73,-3.01,7.77,4.20
38.73,-3.15,7.74,4.19
38.74,-3.27,7.75,4.11
38.74,-3.39,7.77,3.99
38.74,-3.50,7.77,3.89
38.74,-3.60,7.79,3.71
38.75,-3.70,7.83,3.56
38.75,-3.73,7.88,3.38
38.75,-3.73,7.94,3.18
38.75,-3.75,8.02,3.00
38.76,-3.71,8.06,2.82
38.76,-3.62,8.14,2.65
38.76,-3.49,8.19,2.53
38.76,-3.33,8.25,2.48
38.77,-3.10,8.31,2.46
38.77,-2.90,8.37,2.50
38.77,-2.71,8.39,2.55
38.77,-2.55,8.45,2.65
38.77,-2.41,8.46,2.79
38.78,-2.29,8.46,2.89
38.78,-2.22,8.45,3.07
38.78,-2.13,8.43,3.15
38.78,-2.07,8.39,3.32
38.79,-1.99,8.37,3.42
38.79,-1.95,8.35,3.54
38.79,-1.95,8.31,3.60
38.79,-1.91,8.24,3.69
38.80,-1.91,8.18,3.73
38.80,-1.96,8.13,3.87
38.80,-1.95,8.09,3.91
38.80,-2.00,8.02,3.99
38.81,-2.07,7.97,4.08
38.81,-2.13,7.94,4.12
38.81,-2.18,7.91,4.20
38.81,-2.22,7.88,4.25
38.82,-2.31,7.89,4.33
38.82,-2.42,7.90,4.40
38.82,-2.53,7.92,4.43
38.82,-2.62,7.97,4.47
38.82,-2.72,8.02,4.48
38.83,-2.81,8.07,4.50
38.83,-2.91,8.12,4.51
38.83,-3.03,8.13,4.50
38.83,-3.16,8.19,4.46
38.84,-3.21,8.26,4.36
38.84,-3.28,8.31,4.30
38.84,-3.30,8.37,4.23
38.84,-3.33,8.42,4.16
38.85,-3.37,8.48,4.08
38.85,-3.38,8.49,4.05
38.85,-3.39,8.55,4.01
38.85,-3.41,8.58,4.06
38.86,-3.36,8.54,4.08
38.86,-3.36,8.56,4.15
38.86,-3.37,8.55,4.16
38.86,-3.36,8.52,4.17
38.87,-3.21,8.59,4.16
38.87,-3.08,8.68,4.17
38.87,-3.13,8.69,4.19
38.87,-3.20,8.61,4.16
38.87,-3.25,8.59,4.12
38.88,-3.18,8.68,4.08
38.88,-3.06,8.74,4.09
38.88,-3.05,8.80,4.07
38.88,-3.05,8.86,4.11
38.89,-3.03,8.94,4.12
38.89,-3.04,9.02,4.13
38.89,-3.04,9.11,4.18
38.89,-3.04,9.17,4.21
38.90,-3.04,9.26,4.25
38.90,-3.03,9.34,4.31
38.90,-3.03,9.41,4.36
38.90,-3.05,9.47,4.42
38.91,-3.09,9.51,4.45
38.91,-3.14,9.53,4.55
38.91,-3.23,9.58,4.61
38.91,-3.28,9.62,4.68
38.91,-3.35,9.62,4.77
38.92,-3.39,9.62,4.83
38.92,-3.42,9.66,4.92
38.92,-3.50,9.66,5.03
38.92,-3.54,9.64,5.12
38.93,-3.54,9.64,5.21
38.93,-3.60,9.65,5.33
38.93,-3.58,9.68,5.41
38.93,-3.63,9.67,5.51
38.94,-3.72,9.66,5.63
38.94,-3.78,9.61,5.78
38.94,-3.87,9.56,5.90
38.94,-3.92,9.50,6.06
38.95,-3.96,9.46,6.22
38.95,-4.03,9.36,6.34
38.95,-4.10,9.28,6.48
38.95,-4.14,9.21,6.61
38.96,-4.17,9.13,6.75
38.96,-4.23,9.04,6.84
38.96,-4.29,8.94,6.93
38.96,-4.34,8.84,6.98
38.96,-4.37,8.76,7.02
38.97,-4.42,8.64,7.04
38.97,-4.48,8.51,7.01
38.97,-4.50,8.41,6.96
38.97,-4.53,8.29,6.85
38.98,-4.54,8.16,6.73
38.98,-4.57,8.04,6.58
38.98,-4.56,7.91,6.38
38.98,-4.58,7.76,6.24
38.99,-4.55,7.61,6.08
38.99,-4.55,7.46,5.91
38.99,-4.54,7.28,5.77
38.99,-4.49,7.15,5.59
39.00,-4.45,6.98,5.39
39.00,-4.41,6.80,5.15
39.00,-4.35,6.63,4.88
39.00,-4.30,6.44,4.58
39.01,-4.31,6.29,4.24
39.01,-4.35,6.12,3.85
39.01,-4.27,5.97,3.43
39.01,-4.11,5.77,3.12
39.01,-3.91,5.59,2.91
39.02,-3.72,5.45,2.77
39.02,-3.43,5.33,2.67
39.02,-3.17,5.21,2.67
39.02,-2.91,5.16,2.73
39.03,-2.68,5.11,2.86
39.03,-2.43,5.09,2.97
39.03,-2.16,5.13,3.10
39.03,-1.86,5.18,3.25
39.04,-1.64,5.31,3.40
39.04,-1.43,5.48,3.56
39.04,-1.20,5.67,3.71
39.04,-1.01,5.88,3.92
39.05,-0.73,6.10,4.16
39.05,-0.44,6.36,4.40
39.05,-0.15,6.72,4.67
39.05,0.11,7.07,4.90
39.06,0.33,7.43,5.07
39.06,0.61,7.78,5.20
39.06,0.83,8.12,5.30
39.06,1.08,8.43,5.37
39.06,1.23,8.66,5.44
39.07,1.38,8.88,5.53
39.07,1.55,9.07,5.60
39.07,1.68,9.22,5.64
39.07,1.78,9.37,5.59
39.08,1.88,9.54,5.46
39.08,1.97,9.64,5.28
39.08,1.87,9.69,4.96
39.08,1.68,9.72,4.56
39.09,1.34,9.76,4.06
39.09,0.85,9.85,3.57
39.09,0.24,9.92,3.03
39.09,-0.45,9.98,2.56
39.10,-1.17,10.15,1.99
39.10,-1.84,10.40,1.43
39.10,-2.45,10.70,0.84
39.10,-2.92,11.07,0.20
39.10,-3.26,11.57,-0.42
39.11,-3.49,12.03,-0.99
39.11,-3.58,12.57,-1.62
39.11,-3.64,13.00,-2.16
39.11,-3.64,13.33,-2.59
39.12,-3.49,13.65,-2.94
39.12,-3.33,13.90,-3.20
39.12,-3.13,14.01,-3.32
39.12,-2.95,14.01,-3.40
39.13,-2.80,13.91,-3.38
39.13,-2.71,13.75,-3.34
39.13,-2.67,13.51,-3.27
39.13,-2.73,13.22,-3.15
39.14,-2.77,12.84,-3.03
39.14,-2.83,12.50,-2.85
39.14,-2.92,12.13,-2.63
39.14,-3.05,11.76,-2.40
39.15,-3.21,11.43,-2.15
39.15,-3.31,11.11,-1.86
39.15,-3.48,10.83,-1.59
39.15,-3.65,10.57,-1.35
39.15,-3.83,10.36,-1.05
39.16,-4.05,10.14,-0.78
39.16,-4.20,9.96,-0.52
39.16,-4.34,9.83,-0.31
39.16,-4.50,9.72,-0.18
39.17,-4.63,9.59,-0.08
39.17,-4.79,9.53,0.00
39.17,-4.99,9.43,0.08
39.17,-5.23,9.35,0.16
39.18,-5.42,9.27,0.24
39.18,-5.59,9.20,0.32
39.18,-5.85,9.15,0.43
39.18,-6.12,9.12,0.51
39.19,-6.34,9.10,0.60
39.19,-6.48,9.12,0.68
39.19,-6.69,9.09,0.75
39.19,-6.87,9.15,0.89
39.20,-7.01,9.13,0.99
39.20,-7.09,9.18,1.13
39.20,-7.18,9.24,1.28
39.20,-7.23,9.35,1.51
39.20,-7.14,9.49,1.75
39.21,-6.98,9.60,2.00
39.21,-6.81,9.71,2.23
39.21,-6.60,9.83,2.43
39.21,-6.41,9.95,2.70
39.22,-6.20,10.04,2.93
39.22,-5.93,10.10,3.08
39.22,-5.68,10.21,3.23
39.22,-5.42,10.29,3.35
39.23,-5.19,10.36,3.43
39.23,-4.98,10.49,3.49
39.23,-4.77,10.62,3.52
39.23,-4.60,10.79,3.51
39.24,-4.58,11.04,3.49
39.24,-4.47,11.30,3.49
39.24,-4.32,11.55,3.50
39.24,-4.21,11.80,3.42
39.25,-4.11,12.05,3.25
39.25,-4.08,12.27,3.05
39.25,-4.02,12.48,2.80
39.25,-3.94,12.75,2.51
39.25,-3.88,13.00,2.23
39.26,-3.81,13.21,1.92
39.26,-3.79,13.44,1.63
39.26,-3.76,13.63,1.33
39.26,-3.71,13.79,1.04
39.27,-3.65,13.90,0.79
39.27,-3.60,14.02,0.52
39.27,-3.52,14.16,0.28
39.27,-3.43,14.16,0.11
39.28,-3.30,14.15,-0.06
39.28,-3.13,14.11,-0.18
39.28,-2.96,14.02,-0.27
39.28,-2.86,13.88,-0.36
39.29,-2.78,13.60,-0.42
39.29,-2.73,13.35,-0.50
39.29,-2.69,13.00,-0.54
39.29,-2.60,12.60,-0.64
39.30,-2.50,12.22,-0.70
39.30,-2.35,11.77,-0.73
39.30,-2.27,11.35,-0.68
39.30,-2.30,10.90,-0.54
39.30,-2.44,10.45,-0.27
39.31,-2.59,10.03,-0.05
39.31,-2.76,9.64,0.13
39.31,-2.88,9.24,0.29
39.31,-3.00,8.83,0.43
39.32,-3.12,8.52,0.60
39.32,-3.20,8.25,0.80
39.32,-3.29,7.95,1.01
39.32,-3.34,7.66,1.17
39.33,-3.36,7.41,1.34
39.33,-3.37,7.18,1.48
39.33,-3.36,7.01,1.58
39.33,-3.34,6.82,1.67
39.34,-3.38,6.62,1.76
39.34,-3.41,6.43,1.85
39.34,-3.49,6.25,1.98
39.34,-3.50,6.10,2.11
39.34,-3.57,6.00,2.33
39.35,-3.64,5.86,2.53
39.35,-3.73,5.76,2.75
39.35,-3.86,5.69,2.93
39.35,-3.98,5.65,3.07
39.36,-4.10,5.54,3.17
39.36,-4.20,5.40,3.27
39.36,-4.24,5.26,3.37
39.36,-4.23,5.14,3.37
39.37,-4.19,5.11,3.35
39.37,-4.16,5.18,3.31
39.37,-4.07,5.24,3.29
39.37,-3.97,5.32,3.26
39.38,-3.88,5.40,3.22
39.38,-3.77,5.52,3.27
39.38,-3.66,5.69,3.34
39.38,-3.66,5.89,3.39
39.39,-3.71,6.08,3.49
39.39,-3.71,6.23,3.53
39.39,-3.68,6.36,3.50
39.39,-3.57,6.56,3.46
39.39,-3.45,6.75,3.41
39.40,-3.34,6.95,3.39
39.40,-3.22,7.17,3.38
39.40,-3.10,7.35,3.38
39.40,-3.05,7.57,3.35
39.41,-3.03,7.76,3.29
39.41,-3.02,7.92,3.22
39.41,-3.05,8.04,3.15
39.41,-3.10,8.19,3.07
39.42,-3.11,8.29,2.95
39.42,-3.22,8.39,2.90
39.42,-3.32,8.50,2.82
39.42,-3.40,8.60,2.80
39.43,-3.45,8.71,2.77
39.43,-3.50,8.83,2.74
39.43,-3.57,8.92,2.68
39.43,-3.55,9.06,2.55
39.44,-3.63,9.19,2.52
39.44,-3.70,9.30,2.54
39.44,-3.76,9.40,2.59
39.44,-3.87,9.45,2.69
39.44,-3.88,9.49,2.75
39.45,-3.84,9.52,2.78
39.45,-3.79,9.56,2.81
39.45,-3.70,9.58,2.78
39.45,-3.65,9.59,2.82
39.46,-3.57,9.60,2.88
39.46,-3.53,9.56,2.95
39.46,-3.48,9.56,3.01
39.46,-3.41,9.50,3.04
39.47,-3.34,9.46,3.06
39.47,-3.29,9.37,3.13
39.47,-3.20,9.33,3.18
39.47,-3.14,9.26,3.26
39.48,-3.06,9.15,3.36
39.48,-3.03,9.05,3.43
39.48,-3.05,8.88,3.54
39.48,-3.07,8.77,3.61
39.49,-3.12,8.64,3.70
39.49,-3.20,8.53,3.79
39.49,-3.28,8.47,3.87
39.49,-3.33,8.37,3.92
39.49,-3.36,8.29,3.99
39.50,-3.44,8.18,4.05
39.50,-3.46,8.08,4.06
39.50,-3.49,7.99,4.03
39.50,-3.46,8.00,4.04
39.51,-3.44,7.91,3.97
39.51,-3.42,7.78,3.93
39.51,-3.41,7.68,3.92
39.51,-3.36,7.55,3.88
39.52,-3.34,7.44,3.90
39.52,-3.32,7.29,3.89
39.52,-3.27,7.18,3.93
39.52,-3.26,7.04,3.96
39.53,-3.20,6.94,3.96
39.53,-3.13,6.86,4.03
39.53,-3.00,6.76,4.02
39.53,-2.85,6.71,3.92
39.53,-2.84,6.54,3.93
39.54,-2.79,6.50,4.19
39.54,-2.79,6.39,4.33
39.54,-2.83,6.31,4.39
39.54,-2.83,6.27,4.43
39.55,-2.78,6.23,4.45
39.55,-2.73,6.22,4.45
39.55,-2.72,6.22,4.45
39.55,-2.68,6.17,4.45
39.56,-2.73,6.13,4.46
39.56,-2.77,6.10,4.46
39.56,-2.79,6.14,4.44
39.56,-2.82,6.13,4.41
39.57,-2.85,6.14,4.38
39.57,-2.94,6.16,4.32
39.57,-3.03,6.19,4.28
39.57,-3.08,6.18,4.21
39.58,-3.14,6.27,4.13
39.58,-3.16,6.30,4.07
39.58,-3.22,6.33,4.04
39.58,-3.29,6.39,3.97
39.58,-3.38,6.42,3.94
39.59,-3.49,6.45,3.91
39.59,-3.62,6.50,3.91
39.59,-3.76,6.53,3.87
39.59,-3.88,6.55,3.86
39.60,-3.98,6.59,3.84
39.60,-4.10,6.61,3.86
39.60,-4.19,6.62,3.87
39.60,-4.27,6.64,3.86
39.61,-4.36,6.69,3.90
39.61,-4.45,6.71,3.93
39.61,-4.50,6.70,3.99
39.61,-4.58,6.72,4.09
39.62,-4.64,6.70,4.14
39.62,-4.71,6.68,4.21
39.62,-4.76,6.67,4.33
39.62,-4.87,6.71,4.42
39.63,-4.98,6.69,4.50
39.63,-5.16,6.68,4.59
39.63,-5.33,6.70,4.72
39.63,-5.47,6.72,4.85
39.63,-5.58,6.70,4.93
39.64,-5.65,6.71,5.03
39.64,-5.69,6.69,5.07
39.64,-5.72,6.70,5.12
39.64,-5.77,6.71,5.12
39.65,-5.82,6.78,5.13
39.65,-5.88,6.83,5.13
39.65,-5.93,6.90,5.07
39.65,-5.97,6.94,5.05
39.66,-6.04,7.06,5.01
39.66,-6.15,7.16,5.04
39.66,-6.28,7.23,5.04
39.66,-6.37,7.32,5.12
39.67,-6.44,7.41,5.17
39.67,-6.50,7.51,5.21
39.67,-6.55,7.58,5.23
39.67,-6.55,7.69,5.26
39.68,-6.56,7.75,5.28
39.68,-6.52,7.81,5.27
39.68,-6.48,7.89,5.22
39.68,-6.44,7.93,5.16
39.68,-6.40,8.00,5.09
39.69,-6.35,8.08,5.03
39.69,-6.29,8.22,4.95
39.69,-6.21,8.36,4.90
39.69,-6.12,8.53,4.89
39.70,-6.03,8.67,4.90
39.70,-6.06,8.80,4.97
39.70,-6.06,8.92,5.04
39.70,-6.07,9.02,5.15
39.71,-6.08,9.11,5.23
39.71,-6.13,9.20,5.36
39.71,-6.14,9.28,5.46
39.71,-6.14,9.34,5.55
39.72,-6.08,9.39,5.63
39.72,-6.01,9.40,5.72
39.72,-5.95,9.40,5.76
39.72,-5.93,9.36,5.79
39.73,-5.92,9.30,5.83
39.73,-5.97,9.23,5.85
39.73,-6.06,9.15,5.87
39.73,-6.18,9.05,5.90
39.73,-6.30,8.91,5.92
39.74,-6.41,8.80,5.94
39.74,-6.47,8.70,5.92
39.74,-6.48,8.62,5.93
39.74,-6.48,8.57,5.89
39.75,-6.44,8.53,5.87
39.75,-6.32,8.52,5.84
39.75,-6.23,8.53,5.78
39.75,-6.12,8.55,5.71
39.76,-6.00,8.61,5.63
39.76,-5.89,8.64,5.54
39.76,-5.75,8.70,5.42
39.76,-5.62,8.76,5.30
39.77,-5.47,8.79,5.16
39.77,-5.37,8.81,5.04
39.77,-5.19,8.86,4.85
39.77,-5.01,8.88,4.73
39.77,-4.82,8.91,4.67
39.78,-4.62,8.94,4.61
39.78,-4.44,8.94,4.62
39.78,-4.23,8.96,4.62
39.78,-4.06,9.01,4.61
39.79,-3.94,9.06,4.60
39.79,-3.83,9.18,4.58
39.79,-3.69,9.36,4.59
39.79,-3.54,9.63,4.60
39.80,-3.35,9.95,4.69
39.80,-3.25,10.31,4.74
39.80,-3.14,10.71,4.79
39.80,-3.07,11.16,4.84
39.81,-3.06,11.62,4.86
39.81,-3.05,12.09,4.81
39.81,-3.07,12.54,4.76
39.81,-3.05,13.01,4.65
39.82,-3.07,13.46,4.47
39.82,-3.10,13.90,4.32
39.82,-3.11,14.30,4.16
39.82,-3.09,14.67,3.97
39.82,-3.08,15.03,3.83
39.83,-3.10,15.31,3.67
39.83,-3.18,15.52,3.55
39.83,-3.20,15.72,3.44
39.83,-3.22,15.81,3.37
39.84,-3.34,15.73,3.31
39.84,-3.44,15.47,3.22
39.84,-3.57,14.98,3.16
39.84,-3.58,14.31,3.01
39.85,-3.43,13.50,2.85
39.85,-3.12,12.70,2.64
39.85,-2.77,12.01,2.39
39.85,-2.44,11.38,2.13
39.86,-2.17,10.85,1.86
39.86,-1.97,10.35,1.61
39.86,-1.84,9.89,1.45
39.86,-1.77,9.48,1.24
39.87,-1.79,9.14,1.06
39.87,-1.78,8.79,0.93
39.87,-1.78,8.47,0.87
39.87,-1.72,8.15,0.82
39.87,-1.64,7.84,0.82
39.88,-1.61,7.59,0.84
39.88,-1.48,7.38,0.84
39.88,-1.39,7.21,0.85
39.88,-1.26,7.04,0.86
39.89,-1.24,6.89,0.93
39.89,-1.32,6.78,0.98
39.89,-1.33,6.63,1.04
39.89,-1.21,6.57,1.06
39.90,-1.07,6.55,1.09
39.90,-0.95,6.48,1.10
39.90,-0.84,6.41,1.09
39.90,-0.72,6.36,1.13
39.91,-0.61,6.35,1.12
39.91,-0.47,6.36,1.11
39.91,-0.41,6.36,1.16
39.91,-0.41,6.38,1.19
39.92,-0.41,6.37,1.23
39.92,-0.42,6.36,1.24
39.92,-0.40,6.37,1.25
39.92,-0.44,6.43,1.24
39.92,-0.46,6.50,1.20
39.93,-0.56,6.63,1.15
39.93,-0.66,6.79,1.09
39.93,-0.68,6.97,1.01
39.93,-0.72,7.10,1.00
39.94,-0.84,7.22,0.99
39.94,-1.06,7.38,1.02
39.94,-1.31,7.56,1.08
39.94,-1.57,7.74,1.20
39.95,-1.77,7.96,1.36
39.95,-2.02,8.20,1.64
39.95,-2.28,8.50,1.95
39.95,-2.49,8.72,2.21
39.96,-2.73,8.92,2.44
39.96,-2.92,9.19,2.70
39.96,-3.06,9.43,2.96
39.96,-3.16,9.70,3.25
39.96,-3.33,9.92,3.50
39.97,-3.53,10.12,3.69
39.97,-3.81,10.30,3.87
39.97,-4.11,10.43,3.99
39.97,-4.40,10.49,4.05
39.98,-4.70,10.56,4.04
39.98,-5.02,10.59,3.97
39.98,-5.32,10.55,3.87
39.98,-5.60,10.47,3.75
39.99,-5.77,10.36,3.53
39.99,-5.84,10.27,3.25
39.99,-5.66,10.16,2.96
39.99,-5.33,10.08,2.65
40.00,-4.67,10.00,2.40
40.00,-3.95,9.98,2.21
40.00,-3.26,9.90,2.08
40.00,-2.69,9.78,2.00
40.01,-2.33,9.62,1.92
40.01,-2.09,9.47,1.87
40.01,-1.92,9.40,1.83
40.01,-1.66,9.21,1.92
40.01,-1.41,9.06,1.95
40.02,-1.15,8.91,2.02
40.02,-0.98,8.77,2.12
40.02,-0.91,8.66,2.20
40.02,-0.78,8.61,2.28
40.03,-0.70,8.56,2.32
40.03,-0.59,8.54,2.44
40.03,-0.37,8.53,2.56
40.03,-0.19,8.51,2.69
40.04,-0.04,8.48,2.86
40.04,0.06,8.43,3.00
40.04,0.10,8.34,3.12
40.04,0.11,8.22,3.26
40.05,0.07,8.04,3.35
40.05,0.02,7.89,3.43
40.05,-0.14,7.72,3.51
40.05,-0.27,7.53,3.58
40.06,-0.46,7.38,3.67
40.06,-0.62,7.25,3.79
40.06,-0.83,7.14,3.96
40.06,-1.03,6.99,4.12
40.06,-1.24,6.88,4.29
40.07,-1.46,6.81,4.43
40.07,-1.64,6.74,4.53
40.07,-1.87,6.73,4.63
40.07,-2.11,6.66,4.67
40.08,-2.35,6.65,4.65
40.08,-2.61,6.63,4.64
40.08,-2.85,6.62,4.60
40.08,-3.06,6.63,4.48
40.09,-3.24,6.67,4.37
40.09,-3.40,6.75,4.22
40.09,-3.49,6.85,4.04
40.09,-3.59,6.95,3.86
40.10,-3.66,7.04,3.70
40.10,-3.75,7.15,3.55
40.10,-3.80,7.29,3.41
40.10,-3.91,7.44,3.25
40.11,-3.99,7.55,3.07
40.11,-4.07,7.68,2.96
40.11,-4.11,7.79,2.87
40.11,-4.06,7.90,2.84
40.11,-3.93,8.18,2.89
40.12,-3.89,8.19,2.85
40.12,-3.77,8.33,3.02
40.12,-3.64,8.38,3.12
40.12,-3.49,8.46,3.25
40.13,-3.31,8.58,3.38
40.13,-3.20,8.58,3.50
40.13,-3.05,8.64,3.64
40.13,-3.02,8.60,3.77
40.14,-2.93,8.64,3.89
40.14,-2.92,8.64,4.00
40.14,-2.92,8.61,4.11
40.14,-2.92,8.59,4.20
40.15,-2.93,8.59,4.27
40.15,-2.96,8.55,4.34
40.15,-3.02,8.48,4.37
40.15,-3.07,8.46,4.36
40.16,-3.11,8.43,4.32
40.16,-3.18,8.37,4.27
40.16,-3.26,8.35,4.20
40.16,-3.33,8.34,4.13
40.16,-3.40,8.32,4.00
40.17,-3.48,8.31,3.94
40.17,-3.50,8.30,3.85
40.17,-3.59,8.32,3.77
40.17,-3.61,8.36,3.70
40.18,-3.64,8.41,3.68
40.18,-3.67,8.46,3.61
40.18,-3.71,8.51,3.59
40.18,-3.79,8.54,3.59
40.19,-3.87,8.61,3.59
40.19,-3.92,8.67,3.57
40.19,-3.98,8.74,3.61
40.19,-4.00,8.79,3.64
40.20,-4.02,8.86,3.69
40.20,-4.03,8.94,3.74
40.20,-4.07,8.98,3.81
40.20,-4.09,9.02,3.86
40.20,-4.11,9.09,3.92
40.21,-4.13,9.12,3.99
40.21,-4.15,9.15,4.00
40.21,-4.20,9.20,4.06
40.21,-4.24,9.20,4.10
40.22,-4.28,9.23,4.15
40.22,-4.30,9.24,4.19
40.22,-4.32,9.24,4.19
40.22,-4.31,9.28,4.16
40.23,-4.26,9.25,4.16
40.23,-4.21,9.22,4.11
40.23,-4.12,9.21,4.10
40.23,-4.04,9.16,4.08
40.24,-3.93,9.13,4.05
40.24,-3.82,9.10,4.04
40.24,-3.71,9.05,4.04
40.24,-3.57,9.00,4.06
40.25,-3.47,8.94,4.08
40.25,-3.33,8.89,4.14
40.25,-3.21,8.83,4.20
40.25,-3.09,8.78,4.24
40.25,-2.96,8.72,4.28
40.26,-2.85,8.64,4.37
40.26,-2.76,8.60,4.44
40.26,-2.65,8.56,4.51
40.26,-2.55,8.53,4.62
40.27,-2.48,8.51,4.75
40.27,-2.43,8.49,4.87
40.27,-2.36,8.48,5.01
40.27,-2.30,8.51,5.12
40.28,-2.27,8.54,5.25
40.28,-2.21,8.59,5.35
40.28,-2.18,8.63,5.46
40.28,-2.13,8.69,5.51
40.29,-2.11,8.73,5.58
40.29,-2.09,8.78,5.66
40.29,-2.11,8.81,5.70
40.29,-2.11,8.84,5.78
40.30,-2.17,8.83,5.81
40.30,-2.18,8.81,5.90
40.30,-2.26,8.78,5.92
40.30,-2.34,8.78,5.96
40.30,-2.40,8.75,6.00
40.31,-2.45,8.71,6.07
40.31,-2.52,8.63,6.08
40.31,-2.57,8.59,6.15
40.31,-2.68,8.56,6.15
40.32,-2.73,8.48,6.15
40.32,-2.77,8.40,6.20
40.32,-2.83,8.34,6.23
40.32,-2.89,8.25,6.25
40.33,-2.95,8.17,6.27
40.33,-3.02,8.11,6.23
40.33,-3.06,8.03,6.20
40.33,-3.09,7.92,6.16
40.34,-3.12,7.84,6.11
40.34,-3.15,7.78,6.07
40.34,-3.15,7.67,6.02
40.34,-3.15,7.58,5.95
40.35,-3.17,7.52,5.85
40.35,-3.17,7.41,5.76
40.35,-3.19,7.32,5.66
40.35,-3.19,7.27,5.53
40.35,-3.18,7.21,5.41
40.36,-3.22,7.15,5.25
40.36,-3.28,7.10,5.06
40.36,-3.31,7.03,4.85
40.36,-3.33,7.02,4.66
40.37,-3.24,7.03,4.48
40.37,-3.12,7.04,4.32
40.37,-3.01,7.07,4.19
40.37,-2.93,7.15,4.04
40.38,-2.82,7.18,3.90
40.38,-2.69,7.23,3.78
40.38,-2.56,7.32,3.63
40.38,-2.45,7.37,3.53
40.39,-2.34,7.42,3.43
40.39,-2.24,7.48,3.34
40.39,-2.09,7.55,3.27
40.39,-1.95,7.61,3.25
40.39,-1.79,7.70,3.27
40.40,-1.64,7.76,3.34
40.40,-1.49,7.88,3.44
40.40,-1.35,7.98,3.55
40.40,-1.17,8.14,3.70
40.41,-1.03,8.30,3.82
40.41,-0.84,8.50,3.93
40.41,-0.64,8.75,4.04
40.41,-0.48,8.96,4.10
40.42,-0.32,9.17,4.09
40.42,-0.17,9.32,4.11
40.42,-0.05,9.47,4.12
40.42,0.09,9.58,4.05
40.43,0.18,9.61,3.94
40.43,0.26,9.60,3.87
40.43,0.36,9.56,3.82
40.43,0.42,9.57,3.72
40.44,0.41,9.55,3.65
40.44,0.41,9.46,3.62
40.44,0.39,9.40,3.54
40.44,0.37,9.29,3.44
40.44,0.32,9.21,3.27
40.45,0.22,9.16,3.08
40.45,0.12,9.12,2.94
40.45,-0.07,9.11,2.75
40.45,-0.30,9.08,2.56
40.46,-0.51,9.12,2.35
40.46,-0.72,9.26,2.11
40.46,-0.96,9.38,1.91
40.46,-1.17,9.46,1.70
40.47,-1.33,9.54,1.46
40.47,-1.40,9.69,1.21
40.47,-1.42,9.93,0.91
40.47,-1.41,10.20,0.65
40.48,-1.38,10.48,0.36
40.48,-1.37,10.75,0.08
40.48,-1.35,11.07,-0.25
40.48,-1.38,11.43,-0.61
40.49,-1.38,11.77,-0.93
40.49,-1.42,12.05,-1.26
40.49,-1.45,12.29,-1.55
40.49,-1.44,12.52,-1.84
40.49,-1.49,12.58,-2.09
40.50,-1.60,12.60,-2.23
40.50,-1.74,12.53,-2.30
40.50,-1.99,12.38,-2.28
40.50,-2.21,12.18,-2.25
40.51,-2.41,11.97,-2.22
40.51,-2.61,11.72,-2.11
40.51,-2.81,11.43,-1.94
40.51,-3.06,11.15,-1.78
40.52,-3.32,10.91,-1.58
40.52,-3.57,10.68,-1.37
40.52,-3.86,10.41,-1.15
40.52,-4.13,10.19,-0.94
40.53,-4.41,9.98,-0.75
40.53,-4.64,9.80,-0.54
40.53,-4.84,9.68,-0.43
40.53,-5.04,9.54,-0.27
40.54,-5.18,9.43,-0.13
40.54,-5.41,9.35,-0.06
40.54,-5.60,9.27,-0.02
40.54,-5.77,9.19,0.05
40.54,-6.01,9.10,0.06
40.55,-6.26,9.07,0.12
40.55,-6.47,9.02,0.22
40.55,-6.66,9.02,0.29
40.55,-6.91,8.97,0.38
40.56,-7.19,9.00,0.51
40.56,-7.37,9.01,0.59
40.56,-7.47,9.10,0.70
40.56,-7.54,9.12,0.86
40.57,-7.62,9.23,1.02
40.57,-7.64,9.34,1.16
40.57,-7.60,9.43,1.31
40.57,-7.50,9.49,1.50
40.58,-7.32,9.58,1.73
40.58,-7.09,9.62,1.95
40.58,-6.79,9.66,2.19
40.58,-6.49,9.68,2.43
40.59,-6.14,9.66,2.64
40.59,-5.79,9.64,2.86
40.59,-5.41,9.65,3.09
40.59,-5.07,9.64,3.27
40.59,-4.68,9.67,3.38
40.60,-4.37,9.74,3.46
40.60,-4.04,9.85,3.46
40.60,-3.83,10.00,3.41
40.60,-3.62,10.18,3.32
40.61,-3.39,10.41,3.20
40.61,-3.20,10.67,3.11
40.61,-3.01,10.92,3.02
40.61,-2.87,11.24,2.92
40.62,-2.70,11.47,2.80
40.62,-2.64,11.78,2.61
40.62,-2.59,12.18,2.41
40.62,-2.53,12.50,2.35
40.63,-2.50,12.80,2.19
40.63,-2.52,13.11,2.05
40.63,-2.54,13.41,1.90
40.63,-2.56,13.66,1.73
40.63,-2.59,13.94,1.52
40.64,-2.62,14.13,1.25
40.64,-2.63,14.31,1.00
40.64,-2.68,14.43,0.78
40.64,-2.66,14.47,0.57
40.65,-2.65,14.46,0.34
40.65,-2.67,14.40,0.09
40.65,-2.64,14.29,-0.06
40.65,-2.62,14.08,-0.14
40.66,-2.60,13.80,-0.24
40.66,-2.55,13.42,-0.32
40.66,-2.49,13.03,-0.39
40.66,-2.42,12.57,-0.46
40.67,-2.32,12.05,-0.50
40.67,-2.20,11.51,-0.52
40.67,-2.11,10.99,-0.45
40.67,-2.09,10.44,-0.36
40.68,-2.09,9.93,-0.22
40.68,-2.06,9.48,-0.05
40.68,-2.10,8.99,0.10
40.68,-2.14,8.57,0.23
40.68,-2.27,8.16,0.42
40.69,-2.48,7.78,0.61
40.69,-2.57,7.44,0.82
40.69,-2.60,7.14,1.05
40.69,-2.90,6.91,1.26
40.70,-3.24,6.71,1.50
40.70,-3.61,6.54,1.73
40.70,-4.01,6.47,2.00
40.70,-4.07,6.26,2.12
40.71,-4.00,6.12,2.19
40.71,-3.93,6.09,2.24
40.71,-4.02,6.08,2.32
40.71,-4.13,5.99,2.40
40.72,-4.26,5.89,2.48
40.72,-4.39,5.85,2.57
40.72,-4.53,5.87,2.69
40.72,-4.65,5.92,2.86
40.73,-4.67,5.91,3.03
40.73,-4.69,5.93,3.19
40.73,-4.66,5.93,3.30
40.73,-4.57,6.02,3.37
40.73,-4.49,6.07,3.37
40.74,-4.46,6.20,3.31
40.74,-4.48,6.33,3.26
40.74,-4.54,6.46,3.20
40.74,-4.59,6.72,3.18
40.75,-4.66,6.98,3.19
40.75,-4.71,7.18,3.20
40.75,-4.68,7.34,3.16
40.75,-4.52,7.40,3.09
40.76,-4.53,7.45,3.07
40.76,-4.50,7.46,3.08
40.76,-4.41,7.44,3.13
40.76,-4.39,7.50,3.14
40.77,-4.45,7.54,3.17
40.77,-4.47,7.60,3.31
40.77,-4.46,7.68,3.26
40.77,-4.32,7.74,3.18
40.78,-4.24,7.82,3.19
40.78,-4.15,7.97,3.20
40.78,-4.11,8.08,3.16
40.78,-4.13,8.17,3.15
40.78,-4.17,8.26,3.17
40.79,-4.20,8.34,3.17
40.79,-4.24,8.45,3.16
40.79,-4.28,8.53,3.17
40.79,-4.27,8.64,3.15
40.80,-4.26,8.75,3.14
40.80,-4.19,8.85,3.13
40.80,-4.16,8.95,3.15
40.80,-4.10,9.04,3.14
40.81,-4.04,9.14,3.14
40.81,-3.96,9.16,3.16
40.81,-3.91,9.21,3.15
40.81,-3.86,9.20,3.19
40.82,-3.81,9.20,3.19
40.82,-3.80,9.15,3.20
40.82,-3.78,9.08,3.22
40.82,-3.76,9.00,3.23
40.82,-3.74,8.89,3.25
40.83,-3.76,8.77,3.29
40.83,-3.75,8.64,3.33
40.83,-3.72,8.52,3.40
40.83,-3.71,8.39,3.42
40.84,-3.66,8.24,3.48
40.84,-3.67,8.11,3.54
40.84,-3.63,7.97,3.62
40.84,-3.61,7.85,3.69
40.85,-3.57,7.72,3.75
40.85,-3.53,7.60,3.82
40.85,-3.48,7.45,3.90
40.85,-3.43,7.37,3.97
40.86,-3.28,7.31,3.99
40.86,-3.10,7.26,3.99
40.86,-3.02,7.19,4.12
40.86,-2.95,7.13,4.30
40.87,-2.89,7.06,4.35
40.87,-2.82,7.01,4.43
40.87,-2.75,6.99,4.46
40.87,-2.68,6.97,4.51
40.87,-2.62,6.98,4.54
40.88,-2.57,6.97,4.63
40.88,-2.57,6.97,4.72
40.88,-2.54,6.99,4.75
40.88,-2.53,6.99,4.78
40.89,-2.54,7.03,4.78
40.89,-2.54,7.08,4.82
40.89,-2.58,7.11,4.82
40.89,-2.60,7.14,4.76
40.90,-2.64,7.18,4.75
40.90,-2.73,7.19,4.69
40.90,-2.80,7.18,4.60
40.90,-2.90,7.16,4.49
40.91,-2.99,7.09,4.40
40.91,-3.08,7.05,4.25
40.91,-3.12,7.02,4.11
40.91,-3.16,7.01,3.99
40.92,-3.19,7.00,3.89
40.92,-3.21,6.92,3.84
40.92,-3.19,6.94,3.78
40.92,-3.19,6.93,3.77
40.92,-3.19,6.90,3.80
40.93,-3.21,6.87,3.82
40.93,-3.26,6.83,3.88
40.93,-3.29,6.79,3.92
40.93,-3.31,6.75,3.99
40.94,-3.36,6.70,4.04
40.94,-3.39,6.65,4.07
40.94,-3.43,6.59,4.10
40.94,-3.50,6.55,4.16
40.95,-3.52,6.49,4.23
40.95,-3.59,6.43,4.28
40.95,-3.66,6.37,4.33
40.95,-3.77,6.32,4.37
40.96,-3.90,6.27,4.43
40.96,-4.01,6.26,4.50
40.96,-4.16,6.17,4.55
40.96,-4.22,6.12,4.62
40.97,-4.35,6.10,4.65
40.97,-4.43,6.06,4.65
40.97,-4.49,6.00,4.69
40.97,-4.55,6.01,4.72
40.97,-4.61,6.04,4.76
40.98,-4.74,6.12,4.82
40.98,-4.92,6.23,4.91
40.98,-5.10,6.30,4.93
40.98,-5.27,6.34,4.98
40.99,-5.38,6.38,5.06
40.99,-5.46,6.43,5.12
40.99,-5.55,6.49,5.15
40.99,-5.71,6.59,5.16
41.00,-5.85,6.68,5.18
41.00,-5.97,6.84,5.20
41.00,-6.08,7.00,5.22
41.00,-6.18,7.22,5.22
41.01,-6.29,7.45,5.20
41.01,-6.36,7.63,5.16
41.01,-6.48,7.82,5.14
41.01,-6.52,8.00,5.15
41.02,-6.54,8.13,5.17
41.02,-6.52,8.26,5.18
41.02,-6.50,8.38,5.18
41.02,-6.42,8.52,5.15
41.02,-6.33,8.68,5.12
41.03,-6.26,8.80,5.08
41.03,-6.15,8.88,5.01
41.03,-6.00,8.99,4.94
41.03,-5.85,9.02,4.83
41.04,-5.70,9.04,4.73
41.04,-5.55,9.03,4.64
41.04,-5.37,9.00,4.57
41.04,-5.24,8.95,4.48
41.05,-5.13,8.91,4.44
41.05,-4.98,8.85,4.46
41.05,-4.89,8.77,4.50
41.05,-4.78,8.71,4.56
41.06,-4.71,8.68,4.65
41.06,-4.67,8.59,4.77
41.06,-4.63,8.51,4.89
41.06,-4.58,8.45,5.00
41.06,-4.57,8.41,5.12
41.07,-4.58,8.35,5.18
41.07,-4.61,8.31,5.28
41.07,-4.63,8.29,5.33
41.07,-4.68,8.23,5.43
41.08,-4.75,8.24,5.49
41.08,-4.80,8.22,5.53
41.08,-4.85,8.19,5.56
41.08,-4.89,8.20,5.60
41.09,-4.98,8.19,5.59
41.09,-5.04,8.24,5.65
41.09,-5.12,8.26,5.67
41.09,-5.21,8.26,5.68
41.10,-5.29,8.32,5.70
41.10,-5.41,8.37,5.71
41.10,-5.47,8.47,5.71
41.10,-5.52,8.57,5.73
41.11,-5.58,8.71,5.69
41.11,-5.63,8.84,5.69
41.11,-5.67,9.03,5.69
41.11,-5.67,9.21,5.68
41.11,-5.68,9.43,5.64
41.12,-5.67,9.68,5.60
41.12,-5.63,9.90,5.56
41.12,-5.59,10.13,5.47
41.12,-5.51,10.36,5.40
41.13,-5.43,10.59,5.33
41.13,-5.36,10.82,5.20
41.13,-5.29,11.00,5.10
41.13,-5.19,11.19,4.93
41.14,-5.13,11.36,4.79
41.14,-5.04,11.50,4.65
41.14,-4.94,11.64,4.44
41.14,-4.84,11.69,4.21
41.15,-4.67,11.77,3.91
41.15,-4.54,11.75,3.65
41.15,-4.40,11.71,3.36
41.15,-4.28,11.62,3.13
41.16,-4.21,11.53,2.91
41.16,-4.12,11.46,2.74
41.16,-4.01,11.35,2.69
41.16,-3.90,11.32,2.70
41.16,-3.77,11.35,2.75
41.17,-3.65,11.40,2.90
41.17,-3.54,11.49,3.09
41.17,-3.42,11.62,3.29
41.17,-3.34,11.76,3.47
41.18,-3.28,11.87,3.67
41.18,-3.31,11.97,3.89
41.18,-3.35,12.06,4.07
41.18,-3.47,12.04,4.20
41.19,-3.64,11.99,4.31
41.19,-3.78,11.84,4.35
41.19,-3.89,11.66,4.33
41.19,-3.96,11.45,4.21
41.20,-3.92,11.18,4.06
41.20,-3.82,10.86,3.87
41.20,-3.66,10.53,3.65
41.20,-3.30,10.14,3.41
41.21,-2.86,9.75,3.16
41.21,-2.43,9.34,2.85
41.21,-2.11,8.97,2.57
41.21,-1.88,8.56,2.28
41.21,-1.77,8.14,2.01
41.22,-1.73,7.75,1.78
41.22,-1.66,7.41,1.58
41.22,-1.56,7.14,1.40
41.22,-1.46,6.91,1.22
41.23,-1.29,6.74,1.05
41.23,-1.13,6.58,0.94
41.23,-1.03,6.45,0.81
41.23,-0.95,6.37,0.63
41.24,-0.84,6.35,0.55
41.24,-0.73,6.36,0.51
41.24,-0.65,6.40,0.52
41.24,-0.66,6.45,0.57
41.25,-0.71,6.58,0.69
41.25,-0.75,6.75,0.78
41.25,-0.72,6.93,0.91
41.25,-0.66,7.19,0.98
41.25,-0.64,7.47,1.08
41.26,-0.54,7.81,1.20
41.26,-0.46,8.12,1.36
41.26,-0.36,8.46,1.48
41.26,-0.26,8.79,1.58
41.27,-0.23,9.15,1.63
41.27,-0.20,9.49,1.66
41.27,-0.20,9.86,1.66
41.27,-0.23,10.19,1.65
41.28,-0.27,10.49,1.67
41.28,-0.36,10.83,1.70
41.28,-0.49,11.13,1.79
41.28,-0.69,11.39,1.90
41.29,-0.94,11.69,1.99
41.29,-1.23,11.93,2.15
41.29,-1.61,12.18,2.35
41.29,-1.92,12.37,2.41
41.30,-2.22,12.51,2.47
41.30,-2.50,12.64,2.49
41.30,-2.68,12.74,2.53
41.30,-2.89,12.77,2.47
41.30,-3.07,12.71,2.41
41.31,-3.25,12.63,2.30
41.31,-3.43,12.52,2.22
41.31,-3.48,12.32,2.21
41.31,-3.42,11.95,2.21
41.32,-3.45,11.39,2.10
41.32,-3.61,10.98,1.96
41.32,-3.85,10.67,1.77
41.32,-3.95,10.40,1.68
41.33,-3.93,10.12,1.65
41.33,-3.80,9.77,1.74
41.33,-3.70,9.35,1.92
41.33,-3.62,8.90,2.08
41.34,-3.49,8.53,2.27
41.34,-3.31,8.14,2.47
41.34,-3.05,7.82,2.65
41.34,-2.74,7.44,2.86
41.35,-2.43,7.08,3.08
41.35,-2.17,6.73,3.33
41.35,-1.92,6.35,3.57
41.35,-1.79,5.94,3.85
41.35,-1.78,5.56,4.13
41.36,-1.82,5.20,4.33
41.36,-1.88,4.88,4.46
41.36,-1.92,4.59,4.56
41.36,-1.94,4.39,4.66
41.37,-1.98,4.27,4.74
41.37,-2.02,4.16,4.74
41.37,-2.07,4.13,4.74
41.37,-2.09,4.12,4.72
41.38,-2.15,4.17,4.68
41.38,-2.24,4.24,4.61
41.38,-2.36,4.38,4.57
41.38,-2.52,4.52,4.55
41.39,-2.69,4.64,4.45
41.39,-2.89,4.78,4.36
41.39,-3.04,4.90,4.27
41.39,-3.21,5.02,4.22
41.40,-3.34,5.16,4.20
41.40,-3.52,5.31,4.22
41.40,-3.71,5.45,4.25
41.40,-3.89,5.64,4.36
41.40,-4.03,5.82,4.47
41.41,-4.14,5.98,4.55
41.41,-4.20,6.16,4.61
41.41,-4.23,6.33,4.64
41.41,-4.31,6.49,4.61
41.42,-4.41,6.69,4.55
41.42,-4.55,6.91,4.55
41.42,-4.76,7.17,4.48
41.42,-4.90,7.44,4.33
41.43,-4.90,7.71,4.14
41.43,-4.86,8.06,4.01
41.43,-4.78,8.44,3.91
41.43,-4.61,8.81,3.77
41.44,-4.21,9.17,3.61
41.44,-3.99,9.60,3.30
41.44,-3.50,9.94,3.12
41.44,-2.99,10.24,3.18
41.45,-2.68,10.41,3.30
41.45,-2.24,10.49,3.43
41.45,-1.90,10.55,3.57
41.45,-1.64,10.53,3.71
41.45,-1.45,10.44,3.81
41.46,-1.36,10.33,3.87
41.46,-1.24,10.20,3.92
41.46,-1.11,10.07,3.94
41.46,-0.97,9.96,3.97
41.47,-0.85,9.84,4.00
41.47,-0.76,9.77,4.00
41.47,-0.67,9.68,3.98
41.47,-0.62,9.59,3.93
41.48,-0.59,9.48,3.88
41.48,-0.59,9.39,3.86
41.48,-0.63,9.32,3.82
41.48,-0.70,9.25,3.84
41.49,-0.84,9.19,3.90
41.49,-1.04,9.19,4.05
41.49,-1.31,9.13,4.18
41.49,-1.54,9.17,4.35
41.49,-1.75,9.22,4.50
41.50,-1.99,9.28,4.69
41.50,-2.22,9.37,4.89
41.50,-2.39,9.40,5.02
41.50,-2.59,9.43,5.15
41.51,-2.78,9.51,5.34
41.51,-2.90,9.54,5.44
41.51,-3.00,9.49,5.50
41.51,-3.13,9.44,5.55
41.52,-3.23,9.36,5.54
41.52,-3.33,9.30,5.59
41.52,-3.41,9.17,5.61
41.52,-3.47,9.08,5.60
41.53,-3.58,8.97,5.59
41.53,-3.69,8.82,5.60
41.53,-3.77,8.74,5.57
41.53,-3.88,8.64,5.61
41.54,-3.97,8.54,5.69
41.54,-4.08,8.51,5.73
41.54,-4.15,8.47,5.86
41.54,-4.25,8.45,6.01
41.54,-4.33,8.45,6.15
41.55,-4.47,8.44,6.27
41.55,-4.58,8.42,6.44
41.55,-4.68,8.43,6.48
41.55,-4.75,8.42,6.59
41.56,-4.88,8.42,6.69
41.56,-4.99,8.38,6.69
41.56,-5.05,8.33,6.68
41.56,-5.14,8.30,6.70
41.57,-5.25,8.21,6.68
41.57,-5.38,8.11,6.68
41.57,-5.49,8.05,6.62
41.57,-5.55,7.91,6.59
41.58,-5.64,7.81,6.54
41.58,-5.63,7.68,6.46
41.58,-5.64,7.53,6.37
41.58,-5.58,7.37,6.32
41.59,-5.52,7.21,6.22
41.59,-5.38,7.00,6.11
41.59,-5.15,6.88,5.93
41.59,-5.06,6.66,5.90
41.59,-4.94,6.49,5.84
41.60,-4.79,6.29,5.85
41.60,-4.69,6.08,5.85
41.60,-4.56,5.88,5.89
41.60,-4.37,5.75,5.90
41.61,-4.20,5.63,5.92
41.61,-4.05,5.54,5.96
41.61,-3.88,5.48,5.97
41.61,-3.74,5.42,6.00
41.62,-3.62,5.37,6.04
41.62,-3.50,5.31,6.04
41.62,-3.35,5.31,6.02
41.62,-3.25,5.34,5.94
41.63,-3.13,5.36,5.88
41.63,-3.09,5.39,5.78
41.63,-3.07,5.34,5.66
41.63,-3.07,5.34,5.55
41.64,-3.07,5.29,5.43
41.64,-3.12,5.25,5.30
41.64,-3.22,5.22,5.16
41.64,-3.29,5.23,5.00
41.64,-3.33,5.26,4.89
41.65,-3.43,5.28,4.79
41.65,-3.52,5.28,4.67
41.65,-3.65,5.32,4.58
41.65,-3.73,5.34,4.49
41.66,-3.76,5.40,4.30
41.66,-3.79,5.47,4.15
41.66,-3.80,5.59,3.95
41.66,-3.78,5.70,3.72
41.67,-3.80,5.81,3.49
41.67,-3.79,5.90,3.20
41.67,-3.77,5.99,2.87
41.67,-3.77,6.09,2.55
41.68,-3.69,6.20,2.27
41.68,-3.60,6.34,1.98
41.68,-3.48,6.46,1.72
41.68,-3.30,6.59,1.50
41.68,-3.03,6.76,1.33
41.69,-2.80,6.89,1.18
41.69,-2.57,7.08,1.10
41.69,-2.26,7.24,1.03
41.69,-1.97,7.43,1.04
41.70,-1.65,7.61,1.09
41.70,-1.36,7.82,1.20
41.70,-1.08,7.99,1.36
41.70,-0.83,8.20,1.51
41.71,-0.63,8.39,1.73
41.71,-0.40,8.63,1.93
41.71,-0.21,8.89,2.22
41.71,0.01,9.11,2.46
41.72,0.11,9.37,2.71
41.72,0.27,9.67,2.86
41.72,0.39,9.95,2.97
41.72,0.48,10.26,3.01
41.73,0.56,10.55,2.93
41.73,0.63,10.86,2.74
41.73,0.70,11.22,2.45
41.73,0.68,11.56,2.15
41.73,0.59,11.90,1.84
41.74,0.51,12.32,1.57
41.74,0.46,12.71,1.34
41.74,0.37,13.12,1.16
41.74,0.30,13.56,0.99
41.75,0.27,14.02,0.78
41.75,0.25,14.37,0.57
41.75,0.29,14.66,0.30
41.75,0.32,14.92,0.03
41.76,0.31,15.14,-0.28
41.76,0.25,15.23,-0.63
41.76,0.10,15.33,-0.96
41.76,-0.13,15.38,-1.33
41.77,-0.37,15.31,-1.68
41.77,-0.61,15.09,-1.99
41.77,-0.82,14.75,-2.22
41.77,-1.04,14.35,-2.41
41.78,-1.21,13.93,-2.48
41.78,-1.34,13.52,-2.49
41.78,-1.43,13.12,-2.45
41.78,-1.51,12.74,-2.35
41.78,-1.62,12.37,-2.19
41.79,-1.78,11.99,-2.02
41.79,-1.92,11.60,-1.81
41.79,-2.05,11.25,-1.58
41.79,-2.20,10.88,-1.34
41.80,-2.36,10.55,-1.10
41.80,-2.54,10.25,-0.82
41.80,-2.77,9.99,-0.55
41.80,-3.00,9.77,-0.26
41.81,-3.17,9.59,0.00
41.81,-3.35,9.45,0.30
41.81,-3.53,9.37,0.51
41.81,-3.72,9.32,0.72
41.82,-3.93,9.30,0.92
41.82,-4.14,9.34,1.07
41.82,-4.37,9.38,1.18
41.82,-4.54,9.44,1.29
41.83,-4.71,9.45,1.43
41.83,-4.89,9.56,1.51
41.83,-5.04,9.65,1.63
41.83,-5.14,9.77,1.73
41.83,-5.21,9.88,1.87
41.84,-5.23,10.03,1.99
41.84,-5.20,10.17,2.13
41.84,-5.15,10.31,2.27
41.84,-5.06,10.45,2.40
41.85,-4.98,10.57,2.56
41.85,-4.88,10.71,2.70
41.85,-4.77,10.82,2.86
41.85,-4.66,10.92,3.04
41.86,-4.54,11.03,3.25
41.86,-4.46,11.10,3.39
41.86,-4.38,11.19,3.51
41.86,-4.33,11.28,3.65
41.87,-4.27,11.39,3.75
41.87,-4.19,11.50,3.88
41.87,-4.12,11.62,3.99
41.87,-4.07,11.78,4.14
41.88,-3.96,11.95,4.21
41.88,-3.85,12.13,4.22
41.88,-3.81,12.35,4.17
41.88,-3.82,12.56,4.11
41.88,-3.85,12.77,3.93
41.89,-3.84,13.01,3.70
41.89,-3.79,13.28,3.48
41.89,-3.78,13.52,3.20
41.89,-3.80,13.76,2.88
41.90,-3.84,13.93,2.53
41.90,-3.89,14.09,2.14
41.90,-3.88,14.19,1.73
41.90,-3.92,14.24,1.30
41.91,-3.96,14.29,0.88
41.91,-3.98,14.28,0.47
41.91,-3.96,14.24,0.07
41.91,-3.87,14.13,-0.32
41.92,-3.74,14.00,-0.63
41.92,-3.61,13.82,-0.89
41.92,-3.46,13.61,-1.07
41.92,-3.34,13.33,-1.20
41.92,-3.18,12.97,-1.26
41.93,-3.00,12.62,-1.29
41.93,-2.85,12.22,-1.27
41.93,-2.71,11.74,-1.21
41.93,-2.60,11.23,-1.10
41.94,-2.41,10.71,-1.02
41.94,-2.27,10.19,-0.89
41.94,-2.16,9.69,-0.69
41.94,-2.09,9.23,-0.53
41.95,-2.00,8.77,-0.34
41.95,-1.99,8.34,-0.18
41.95,-2.04,7.97,0.01
41.95,-2.12,7.68,0.18
41.96,-2.21,7.35,0.38
41.96,-2.31,7.08,0.61
41.96,-2.46,6.89,0.85
41.96,-2.76,6.82,1.14
41.97,-3.06,6.68,1.47
41.97,-2.88,6.30,1.63
41.97,-2.82,6.05,1.82
41.97,-3.02,5.93,2.02
41.97,-3.25,5.92,2.17
41.98,-3.28,5.89,2.28
41.98,-3.20,5.74,2.42
41.98,-3.20,5.63,2.51
41.98,-3.29,5.44,2.59
41.99,-3.38,5.32,2.74
41.99,-3.53,5.28,3.02
41.99,-3.70,5.40,3.30
41.99,-3.73,5.47,3.53
42.00,-3.77,5.54,3.77
42.00,-3.83,5.52,3.96
42.00,-3.95,5.52,4.10
42.00,-4.10,5.56,4.17
42.01,-4.21,5.60,4.22
42.01,-4.24,5.64,4.23
42.01,-4.32,5.74,4.23
42.01,-4.43,5.76,4.17
42.02,-4.48,5.82,4.15
42.02,-4.49,5.90,4.12
42.02,-4.50,6.01,4.08
42.02,-4.49,6.14,4.01
42.02,-4.41,6.32,3.94
42.03,-4.38,6.42,3.86
42.03,-4.39,6.54,3.80
42.03,-4.35,6.61,3.74
42.03,-4.31,6.73,3.66
42.04,-4.19,6.87,3.56
42.04,-3.95,7.03,3.43
42.04,-3.82,7.19,3.25
42.04,-3.70,7.35,3.11
42.05,-3.56,7.51,3.01
42.05,-3.51,7.68,2.95
42.05,-3.51,7.84,2.87
42.05,-3.56,8.03,2.83
42.06,-3.59,8.22,2.78
42.06,-3.58,8.37,2.71
42.06,-3.53,8.52,2.68
42.06,-3.47,8.65,2.67
42.07,-3.46,8.80,2.66
42.07,-3.35,8.90,2.67
42.07,-3.26,9.02,2.67
42.07,-3.15,9.09,2.70
42.07,-3.06,9.18,2.72
42.08,-2.98,9.22,2.74
42.08,-2.88,9.26,2.78
42.08,-2.79,9.27,2.81
42.08,-2.71,9.28,2.85
42.09,-2.62,9.30,2.86
42.09,-2.53,9.32,2.91
42.09,-2.46,9.32,2.98
42.09,-2.41,9.27,3.02
42.10,-2.40,9.19,3.13
42.10,-2.42,9.11,3.23
42.10,-2.50,9.04,3.41
42.10,-2.62,8.93,3.56
42.11,-2.74,8.74,3.71
42.11,-2.94,8.58,3.86
42.11,-3.16,8.37,3.96
42.11,-3.39,8.20,4.06
42.11,-3.61,8.00,4.15
42.12,-3.77,7.86,4.18
42.12,-3.91,7.76,4.19
42.12,-3.96,7.69,4.25
42.12,-3.97,7.60,4.27
42.13,-3.95,7.53,4.33
42.13,-3.92,7.48,4.35
42.13,-3.87,7.43,4.40
42.13,-3.87,7.33,4.40
42.14,-3.83,7.30,4.42
42.14,-3.79,7.26,4.49
42.14,-3.78,7.18,4.54
42.14,-3.74,7.17,4.61
42.15,-3.68,7.17,4.68
42.15,-3.60,7.19,4.75
42.15,-3.53,7.22,4.82
42.15,-3.45,7.26,4.86
42.16,-3.45,7.28,4.87
42.16,-3.57,7.26,4.89
42.16,-3.76,7.21,4.90
42.16,-3.97,7.15,4.91
42.16,-4.13,7.06,4.85
42.17,-4.25,6.98,4.80
42.17,-4.34,6.91,4.72
42.17,-4.35,6.89,4.61
42.17,-4.38,6.85,4.50
42.18,-4.42,6.81,4.40
42.18,-4.47,6.81,4.29
42.18,-4.57,6.77,4.22
42.18,-4.65,6.75,4.18
42.19,-4.73,6.74,4.17
42.19,-4.76,6.71,4.12
42.19,-4.79,6.71,4.14
42.19,-4.74,6.74,4.16
42.20,-4.66,6.77,4.19
42.20,-4.61,6.78,4.21
42.20,-4.60,6.76,4.25
42.20,-4.56,6.76,4.32
42.21,-4.53,6.73,4.36
42.21,-4.49,6.74,4.41
42.21,-4.48,6.74,4.47
42.21,-4.48,6.73,4.55
42.21,-4.43,6.70,4.59
42.22,-4.39,6.69,4.62
42.22,-4.38,6.66,4.63
42.22,-4.35,6.66,4.65
42.22,-4.31,6.64,4.68
42.23,-4.31,6.62,4.66
42.23,-4.31,6.61,4.64
42.23,-4.29,6.61,4.61
42.23,-4.34,6.60,4.59
42.24,-4.45,6.59,4.55
42.24,-4.54,6.61,4.52
42.24,-4.61,6.64,4.48
42.24,-4.56,6.61,4.48
42.25,-4.43,6.56,4.45
42.25,-4.30,6.56,4.42
42.25,-4.21,6.55,4.42
42.25,-4.19,6.53,4.40
42.26,-4.20,6.53,4.42
42.26,-4.26,6.55,4.42
42.26,-4.38,6.57,4.45
42.26,-4.44,6.56,4.44
42.26,-4.52,6.57,4.45
42.27,-4.61,6.56,4.47
42.27,-4.65,6.59,4.46
42.27,-4.75,6.64,4.45
42.27,-4.85,6.75,4.44
42.28,-4.94,6.87,4.43
42.28,-4.99,6.95,4.44
42.28,-5.10,7.06,4.41
42.28,-5.16,7.16,4.40
42.29,-5.23,7.28,4.44
42.29,-5.26,7.34,4.39
42.29,-5.30,7.46,4.35
42.29,-5.30,7.56,4.32
42.30,-5.26,7.68,4.26
42.30,-5.22,7.85,4.17
42.30,-5.19,7.99,4.09
42.30,-5.14,8.15,4.02
42.31,-5.12,8.31,3.95
42.31,-5.10,8.45,3.88
42.31,-5.11,8.59,3.82
42.31,-5.08,8.71,3.80
42.31,-5.09,8.79,3.79
42.32,-5.11,8.91,3.81
42.32,-5.11,8.98,3.85
42.32,-5.12,9.04,3.88
42.32,-5.12,9.10,3.93
42.33,-5.19,9.13,4.00
42.33,-5.23,9.16,4.05
42.33,-5.27,9.16,4.14
42.33,-5.26,9.16,4.20
42.34,-5.23,9.19,4.32
42.34,-5.17,9.20,4.43
42.34,-5.08,9.26,4.60
42.34,-5.05,9.28,4.76
42.35,-5.09,9.28,4.96
42.35,-5.16,9.24,5.15
42.35,-5.17,9.23,5.34
42.35,-5.18,9.22,5.48
42.35,-5.19,9.18,5.63
42.36,-5.20,9.15,5.75
42.36,-5.23,9.15,5.82
42.36,-5.30,9.11,5.93
42.36,-5.37,9.12,6.02
42.37,-5.46,9.09,6.10
42.37,-5.57,9.03,6.14
42.37,-5.68,8.97,6.17
42.37,-5.80,8.88,6.14
42.38,-5.95,8.76,6.05
42.38,-6.12,8.67,5.96
42.38,-6.24,8.57,5.81
42.38,-6.32,8.48,5.63
42.39,-6.41,8.39,5.43
42.39,-6.49,8.36,5.23
42.39,-6.54,8.30,5.07
42.39,-6.56,8.26,4.93
42.40,-6.49,8.22,4.80
42.40,-6.39,8.22,4.72
42.40,-6.22,8.25,4.68
42.40,-6.03,8.26,4.61
42.40,-5.81,8.29,4.61
42.41,-5.61,8.32,4.64
42.41,-5.42,8.36,4.66
42.41,-5.24,8.42,4.68
42.41,-5.08,8.47,4.69
42.42,-4.95,8.54,4.70
42.42,-4.84,8.61,4.66
42.42,-4.67,8.76,4.60
42.42,-4.52,8.95,4.55
42.43,-4.33,9.21,4.46
42.43,-4.16,9.51,4.37
42.43,-3.97,9.87,4.30
42.43,-3.78,10.27,4.20
42.44,-3.65,10.76,4.11
42.44,-3.51,11.24,4.02
42.44,-3.43,11.82,3.92
42.44,-3.37,12.39,3.82
42.45,-3.31,12.98,3.74
42.45,-3.22,13.64,3.65
42.45,-3.14,14.25,3.60
42.45,-3.02,14.80,3.54
42.45,-2.90,15.31,3.44
42.46,-2.80,15.67,3.36
42.46,-2.77,15.91,3.25
42.46,-2.76,15.92,3.19
42.46,-2.80,15.73,3.06
42.47,-2.97,15.24,2.95
42.47,-3.18,14.55,2.84
42.47,-3.31,13.75,2.75
42.47,-3.35,12.95,2.68
42.48,-3.20,12.16,2.65
42.48,-2.94,11.51,2.64
42.48,-2.72,10.91,2.63
42.48,-2.52,10.40,2.64
42.49,-2.37,9.95,2.66
42.49,-2.31,9.54,2.65
42.49,-2.29,9.16,2.64
42.49,-2.27,8.84,2.61
42.50,-2.22,8.59,2.55
42.50,-2.15,8.34,2.50
42.50,-2.03,8.07,2.42
42.50,-1.86,7.88,2.31
42.50,-1.67,7.70,2.17
42.51,-1.47,7.53,2.03
42.51,-1.29,7.39,1.90
42.51,-1.12,7.25,1.82
42.51,-0.97,7.12,1.73
42.52,-0.80,7.05,1.68
42.52,-0.70,6.97,1.63
42.52,-0.58,6.93,1.59
42.52,-0.46,6.92,1.56
42.53,-0.33,6.93,1.56
42.53,-0.24,6.93,1.57
42.53,-0.09,6.94,1.53
42.53,0.03,6.97,1.53
42.54,0.13,7.05,1.48
42.54,0.20,7.17,1.44
42.54,0.25,7.29,1.38
42.54,0.29,7.43,1.31
42.54,0.30,7.57,1.21
42.55,0.29,7.73,1.14
42.55,0.25,7.92,1.05
42.55,0.23,8.09,1.02
42.55,0.16,8.29,0.97
42.56,0.08,8.50,0.98
42.56,-0.04,8.72,1.01
42.56,-0.17,8.89,1.12
42.56,-0.33,9.13,1.21
42.57,-0.52,9.31,1.34
42.57,-0.70,9.49,1.49
42.57,-0.89,9.64,1.62
42.57,-1.08,9.80,1.76
42.58,-1.29,9.92,1.90
42.58,-1.52,10.03,2.03
42.58,-1.78,10.08,2.23
42.58,-2.14,10.08,2.47
42.59,-2.47,10.03,2.67
42.59,-2.72,9.96,2.87
42.59,-2.95,9.87,3.08
42.59,-3.12,9.75,3.22
42.59,-3.26,9.65,3.36
42.60,-3.30,9.54,3.44
42.60,-3.30,9.41,3.52
42.60,-3.16,9.27,3.59
42.60,-2.99,9.13,3.65
42.61,-2.99,8.99,3.72
42.61,-3.01,8.83,3.78
42.61,-3.10,8.66,3.67
42.61,-3.15,8.61,3.46
42.62,-3.17,8.48,3.26
42.62,-3.17,8.45,3.06
42.62,-3.15,8.39,2.92
42.62,-3.15,8.39,2.80
42.63,-3.05,8.40,2.74
42.63,-2.84,8.45,2.68
42.63,-2.54,8.47,2.69
42.63,-2.44,8.53,2.71
42.64,-2.44,8.64,2.51
42.64,-2.20,8.69,2.46
42.64,-2.03,8.76,2.43
42.64,-1.73,8.76,2.38
42.64,-1.53,8.77,2.32
42.65,-1.47,8.75,2.31
42.65,-1.46,8.79,2.31
42.65,-1.46,8.86,2.32
42.65,-1.44,8.95,2.41
42.66,-1.44,9.06,2.57
42.66,-1.34,9.10,2.70
42.66,-1.26,9.12,2.86
42.66,-1.24,9.20,3.06
42.67,-1.27,9.18,3.24
42.67,-1.28,9.22,3.43
42.67,-1.29,9.23,3.54
42.67,-1.30,9.26,3.66
42.68,-1.26,9.27,3.77
42.68,-1.25,9.29,3.91
42.68,-1.25,9.23,4.01
42.68,-1.30,9.21,4.14
42.69,-1.30,9.17,4.25
42.69,-1.42,9.12,4.36
42.69,-1.63,9.04,4.45
42.69,-1.86,8.97,4.58
42.69,-2.13,8.84,4.69
42.70,-2.37,8.79,4.75
42.70,-2.54,8.68,4.84
42.70,-2.69,8.61,4.91
42.70,-2.83,8.53,4.87
42.71,-2.95,8.43,4.83
42.71,-3.09,8.37,4.77
42.71,-3.15,8.34,4.70
42.71,-3.19,8.29,4.62
42.72,-3.21,8.26,4.56
42.72,-3.20,8.22,4.43
42.72,-3.22,8.21,4.30
42.72,-3.28,8.21,4.16
42.73,-3.36,8.18,4.01
42.73,-3.48,8.20,3.82
42.73,-3.59,8.21,3.61
42.73,-3.73,8.24,3.38
42.74,-3.90,8.29,3.15
42.74,-3.99,8.37,2.94
42.74,-4.08,8.44,2.78
42.74,-4.14,8.52,2.59
42.74,-4.22,8.59,2.47
42.75,-4.22,8.69,2.35
42.75,-4.15,8.77,2.30
42.75,-4.09,8.85,2.32
42.75,-3.97,8.93,2.39
42.76,-3.80,8.96,2.43
42.76,-3.59,9.01,2.57
42.76,-3.38,9.07,2.75
42.76,-3.11,9.10,2.92
42.77,-2.86,9.14,3.12
42.77,-2.64,9.13,3.34
42.77,-2.41,9.14,3.54
42.77,-2.24,9.12,3.74
42.78,-2.07,9.11,3.92
42.78,-1.94,9.07,4.08
42.78,-1.87,9.06,4.21
42.78,-1.81,9.04,4.36
42.78,-1.76,9.02,4.46
42.79,-1.74,9.01,4.56
42.79,-1.77,9.01,4.63
42.79,-1.76,9.04,4.68
42.79,-1.79,9.02,4.71
42.80,-1.81,9.03,4.73
42.80,-1.81,9.04,4.70
42.80,-1.84,9.06,4.65
42.80,-1.87,9.07,4.62
42.81,-1.93,9.09,4.56
42.81,-1.96,9.10,4.48
42.81,-2.01,9.09,4.40
42.81,-2.07,9.11,4.30
42.82,-2.18,9.10,4.24
42.82,-2.27,9.06,4.21
42.82,-2.37,9.03,4.16
42.82,-2.43,8.98,4.13
42.83,-2.47,8.94,4.08
42.83,-2.53,8.88,4.04
42.83,-2.58,8.81,3.99
42.83,-2.61,8.73,3.97
42.83,-2.67,8.63,3.97
42.84,-2.69,8.55,3.94
42.84,-2.76,8.47,3.97
42.84,-2.81,8.38,3.98
42.84,-2.85,8.25,3.99
42.85,-2.93,8.20,4.00
42.85,-2.99,8.10,4.07
42.85,-3.04,8.00,4.12
42.85,-3.14,7.93,4.15
42.86,-3.19,7.85,4.19
42.86,-3.26,7.77,4.25
42.86,-3.33,7.73,4.29
42.86,-3.37,7.69,4.32
42.87,-3.43,7.64,4.35
42.87,-3.49,7.62,4.37
42.87,-3.51,7.62,4.39
42.87,-3.57,7.60,4.41
42.88,-3.59,7.60,4.44
42.88,-3.58,7.57,4.45
42.88,-3.59,7.60,4.45
42.88,-3.58,7.63,4.46
42.88,-3.59,7.66,4.48
42.89,-3.57,7.69,4.50
42.89,-3.56,7.75,4.50
42.89,-3.54,7.79,4.55
42.89,-3.53,7.84,4.58
42.90,-3.54,7.85,4.60
42.90,-3.55,7.86,4.66
42.90,-3.55,7.91,4.78
42.90,-3.55,7.92,4.92
42.91,-3.55,7.97,5.06
42.91,-3.59,7.98,5.20
42.91,-3.61,8.00,5.33
42.91,-3.61,8.03,5.46
42.92,-3.63,8.04,5.57
42.92,-3.63,8.05,5.69
42.92,-3.63,8.07,5.81
42.92,-3.65,8.09,5.94
42.93,-3.67,8.14,6.08
42.93,-3.74,8.19,6.18
42.93,-3.78,8.24,6.26
42.93,-3.82,8.32,6.32
42.93,-3.90,8.38,6.39
42.94,-3.95,8.45,6.40
42.94,-4.01,8.53,6.41
42.94,-4.04,8.60,6.41
42.94,-4.04,8.67,6.39
42.95,-4.09,8.76,6.32
42.95,-4.09,8.84,6.21
42.95,-4.10,8.89,6.08
42.95,-4.13,8.97,5.93
42.96,-4.13,8.99,5.72
42.96,-4.15,9.01,5.51
42.96,-4.12,8.99,5.29
42.96,-4.08,8.91,5.05
42.97,-4.10,8.80,4.81
42.97,-4.11,8.63,4.55
42.97,-4.08,8.43,4.29
42.97,-4.08,8.18,4.03
42.98,-4.10,7.91,3.73
42.98,-4.10,7.63,3.47
42.98,-4.06,7.29,3.20
42.98,-4.00,7.00,2.93
42.98,-3.93,6.71,2.66
42.99,-3.85,6.43,2.40
42.99,-3.69,6.17,2.18
42.99,-3.52,5.93,1.98
42.99,-3.40,5.75,1.84
43.00,-3.20,5.63,1.72
43.00,-3.02,5.55,1.66
43.00,-2.82,5.50,1.63
43.00,-2.65,5.54,1.59
43.01,-2.45,5.60,1.56
43.01,-2.17,5.76,1.56
43.01,-1.94,6.01,1.61
43.01,-1.80,6.27,1.71
43.02,-1.59,6.63,1.80
43.02,-1.37,6.99,1.95
43.02,-1.19,7.39,2.12
43.02,-1.07,7.78,2.40
43.02,-0.98,8.16,2.64
43.03,-0.90,8.55,2.92
43.03,-0.83,8.92,3.15
43.03,-0.80,9.24,3.37
43.03,-0.75,9.47,3.59
43.04,-0.70,9.66,3.75
43.04,-0.69,9.80,3.84
43.04,-0.70,9.88,3.91
43.04,-0.77,9.89,3.94
43.05,-0.85,9.86,3.96
43.05,-0.92,9.77,3.99
43.05,-0.97,9.61,4.03
43.05,-0.99,9.48,4.09
43.06,-0.98,9.31,4.12
43.06,-0.92,9.17,4.17
43.06,-0.92,8.97,4.17
43.06,-0.90,8.77,4.14
43.07,-0.91,8.59,4.11
43.07,-0.96,8.38,4.00
43.07,-0.99,8.20,3.82
43.07,-1.06,8.07,3.60
43.07,-1.12,7.99,3.35
43.08,-1.17,7.96,3.08
43.08,-1.17,8.03,2.78
43.08,-1.14,8.13,2.50
43.08,-1.13,8.26,2.22
43.09,-1.14,8.43,2.00
43.09,-1.14,8.62,1.80
43.09,-1.17,8.80,1.68
43.09,-1.21,8.98,1.52
43.10,-1.25,9.13,1.39
43.10,-1.26,9.28,1.24
43.10,-1.33,9.43,1.10
43.10,-1.38,9.57,0.94
43.11,-1.53,9.70,0.75
43.11,-1.76,9.76,0.56
43.11,-1.99,9.85,0.32
43.11,-2.28,9.91,0.12
43.12,-2.54,9.94,-0.15
43.12,-2.86,9.95,-0.37
43.12,-3.16,9.97,-0.60
43.12,-3.46,9.97,-0.85
43.12,-3.69,9.98,-1.07
43.13,-3.94,9.97,-1.26
43.13,-4.17,10.00,-1.42
43.13,-4.34,10.07,-1.54
43.13,-4.50,10.11,-1.65
43.14,-4.68,10.18,-1.67
43.14,-4.79,10.26,-1.63
43.14,-4.85,10.32,-1.66
43.14,-4.88,10.40,-1.61
43.15,-4.90,10.49,-1.58
43.15,-4.88,10.58,-1.47
43.15,-4.84,10.68,-1.35
43.15,-4.82,10.73,-1.17
43.16,-4.79,10.82,-1.01
43.16,-4.77,10.91,-0.82
43.16,-4.76,10.99,-0.62
43.16,-4.70,11.06,-0.43
43.17,-4.66,11.13,-0.17
43.17,-4.61,11.21,0.10
43.17,-4.55,11.27,0.39
43.17,-4.49,11.40,0.72
43.17,-4.43,11.50,1.05
43.18,-4.37,11.60,1.39
43.18,-4.30,11.71,1.76
43.18,-4.24,11.77,2.12
43.18,-4.17,11.84,2.49
43.19,-4.10,11.90,2.80
43.19,-4.05,11.91,3.12
43.19,-3.98,11.98,3.39
43.19,-3.90,11.95,3.64
43.20,-3.86,11.93,3.83
43.20,-3.82,11.94,4.00
43.20,-3.80,11.92,4.16
43.20,-3.84,11.90,4.21
43.21,-3.85,11.86,4.22
43.21,-3.83,11.81,4.17
43.21,-3.79,11.74,4.10
43.21,-3.67,11.66,3.98
43.21,-3.58,11.58,3.83
43.22,-3.49,11.55,3.72
43.22,-3.43,11.54,3.64
43.22,-3.26,11.48,3.54
43.22,-3.14,11.43,3.45
43.23,-3.00,11.35,3.30
43.23,-2.87,11.33,3.15
43.23,-2.81,11.31,2.95
43.23,-2.81,11.30,2.71
43.24,-2.84,11.26,2.46
43.24,-2.90,11.28,2.21
43.24,-2.99,11.31,1.90
43.24,-3.05,11.37,1.60
43.25,-3.12,11.44,1.28
43.25,-3.09,11.52,1.04
43.25,-3.01,11.56,0.87
43.25,-2.93,11.58,0.70
43.26,-2.87,11.57,0.54
43.26,-2.87,11.54,0.39
43.26,-2.89,11.51,0.21
43.26,-2.93,11.50,0.04
43.26,-2.96,11.44,-0.13
43.27,-3.02,11.40,-0.25
43.27,-3.05,11.33,-0.36
43.27,-3.05,11.23,-0.43
43.27,-3.00,11.13,-0.44
43.28,-2.93,11.03,-0.41
43.28,-2.84,10.86,-0.32
43.28,-2.76,10.71,-0.21
43.28,-2.69,10.53,-0.08
43.29,-2.67,10.31,0.12
43.29,-2.64,10.07,0.29
43.29,-2.59,9.82,0.49
43.29,-2.54,9.60,0.67
43.30,-2.49,9.44,0.83
43.30,-2.49,9.25,1.04
43.30,-2.56,9.04,1.28
43.30,-2.62,8.79,1.51
43.31,-2.64,8.63,1.77
43.31,-2.73,8.45,2.03
43.31,-2.93,8.29,2.33
43.31,-3.23,8.17,2.61
43.31,-3.52,8.08,2.88
43.32,-3.79,8.05,3.13
43.32,-4.16,8.10,3.30
43.32,-4.29,8.04,3.33
43.32,-4.01,7.83,3.30
43.33,-3.76,7.69,3.17
43.33,-3.66,7.65,3.02
43.33,-3.67,7.67,2.92
43.33,-3.65,7.69,2.84
43.34,-3.68,7.67,2.77
43.34,-3.71,7.63,2.76
43.34,-3.79,7.54,2.82
43.34,-3.88,7.49,2.86
43.35,-3.90,7.44,2.91
43.35,-3.87,7.46,2.99
43.35,-3.90,7.55,3.05
43.35,-3.98,7.67,3.11
43.36,-4.02,7.76,3.18
43.36,-3.98,7.80,3.15
43.36,-3.94,7.85,3.13
43.36,-3.82,7.88,3.13
43.36,-3.61,7.95,3.10
43.37,-3.39,8.01,3.04
43.37,-3.19,8.02,3.02
43.37,-3.07,8.03,2.98
43.37,-2.91,8.05,2.94
43.38,-2.79,8.10,2.87
43.38,-2.64,8.12,2.81
43.38,-2.58,8.13,2.79
43.38,-2.60,8.17,2.79
43.39,-2.67,8.25,2.82
43.39,-2.73,8.29,2.82
43.39,-2.83,8.28,2.79
43.39,-2.87,8.31,2.75
43.40,-2.93,8.31,2.70
43.40,-2.98,8.30,2.68
43.40,-3.04,8.33,2.64
43.40,-3.06,8.33,2.63
43.41,-3.04,8.34,2.59
43.41,-3.05,8.37,2.60
43.41,-3.09,8.43,2.56
43.41,-3.08,8.47,2.55
43.41,-3.07,8.50,2.52
43.42,-3.06,8.52,2.51
43.42,-3.02,8.52,2.51
43.42,-2.94,8.52,2.50
43.42,-2.89,8.52,2.48
43.43,-2.87,8.49,2.47
43.43,-2.93,8.51,2.47
43.43,-2.98,8.54,2.44
43.43,-3.04,8.54,2.42
43.44,-3.13,8.53,2.45
43.44,-3.24,8.53,2.51
43.44,-3.32,8.53,2.54
43.44,-3.40,8.56,2.57
43.45,-3.48,8.57,2.66
43.45,-3.53,8.59,2.71
43.45,-3.58,8.64,2.77
43.45,-3.56,8.64,2.86
43.45,-3.60,8.65,2.97
43.46,-3.62,8.65,3.05
43.46,-3.64,8.65,3.19
43.46,-3.67,8.64,3.35
43.46,-3.69,8.62,3.50
43.47,-3.70,8.58,3.58
43.47,-3.71,8.58,3.67
43.47,-3.76,8.57,3.76
43.47,-3.77,8.53,3.86
43.48,-3.78,8.49,3.92
43.48,-3.76,8.44,4.00
43.48,-3.70,8.40,4.04
43.48,-3.66,8.30,4.08
43.49,-3.60,8.20,4.13
43.49,-3.57,8.13,4.16
43.49,-3.53,8.06,4.20
43.49,-3.49,7.96,4.22
43.50,-3.46,7.89,4.25
43.50,-3.46,7.82,4.30
43.50,-3.47,7.69,4.30
43.50,-3.53,7.60,4.33
43.50,-3.57,7.54,4.35
43.51,-3.55,7.50,4.34
43.51,-3.56,7.42,4.35
43.51,-3.54,7.38,4.37
43.51,-3.57,7.29,4.39
43.52,-3.59,7.20,4.37
43.52,-3.60,7.14,4.33
43.52,-3.58,7.09,4.33
43.52,-3.54,7.03,4.35
43.53,-3.55,6.96,4.28
43.53,-3.55,6.90,4.30
43.53,-3.52,6.85,4.22
43.53,-3.46,6.84,4.13
43.54,-3.54,6.74,4.16
43.54,-3.56,6.68,4.23
43.54,-3.61,6.61,4.25
43.54,-3.72,6.58,4.29
43.55,-3.74,6.51,4.32
43.55,-3.75,6.51,4.25
43.55,-3.76,6.49,4.18
43.55,-3.73,6.53,4.12
43.55,-3.70,6.55,4.10
43.56,-3.74,6.56,4.10
43.56,-3.81,6.58,4.10
43.56,-3.92,6.57,4.15
43.56,-4.03,6.55,4.20
43.57,-4.10,6.58,4.21
43.57,-4.13,6.63,4.21
43.57,-4.19,6.70,4.24
43.57,-4.21,6.75,4.26
43.58,-4.25,6.78,4.30
43.58,-4.31,6.85,4.42
43.58,-4.42,6.89,4.45
43.58,-4.49,6.92,4.54
43.59,-4.55,6.94,4.63
43.59,-4.61,6.96,4.69
43.59,-4.67,7.02,4.77
43.59,-4.71,7.06,4.83
43.60,-4.79,7.06,4.88
43.60,-4.87,7.06,4.95
43.60,-4.96,7.05,5.00
43.60,-5.04,7.06,5.04
43.60,-5.10,7.03,5.04
43.61,-5.14,6.97,5.11
43.61,-5.19,6.95,5.12
43.61,-5.23,6.89,5.11
43.61,-5.23,6.85,5.16
43.62,-5.28,6.83,5.16
43.62,-5.26,6.81,5.12
43.62,-5.30,6.81,5.14
43.62,-5.33,6.78,5.15
43.63,-5.33,6.77,5.13
43.63,-5.37,6.77,5.12
43.63,-5.41,6.76,5.12
43.63,-5.43,6.77,5.12
43.64,-5.45,6.78,5.07
43.64,-5.49,6.78,5.04
43.64,-5.54,6.73,5.00
43.64,-5.53,6.66,4.93
43.64,-5.53,6.58,4.84
43.65,-5.57,6.52,4.73
43.65,-5.54,6.44,4.64
43.65,-5.57,6.33,4.55
43.65,-5.63,6.25,4.44
43.66,-5.67,6.16,4.36
43.66,-5.73,6.13,4.22
43.66,-5.75,6.09,4.15
43.66,-5.83,6.05,4.03
43.67,-5.86,6.04,3.94
43.67,-5.91,6.04,3.90
43.67,-5.92,6.08,3.86
43.67,-5.93,6.17,3.88
43.68,-5.94,6.29,3.89
43.68,-5.90,6.44,3.96
43.68,-5.88,6.63,4.06
43.68,-5.93,6.86,4.18
43.69,-6.00,7.08,4.31
43.69,-6.03,7.32,4.49
43.69,-6.09,7.58,4.68
43.69,-6.13,7.79,4.85
43.69,-6.16,8.02,5.03
43.70,-6.23,8.22,5.22
43.70,-6.28,8.40,5.40
43.70,-6.36,8.54,5.59
43.70,-6.44,8.67,5.77
43.71,-6.54,8.80,5.97
43.71,-6.55,8.93,6.14
43.71,-6.53,9.08,6.31
43.71,-6.51,9.16,6.48
43.72,-6.46,9.23,6.64
43.72,-6.39,9.26,6.78
43.72,-6.29,9.28,6.93
43.72,-6.23,9.27,6.98
43.73,-6.14,9.22,7.07
43.73,-6.06,9.15,7.11
43.73,-5.98,9.06,7.13
43.73,-5.93,8.96,7.13
43.74,-5.86,8.87,7.13
43.74,-5.79,8.75,7.02
43.74,-5.75,8.63,6.89
43.74,-5.73,8.56,6.72
43.74,-5.70,8.48,6.50
43.75,-5.63,8.41,6.22
43.75,-5.54,8.37,5.94
43.75,-5.44,8.37,5.66
43.75,-5.33,8.37,5.36
43.76,-5.23,8.39,5.07
43.76,-5.10,8.44,4.81
43.76,-4.97,8.49,4.57
43.76,-4.84,8.56,4.38
43.77,-4.74,8.67,4.23
43.77,-4.54,8.81,4.13
43.77,-4.38,8.96,4.05
43.77,-4.21,9.13,4.02
43.78,-4.02,9.30,4.04
43.78,-3.83,9.46,4.05
43.78,-3.61,9.66,4.12
43.78,-3.34,9.84,4.20
43.79,-3.05,10.08,4.33
43.79,-2.71,10.32,4.44
43.79,-2.44,10.58,4.57
43.79,-2.17,10.87,4.71
43.79,-1.98,11.19,4.80
43.80,-1.81,11.51,4.85
43.80,-1.65,11.85,4.89
43.80,-1.52,12.17,4.94
43.80,-1.45,12.58,4.96
43.81,-1.37,12.98,5.01
43.81,-1.34,13.41,5.05
43.81,-1.31,13.90,5.12
43.81,-1.30,14.41,5.18
43.82,-1.28,15.00,5.27
43.82,-1.20,15.60,5.35
43.82,-1.09,16.21,5.38
43.82,-0.94,16.79,5.37
43.83,-0.71,17.39,5.30
43.83,-0.43,17.94,5.15
43.83,-0.08,18.38,4.88
43.83,0.31,18.65,4.58
43.84,0.69,18.69,4.18
43.84,1.00,18.47,3.75
43.84,1.18,17.80,3.32
43.84,1.11,16.77,2.97
43.84,0.78,15.49,2.70
43.85,0.31,14.21,2.47
43.85,-0.16,13.05,2.27
43.85,-0.56,12.03,2.10
43.85,-0.93,11.13,1.92
43.86,-1.19,10.41,1.76
43.86,-1.41,9.76,1.65
43.86,-1.56,9.23,1.56
43.86,-1.72,8.80,1.53
43.87,-1.91,8.42,1.48
43.87,-2.10,8.08,1.48
43.87,-2.30,7.78,1.52
43.87,-2.45,7.49,1.60
43.88,-2.53,7.21,1.73
43.88,-2.56,6.96,1.78
43.88,-2.57,6.78,1.85
43.88,-2.60,6.60,1.81
43.88,-2.59,6.42,1.75
43.89,-2.59,6.23,1.67
43.89,-2.57,6.07,1.60
43.89,-2.60,5.86,1.49
43.89,-2.61,5.71,1.39
43.90,-2.46,5.65,1.25
43.90,-2.25,5.59,1.08
43.90,-2.02,5.56,0.94
43.90,-1.82,5.52,0.82
43.91,-1.68,5.48,0.67
43.91,-1.56,5.45,0.53
43.91,-1.46,5.46,0.42
43.91,-1.34,5.49,0.35
43.92,-1.33,5.52,0.34
43.92,-1.35,5.52,0.36
43.92,-1.41,5.53,0.32
43.92,-1.44,5.55,0.31
43.93,-1.45,5.69,0.28
43.93,-1.48,5.83,0.28
43.93,-1.53,6.03,0.35
43.93,-1.56,6.33,0.44
43.93,-1.70,6.60,0.53
43.94,-1.85,6.85,0.70
43.94,-1.98,7.06,0.89
43.94,-2.07,7.28,1.16
43.94,-2.17,7.52,1.47
43.95,-2.25,7.78,1.77
43.95,-2.36,8.03,2.08
43.95,-2.42,8.30,2.39
43.95,-2.49,8.58,2.69
43.96,-2.57,8.85,2.97
43.96,-2.64,9.12,3.31
43.96,-2.75,9.35,3.58
43.96,-2.89,9.57,3.88
43.97,-3.08,9.75,4.16
43.97,-3.33,9.88,4.35
43.97,-3.60,9.98,4.50
43.97,-3.86,10.07,4.64
43.98,-4.11,10.13,4.79
43.98,-4.34,10.03,4.91
43.98,-4.90,9.83,4.90
43.98,-5.65,9.69,4.69
43.98,-6.32,9.54,4.40
43.99,-6.90,9.35,3.95
43.99,-7.41,9.20,3.46
43.99,-7.67,9.01,2.94
43.99,-7.61,8.81,2.39
44.00,-7.38,8.66,1.85
44.00,-6.90,8.52,1.33
44.00,-5.99,8.49,0.94
44.00,-5.03,8.52,0.70
44.01,-4.19,8.55,0.59
44.01,-3.56,8.48,0.63
44.01,-3.09,8.38,0.74
44.01,-2.70,8.28,0.92
44.02,-2.41,8.20,1.09
44.02,-2.16,8.13,1.24
44.02,-1.92,8.11,1.43
44.02,-1.75,8.13,1.69
44.03,-1.53,8.18,1.87
44.03,-1.33,8.30,1.97
44.03,-1.29,8.47,2.11
44.03,-1.28,8.77,2.16
44.03,-1.11,8.97,2.23
44.04,-0.79,9.12,2.31
44.04,-0.40,9.27,2.46
44.04,0.13,9.37,2.72
44.04,0.57,9.43,3.03
44.05,1.00,9.46,3.36
44.05,1.46,9.43,3.69
44.05,1.93,9.34,4.06
44.05,2.33,9.25,4.46
44.06,2.63,9.14,4.83
44.06,2.78,8.95,5.19
44.06,2.76,8.73,5.45
44.06,2.47,8.44,5.59
44.07,1.96,8.15,5.65
44.07,1.25,7.90,5.63
44.07,0.57,7.69,5.52
44.07,0.02,7.53,5.39
44.07,-0.45,7.41,5.18
44.08,-0.80,7.30,4.97
44.08,-1.06,7.23,4.67
44.08,-1.29,7.23,4.40
44.08,-1.51,7.23,4.11
44.09,-1.71,7.23,3.86
44.09,-1.93,7.26,3.65
44.09,-2.14,7.30,3.49
44.09,-2.36,7.33,3.35
44.10,-2.53,7.41,3.27
44.10,-2.66,7.51,3.19
44.10,-2.74,7.62,3.14
44.10,-2.79,7.76,3.13
44.11,-2.81,7.89,3.16
44.11,-2.78,8.07,3.21
44.11,-2.74,8.25,3.29
44.11,-2.69,8.40,3.34
44.12,-2.58,8.58,3.46
44.12,-2.56,8.73,3.54
44.12,-2.50,8.90,3.67
44.12,-2.46,9.06,3.75
44.12,-2.41,9.18,3.85
44.13,-2.40,9.32,3.91
44.13,-2.39,9.46,3.97
44.13,-2.41,9.57,4.03
44.13,-2.36,9.66,4.06
44.14,-2.34,9.76,4.07
44.14,-2.30,9.82,4.06
44.14,-2.23,9.87,4.01
44.14,-2.16,9.89,3.97
44.15,-2.06,9.88,3.94
44.15,-1.99,9.91,3.87
44.15,-1.89,9.88,3.86
44.15,-1.82,9.80,3.85
44.16,-1.77,9.75,3.82
44.16,-1.74,9.65,3.82
44.16,-1.69,9.57,3.84
44.16,-1.67,9.47,3.86
44.17,-1.64,9.40,3.88
44.17,-1.65,9.35,3.93
44.17,-1.66,9.30,4.01
44.17,-1.67,9.26,4.07
44.17,-1.69,9.22,4.17
44.18,-1.71,9.23,4.22
44.18,-1.74,9.22,4.29
44.18,-1.79,9.24,4.37
44.18,-1.86,9.27,4.41
44.19,-1.92,9.31,4.44
44.19,-1.98,9.32,4.42
44.19,-2.04,9.34,4.42
44.19,-2.09,9.42,4.39
44.20,-2.13,9.45,4.36
44.20,-2.22,9.52,4.35
44.20,-2.28,9.58,4.33
44.20,-2.34,9.63,4.24
44.21,-2.40,9.69,4.18
44.21,-2.46,9.75,4.10
44.21,-2.53,9.81,4.03
44.21,-2.56,9.85,3.99
44.22,-2.60,9.89,3.95
44.22,-2.66,9.95,3.95
44.22,-2.71,9.95,3.93
44.22,-2.78,9.95,3.99
44.22,-2.82,10.01,4.04
44.23,-2.80,10.05,4.00
44.23,-2.86,10.10,4.08
44.23,-2.93,10.15,4.24
44.23,-2.99,10.24,4.40
44.24,-3.07,10.33,4.56
44.24,-3.13,10.45,4.73
44.24,-3.17,10.61,4.87
44.24,-3.23,10.78,5.00
44.25,-3.37,10.95,5.21
44.25,-3.52,11.06,5.38
44.25,-3.73,11.20,5.56
44.25,-3.93,11.32,5.74
44.26,-4.13,11.43,5.92
44.26,-4.31,11.51,6.09
44.26,-4.49,11.54,6.24
44.26,-4.67,11.56,6.37
44.27,-4.85,11.55,6.53
44.27,-5.03,11.49,6.63
44.27,-5.20,11.38,6.74
44.27,-5.32,11.23,6.87
44.27,-5.45,11.05,6.95
44.28,-5.57,10.79,7.01
44.28,-5.69,10.51,7.02
44.28,-5.79,10.19,7.01
44.28,-5.84,9.85,7.03
44.29,-5.89,9.45,6.98
44.29,-5.97,9.04,6.87
44.29,-6.07,8.59,6.73
44.29,-6.12,8.18,6.55
44.30,-6.17,7.72,6.42
44.30,-6.22,7.30,6.28
44.30,-6.25,6.84,6.11
44.30,-6.33,6.41,5.91
44.31,-6.37,5.98,5.68
44.31,-6.43,5.49,5.41
44.31,-6.46,5.07,5.15
44.31,-6.45,4.65,4.84
44.31,-6.44,4.16,4.55
44.32,-6.44,3.74,4.25
44.32,-6.41,3.31,3.98
44.32,-6.34,2.92,3.75
44.32,-6.26,2.54,3.58
44.33,-6.20,2.15,3.43
44.33,-6.15,1.78,3.35
44.33,-6.09,1.50,3.30
44.33,-6.01,1.19,3.26
44.34,-5.97,0.96,3.26
44.34,-5.88,0.78,3.28
44.34,-5.78,0.67,3.27
44.34,-5.69,0.61,3.26
44.35,-5.46,0.60,3.31
44.35,-5.17,0.66,3.41
44.35,-4.80,0.83,3.50
44.35,-4.39,1.01,3.56
44.36,-4.00,1.26,3.59
44.36,-3.59,1.60,3.61
44.36,-3.13,1.95,3.63
44.36,-2.62,2.34,3.60
44.36,-2.14,2.71,3.59
44.37,-1.66,3.10,3.51
44.37,-1.23,3.43,3.41
44.37,-0.88,3.78,3.31
44.37,-0.58,4.10,3.15
44.38,-0.40,4.33,2.99
44.38,-0.21,4.58,2.86
44.38,-0.02,4.81,2.71
44.38,0.12,4.94,2.57
44.39,0.21,5.07,2.41
44.39,0.30,5.14,2.24
44.39,0.33,5.16,2.11
44.39,0.38,5.18,2.02
44.40,0.45,5.16,1.96
44.40,0.51,5.10,1.94
44.40,0.60,5.04,1.94
44.40,0.70,4.99,1.97
44.41,0.85,4.91,2.03
44.41,0.98,4.92,2.13
44.41,1.08,4.92,2.23
44.41,1.22,4.99,2.36
44.41,1.35,5.13,2.55
44.42,1.39,5.28,2.76
44.42,1.29,5.47,2.95
44.42,1.08,5.70,3.15
44.42,0.65,6.04,3.31
44.43,0.03,6.45,3.41
44.43,-0.69,6.91,3.47
44.43,-1.43,7.46,3.50
44.43,-2.07,8.04,3.54
44.44,-2.65,8.68,3.52
44.44,-3.16,9.32,3.56
44.44,-3.61,10.05,3.57
44.44,-4.06,10.79,3.63
44.45,-4.37,11.59,3.65
44.45,-4.60,12.38,3.60
44.45,-4.76,13.21,3.52
44.45,-4.85,14.05,3.46
44.46,-4.87,14.88,3.28
44.46,-4.79,15.72,3.07
44.46,-4.67,16.49,2.79
44.46,-4.48,17.24,2.50
44.46,-4.27,17.87,2.22
44.47,-4.03,18.37,1.88
44.47,-3.79,18.72,1.56
44.47,-3.64,18.89,1.36
44.47,-3.58,18.93,1.20
44.48,-3.59,18.87,1.12
44.48,-3.64,18.68,1.08
44.48,-3.75,18.46,1.08
44.48,-3.84,18.23,1.07
44.49,-3.93,17.94,1.05
44.49,-3.94,17.61,1.05
44.49,-3.90,17.25,1.06
44.49,-3.82,16.92,1.05
44.50,-3.79,16.57,1.02
44.50,-3.72,16.27,1.00
44.50,-3.64,15.96,0.96
44.50,-3.52,15.65,0.89
44.50,-3.45,15.39,0.88
44.51,-3.36,15.07,0.90
44.51,-3.31,14.77,0.95
44.51,-3.26,14.51,1.00
44.51,-3.26,14.24,1.06
44.52,-3.26,14.00,1.17
44.52,-3.29,13.80,1.31
44.52,-3.30,13.60,1.48
44.52,-3.30,13.46,1.70
44.53,-3.28,13.32,1.98
44.53,-3.28,13.20,2.23
44.53,-3.23,13.11,2.54
44.53,-3.17,13.06,2.83
44.54,-3.11,13.02,3.14
44.54,-3.10,12.96,3.43
44.54,-3.09,12.96,3.68
44.54,-3.05,12.95,3.90
44.55,-3.02,12.92,4.07
44.55,-2.98,12.93,4.20
44.55,-2.95,12.92,4.31
44.55,-2.93,12.93,4.34
44.55,-2.87,12.91,4.38
44.56,-2.81,12.92,4.37
44.56,-2.72,12.90,4.30
44.56,-2.63,12.89,4.19
44.56,-2.55,12.86,4.10
44.57,-2.47,12.80,3.97
44.57,-2.40,12.78,3.83
44.57,-2.38,12.69,3.71
44.57,-2.35,12.64,3.53
44.58,-2.39,12.60,3.28
44.58,-2.40,12.56,3.03
44.58,-2.42,12.56,2.78
44.58,-2.34,12.50,2.53
44.59,-2.27,12.42,2.28
44.59,-2.24,12.33,1.97
44.59,-2.21,12.24,1.63
44.59,-2.23,12.11,1.26
44.60,-2.24,12.04,0.87
44.60,-2.23,11.94,0.53
44.60,-2.24,11.85,0.23
44.60,-2.25,11.76,-0.05
44.60,-2.27,11.71,-0.30
44.61,-2.28,11.65,-0.44
44.61,-2.26,11.57,-0.53
44.61,-2.22,11.44,-0.55
44.61,-2.19,11.27,-0.53
44.62,-2.22,11.13,-0.48
44.62,-2.22,10.96,-0.40
44.62,-2.22,10.74,-0.27
44.62,-2.22,10.52,-0.15
44.63,-2.22,10.27,-0.02
44.63,-2.23,9.99,0.08
44.63,-2.25,9.75,0.13
44.63,-2.27,9.47,0.20
44.64,-2.40,9.16,0.30
44.64,-2.62,8.87,0.42
44.64,-2.81,8.58,0.55
44.64,-2.59,8.08,0.60
44.65,-2.45,7.71,0.61
44.65,-2.53,7.47,0.73
44.65,-2.81,7.30,0.86
44.65,-3.08,7.11,0.98
44.65,-3.32,6.88,1.17
44.66,-3.48,6.66,1.34
44.66,-3.59,6.49,1.56
44.66,-3.63,6.35,1.72
44.66,-3.63,6.21,1.94
44.67,-3.66,6.15,2.12
44.67,-3.71,6.04,2.35
44.67,-3.72,5.95,2.57
44.67,-3.85,5.89,2.81
44.68,-3.99,5.82,3.04
44.68,-4.09,5.72,3.20
44.68,-4.15,5.69,3.31
44.68,-4.18,5.62,3.46
44.69,-4.08,5.58,3.62
44.69,-3.80,5.51,3.73
44.69,-3.54,5.52,3.74
44.69,-3.45,5.55,3.74
44.70,-3.58,5.60,3.76
44.70,-3.77,5.64,3.75
44.70,-3.84,5.63,3.75
44.70,-3.86,5.60,3.75
44.70,-3.86,5.59,3.72
44.71,-3.82,5.61,3.71
44.71,-3.77,5.63,3.69
44.71,-3.64,5.69,3.62
44.71,-3.58,5.71,3.59
44.72,-3.45,5.76,3.50
44.72,-3.29,5.82,3.40
44.72,-3.15,5.93,3.29
44.72,-3.07,5.99,3.16
44.73,-3.03,6.08,3.06
44.73,-3.00,6.23,2.95
44.73,-3.03,6.34,2.88
44.73,-3.08,6.47,2.84
44.74,-3.09,6.57,2.82
44.74,-3.12,6.74,2.81
44.74,-3.14,6.90,2.83
44.74,-3.14,7.08,2.83
44.74,-3.09,7.27,2.83
44.75,-3.03,7.44,2.79
44.75,-2.96,7.59,2.79
44.75,-2.84,7.72,2.80
44.75,-2.70,7.84,2.77
44.76,-2.58,7.97,2.77
44.76,-2.46,8.09,2.77
44.76,-2.33,8.22,2.76
44.76,-2.27,8.32,2.77
44.77,-2.22,8.38,2.75
44.77,-2.21,8.43,2.76
44.77,-2.24,8.46,2.77
44.77,-2.30,8.51,2.78
44.78,-2.34,8.52,2.79
44.78,-2.42,8.50,2.77
44.78,-2.49,8.49,2.75
44.78,-2.58,8.49,2.73
44.79,-2.64,8.50,2.73
44.79,-2.76,8.51,2.74
44.79,-2.82,8.52,2.80
44.79,-2.88,8.54,2.84
44.79,-2.89,8.55,2.88
44.80,-2.91,8.56,2.90
44.80,-2.93,8.55,2.94
44.80,-2.95,8.53,3.01
44.80,-2.97,8.54,3.04
44.81,-3.03,8.55,3.09
44.81,-3.05,8.52,3.14
44.81,-3.04,8.52,3.19
44.81,-3.03,8.49,3.23
44.82,-2.99,8.46,3.26
44.82,-2.94,8.45,3.31
44.82,-2.87,8.41,3.38
44.82,-2.80,8.37,3.43
44.83,-2.70,8.31,3.48
44.83,-2.61,8.23,3.50
44.83,-2.58,8.20,3.57
44.83,-2.54,8.17,3.69
44.84,-2.46,8.12,3.71
44.84,-2.44,8.08,3.76
44.84,-2.41,8.03,3.85
44.84,-2.36,8.01,3.93
44.84,-2.41,7.95,3.99
44.85,-2.46,7.86,4.04
44.85,-2.59,7.77,4.21
44.85,-2.70,7.67,4.25
44.85,-2.74,7.56,4.28
44.86,-2.78,7.50,4.37
44.86,-2.76,7.41,4.39
44.86,-2.80,7.33,4.42
44.86,-2.84,7.27,4.46
44.87,-2.93,7.21,4.48
44.87,-3.02,7.18,4.47
44.87,-3.11,7.15,4.46
44.87,-3.19,7.11,4.47
44.88,-3.25,7.10,4.42
44.88,-3.34,7.05,4.36
44.88,-3.43,7.01,4.34
44.88,-3.52,7.00,4.30
44.89,-3.60,7.00,4.26
44.89,-3.62,7.02,4.19
44.89,-3.67,7.07,4.22
44.89,-3.76,7.12,4.20
44.89,-3.80,7.17,4.20
44.90,-3.88,7.22,4.20
44.90,-3.97,7.23,4.22
44.90,-4.05,7.24,4.26
44.90,-4.13,7.25,4.30
44.91,-4.22,7.24,4.33
44.91,-4.32,7.25,4.35
44.91,-4.39,7.23,4.37
44.91,-4.45,7.19,4.39
44.92,-4.52,7.15,4.40
44.92,-4.57,7.14,4.42
44.92,-4.62,7.13,4.41
44.92,-4.66,7.09,4.44
44.93,-4.70,7.07,4.43
44.93,-4.75,7.05,4.43
44.93,-4.80,7.02,4.49
44.93,-4.88,6.97,4.53
44.93,-4.95,6.91,4.59
44.94,-5.08,6.86,4.62
44.94,-5.26,6.84,4.63
44.94,-5.41,6.80,4.66
44.94,-5.55,6.76,4.65
44.95,-5.55,6.71,4.68
44.95,-5.49,6.65,4.69
44.95,-5.39,6.55,4.73
44.95,-5.29,6.53,4.74
44.96,-5.18,6.49,4.79
44.96,-5.17,6.43,4.80
44.96,-5.14,6.35,4.80
44.96,-5.13,6.28,4.81
44.97,-5.23,6.23,4.78
44.97,-5.38,6.18,4.77
44.97,-5.53,6.18,4.75
44.97,-5.65,6.26,4.71
44.98,-5.69,6.32,4.67
44.98,-5.68,6.44,4.62
44.98,-5.62,6.56,4.54
44.98,-5.57,6.74,4.49
44.98,-5.50,6.95,4.44
44.99,-5.47,7.17,4.37
44.99,-5.39,7.36,4.29
44.99,-5.31,7.59,4.21
44.99,-5.26,7.81,4.14
45.00,-5.19,8.02,4.05
45.00,-5.14,8.21,4.00
45.00,-5.17,8.40,3.91
45.00,-5.20,8.56,3.87
45.01,-5.26,8.67,3.84
45.01,-5.33,8.82,3.82
45.01,-5.46,8.92,3.82
45.01,-5.53,9.03,3.90
45.02,-5.59,9.15,3.98
45.02,-5.57,9.27,4.13
45.02,-5.52,9.38,4.27
45.02,-5.41,9.51,4.44
45.03,-5.29,9.63,4.62
45.03,-5.20,9.71,4.79
45.03,-5.13,9.82,4.97
45.03,-5.08,9.92,5.12
45.03,-5.08,9.95,5.30
45.04,-5.10,9.98,5.43
45.04,-5.12,9.97,5.56
45.04,-5.17,9.88,5.71
45.04,-5.27,9.82,5.83
45.05,-5.36,9.66,5.95
45.05,-5.47,9.56,6.04
45.05,-5.59,9.42,6.09
45.05,-5.73,9.24,6.14
45.06,-5.86,9.06,6.13
45.06,-5.96,8.84,6.13
45.06,-6.08,8.66,6.08
45.06,-6.22,8.44,6.03
45.07,-6.36,8.24,5.97
45.07,-6.50,8.07,5.88
45.07,-6.65,7.96,5.80
45.07,-6.77,7.87,5.71
45.08,-6.89,7.85,5.62
45.08,-6.95,7.92,5.52
45.08,-6.97,8.04,5.43
45.08,-6.89,8.27,5.36
45.08,-6.76,8.49,5.29
45.09,-6.65,8.73,5.26
45.09,-6.47,8.97,5.20
45.09,-6.32,9.19,5.12
45.09,-6.11,9.37,5.02
45.10,-5.86,9.51,4.93
45.10,-5.59,9.69,4.75
45.10,-5.29,9.81,4.54
45.10,-5.03,9.87,4.33
45.11,-4.78,9.91,4.15
45.11,-4.56,9.91,3.99
45.11,-4.33,9.91,3.87
45.11,-4.08,9.89,3.81
45.12,-3.84,9.94,3.82
45.12,-3.56,10.02,3.82
45.12,-3.30,10.17,3.90
45.12,-2.99,10.37,4.01
45.13,-2.78,10.60,4.09
45.13,-2.54,10.86,4.19
45.13,-2.37,11.12,4.27
45.13,-2.26,11.38,4.35
45.13,-2.20,11.63,4.38
45.14,-2.17,11.85,4.38
45.14,-2.20,12.12,4.33
45.14,-2.29,12.35,4.25
45.14,-2.42,12.60,4.12
45.15,-2.52,12.82,4.02
45.15,-2.61,12.96,3.91
45.15,-2.71,13.12,3.83
45.15,-2.80,13.24,3.74
45.16,-2.88,13.32,3.67
45.16,-3.00,13.32,3.64
45.16,-3.17,13.23,3.61
45.16,-3.33,13.04,3.60
45.17,-3.54,12.76,3.61
45.17,-3.80,12.39,3.60
45.17,-4.08,11.96,3.60
45.17,-4.34,11.47,3.52
45.17,-4.52,10.98,3.36
45.18,-4.59,10.49,3.17
45.18,-4.57,10.06,2.90
45.18,-4.43,9.63,2.58
45.18,-4.09,9.26,2.21
45.19,-3.73,8.95,1.84
45.19,-3.37,8.65,1.46
45.19,-3.05,8.39,1.08
45.19,-2.82,8.16,0.76
45.20,-2.65,7.93,0.48
45.20,-2.49,7.73,0.29
45.20,-2.36,7.53,0.13
45.20,-2.23,7.34,0.05
45.21,-2.11,7.22,0.00
45.21,-1.96,7.14,-0.02
45.21,-1.81,7.06,0.04
45.21,-1.69,6.97,0.09
45.22,-1.58,6.95,0.12
45.22,-1.46,6.94,0.19
45.22,-1.29,6.92,0.27
45.22,-1.15,6.93,0.35
45.22,-1.00,6.95,0.40
45.23,-0.86,6.95,0.50
45.23,-0.76,6.95,0.57
45.23,-0.68,6.96,0.67
45.23,-0.57,6.99,0.82
45.24,-0.46,7.00,0.98
45.24,-0.32,6.97,1.12
45.24,-0.16,7.01,1.24
45.24,-0.06,7.03,1.40
45.25,0.03,7.13,1.60
45.25,0.08,7.24,1.83
45.25,0.17,7.42,2.21
45.25,0.11,7.61,2.59
45.26,0.05,7.81,2.63
45.26,-0.13,8.03,2.68
45.26,-0.32,8.29,2.70
45.26,-0.44,8.52,2.73
45.27,-0.59,8.73,2.91
45.27,-0.82,8.89,2.94
45.27,-1.04,9.04,2.88
45.27,-1.22,9.21,2.89
45.27,-1.41,9.47,2.90
45.28,-1.56,9.66,2.96
45.28,-1.70,9.84,3.07
45.28,-1.90,10.11,3.18
45.28,-2.17,10.29,3.25
45.29,-2.46,10.43,3.32
45.29,-2.76,10.55,3.40
45.29,-3.12,10.66,3.47
45.29,-3.45,10.82,3.56
45.30,-3.80,10.92,3.68
45.30,-4.13,10.92,3.85
45.30,-4.45,10.90,3.98
45.30,-4.78,10.85,4.03
45.31,-4.99,10.74,4.03
45.31,-5.15,10.57,3.98
45.31,-5.38,10.44,3.81
45.31,-5.53,10.40,3.59
45.32,-5.66,10.40,3.39
45.32,-5.64,10.46,3.24
45.32,-5.25,10.40,3.03
45.32,-4.70,10.39,2.72
45.32,-3.93,10.30,2.41
45.33,-3.08,10.25,2.22
45.33,-2.47,10.12,2.02
45.33,-2.06,10.01,1.90
45.33,-1.86,9.87,1.91
45.34,-1.73,9.76,1.98
45.34,-1.62,9.62,2.13
45.34,-1.54,9.55,2.28
45.34,-1.48,9.48,2.44
45.35,-1.32,9.42,2.69
45.35,-1.11,9.39,2.81
45.35,-0.94,9.39,2.92
45.35,-0.74,9.38,3.00
45.36,-0.55,9.36,3.08
45.36,-0.33,9.27,3.23
45.36,-0.15,9.23,3.38
45.36,0.13,9.14,3.44
45.36,0.29,9.01,3.49
45.37,0.42,8.92,3.55
45.37,0.48,8.79,3.62
45.37,0.43,8.63,3.72
45.37,0.30,8.43,3.88
45.38,0.06,8.28,4.00
45.38,-0.26,8.03,4.14
45.38,-0.55,7.86,4.22
45.38,-0.89,7.68,4.27
45.39,-1.23,7.53,4.40
45.39,-1.59,7.40,4.46
45.39,-1.90,7.25,4.52
45.39,-2.14,7.16,4.60
45.40,-2.39,7.08,4.70
45.40,-2.59,7.03,4.80
45.40,-2.79,7.00,4.88
45.40,-2.95,6.97,4.96
45.41,-3.11,6.93,5.04
45.41,-3.24,6.93,5.08
45.41,-3.30,6.94,5.10
45.41,-3.43,6.99,5.06
45.41,-3.61,7.05,4.99
45.42,-3.77,7.12,4.87
45.42,-3.91,7.24,4.86
45.42,-3.96,7.42,4.75
45.42,-3.93,7.56,4.75
45.43,-3.87,7.78,4.66
45.43,-3.87,7.97,4.55
45.43,-3.84,8.19,4.38
45.43,-3.79,8.38,4.16
45.44,-3.72,8.55,3.94
45.44,-3.66,8.74,3.78
45.44,-3.57,8.91,3.59
45.44,-3.44,9.08,3.47
45.45,-3.30,9.20,3.39
45.45,-3.16,9.31,3.34
45.45,-3.04,9.36,3.29
45.45,-2.97,9.43,3.26
45.46,-2.92,9.50,3.25
45.46,-2.91,9.59,3.24
45.46,-2.90,9.62,3.28
45.46,-2.88,9.66,3.34
45.46,-2.91,9.70,3.35
45.47,-2.93,9.71,3.36
45.47,-2.92,9.76,3.39
45.47,-2.89,9.77,3.42
45.47,-2.81,9.73,3.41
45.48,-2.70,9.69,3.39
45.48,-2.65,9.61,3.41
45.48,-2.59,9.55,3.43
45.48,-2.55,9.44,3.47
45.49,-2.51,9.36,3.54
45.49,-2.48,9.26,3.56
45.49,-2.50,9.15,3.61
45.49,-2.51,9.07,3.69
45.50,-2.54,9.00,3.76
45.50,-2.57,8.91,3.82
45.50,-2.62,8.81,3.90
45.50,-2.67,8.73,3.98
45.51,-2.74,8.63,4.04
45.51,-2.79,8.56,4.12
45.51,-2.89,8.49,4.21
45.51,-2.94,8.43,4.26
45.51,-3.01,8.37,4.34
45.52,-3.03,8.31,4.41
45.52,-3.05,8.25,4.47
45.52,-3.09,8.21,4.52
45.52,-3.10,8.14,4.57
45.53,-3.12,8.11,4.63
45.53,-3.13,8.10,4.69
45.53,-3.15,8.03,4.75
45.53,-3.11,8.02,4.79
45.54,-3.07,8.00,4.83
45.54,-3.03,8.00,4.86
45.54,-3.03,7.96,4.93
45.54,-2.99,7.92,4.96
45.55,-2.94,7.90,5.01
45.55,-2.92,7.88,5.05
45.55,-2.93,7.85,5.09
45.55,-2.94,7.81,5.13
45.56,-2.95,7.77,5.21
45.56,-2.97,7.72,5.25
45.56,-3.02,7.68,5.32
45.56,-3.07,7.62,5.38
45.56,-3.08,7.58,5.43
45.57,-3.20,7.52,5.43
45.57,-3.24,7.49,5.44
45.57,-3.30,7.46,5.45
45.57,-3.37,7.40,5.44
45.58,-3.40,7.36,5.44
45.58,-3.43,7.33,5.43
45.58,-3.46,7.26,5.39
45.58,-3.47,7.22,5.38
45.59,-3.47,7.18,5.34
45.59,-3.46,7.09,5.34
45.59,-3.48,7.03,5.34
45.59,-3.53,6.95,5.35
45.60,-3.55,6.86,5.37
45.60,-3.58,6.76,5.37
45.60,-3.59,6.64,5.40
45.60,-3.62,6.54,5.38
45.60,-3.59,6.42,5.34
45.61,-3.62,6.30,5.29
45.61,-3.62,6.16,5.27
45.61,-3.62,6.02,5.24
45.61,-3.60,5.87,5.20
45.62,-3.60,5.70,5.16
45.62,-3.58,5.54,5.07
45.62,-3.59,5.39,4.99
45.62,-3.57,5.23,4.90
45.63,-3.58,5.10,4.74
45.63,-3.58,4.99,4.61
45.63,-3.55,4.88,4.50
45.63,-3.56,4.81,4.38
45.64,-3.55,4.77,4.23
45.64,-3.52,4.72,4.08
45.64,-3.50,4.71,3.91
45.64,-3.42,4.71,3.72
45.65,-3.37,4.77,3.53
45.65,-3.27,4.86,3.35
45.65,-3.18,4.91,3.15
45.65,-3.06,5.02,3.00
45.65,-2.98,5.17,2.86
45.66,-2.89,5.32,2.75
45.66,-2.80,5.48,2.66
45.66,-2.70,5.67,2.62
45.66,-2.52,5.87,2.62
45.67,-2.33,6.07,2.63
45.67,-2.09,6.28,2.67
45.67,-1.76,6.52,2.69
45.67,-1.37,6.77,2.79
45.68,-1.00,7.04,2.92
45.68,-0.61,7.26,3.08
45.68,-0.22,7.54,3.19
45.68,0.19,7.76,3.34
45.69,0.59,8.02,3.46
45.69,0.96,8.20,3.57
45.69,1.31,8.33,3.65
45.69,1.64,8.44,3.73
45.70,1.92,8.50,3.85
45.70,2.14,8.51,3.99
45.70,2.34,8.50,4.12
45.70,2.52,8.46,4.24
45.70,2.72,8.37,4.35
45.71,2.93,8.28,4.45
45.71,3.12,8.23,4.55
45.71,3.32,8.17,4.62
45.71,3.55,8.08,4.68
45.72,3.75,8.06,4.69
45.72,3.95,8.00,4.71
45.72,4.11,7.94,4.68
45.72,4.22,7.90,4.69
45.73,4.22,7.91,4.68
45.73,3.99,7.92,4.62
45.73,3.51,7.99,4.52
45.73,2.65,8.10,4.42
45.74,1.75,8.28,4.36
45.74,0.93,8.59,4.30
45.74,0.28,9.00,4.19
45.74,-0.24,9.51,4.05
45.75,-0.75,10.05,3.86
45.75,-1.20,10.64,3.64
45.75,-1.60,11.18,3.35
45.75,-1.87,11.65,3.08
45.75,-2.19,12.21,2.75
45.76,-2.51,12.82,2.31
45.76,-2.88,13.37,1.88
45.76,-3.34,13.87,1.39
45.76,-3.91,14.38,0.92
45.77,-4.56,14.84,0.46
45.77,-5.25,15.20,0.03
45.77,-5.97,15.54,-0.36
45.77,-6.67,15.86,-0.69
45.78,-7.39,16.16,-1.01
45.78,-8.18,16.45,-1.31
45.78,-9.00,16.75,-1.57
45.78,-9.81,17.01,-1.83
45.79,-10.56,17.23,-2.06
45.79,-11.29,17.44,-2.18
45.79,-12.11,17.57,-2.27
45.79,-12.84,17.62,-2.35
45.79,-13.56,17.60,-2.38
45.80,-14.12,17.52,-2.41
45.80,-14.49,17.32,-2.46
45.80,-14.67,17.00,-2.58
45.80,-14.72,16.59,-2.73
45.81,-14.49,16.07,-2.85
45.81,-13.98,15.48,-2.91
45.81,-13.12,14.76,-2.96
45.81,-12.10,13.95,-2.89
45.82,-11.21,13.16,-2.76
45.82,-10.54,12.43,-2.56
45.82,-10.08,11.81,-2.27
45.82,-9.74,11.23,-1.95
45.83,-9.50,10.74,-1.58
45.83,-9.34,10.27,-1.16
45.83,-9.17,9.87,-0.71
45.83,-9.01,9.54,-0.28
45.84,-8.81,9.30,0.17
45.84,-8.62,9.07,0.56
45.84,-8.44,8.93,0.94
45.84,-8.31,8.88,1.39
45.84,-8.12,8.79,1.88
45.85,-7.85,8.72,2.39
45.85,-7.57,8.66,2.83
45.85,-7.27,8.63,3.23
45.85,-6.96,8.53,3.58
45.86,-6.67,8.46,3.88
45.86,-6.38,8.37,4.13
45.86,-6.06,8.28,4.29
45.86,-5.77,8.19,4.44
45.87,-5.50,8.13,4.47
45.87,-5.23,8.09,4.50
45.87,-5.00,8.08,4.47
45.87,-4.75,8.10,4.41
45.88,-4.50,8.15,4.34
45.88,-4.23,8.23,4.23
45.88,-3.89,8.33,4.10
45.88,-3.60,8.43,4.02
45.89,-3.32,8.53,3.88
45.89,-3.02,8.67,3.73
45.89,-2.74,8.77,3.56
45.89,-2.42,8.90,3.39
45.89,-2.15,9.03,3.16
45.90,-1.90,9.16,2.97
45.90,-1.68,9.24,2.75
45.90,-1.49,9.36,2.49
45.90,-1.33,9.45,2.24
45.91,-1.17,9.56,2.01
45.91,-1.04,9.64,1.75
45.91,-0.92,9.70,1.55
45.91,-0.79,9.81,1.31
45.92,-0.69,9.87,1.16
45.92,-0.61,9.94,1.00
45.92,-0.59,10.00,0.86
45.92,-0.52,10.05,0.77
45.93,-0.47,10.08,0.71
45.93,-0.44,10.09,0.68
45.93,-0.54,10.07,0.72
45.93,-0.54,9.98,0.70
45.94,-0.32,9.74,0.64
45.94,-0.21,9.55,0.62
45.94,-0.20,9.36,0.60
45.94,-0.32,9.25,0.58
45.94,-0.43,9.11,0.63
45.95,-0.45,8.92,0.76
45.95,-0.48,8.73,0.97
45.95,-0.44,8.57,1.23
45.95,-0.42,8.51,1.50
45.96,-0.43,8.44,1.78
45.96,-0.53,8.37,2.04
45.96,-0.70,8.26,2.31
45.96,-1.06,8.15,2.57
45.97,-1.41,8.04,2.77
45.97,-1.76,8.00,2.93
45.97,-2.08,7.94,3.04
45.97,-2.28,7.84,3.16
45.98,-2.39,7.75,3.22
45.98,-2.44,7.66,3.26
45.98,-2.46,7.63,3.31
45.98,-2.50,7.62,3.32
45.99,-2.54,7.60,3.33
45.99,-2.62,7.63,3.35
45.99,-2.68,7.66,3.36
45.99,-2.74,7.69,3.33
45.99,-2.79,7.65,3.26
46.00,-2.91,7.58,3.19
46.00,-3.00,7.49,3.12
46.00,-2.96,7.34,3.12
46.00,-2.92,7.23,3.16
46.01,-2.96,7.22,3.16
46.01,-2.92,7.24,3.18
46.01,-2.95,7.23,3.15
46.01,-3.00,7.28,3.12
46.02,-3.10,7.26,3.06
46.02,-3.25,7.25,3.06
46.02,-3.34,7.26,3.15
46.02,-3.46,7.28,3.20
46.03,-3.55,7.29,3.28
46.03,-3.65,7.34,3.32
46.03,-3.74,7.37,3.38
46.03,-3.89,7.46,3.49
46.03,-4.02,7.56,3.55
46.04,-4.08,7.67,3.64
46.04,-4.08,7.76,3.70
46.04,-4.05,7.84,3.74
46.04,-4.00,7.90,3.81
46.05,-3.94,8.00,3.82
46.05,-3.87,8.07,3.85
46.05,-3.78,8.15,3.86
46.05,-3.67,8.24,3.83
46.06,-3.65,8.28,3.79
46.06,-3.65,8.33,3.73
46.06,-3.67,8.40,3.70
46.06,-3.68,8.45,3.68
46.07,-3.71,8.55,3.65
46.07,-3.78,8.63,3.61
46.07,-3.83,8.75,3.58
46.07,-3.90,8.87,3.56
46.08,-3.96,9.02,3.52
46.08,-4.04,9.11,3.49
46.08,-4.06,9.20,3.48
46.08,-4.08,9.26,3.50
46.08,-4.14,9.29,3.52
46.09,-4.16,9.30,3.57
46.09,-4.15,9.31,3.58
46.09,-4.17,9.32,3.62
46.09,-4.14,9.31,3.66
46.10,-4.10,9.23,3.67
46.10,-4.07,9.16,3.70
46.10,-4.05,9.07,3.71
46.10,-3.98,9.01,3.76
46.11,-3.95,8.94,3.81
46.11,-3.89,8.88,3.84
46.11,-3.83,8.78,3.87
46.11,-3.75,8.69,3.91
46.12,-3.68,8.55,3.98
46.12,-3.59,8.45,4.02
46.12,-3.52,8.32,4.06
46.12,-3.40,8.20,4.13
46.13,-3.27,8.10,4.20
46.13,-2.98,8.04,4.12
46.13,-2.92,7.88,4.23
46.13,-2.86,7.73,4.30
46.13,-2.84,7.59,4.41
46.14,-2.83,7.44,4.45
46.14,-2.84,7.30,4.51
46.14,-2.93,7.18,4.57
46.14,-3.01,7.10,4.67
46.15,-3.03,7.03,4.71
46.15,-3.08,7.03,4.74
46.15,-3.16,7.04,4.74
46.15,-3.27,7.05,4.75
46.16,-3.43,7.06,4.72
46.16,-3.58,7.08,4.74
46.16,-3.73,7.08,4.70
46.16,-3.86,7.07,4.65
46.17,-3.96,7.06,4.63
46.17,-4.03,7.04,4.60
46.17,-4.09,7.04,4.56
46.17,-4.14,7.05,4.53
46.18,-4.21,6.99,4.52
46.18,-4.20,6.94,4.50
46.18,-4.11,6.82,4.51
46.18,-4.01,6.81,4.50
46.18,-3.91,6.78,4.56
46.19,-3.79,6.77,4.57
46.19,-3.73,6.74,4.57
46.19,-3.71,6.67,4.57
46.19,-3.73,6.62,4.63
46.20,-3.76,6.53,4.67
46.20,-3.77,6.43,4.73
46.20,-3.80,6.33,4.77
46.20,-3.82,6.28,4.83
46.21,-3.90,6.20,4.88
46.21,-4.01,6.10,4.95
46.21,-4.13,6.02,5.01
46.21,-4.16,5.99,5.10
46.22,-4.22,5.92,5.18
46.22,-4.23,5.85,5.22
46.22,-4.29,5.81,5.28
46.22,-4.30,5.75,5.31
46.22,-4.35,5.72,5.31
46.23,-4.36,5.68,5.34
46.23,-4.40,5.68,5.35
46.23,-4.40,5.65,5.33
46.23,-4.44,5.63,5.30
46.24,-4.44,5.66,5.26
46.24,-4.58,5.69,5.25
46.24,-4.71,5.70,5.21
46.24,-4.88,5.70,5.18
46.25,-5.08,5.73,5.11
46.25,-5.31,5.77,5.06
46.25,-5.53,5.80,4.99
46.25,-5.71,5.84,4.94
46.26,-5.88,5.89,4.94
46.26,-6.01,5.99,4.91
46.26,-6.02,6.08,4.86
46.26,-6.06,6.16,4.83
46.27,-6.04,6.26,4.76
46.27,-6.03,6.32,4.69
46.27,-5.99,6.40,4.62
46.27,-5.98,6.45,4.56
46.27,-5.94,6.55,4.46
46.28,-5.98,6.64,4.36
46.28,-6.04,6.74,4.30
46.28,-6.05,6.92,4.21
46.28,-6.12,7.07,4.12
46.29,-6.20,7.20,4.05
46.29,-6.21,7.33,3.98
46.29,-6.20,7.48,3.87
46.29,-6.32,7.63,3.85
46.30,-6.36,7.76,3.80
46.30,-6.46,7.91,3.82
46.30,-6.57,8.10,3.80
46.30,-6.67,8.33,3.80
46.31,-6.78,8.54,3.81
46.31,-6.85,8.79,3.83
46.31,-6.88,9.08,3.87
46.31,-6.74,9.41,3.82
46.32,-6.99,9.58,4.09
46.32,-6.98,9.85,4.28
46.32,-7.06,10.00,4.54
46.32,-7.03,10.16,4.71
46.32,-6.95,10.38,4.90
46.33,-6.90,10.53,5.06
46.33,-6.78,10.71,5.13
46.33,-6.73,10.84,5.18
46.33,-6.68,10.89,5.23
46.34,-6.61,10.88,5.26
46.34,-6.59,10.87,5.29
46.34,-6.10,10.96,4.95
46.34,-6.65,10.73,5.29
46.35,-6.76,10.50,5.56
46.35,-6.98,10.24,5.72
46.35,-7.16,10.00,5.77
46.35,-7.30,9.76,5.83
46.36,-7.37,9.54,5.91
46.36,-7.39,9.26,5.91
46.36,-7.37,8.98,6.02
46.36,-7.28,8.71,6.11
46.37,-7.13,8.42,6.13
46.37,-6.89,8.20,6.07
46.37,-6.49,8.05,6.03
46.37,-5.99,7.98,5.97
46.37,-5.48,7.92,5.87
46.38,-4.91,7.92,5.72
46.38,-4.43,7.88,5.59
46.38,-4.00,7.87,5.41
46.38,-3.66,7.89,5.23
46.39,-3.38,7.91,5.08
46.39,-3.25,7.93,4.87
46.39,-3.11,8.06,4.68
46.39,-3.01,8.18,4.46
46.40,-2.89,8.40,4.24
46.40,-2.83,8.67,4.08
46.40,-2.73,9.02,3.93
46.40,-2.62,9.43,3.82
46.41,-2.51,9.88,3.73
46.41,-2.37,10.42,3.71
46.41,-2.23,10.95,3.69
46.41,-2.11,11.54,3.80
46.42,-1.99,12.20,3.81
46.42,-1.91,12.81,3.79
46.42,-1.91,13.39,3.75
46.42,-1.93,14.01,3.70
46.42,-1.95,14.61,3.54
46.43,-1.98,15.20,3.41
46.43,-1.94,15.77,3.24
46.43,-1.86,16.25,3.04
46.43,-1.81,16.58,2.88
46.44,-1.79,16.82,2.73
46.44,-1.82,16.87,2.61
46.44,-1.97,16.69,2.48
46.44,-2.16,16.27,2.43
46.45,-2.33,15.54,2.39
46.45,-2.53,14.73,2.36
46.45,-2.71,13.86,2.32
46.45,-2.81,13.02,2.31
46.46,-2.83,12.36,2.30
46.46,-2.86,11.84,2.28
46.46,-2.87,11.34,2.28
46.46,-2.89,10.86,2.28
46.46,-2.91,10.38,2.26
46.47,-2.94,9.91,2.26
46.47,-2.99,9.46,2.21
46.47,-3.07,9.09,2.24
46.47,-3.02,8.75,2.24
46.48,-2.88,8.48,2.22
46.48,-2.71,8.27,2.24
46.48,-2.48,8.08,2.21
46.48,-2.26,7.87,2.18
46.49,-2.09,7.68,2.18
46.49,-1.92,7.53,2.15
46.49,-1.73,7.36,2.11
46.49,-1.57,7.23,2.05
46.50,-1.44,7.11,2.05
46.50,-1.24,6.99,2.02
46.50,-1.05,6.84,1.99
46.50,-0.87,6.72,1.95
46.51,-0.68,6.61,1.91
46.51,-0.56,6.54,1.83
46.51,-0.48,6.50,1.73
46.51,-0.41,6.56,1.71
46.51,-0.30,6.55,1.58
46.52,-0.24,6.58,1.50
46.52,-0.19,6.61,1.41
46.52,-0.16,6.63,1.35
46.52,-0.16,6.73,1.27
46.53,-0.18,6.80,1.25
46.53,-0.22,6.85,1.26
46.53,-0.32,6.96,1.27
46.53,-0.38,7.08,1.29
46.54,-0.47,7.19,1.29
46.54,-0.58,7.34,1.36
46.54,-0.68,7.43,1.33
46.54,-0.79,7.56,1.41
46.55,-0.89,7.73,1.51
46.55,-1.00,7.83,1.62
46.55,-1.10,7.97,1.77
46.55,-1.23,8.07,1.92
46.56,-1.46,8.19,2.04
46.56,-1.70,8.22,2.17
46.56,-1.96,8.28,2.33
46.56,-2.22,8.36,2.51
46.56,-2.48,8.48,2.65
46.57,-2.69,8.58,2.79
46.57,-2.88,8.70,2.90
46.57,-3.09,8.82,3.02
46.57,-3.24,8.94,3.13
46.58,-3.43,9.10,3.26
46.58,-3.63,9.21,3.35
46.58,-3.80,9.31,3.43
46.58,-3.90,9.37,3.52
46.59,-3.92,9.40,3.57
46.59,-4.01,9.40,3.63
46.59,-4.05,9.44,3.61
46.59,-4.12,9.52,3.51
46.60,-3.99,9.57,3.30
46.60,-3.64,9.66,3.08
46.60,-3.13,9.74,2.92
46.60,-2.50,9.83,2.72
46.61,-2.03,9.93,2.57
46.61,-1.74,10.02,2.48
46.61,-1.53,10.00,2.44
46.61,-1.44,10.04,2.46
46.61,-1.44,10.03,2.52
46.62,-1.42,10.02,2.55
46.62,-1.32,9.99,2.61
46.62,-1.28,9.96,2.69
46.62,-1.32,9.99,2.67
46.63,-1.36,10.04,2.60
46.63,-1.32,10.13,2.59
46.63,-1.20,10.25,2.61
46.63,-1.11,10.30,2.65
46.64,-1.03,10.30,2.72
46.64,-0.95,10.27,2.77
46.64,-0.86,10.17,2.88
46.64,-0.77,10.08,2.97
46.65,-0.72,9.94,3.10
46.65,-0.69,9.80,3.27
46.65,-0.71,9.61,3.42
46.65,-0.75,9.44,3.60
46.65,-0.84,9.22,3.73
46.66,-0.98,9.04,3.87
46.66,-1.15,8.80,4.00
46.66,-1.35,8.59,4.12
46.66,-1.60,8.42,4.21
46.67,-1.86,8.20,4.26
46.67,-2.13,8.01,4.34
46.67,-2.39,7.83,4.37
46.67,-2.62,7.67,4.36
46.68,-2.79,7.49,4.33
46.68,-2.92,7.37,4.30
46.68,-3.05,7.23,4.20
46.68,-3.18,7.10,4.14
46.69,-3.35,7.00,4.06
46.69,-3.51,6.93,4.00
46.69,-3.66,6.90,3.94
46.69,-3.80,6.86,3.83
46.70,-3.90,6.87,3.73
46.70,-4.00,6.88,3.62
46.70,-4.15,6.91,3.49
46.70,-4.25,6.98,3.32
46.70,-4.35,7.04,3.15
46.71,-4.42,7.16,3.03
46.71,-4.39,7.26,2.88
46.71,-4.38,7.40,2.78
46.71,-4.30,7.56,2.66
46.72,-4.19,7.75,2.60
46.72,-4.02,7.94,2.64
46.72,-3.87,8.13,2.70
46.72,-3.75,8.31,2.76
46.73,-3.66,8.48,2.82
46.73,-3.51,8.63,2.94
46.73,-3.37,8.77,3.07
46.73,-3.29,8.91,3.13
46.74,-3.21,9.03,3.22
46.74,-3.16,9.17,3.35
46.74,-3.08,9.29,3.44
46.74,-3.04,9.39,3.54
46.75,-2.97,9.50,3.63
46.75,-2.92,9.60,3.68
46.75,-2.93,9.65,3.71
46.75,-2.91,9.69,3.74
46.75,-2.90,9.73,3.76
46.76,-2.89,9.76,3.72
46.76,-2.89,9.73,3.69
46.76,-2.91,9.68,3.66
46.76,-2.90,9.63,3.58
46.77,-2.92,9.55,3.50
46.77,-2.99,9.45,3.41
46.77,-3.01,9.34,3.32
46.77,-3.06,9.20,3.26
46.78,-3.12,9.08,3.17
46.78,-3.19,8.98,3.10
46.78,-3.22,8.87,3.05
46.78,-3.24,8.77,3.02
46.79,-3.28,8.66,3.01
46.79,-3.31,8.58,2.99
46.79,-3.33,8.49,3.00
46.79,-3.35,8.38,3.02
46.80,-3.35,8.30,3.09
46.80,-3.33,8.26,3.19
46.80,-3.31,8.21,3.23
46.80,-3.26,8.19,3.31
46.80,-3.19,8.16,3.35
46.81,-3.13,8.10,3.38
46.81,-3.10,8.13,3.54
46.81,-3.07,8.16,3.62
46.81,-3.05,8.14,3.73
46.82,-3.03,8.17,3.78
46.82,-3.02,8.19,3.87
46.82,-3.02,8.23,3.88
46.82,-3.00,8.25,3.90
46.83,-2.99,8.26,3.91
46.83,-3.01,8.31,3.89
46.83,-3.04,8.37,3.91
46.83,-3.04,8.43,3.88
46.84,-3.05,8.50,3.84
46.84,-3.08,8.57,3.80
46.84,-3.13,8.64,3.76
46.84,-3.15,8.70,3.74
46.85,-3.18,8.79,3.66
46.85,-3.23,8.84,3.65
46.85,-3.24,8.86,3.59
46.85,-3.26,8.91,3.54
46.85,-3.26,8.97,3.53
46.86,-3.28,8.98,3.48
46.86,-3.32,9.01,3.40
46.86,-3.33,9.04,3.36
46.86,-3.33,9.06,3.31
46.87,-3.33,9.09,3.29
46.87,-3.29,9.09,3.27
46.87,-3.26,9.08,3.30
46.87,-3.21,9.09,3.34
46.88,-3.12,9.06,3.39
46.88,-3.01,9.04,3.54
46.88,-2.91,9.02,3.61
46.88,-2.82,8.99,3.75
46.89,-2.70,8.96,3.89
46.89,-2.60,8.94,4.08
46.89,-2.57,8.87,4.28
46.89,-2.54,8.81,4.47
46.89,-2.51,8.76,4.66
46.90,-2.48,8.70,4.90
46.90,-2.51,8.64,5.13
46.90,-2.51,8.59,5.37
46.90,-2.54,8.54,5.56
46.91,-2.56,8.50,5.75
46.91,-2.59,8.44,5.95
46.91,-2.64,8.39,6.10
46.91,-2.70,8.32,6.22
46.92,-2.74,8.24,6.28
46.92,-2.78,8.20,6.37
46.92,-2.87,8.18,6.43
46.92,-2.97,8.10,6.51
46.93,-3.06,8.00,6.55
46.93,-3.15,7.93,6.60
46.93,-3.21,7.82,6.56
46.93,-3.30,7.73,6.52
46.94,-3.37,7.62,6.47
46.94,-3.48,7.50,6.38
46.94,-3.62,7.37,6.22
46.94,-3.72,7.22,6.10
46.94,-3.83,7.12,5.93
46.95,-3.95,7.02,5.79
46.95,-4.08,6.90,5.67
46.95,-4.18,6.79,5.55
46.95,-4.26,6.69,5.45
46.96,-4.30,6.61,5.40
46.96,-4.34,6.50,5.32
46.96,-4.30,6.46,5.21
46.96,-4.23,6.39,5.12
46.97,-4.15,6.36,4.99
46.97,-3.97,6.33,4.85
46.97,-3.76,6.29,4.74
46.97,-3.56,6.32,4.62
46.98,-3.36,6.29,4.55
46.98,-3.14,6.28,4.49
46.98,-2.95,6.30,4.47
46.98,-2.79,6.28,4.50
46.99,-2.64,6.30,4.53
46.99,-2.51,6.32,4.62
46.99,-2.36,6.35,4.70
46.99,-2.21,6.38,4.77
46.99,-2.07,6.44,4.84
47.00,-1.87,6.52,4.90
47.00,-1.72,6.57,4.97
47.00,-1.53,6.63,4.99
47.00,-1.38,6.68,5.01
47.01,-1.25,6.71,5.01
47.01,-1.11,6.77,5.01
47.01,-0.98,6.79,4.94
47.01,-0.84,6.77,4.87
47.02,-0.78,6.74,4.75
47.02,-0.75,6.67,4.65
47.02,-0.71,6.57,4.54
47.02,-0.70,6.48,4.38
47.03,-0.72,6.36,4.22
47.03,-0.78,6.25,4.04
47.03,-0.86,6.15,3.80
47.03,-0.99,5.99,3.62
47.04,-1.18,5.89,3.36
47.04,-1.39,5.75,3.10
47.04,-1.65,5.60,2.80
47.04,-1.91,5.43,2.49
47.04,-2.14,5.30,2.15
47.05,-2.33,5.16,1.81
47.05,-2.48,5.05,1.43
47.05,-2.66,4.94,1.11
47.05,-2.84,4.85,0.77
47.06,-3.02,4.84,0.42
47.06,-3.23,4.84,0.12
47.06,-3.43,4.94,-0.18
47.06,-3.64,5.12,-0.44
47.07,-3.80,5.36,-0.64
47.07,-3.96,5.66,-0.84
47.07,-4.03,6.10,-1.01
47.07,-4.07,6.57,-1.18
47.08,-4.02,7.17,-1.30
47.08,-4.04,7.79,-1.33
47.08,-4.07,8.40,-1.33
47.08,-4.05,9.06,-1.31
47.08,-4.03,9.77,-1.29
47.09,-4.07,10.51,-1.24
47.09,-4.10,11.27,-1.20
47.09,-4.13,11.94,-1.12
47.09,-4.27,12.66,-1.04
47.10,-4.41,13.33,-0.98
47.10,-4.60,14.00,-0.87
47.10,-4.82,14.64,-0.66
47.10,-5.11,15.15,-0.32
47.11,-5.35,15.65,0.07
47.11,-5.63,16.01,0.48
47.11,-5.89,16.33,0.81
47.11,-6.13,16.60,1.14
47.12,-6.34,16.75,1.46
47.12,-6.54,16.84,1.68
47.12,-6.73,16.88,1.78
47.12,-6.90,16.78,1.75
47.13,-7.07,16.53,1.67
47.13,-7.24,16.19,1.41
47.13,-7.38,15.70,1.05
47.13,-7.46,15.15,0.60
47.13,-7.49,14.61,0.12
47.14,-7.49,14.10,-0.38
47.14,-7.45,13.58,-0.82
47.14,-7.33,13.08,-1.23
47.14,-7.27,12.63,-1.60
47.15,-7.17,12.18,-1.85
47.15,-7.07,11.71,-1.98
47.15,-6.98,11.29,-2.02
47.15,-6.89,10.86,-2.03
47.16,-6.76,10.52,-1.90
47.16,-6.69,10.16,-1.67
47.16,-6.64,9.89,-1.43
47.16,-6.58,9.68,-1.12
47.17,-6.51,9.51,-0.75
47.17,-6.39,9.35,-0.36
47.17,-6.24,9.27,0.04
47.17,-6.08,9.24,0.43
47.18,-5.91,9.22,0.82
47.18,-5.75,9.30,1.17
47.18,-5.60,9.42,1.51
47.18,-5.44,9.54,1.84
47.18,-5.29,9.74,2.17
47.19,-5.10,9.94,2.49
47.19,-4.87,10.13,2.78
47.19,-4.59,10.38,3.02
47.19,-4.36,10.60,3.26
47.20,-4.08,10.83,3.52
47.20,-3.86,11.10,3.73
47.20,-3.63,11.34,3.91
47.20,-3.42,11.59,4.11
47.21,-3.19,11.79,4.22
47.21,-2.94,12.01,4.30
47.21,-2.75,12.23,4.33
47.21,-2.55,12.41,4.31
47.22,-2.35,12.64,4.21
47.22,-2.19,12.80,4.05
47.22,-2.03,13.02,3.81
47.22,-1.88,13.14,3.56
47.23,-1.69,13.27,3.27
47.23,-1.51,13.37,2.94
47.23,-1.34,13.42,2.63
47.23,-1.24,13.48,2.29
47.23,-1.16,13.47,1.95
47.24,-1.08,13.42,1.59
47.24,-1.00,13.37,1.28
47.24,-1.00,13.27,0.94
47.24,-1.00,13.12,0.67
47.25,-1.01,12.91,0.46
47.25,-1.05,12.64,0.25
47.25,-1.09,12.38,0.09
47.25,-1.13,12.09,-0.05
47.26,-1.15,11.75,-0.14
47.26,-1.16,11.40,-0.18
47.26,-1.16,11.02,-0.24
47.26,-1.17,10.68,-0.22
47.27,-1.21,10.32,-0.23
47.27,-1.30,10.03,-0.19
47.27,-1.33,9.74,-0.15
47.27,-1.37,9.46,-0.08
47.28,-1.48,9.18,-0.04
47.28,-1.64,8.92,0.02
47.28,-1.87,8.70,0.10
47.28,-2.20,8.45,0.24
47.28,-2.59,8.23,0.43
47.29,-2.94,8.02,0.62
47.29,-3.24,7.81,0.89
47.29,-3.54,7.58,1.18
47.29,-3.75,7.34,1.45
47.30,-3.79,7.16,1.70
47.30,-3.81,7.16,2.01
47.30,-3.93,7.07,2.26
47.30,-4.08,6.95,2.52
47.31,-4.28,6.86,2.73
47.31,-4.41,6.70,2.83
47.31,-4.54,6.52,2.91
47.31,-4.57,6.34,3.06
47.32,-4.51,6.23,3.19
47.32,-4.39,6.10,3.29
47.32,-4.31,5.97,3.42
47.32,-4.29,5.91,3.49
47.32,-4.33,5.88,3.48
47.33,-4.37,5.84,3.51
47.33,-4.37,5.83,3.49
47.33,-4.32,5.82,3.44
47.33,-4.17,5.79,3.40
47.34,-4.00,5.76,3.35
47.34,-3.89,5.78,3.33
47.34,-3.86,5.85,3.28
47.34,-3.83,5.86,3.25
47.35,-3.82,5.88,3.21
47.35,-3.79,5.86,3.20
47.35,-3.71,5.89,3.18
47.35,-3.64,5.89,3.17
47.36,-3.50,5.90,3.13
47.36,-3.34,5.94,3.13
47.36,-3.28,5.93,3.08
47.36,-3.24,5.97,3.03
47.37,-3.24,5.97,2.96
47.37,-3.23,5.94,2.93
47.37,-3.30,5.99,2.88
47.37,-3.43,6.07,2.80
47.37,-3.57,6.11,2.74
47.38,-3.57,6.15,2.72
47.38,-3.47,6.23,2.73
47.38,-3.37,6.31,2.73
47.38,-3.30,6.36,2.77
47.39,-3.27,6.52,2.83
47.39,-3.27,6.67,2.88
47.39,-3.26,6.83,2.95
47.39,-3.30,6.99,3.03
47.40,-3.42,7.17,3.14
47.40,-3.58,7.37,3.25
47.40,-3.71,7.59,3.38
47.40,-3.88,7.84,3.53
47.41,-3.94,8.04,3.62
47.41,-4.02,8.23,3.77
47.41,-4.09,8.42,3.87
47.41,-4.12,8.63,3.99
47.42,-4.18,8.76,4.07
47.42,-4.22,8.94,4.16
47.42,-4.26,9.07,4.26
47.42,-4.26,9.19,4.32
47.42,-4.23,9.31,4.37
47.43,-4.22,9.39,4.39
47.43,-4.02,9.53,4.22
47.43,-4.02,9.55,4.31
47.43,-3.93,9.55,4.34
47.44,-3.96,9.54,4.38
47.44,-3.91,9.51,4.38
47.44,-3.83,9.49,4.36
47.44,-3.71,9.46,4.34
47.45,-3.55,9.46,4.31
47.45,-3.36,9.42,4.35
47.45,-3.19,9.35,4.39
47.45,-3.08,9.26,4.45
47.46,-3.03,9.18,4.52
47.46,-3.03,9.04,4.56
47.46,-3.03,9.00,4.62
47.46,-3.13,8.89,4.68
47.47,-3.22,8.76,4.74
47.47,-3.35,8.62,4.77
47.47,-3.36,8.46,4.87
47.47,-3.43,8.34,4.90
47.47,-3.46,8.21,4.92
47.48,-3.49,8.12,4.92
47.48,-3.48,7.97,4.87
47.48,-3.52,7.88,4.82
47.48,-3.57,7.73,4.81
47.49,-3.66,7.62,4.78
47.49,-3.71,7.51,4.77
47.49,-3.78,7.37,4.79
47.49,-3.85,7.26,4.79
47.50,-3.87,7.13,4.81
47.50,-3.93,7.03,4.82
47.50,-3.96,6.98,4.84
47.50,-4.01,6.92,4.83
47.51,-4.09,6.80,4.87
47.51,-4.12,6.74,4.90
47.51,-4.19,6.69,4.93
47.51,-4.21,6.63,4.97
47.52,-4.24,6.56,5.02
47.52,-4.28,6.52,5.08
47.52,-4.31,6.45,5.11
47.52,-4.37,6.43,5.15
47.52,-4.41,6.39,5.15
47.53,-4.45,6.37,5.18
47.53,-4.52,6.32,5.16
47.53,-4.56,6.27,5.14
47.53,-4.61,6.26,5.09
47.54,-4.72,6.23,5.06
47.54,-4.84,6.25,5.01
47.54,-4.93,6.22,4.96
47.54,-4.99,6.24,4.89
47.55,-5.05,6.19,4.88
47.55,-5.11,6.22,4.86
47.55,-5.22,6.21,4.84
47.55,-5.31,6.23,4.78
47.56,-5.42,6.24,4.74
47.56,-5.51,6.26,4.70
47.56,-5.58,6.27,4.67
47.56,-5.63,6.29,4.63
47.56,-5.69,6.32,4.60
47.57,-5.75,6.34,4.55
47.57,-5.79,6.38,4.52
47.57,-5.84,6.38,4.50
47.57,-5.88,6.44,4.45
47.58,-5.88,6.51,4.40
47.58,-5.92,6.56,4.35
47.58,-5.94,6.61,4.30
47.58,-5.97,6.70,4.24
47.59,-6.01,6.82,4.21
47.59,-6.02,6.89,4.17
47.59,-6.03,7.01,4.12
47.59,-6.01,7.11,4.05
47.60,-5.99,7.26,4.04
47.60,-5.93,7.38,4.03
47.60,-5.87,7.53,4.05
47.60,-5.79,7.71,4.09
47.61,-5.78,7.93,4.12
47.61,-5.76,8.15,4.24
47.61,-5.74,8.35,4.32
47.61,-5.70,8.59,4.44
47.61,-5.69,8.82,4.56
47.62,-5.69,9.04,4.69
47.62,-5.69,9.28,4.81
47.62,-5.74,9.49,4.93
47.62,-5.77,9.69,5.05
47.63,-5.86,9.90,5.17
47.63,-5.94,10.01,5.25
47.63,-6.04,10.14,5.32
47.63,-6.13,10.28,5.38
47.64,-6.19,10.32,5.41
47.64,-6.22,10.38,5.39
47.64,-6.29,10.38,5.35
47.64,-6.30,10.36,5.35
47.65,-6.21,10.37,5.30
47.65,-6.16,10.32,5.33
47.65,-6.08,10.26,5.35
47.65,-6.01,10.17,5.46
47.66,-5.90,10.11,5.59
47.66,-5.84,10.00,5.78
47.66,-5.73,9.92,5.99
47.66,-5.61,9.85,6.22
47.66,-5.52,9.76,6.40
47.67,-5.46,9.70,6.57
47.67,-5.41,9.68,6.69
47.67,-5.44,9.65,6.76
47.67,-5.47,9.66,6.78
47.68,-5.56,9.66,6.73
47.68,-5.60,9.72,6.60
47.68,-5.64,9.78,6.42
47.68,-5.63,9.91,6.15
47.69,-5.58,10.01,5.83
47.69,-5.55,10.14,5.49
47.69,-5.43,10.22,5.11
47.69,-5.30,10.34,4.73
47.70,-5.11,10.43,4.34
47.70,-4.93,10.52,3.96
47.70,-4.71,10.65,3.61
47.70,-4.49,10.73,3.28
47.71,-4.27,10.86,2.98
47.71,-4.05,11.02,2.71
47.71,-3.81,11.19,2.48
47.71,-3.54,11.42,2.31
47.71,-3.31,11.68,2.20
47.72,-3.08,11.96,2.15
47.72,-2.83,12.26,2.23
47.72,-2.64,12.50,2.32
47.72,-2.45,12.74,2.48
47.73,-2.28,12.88,2.65
47.73,-2.13,12.95,2.82
47.73,-2.05,12.94,2.95
47.73,-2.00,12.88,3.03
47.74,-1.94,12.71,3.05
47.74,-1.89,12.51,3.04
47.74,-1.84,12.24,2.98
47.74,-1.78,11.92,2.88
47.75,-1.73,11.65,2.79
47.75,-1.69,11.37,2.69
47.75,-1.64,11.07,2.58
47.75,-1.55,10.79,2.55
47.75,-1.51,10.47,2.53
47.76,-1.45,10.18,2.52
47.76,-1.40,9.87,2.54
47.76,-1.33,9.58,2.59
47.76,-1.29,9.25,2.64
47.77,-1.25,8.95,2.64
47.77,-1.23,8.65,2.64
47.77,-1.20,8.39,2.61
47.77,-1.18,8.14,2.57
47.78,-1.15,7.87,2.52
47.78,-1.09,7.63,2.44
47.78,-1.00,7.44,2.34
47.78,-0.90,7.24,2.26
47.79,-0.78,7.06,2.16
47.79,-0.66,6.91,2.02
47.79,-0.55,6.80,1.92
47.79,-0.48,6.70,1.78
47.80,-0.36,6.59,1.63
47.80,-0.23,6.49,1.48
47.80,-0.12,6.41,1.40
47.80,-0.04,6.31,1.29
47.80,0.02,6.26,1.16
47.81,0.06,6.26,1.08
47.81,0.09,6.25,0.97
47.81,0.18,6.30,0.87
47.81,0.25,6.33,0.76
47.82,0.30,6.37,0.65
47.82,0.33,6.43,0.61
47.82,0.26,6.52,0.65
47.82,0.15,6.65,0.70
47.83,0.00,6.77,0.78
47.83,-0.20,6.91,0.86
47.83,-0.45,7.06,0.98
47.83,-0.63,7.20,1.09
47.84,-0.79,7.35,1.15
47.84,-0.94,7.52,1.29
47.84,-1.05,7.64,1.46
47.84,-1.14,7.78,1.62
47.85,-1.31,7.92,1.76
47.85,-1.53,8.11,1.96
47.85,-1.73,8.24,2.10
47.85,-1.96,8.37,2.24
47.85,-2.17,8.50,2.39
47.86,-2.31,8.65,2.50
47.86,-2.41,8.78,2.64
47.86,-2.50,8.84,2.80
47.86,-2.56,8.92,2.95
47.87,-2.66,9.00,3.12
47.87,-2.90,9.09,3.22
47.87,-3.13,9.15,3.26
47.87,-3.31,9.19,3.33
47.88,-3.50,9.25,3.39
47.88,-3.66,9.25,3.47
47.88,-3.80,9.14,3.50
47.88,-4.01,9.09,3.53
47.89,-4.17,9.06,3.51
47.89,-4.31,9.00,3.46
47.89,-4.39,8.91,3.42
47.89,-4.42,8.85,3.36
47.90,-4.40,8.80,3.26
47.90,-4.32,8.73,3.18
47.90,-4.18,8.66,3.10
47.90,-3.99,8.59,3.03
47.90,-3.64,8.53,2.97
47.91,-3.25,8.44,2.97
47.91,-2.88,8.37,2.98
47.91,-2.52,8.30,3.06
47.91,-2.20,8.18,3.10
47.92,-1.95,8.05,3.13
47.92,-1.81,7.95,3.15
47.92,-1.72,7.89,3.12
47.92,-1.65,7.84,3.10
47.93,-1.56,7.80,3.14
47.93,-1.46,7.74,3.19
47.93,-1.36,7.72,3.26
47.93,-1.28,7.66,3.36
47.94,-1.17,7.61,3.46
47.94,-1.02,7.58,3.54
47.94,-0.87,7.53,3.62
47.94,-0.73,7.50,3.65
47.95,-0.61,7.48,3.63
47.95,-0.48,7.42,3.63
47.95,-0.36,7.40,3.61
47.95,-0.27,7.38,3.61
47.95,-0.25,7.38,3.60
47.96,-0.24,7.38,3.59
47.96,-0.36,7.39,3.56
47.96,-0.62,7.40,3.51
47.96,-0.97,7.41,3.53
47.97,-1.28,7.42,3.54
47.97,-1.55,7.47,3.52
47.97,-1.79,7.55,3.50
47.97,-1.98,7.61,3.46
47.98,-2.11,7.72,3.43
47.98,-2.23,7.77,3.42
47.98,-2.33,7.85,3.38
47.98,-2.46,7.89,3.37
47.99,-2.59,7.91,3.36
47.99,-2.73,7.95,3.38
47.99,-2.87,7.98,3.41
47.99,-2.99,8.03,3.41
47.99,-3.09,8.11,3.43
48.00,-3.18,8.22,3.40
48.00,-3.25,8.31,3.38
48.00,-3.29,8.41,3.35
48.00,-3.31,8.54,3.33
48.01,-3.28,8.67,3.30
48.01,-3.20,8.79,3.28
48.01,-3.16,8.90,3.30
48.01,-3.12,8.98,3.28
48.02,-3.07,9.07,3.27
48.02,-3.04,9.12,3.27
48.02,-3.04,9.17,3.31
48.02,-3.07,9.23,3.33
48.03,-3.10,9.22,3.37
48.03,-3.13,9.26,3.42
48.03,-3.15,9.29,3.46
48.03,-3.19,9.30,3.54
48.04,-3.24,9.32,3.60
48.04,-3.28,9.36,3.66
48.04,-3.31,9.37,3.74
48.04,-3.37,9.38,3.80
48.04,-3.43,9.40,3.84
48.05,-3.48,9.40,3.91
48.05,-3.54,9.43,3.96
48.05,-3.61,9.45,4.01
48.05,-3.70,9.46,4.05
48.06,-3.77,9.52,4.11
48.06,-3.87,9.57,4.15
48.06,-3.98,9.60,4.21
48.06,-4.10,9.69,4.27
48.07,-4.20,9.75,4.33
48.07,-4.30,9.81,4.39
48.07,-4.40,9.89,4.46
48.07,-4.48,9.96,4.50
48.08,-4.58,10.03,4.56
48.08,-4.72,10.09,4.63
48.08,-4.83,10.15,4.69
48.08,-4.96,10.22,4.73
48.09,-5.06,10.24,4.81
48.09,-5.18,10.32,4.86
48.09,-5.26,10.39,4.92
48.09,-5.40,10.46,5.00
48.09,-5.47,10.52,5.08
48.10,-5.59,10.61,5.19
48.10,-5.68,10.67,5.28
48.10,-5.77,10.78,5.37
48.10,-5.91,10.86,5.43
48.11,-6.01,10.96,5.47
48.11,-6.13,11.01,5.53
48.11,-6.20,11.09,5.55
48.11,-6.31,11.15,5.56
48.12,-6.41,11.18,5.56
48.12,-6.51,11.19,5.54
48.12,-6.58,11.18,5.49
48.12,-6.64,11.13,5.44
48.13,-6.72,11.06,5.39
48.13,-6.73,10.97,5.36
48.13,-6.72,10.89,5.31
48.13,-6.69,10.74,5.26
48.14,-6.62,10.60,5.23
48.14,-6.52,10.45,5.25
48.14,-6.35,10.28,5.26
48.14,-6.15,10.13,5.27
48.14,-5.98,9.93,5.34
48.15,-5.81,9.77,5.41
48.15,-5.65,9.58,5.48
48.15,-5.54,9.44,5.55
48.15,-5.43,9.26,5.64
48.16,-5.32,9.10,5.72
48.16,-5.24,8.94,5.81
48.16,-5.17,8.80,5.88
48.16,-5.08,8.62,5.92
48.17,-4.99,8.43,6.03
48.17,-4.94,8.27,6.08
48.17,-4.84,8.13,6.16
48.17,-4.80,7.96,6.20
48.18,-4.76,7.80,6.26
48.18,-4.71,7.64,6.34
48.18,-4.69,7.51,6.42
48.18,-4.65,7.34,6.49
48.18,-4.65,7.20,6.57
48.19,-4.57,7.04,6.67
48.19,-4.47,6.93,6.78
48.19,-4.40,6.80,6.87
48.19,-4.38,6.65,6.98
48.20,-4.32,6.56,7.07
48.20,-4.28,6.42,7.18
48.20,-4.29,6.34,7.31
48.20,-4.24,6.24,7.43
48.21,-4.24,6.19,7.50
48.21,-4.23,6.13,7.56
48.21,-4.25,6.09,7.55
48.21,-4.23,6.09,7.49
48.22,-4.16,6.12,7.35
48.22,-4.05,6.10,7.13
48.22,-3.96,6.08,6.86
48.22,-3.84,6.03,6.59
48.23,-3.73,5.98,6.31
48.23,-3.61,5.90,6.06
48.23,-3.46,5.78,5.82
48.23,-3.24,5.65,5.60
48.23,-3.06,5.53,5.39
48.24,-2.83,5.37,5.15
48.24,-2.62,5.20,4.91
48.24,-2.43,5.00,4.62
48.24,-2.18,4.81,4.35
48.25,-1.91,4.65,4.06
48.25,-1.58,4.46,3.77
48.25,-1.33,4.32,3.51
48.25,-1.03,4.17,3.21
48.26,-0.73,4.07,2.88
48.26,-0.41,3.94,2.53
48.26,-0.09,3.87,2.16
48.26,0.19,3.82,1.85
48.27,0.42,3.79,1.48
48.27,0.59,3.77,1.12
48.27,0.68,3.80,0.77
48.27,0.84,3.80,0.44
48.28,1.10,3.73,0.24
48.28,1.36,3.64,0.08
48.28,1.60,3.55,-0.05
48.28,1.81,3.47,-0.15
48.28,2.00,3.36,-0.18
48.29,2.11,3.26,-0.19
48.29,2.17,3.17,-0.19
48.29,2.26,3.08,-0.14
48.29,2.33,3.01,-0.07
48.30,2.41,2.96,0.02
48.30,2.51,2.91,0.12
48.30,2.56,2.90,0.26
48.30,2.63,2.94,0.41
48.31,2.68,2.91,0.59
48.31,2.72,2.93,0.75
48.31,2.75,2.94,0.96
48.31,2.79,2.95,1.16
48.32,2.77,2.97,1.30
48.32,2.76,3.00,1.48
48.32,2.67,3.07,1.62
48.32,2.50,3.18,1.75
48.33,2.24,3.29,1.87
48.33,1.93,3.49,1.99
48.33,1.58,3.72,2.14
48.33,1.19,4.01,2.27
48.33,0.77,4.40,2.40
48.34,0.36,4.86,2.54
48.34,-0.06,5.41,2.70
48.34,-0.55,6.03,2.85
48.34,-1.08,6.72,3.02
48.35,-1.61,7.51,3.23
48.35,-2.08,8.36,3.39
48.35,-2.43,9.27,3.51
48.35,-2.78,10.18,3.61
48.36,-3.05,11.27,3.65
48.36,-3.24,12.41,3.68
48.36,-3.40,13.55,3.71
48.36,-3.55,14.65,3.73
48.37,-3.66,15.66,3.67
48.37,-3.75,16.64,3.66
48.37,-3.81,17.59,3.70
48.37,-3.81,18.54,3.88
48.38,-3.98,19.45,4.09
48.38,-4.29,20.32,4.19
48.38,-4.71,21.09,4.18
48.38,-5.28,21.77,4.08
48.38,-5.89,22.36,3.85
48.39,-6.64,22.68,3.46
48.39,-7.50,22.89,2.87
48.39,-8.25,22.89,2.12
48.39,-9.13,22.74,1.24
48.40,-9.97,22.33,0.40
48.40,-10.39,21.68,-0.52
48.40,-10.53,20.93,-1.39
48.40,-10.52,20.03,-2.24
48.41,-10.35,19.07,-2.99
48.41,-9.99,18.06,-3.53
48.41,-9.54,17.09,-3.92
48.41,-9.01,16.15,-4.14
48.42,-8.45,15.26,-4.19
48.42,-7.97,14.46,-4.09
48.42,-7.58,13.82,-3.85
48.42,-7.28,13.22,-3.49
48.42,-6.95,12.68,-3.05
48.43,-6.76,12.20,-2.55
48.43,-6.66,11.79,-2.08
48.43,-6.69,11.48,-1.59
48.43,-6.74,11.21,-1.06
48.44,-6.75,10.98,-0.49
48.44,-6.71,10.78,0.08
48.44,-6.68,10.65,0.63
48.44,-6.66,10.59,1.16
48.45,-6.60,10.56,1.66
48.45,-6.54,10.58,2.13
48.45,-6.48,10.62,2.62
48.45,-6.40,10.66,3.04
48.46,-6.30,10.71,3.42
48.46,-6.18,10.78,3.79
48.46,-6.05,10.81,4.03
48.46,-5.96,10.80,4.21
48.47,-5.90,10.84,4.37
48.47,-5.84,10.89,4.44
48.47,-5.73,10.90,4.53
48.47,-5.57,10.90,4.59
48.47,-5.39,10.95,4.60
48.48,-5.17,10.95,4.55
48.48,-4.92,11.01,4.48
48.48,-4.76,11.05,4.38
48.48,-4.63,11.05,4.31
48.49,-4.50,11.10,4.23
48.49,-4.31,11.12,4.12
48.49,-4.09,11.16,3.99
48.49,-3.92,11.15,3.86
48.50,-3.73,11.16,3.73
48.50,-3.58,11.13,3.55
48.50,-3.40,11.09,3.34
48.50,-3.21,11.02,3.11
48.51,-3.09,10.93,2.87
48.51,-2.94,10.82,2.61
48.51,-2.85,10.68,2.35
48.51,-2.74,10.56,2.07
48.52,-2.62,10.36,1.79
48.52,-2.53,10.18,1.56
48.52,-2.49,9.98,1.30
48.52,-2.47,9.81,1.07
48.52,-2.47,9.59,0.88
48.53,-2.42,9.38,0.67
48.53,-2.37,9.15,0.50
48.53,-2.40,8.96,0.36
48.53,-2.63,8.76,0.28
48.54,-2.63,8.51,0.22
48.54,-2.31,8.15,0.13
48.54,-2.18,7.88,0.16
48.54,-2.21,7.66,0.26
48.55,-2.39,7.55,0.33
48.55,-2.59,7.42,0.47
48.55,-2.80,7.24,0.61
48.55,-3.06,7.07,0.79
48.56,-3.26,6.98,1.02
48.56,-3.41,6.88,1.26
48.56,-3.50,6.78,1.45
48.56,-3.52,6.70,1.68
48.57,-3.54,6.65,1.85
48.57,-3.63,6.64,2.02
48.57,-3.69,6.64,2.20
48.57,-3.75,6.65,2.38
48.57,-3.77,6.64,2.55
48.58,-3.88,6.63,2.73
48.58,-3.98,6.64,2.91
48.58,-4.01,6.62,3.06
48.58,-4.05,6.62,3.18
48.59,-4.08,6.67,3.28
48.59,-4.10,6.72,3.39
48.59,-4.08,6.78,3.42
48.59,-4.07,6.84,3.42
48.60,-4.02,6.90,3.41
48.60,-3.96,6.95,3.40
48.60,-3.91,7.03,3.37
48.60,-3.92,7.09,3.31
48.61,-3.90,7.15,3.26
48.61,-3.89,7.19,3.27
48.61,-3.88,7.25,3.26
48.61,-3.84,7.30,3.28
48.61,-3.88,7.28,3.30
48.62,-3.89,7.26,3.34
48.62,-3.87,7.23,3.35
48.62,-3.78,7.28,3.35
48.62,-3.70,7.34,3.37
48.63,-3.59,7.42,3.37
48.63,-3.51,7.52,3.36
48.63,-3.44,7.58,3.35
48.63,-3.40,7.63,3.35
48.64,-3.36,7.68,3.37
48.64,-3.31,7.72,3.37
48.64,-3.21,7.75,3.37
48.64,-3.11,7.81,3.32
48.65,-3.04,7.84,3.31
48.65,-2.93,7.87,3.28
48.65,-2.82,7.83,3.23
48.65,-2.69,7.83,3.18
48.66,-2.62,7.84,3.17
48.66,-2.55,7.86,3.11
48.66,-2.51,7.86,3.07
48.66,-2.46,7.90,3.05
48.66,-2.48,7.90,3.00
48.67,-2.52,7.93,2.98
48.67,-2.55,7.95,2.95
48.67,-2.61,7.92,2.95
48.67,-2.71,7.91,2.96
48.68,-2.68,7.94,2.83
48.68,-2.86,7.87,2.96
48.68,-2.96,7.86,3.06
48.68,-3.08,7.79,3.13
48.69,-3.17,7.76,3.13
48.69,-3.20,7.74,3.17
48.69,-3.17,7.76,3.18
48.69,-3.23,7.77,3.25
48.70,-3.21,7.76,3.29
48.70,-3.22,7.76,3.32
48.70,-3.23,7.73,3.41
48.70,-3.19,7.72,3.48
48.71,-3.19,7.70,3.50
48.71,-3.15,7.69,3.54
48.71,-3.07,7.66,3.57
48.71,-3.01,7.58,3.62
48.71,-2.88,7.56,3.59
48.72,-2.98,7.47,3.76
48.72,-3.00,7.39,3.86
48.72,-3.09,7.32,3.96
48.72,-3.12,7.26,3.99
48.73,-3.10,7.21,4.05
48.73,-3.06,7.17,4.11
48.73,-3.04,7.12,4.15
48.73,-3.05,7.05,4.19
48.74,-3.10,6.97,4.23
48.74,-3.20,6.91,4.25
48.74,-3.29,6.87,4.24
48.74,-3.37,6.83,4.25
48.75,-3.47,6.78,4.25
48.75,-3.53,6.77,4.25
48.75,-3.61,6.69,4.24
48.75,-3.63,6.67,4.28
48.76,-3.71,6.61,4.29
48.76,-3.77,6.61,4.28
48.76,-3.79,6.64,4.33
48.76,-3.78,6.65,4.35
48.76,-3.81,6.67,4.34
48.77,-3.84,6.70,4.40
48.77,-3.86,6.74,4.46
48.77,-3.89,6.77,4.50
48.77,-3.91,6.82,4.55
48.78,-3.94,6.88,4.59
48.78,-3.99,6.92,4.64
48.78,-4.02,6.95,4.69
48.78,-4.10,7.02,4.76
48.79,-4.11,7.04,4.78
48.79,-4.16,7.11,4.82
48.79,-4.21,7.15,4.82
48.79,-4.22,7.15,4.80
48.80,-4.22,7.18,4.84
48.80,-4.27,7.19,4.82
48.80,-4.28,7.19,4.82
48.80,-4.33,7.21,4.83
48.81,-4.33,7.23,4.78
48.81,-4.33,7.26,4.73
48.81,-4.38,7.25,4.70
48.81,-4.41,7.23,4.65
48.81,-4.51,7.21,4.60
48.82,-4.56,7.20,4.58
48.82,-4.63,7.21,4.56
48.82,-4.73,7.20,4.51
48.82,-4.79,7.18,4.49
48.83,-4.79,7.17,4.46
48.83,-4.77,7.14,4.46
48.83,-4.75,7.12,4.48
48.83,-4.74,7.10,4.50
48.84,-4.72,7.07,4.56
48.84,-4.76,7.05,4.59
48.84,-4.76,7.03,4.61
48.84,-4.74,6.97,4.66
48.85,-4.71,6.92,4.70
48.85,-4.72,6.85,4.77
48.85,-4.70,6.85,4.82
48.85,-4.72,6.78,4.85
48.85,-4.77,6.76,4.93
48.86,-4.85,6.71,4.98
48.86,-4.89,6.66,4.98
48.86,-4.93,6.60,5.00
48.86,-5.00,6.54,5.03
48.87,-5.02,6.54,5.02
48.87,-5.07,6.50,4.99
48.87,-5.13,6.50,4.96
48.87,-5.16,6.52,4.94
48.88,-5.21,6.57,4.88
48.88,-5.23,6.64,4.84
48.88,-5.24,6.66,4.80
48.88,-5.27,6.71,4.77
48.89,-5.29,6.73,4.78
48.89,-5.34,6.76,4.78
48.89,-5.37,6.80,4.74
48.89,-5.39,6.81,4.72
48.90,-5.42,6.86,4.70
48.90,-5.39,6.98,4.69
48.90,-5.38,7.07,4.70
48.90,-5.38,7.14,4.71
48.90,-5.39,7.27,4.69
48.91,-5.44,7.37,4.70
48.91,-5.51,7.49,4.72
48.91,-5.55,7.64,4.70
48.91,-5.61,7.81,4.73
48.92,-5.68,7.99,4.75
48.92,-5.71,8.17,4.81
48.92,-5.74,8.37,4.83
48.92,-5.75,8.57,4.88
48.93,-5.75,8.72,4.94
48.93,-5.80,8.87,4.98
48.93,-5.82,9.03,5.02
48.93,-5.85,9.09,5.06
48.94,-5.93,9.17,5.12
48.94,-5.99,9.25,5.13
48.94,-6.10,9.31,5.18
48.94,-6.21,9.34,5.21
48.95,-6.26,9.37,5.23
48.95,-6.27,9.35,5.18
48.95,-6.33,9.31,5.16
48.95,-6.47,9.24,5.17
48.95,-6.61,9.14,5.16
48.96,-6.77,9.00,5.19
48.96,-6.97,8.83,5.19
48.96,-7.16,8.66,5.23
48.96,-7.27,8.49,5.25
48.97,-7.36,8.35,5.27
48.97,-7.44,8.25,5.23
48.97,-7.49,8.22,5.19
48.97,-7.51,8.11,5.18
48.98,-7.44,8.14,5.20
48.98,-7.35,8.22,5.22
48.98,-7.24,8.33,5.27
48.98,-7.11,8.44,5.27
48.99,-6.86,8.58,5.24
48.99,-6.63,8.77,5.22
48.99,-6.37,8.93,5.16
48.99,-6.13,9.06,5.08
49.00,-5.95,9.16,4.89
49.00,-5.72,9.23,4.73
49.00,-5.51,9.29,4.55
49.00,-5.30,9.27,4.38
49.00,-5.09,9.28,4.23
49.01,-4.84,9.29,4.14
49.01,-4.60,9.28,4.04
49.01,-4.33,9.28,3.97
49.01,-4.11,9.31,3.93
49.02,-3.84,9.35,3.88
49.02,-3.61,9.43,3.87
49.02,-3.38,9.50,3.90
49.02,-3.20,9.61,3.97
49.03,-3.04,9.76,4.04
49.03,-2.93,9.95,4.11
49.03,-2.86,10.17,4.19
49.03,-2.84,10.38,4.29
49.04,-2.78,10.63,4.39
49.04,-2.74,10.88,4.50
49.04,-2.67,11.18,4.54
49.04,-2.56,11.50,4.60
49.04,-2.54,11.83,4.66
49.05,-2.49,12.16,4.63
49.05,-2.48,12.51,4.62
49.05,-2.48,12.87,4.59
49.05,-2.49,13.25,4.48
49.06,-2.51,13.61,4.38
49.06,-2.58,13.96,4.23
49.06,-2.65,14.25,4.09
49.06,-2.72,14.59,3.88
49.07,-2.81,14.85,3.69
49.07,-2.89,15.06,3.58
49.07,-2.99,15.13,3.49
49.07,-3.16,15.07,3.49
49.08,-3.36,14.85,3.53
49.08,-3.56,14.43,3.54
49.08,-3.82,13.78,3.55
49.08,-4.00,12.94,3.53
49.09,-4.05,12.04,3.43
49.09,-3.89,11.15,3.30
49.09,-3.67,10.42,3.17
49.09,-3.37,9.75,2.97
49.09,-3.14,9.14,2.75
49.10,-2.97,8.63,2.57
49.10,-2.86,8.17,2.40
49.10,-2.83,7.78,2.25
49.10,-2.84,7.42,2.11
49.11,-2.85,7.17,2.02
49.11,-2.81,6.94,1.97
49.11,-2.70,6.67,1.88
49.11,-2.58,6.42,1.80
49.12,-2.56,6.23,1.79
49.12,-2.52,6.03,1.75
49.12,-2.44,5.91,1.67
49.12,-2.30,5.82,1.58
49.13,-2.18,5.76,1.43
49.13,-2.06,5.72,1.31
49.13,-1.97,5.69,1.20
49.13,-1.87,5.67,1.15
49.14,-1.76,5.70,1.11
49.14,-1.61,5.73,1.10
49.14,-1.49,5.77,1.09
49.14,-1.38,5.81,1.10
49.14,-1.31,5.86,1.06
49.15,-1.26,5.90,1.06
49.15,-1.17,5.96,1.05
49.15,-1.10,6.03,1.03
49.15,-1.09,6.13,1.01
49.16,-1.06,6.30,1.01
49.16,-1.07,6.41,0.93
49.16,-1.05,6.58,0.93
49.16,-1.05,6.72,0.88
49.17,-1.10,6.86,0.88
49.17,-1.18,7.02,0.83
49.17,-1.30,7.18,0.84
49.17,-1.40,7.47,0.86
49.18,-1.60,7.72,0.88
49.18,-1.74,8.01,0.94
49.18,-1.93,8.27,1.04
49.18,-2.15,8.51,1.15
49.19,-2.36,8.72,1.28
49.19,-2.54,8.97,1.47
49.19,-2.81,9.14,1.64
49.19,-2.99,9.32,1.86
49.19,-3.20,9.44,2.04
49.20,-3.48,9.53,2.26
49.20,-3.71,9.59,2.52
49.20,-3.89,9.63,2.82
49.20,-3.99,9.65,3.08
49.21,-4.14,9.64,3.28
49.21,-4.27,9.60,3.48
49.21,-4.48,9.53,3.53
49.21,-4.72,9.41,3.56
49.22,-4.96,9.30,3.50
49.22,-5.14,9.16,3.41
49.22,-5.25,8.94,3.26
49.22,-5.38,8.80,3.03
49.23,-5.41,8.68,2.80
49.23,-5.19,8.58,2.46
49.23,-4.75,8.47,2.13
49.23,-4.13,8.40,1.84
49.24,-3.42,8.34,1.65
49.24,-2.80,8.27,1.54
49.24,-2.27,8.19,1.49
49.24,-1.89,8.11,1.48
49.24,-1.60,8.03,1.51
49.25,-1.34,7.95,1.57
49.25,-1.17,7.95,1.62
49.25,-1.02,7.96,1.68
49.25,-0.89,8.02,1.72
49.26,-0.78,8.05,1.78
49.26,-0.64,8.13,1.85
49.26,-0.56,8.24,1.97
49.26,-0.51,8.35,2.12
49.27,-0.42,8.44,2.32
49.27,-0.32,8.52,2.52
49.27,-0.28,8.65,2.70
49.27,-0.24,8.89,2.90
49.28,-0.14,9.11,3.15
49.28,-0.10,9.36,3.43
49.28,-0.16,9.55,3.67
49.28,-0.20,9.66,3.88
49.28,-0.21,9.80,4.08
49.29,-0.28,9.89,4.25
49.29,-0.43,9.96,4.40
49.29,-0.63,10.00,4.55
49.29,-0.88,9.98,4.68
49.30,-1.17,9.96,4.80
49.30,-1.44,9.89,4.89
49.30,-1.71,9.79,4.98
49.30,-1.99,9.63,5.03
49.31,-2.22,9.47,5.06
49.31,-2.37,9.28,5.11
49.31,-2.49,9.08,5.13
49.31,-2.67,8.82,5.08
49.32,-2.90,8.55,4.94
49.32,-3.10,8.29,4.77
49.32,-3.30,8.08,4.58
49.32,-3.50,7.91,4.40
49.33,-3.71,7.75,4.17
49.33,-3.91,7.60,3.96
49.33,-4.10,7.49,3.72
49.33,-4.26,7.39,3.51
49.33,-4.39,7.32,3.29
49.34,-4.48,7.21,3.07
49.34,-4.58,7.14,2.89
49.34,-4.62,7.09,2.68
49.34,-4.65,7.03,2.47
49.35,-4.69,6.99,2.29
49.35,-4.73,6.95,2.08
49.35,-4.72,6.95,1.93
49.35,-4.71,6.98,1.78
49.36,-4.65,7.05,1.71
49.36,-4.56,7.14,1.67
49.36,-4.40,7.24,1.68
49.36,-4.21,7.34,1.74
49.37,-4.02,7.49,1.80
49.37,-3.79,7.65,1.93
49.37,-3.51,7.76,2.11
49.37,-3.33,7.94,2.26
49.38,-3.15,8.06,2.45
49.38,-2.97,8.20,2.62
49.38,-2.83,8.35,2.81
49.38,-2.70,8.49,3.02
49.38,-2.57,8.64,3.23
49.39,-2.47,8.82,3.39
49.39,-2.39,8.97,3.57
49.39,-2.34,9.13,3.72
49.39,-2.30,9.26,3.82
49.40,-2.29,9.40,3.89
49.40,-2.30,9.52,3.95
49.40,-2.31,9.60,3.99
49.40,-2.31,9.65,3.99
49.41,-2.36,9.72,4.00
49.41,-2.39,9.76,3.97
49.41,-2.46,9.81,3.94
49.41,-2.48,9.81,3.88
49.42,-2.51,9.84,3.85
49.42,-2.53,9.84,3.79
49.42,-2.56,9.85,3.73
49.42,-2.58,9.87,3.67
49.43,-2.58,9.87,3.63
49.43,-2.59,9.85,3.61
49.43,-2.62,9.83,3.58
49.43,-2.62,9.84,3.57
49.43,-2.65,9.83,3.57
49.44,-2.66,9.83,3.60
49.44,-2.66,9.81,3.65
49.44,-2.66,9.77,3.70
49.44,-2.65,9.78,3.79
49.45,-2.63,9.76,3.88
49.45,-2.64,9.75,3.95
49.45,-2.63,9.73,4.04
49.45,-2.65,9.72,4.11
49.46,-2.65,9.72,4.16
49.46,-2.68,9.71,4.22
49.46,-2.69,9.70,4.27
49.46,-2.72,9.67,4.28
49.47,-2.72,9.63,4.33
49.47,-2.72,9.58,4.36
49.47,-2.72,9.57,4.35
49.47,-2.71,9.49,4.33
49.47,-2.69,9.39,4.35
49.48,-2.66,9.31,4.30
49.48,-2.67,9.23,4.26
49.48,-2.67,9.15,4.24
49.48,-2.66,9.05,4.25
49.49,-2.70,8.95,4.24
49.49,-2.72,8.83,4.24
49.49,-2.76,8.71,4.23
49.49,-2.80,8.62,4.26
49.50,-2.85,8.54,4.29
49.50,-2.92,8.49,4.31
49.50,-2.98,8.42,4.30
49.50,-3.04,8.34,4.31
49.51,-3.11,8.34,4.33
49.51,-3.15,8.32,4.33
49.51,-3.18,8.36,4.35
49.51,-3.22,8.34,4.35
49.52,-3.24,8.37,4.35
49.52,-3.25,8.41,4.35
49.52,-3.26,8.42,4.33
49.52,-3.21,8.47,4.33
49.52,-3.19,8.50,4.31
49.53,-3.15,8.53,4.30
49.53,-3.12,8.55,4.30
49.53,-3.09,8.57,4.30
49.53,-3.01,8.59,4.28
49.54,-2.96,8.60,4.30
49.54,-2.93,8.63,4.31
49.54,-2.90,8.63,4.34
49.54,-2.89,8.66,4.37
49.55,-2.91,8.68,4.43
49.55,-2.88,8.71,4.47
49.55,-2.87,8.74,4.54
49.55,-2.86,8.77,4.58
49.56,-2.95,8.84,4.68
49.56,-2.98,8.84,4.76
49.56,-2.95,8.87,4.85
49.56,-2.92,8.91,4.93
49.57,-2.92,8.92,5.03
49.57,-2.95,8.93,5.11
49.57,-2.96,8.96,5.23
49.57,-3.00,8.98,5.33
49.57,-3.03,8.99,5.45
49.58,-3.07,9.00,5.56
49.58,-3.11,8.98,5.64
49.58,-3.19,8.94,5.76
49.58,-3.30,8.90,5.92
49.59,-3.39,8.88,6.02
49.59,-3.50,8.83,6.14
49.59,-3.60,8.77,6.23
49.59,-3.71,8.70,6.30
49.60,-3.85,8.63,6.34
49.60,-4.01,8.56,6.35
49.60,-4.18,8.49,6.35
49.60,-4.35,8.41,6.31
49.61,-4.48,8.32,6.26
49.61,-4.63,8.24,6.23
49.61,-4.77,8.16,6.19
49.61,-4.87,8.08,6.09
49.62,-4.98,8.03,6.03
49.62,-5.09,7.93,5.89
49.62,-5.17,7.90,5.73
49.62,-5.20,7.89,5.55
49.62,-5.20,7.90,5.31
49.63,-5.23,7.87,5.02
49.63,-5.28,7.83,4.77
49.63,-5.35,7.72,4.49
49.63,-5.37,7.63,4.26
49.64,-5.37,7.54,4.06
49.64,-5.35,7.42,3.95
49.64,-5.35,7.32,3.83
49.64,-5.33,7.23,3.71
49.65,-5.29,7.14,3.67
49.65,-5.25,7.17,3.69
49.65,-5.09,7.27,3.73
49.65,-4.84,7.42,3.77
49.66,-4.59,7.55,3.87
49.66,-4.25,7.65,3.88
49.66,-3.87,7.74,3.93
49.66,-3.50,7.86,3.91
49.67,-3.06,7.99,3.90
49.67,-2.63,8.15,3.91
49.67,-2.23,8.32,3.90
49.67,-1.84,8.49,3.95
49.67,-1.48,8.65,4.03
49.68,-1.19,8.81,4.11
49.68,-1.00,8.95,4.26
49.68,-0.84,9.08,4.48
49.68,-0.74,9.22,4.70
49.69,-0.65,9.31,4.99
49.69,-0.63,9.33,5.24
49.69,-0.63,9.33,5.48
49.69,-0.62,9.30,5.67
49.70,-0.56,9.21,5.87
49.70,-0.53,9.17,5.97
49.70,-0.46,9.10,5.96
49.70,-0.37,9.01,5.90
49.71,-0.26,8.92,5.79
49.71,-0.11,8.88,5.59
49.71,-0.03,8.87,5.35
49.71,0.03,8.75,5.05
49.71,0.04,8.69,4.72
49.72,0.01,8.58,4.34
49.72,-0.05,8.44,3.96
49.72,-0.22,8.27,3.55
49.72,-0.43,8.16,3.12
49.73,-0.73,8.07,2.70
49.73,-1.16,8.01,2.24
49.73,-1.63,7.99,1.73
49.73,-2.18,8.08,1.20
49.74,-2.71,8.22,0.71
49.74,-3.17,8.46,0.18
49.74,-3.67,8.76,-0.25
49.74,-4.05,9.19,-0.68
49.75,-4.33,9.65,-1.02
49.75,-4.49,10.14,-1.32
49.75,-4.53,10.69,-1.59
49.75,-4.47,11.24,-1.81
49.76,-4.32,11.77,-1.95
49.76,-4.12,12.28,-2.06
49.76,-3.90,12.71,-2.06
49.76,-3.68,12.97,-2.00
49.76,-3.38,13.22,-1.84
49.77,-3.23,13.29,-1.70
49.77,-3.15,13.18,-1.55
49.77,-3.15,12.91,-1.34
49.77,-3.26,12.49,-1.12
49.78,-3.36,11.99,-0.93
49.78,-3.43,11.46,-0.81
49.78,-3.50,10.88,-0.78
49.78,-3.51,10.29,-0.75
49.79,-3.48,9.73,-0.74
49.79,-3.48,9.20,-0.74
49.79,-3.54,8.68,-0.71
49.79,-3.61,8.28,-0.65
49.80,-3.71,7.89,-0.60
49.80,-3.82,7.54,-0.54
49.80,-3.94,7.26,-0.52
49.80,-4.04,7.00,-0.47
49.81,-4.10,6.77,-0.40
49.81,-4.19,6.58,-0.37
49.81,-4.22,6.42,-0.33
49.81,-4.21,6.32,-0.31
49.81,-4.21,6.23,-0.25
49.82,-4.23,6.16,-0.17
49.82,-4.25,6.13,-0.11
49.82,-4.26,6.11,-0.06
49.82,-4.25,6.15,0.03
49.83,-4.23,6.17,0.11
49.83,-4.20,6.25,0.26
49.83,-4.20,6.32,0.38
49.83,-4.18,6.41,0.56
49.84,-4.16,6.49,0.75
49.84,-4.13,6.59,1.01
49.84,-4.12,6.70,1.29
49.84,-4.15,6.88,1.57
49.85,-4.15,7.00,1.89
49.85,-4.15,7.16,2.24
49.85,-4.16,7.34,2.58
49.85,-4.18,7.53,2.94
49.86,-4.18,7.74,3.24
49.86,-4.16,7.99,3.61
49.86,-4.11,8.21,3.87
49.86,-4.08,8.48,4.11
49.86,-4.06,8.81,4.35
49.87,-4.02,9.12,4.53
49.87,-4.01,9.43,4.68
49.87,-3.98,9.81,4.79
49.87,-3.96,10.16,4.88
49.88,-3.94,10.55,4.96
49.88,-3.94,10.93,5.00
49.88,-4.01,11.31,5.01
49.88,-4.05,11.66,4.97
49.89,-4.16,12.03,4.92
49.89,-4.22,12.35,4.82
49.89,-4.20,12.71,4.67
49.89,-4.11,13.02,4.41
49.90,-4.06,13.34,4.10
49.90,-4.18,13.72,3.92
49.90,-4.24,14.00,3.63
49.90,-4.33,14.18,3.18
49.90,-4.41,14.37,2.67
49.91,-4.44,14.50,2.15
49.91,-4.36,14.55,1.61
49.91,-4.32,14.56,1.05
49.91,-4.27,14.53,0.57
49.92,-4.18,14.43,0.10
49.92,-4.03,14.27,-0.35
49.92,-3.91,14.11,-0.75
49.92,-3.79,13.93,-1.11
49.93,-3.71,13.71,-1.36
49.93,-3.62,13.49,-1.59
49.93,-3.50,13.25,-1.73
49.93,-3.35,13.05,-1.90
49.94,-3.22,12.82,-1.97
49.94,-3.07,12.58,-2.07
49.94,-2.98,12.31,-2.14
49.94,-2.88,12.04,-2.17
49.95,-2.80,11.82,-2.11
49.95,-2.73,11.53,-2.04
49.95,-2.78,11.28,-1.92
49.95,-2.83,10.99,-1.77
49.95,-2.86,10.71,-1.55
49.96,-2.85,10.44,-1.27
49.96,-2.83,10.19,-1.00
49.96,-2.83,9.89,-0.73
49.96,-2.90,9.67,-0.47
49.97,-2.98,9.50,-0.21
49.97,-3.16,9.30,0.03
49.97,-3.35,9.14,0.26
49.97,-3.49,9.02,0.49
49.98,-3.61,8.92,0.74
49.98,-3.67,8.82,0.95
49.98,-3.67,8.76,1.17
49.98,-3.60,8.73,1.39
49.99,-3.60,8.69,1.65
49.99,-3.63,8.68,1.94
49.99,-3.66,8.67,2.27
49.99,-3.73,8.63,2.54
50.00,-3.78,8.62,2.77
50.00,-3.84,8.62,2.97
50.00,-3.82,8.64,3.17
50.00,-3.78,8.63,3.33
50.00,-3.81,8.60,3.44
50.01,-3.86,8.56,3.52
50.01,-3.90,8.57,3.56
50.01,-3.93,8.53,3.55
50.01,-3.96,8.50,3.57
50.02,-3.97,8.46,3.55
50.02,-4.00,8.44,3.48
50.02,-4.00,8.41,3.41
50.02,-4.00,8.41,3.37
50.03,-4.04,8.37,3.30
50.03,-4.04,8.37,3.20
50.03,-3.88,8.38,3.08
50.03,-3.76,8.35,3.00
50.04,-3.82,8.33,2.92
50.04,-3.93,8.26,2.87
50.04,-3.98,8.16,2.81
50.04,-3.98,8.03,2.75
50.05,-3.87,7.84,2.70
50.05,-3.75,7.71,2.58
50.05,-3.68,7.51,2.48
50.05,-3.70,7.35,2.39
50.05,-3.80,7.34,2.37
50.06,-3.91,7.31,2.36
50.06,-3.94,7.27,2.37
50.06,-3.95,7.23,2.41
50.06,-3.93,7.23,2.44
50.07,-3.89,7.22,2.48
50.07,-3.86,7.27,2.47
50.07,-3.78,7.32,2.52
50.07,-3.64,7.34,2.60
50.08,-3.50,7.36,2.68
50.08,-3.39,7.31,2.74
50.08,-3.32,7.29,2.78
50.08,-3.24,7.28,2.82
50.09,-3.22,7.32,2.82
50.09,-3.22,7.38,2.84
50.09,-3.28,7.45,2.80
50.09,-3.31,7.53,2.77
50.10,-3.35,7.59,2.72
50.10,-3.37,7.68,2.68
50.10,-3.39,7.77,2.66
50.10,-3.40,7.85,2.63
50.10,-3.42,7.94,2.59
50.11,-3.47,8.05,2.55
50.11,-3.49,8.18,2.50
50.11,-3.54,8.30,2.44
50.11,-3.56,8.39,2.42
50.12,-3.62,8.42,2.40
50.12,-3.66,8.51,2.37
50.12,-3.70,8.56,2.42
50.12,-3.71,8.62,2.45
50.13,-3.71,8.64,2.51
50.13,-3.73,8.67,2.58
50.13,-3.69,8.70,2.68
50.13,-3.64,8.75,2.77
50.14,-3.60,8.71,2.86
50.14,-3.50,8.73,2.91
50.14,-3.37,8.70,3.02
50.14,-3.31,8.67,3.12
50.14,-3.20,8.62,3.22
50.15,-3.10,8.54,3.32
50.15,-3.01,8.45,3.38
50.15,-2.88,8.36,3.42
50.15,-2.75,8.28,3.47
50.16,-2.70,8.20,3.50
50.16,-2.60,8.06,3.52
50.16,-2.51,7.97,3.51
50.16,-2.43,7.91,3.55
50.17,-2.40,7.85,3.52
50.17,-2.35,7.79,3.58
50.17,-2.32,7.72,3.57
50.17,-2.30,7.66,3.58
50.18,-2.34,7.64,3.61
50.18,-2.39,7.58,3.61
50.18,-2.44,7.56,3.61
50.18,-2.50,7.53,3.63
50.19,-2.56,7.49,3.65
50.19,-2.68,7.47,3.67
50.19,-2.81,7.43,3.70
50.19,-2.90,7.38,3.70
50.19,-2.98,7.30,3.73
50.20,-3.07,7.27,3.78
50.20,-3.16,7.28,3.83
50.20,-3.18,7.30,3.85
50.20,-3.13,7.28,3.90
50.21,-3.11,7.28,3.93
50.21,-3.10,7.26,3.97
50.21,-3.14,7.23,4.03
50.21,-3.20,7.17,4.06
50.22,-3.27,7.07,4.07
50.22,-3.31,7.05,4.10
50.22,-3.40,6.93,4.14
50.22,-3.41,6.85,4.18
50.23,-3.42,6.86,4.23
50.23,-3.43,6.86,4.30
50.23,-3.35,6.87,4.39
50.23,-3.34,6.89,4.49
50.24,-3.33,6.90,4.56
50.24,-3.38,6.87,4.64
50.24,-3.45,6.84,4.72
50.24,-3.49,6.81,4.78
50.24,-3.56,6.79,4.84
50.25,-3.60,6.76,4.87
50.25,-3.64,6.75,4.90
50.25,-3.68,6.77,4.94
50.25,-3.73,6.75,4.96
50.26,-3.80,6.70,4.94
50.26,-3.88,6.73,4.93
50.26,-4.01,6.70,4.90
50.26,-4.09,6.71,4.87
50.27,-4.21,6.71,4.84
50.27,-4.31,6.70,4.83
50.27,-4.45,6.69,4.74
50.27,-4.59,6.66,4.69
50.28,-4.76,6.66,4.64
50.28,-4.92,6.62,4.61
50.28,-5.02,6.59,4.59
50.28,-5.16,6.61,4.58
50.29,-5.31,6.60,4.56
50.29,-5.37,6.63,4.48
50.29,-5.46,6.63,4.46
50.29,-5.46,6.68,4.46
50.29,-5.57,6.69,4.46
50.30,-5.69,6.66,4.42
50.30,-5.81,6.67,4.46
50.30,-5.85,6.66,4.50
50.30,-5.88,6.68,4.47
50.31,-5.90,6.71,4.46
50.31,-5.94,6.77,4.44
50.31,-6.02,6.81,4.43
50.31,-6.13,6.88,4.39
50.32,-6.28,6.97,4.36
50.32,-6.38,7.07,4.34
50.32,-6.45,7.18,4.27
50.32,-6.56,7.28,4.21
50.33,-6.57,7.41,4.19
50.33,-6.58,7.52,4.13
50.33,-6.55,7.62,4.08
50.33,-6.49,7.75,4.04
50.33,-6.38,7.85,4.01
50.34,-6.32,7.98,4.04
50.34,-6.20,8.09,4.06
50.34,-6.10,8.19,4.10
50.34,-6.01,8.29,4.13
50.35,-5.95,8.36,4.24
50.35,-5.92,8.47,4.33
50.35,-5.91,8.53,4.42
50.35,-5.87,8.64,4.57
50.36,-5.87,8.74,4.74
50.36,-5.89,8.81,4.90
50.36,-5.93,8.90,5.10
50.36,-6.02,8.97,5.27
50.37,-6.15,9.04,5.45
50.37,-6.21,9.11,5.62
50.37,-6.25,9.17,5.81
50.37,-6.26,9.24,5.97
50.38,-6.25,9.27,6.14
50.38,-6.25,9.27,6.25
50.38,-6.25,9.25,6.37
50.38,-6.31,9.18,6.41
50.38,-6.36,9.10,6.44
50.39,-6.39,8.98,6.39
50.39,-6.47,8.84,6.31
50.39,-6.57,8.74,6.20
50.39,-6.72,8.58,6.03
50.40,-6.87,8.46,5.86
50.40,-7.09,8.30,5.73
50.40,-7.30,8.19,5.57
50.40,-7.48,8.09,5.41
50.41,-7.62,7.95,5.30
50.41,-7.68,7.85,5.16
50.41,-7.74,7.78,5.15
50.41,-7.67,7.73,5.10
50.42,-7.55,7.71,5.06
50.42,-7.36,7.74,5.03
50.42,-7.13,7.80,5.03
50.42,-6.88,7.86,5.00
50.43,-6.61,7.90,4.96
50.43,-6.26,7.96,4.91
50.43,-5.93,8.05,4.82
50.43,-5.65,8.13,4.74
50.43,-5.38,8.20,4.65
50.44,-5.14,8.28,4.56
50.44,-4.90,8.36,4.46
50.44,-4.65,8.49,4.34
50.44,-4.46,8.60,4.24
50.45,-4.28,8.82,4.13
50.45,-4.17,9.05,4.04
50.45,-4.08,9.35,3.95
50.45,-3.97,9.69,3.91
50.46,-3.79,10.04,3.91
50.46,-3.60,10.45,3.90
50.46,-3.38,10.87,3.95
50.46,-3.17,11.33,4.04
50.47,-2.96,11.80,4.07
50.47,-2.76,12.37,4.10
50.47,-2.62,12.89,4.11
50.47,-2.49,13.42,4.09
50.48,-2.41,13.96,4.07
50.48,-2.41,14.47,4.09
50.48,-2.44,14.92,3.98
50.48,-2.48,15.37,3.92
50.48,-2.56,15.75,3.85
50.49,-2.66,16.02,3.79
50.49,-2.77,16.17,3.77
50.49,-2.92,16.18,3.70
50.49,-3.10,16.05,3.70
50.50,-3.37,15.68,3.63
50.50,-3.71,15.04,3.63
50.50,-4.06,14.18,3.56
50.50,-4.31,13.24,3.43
50.51,-4.39,12.24,3.23
50.51,-4.28,11.30,2.97
50.51,-3.98,10.56,2.67
50.51,-3.57,9.91,2.33
50.52,-3.20,9.37,2.00
50.52,-2.89,8.89,1.69
50.52,-2.62,8.44,1.41
50.52,-2.43,8.04,1.17
50.53,-2.27,7.70,1.04
50.53,-2.12,7.36,0.92
50.53,-1.97,7.05,0.82
50.53,-1.79,6.79,0.79
50.53,-1.64,6.59,0.77
50.54,-1.51,6.42,0.80
50.54,-1.33,6.27,0.85
50.54,-1.16,6.15,0.93
50.54,-0.97,6.04,1.02
50.55,-0.80,5.95,1.12
50.55,-0.61,5.90,1.18
50.55,-0.45,5.84,1.27
50.55,-0.30,5.79,1.33
50.56,-0.15,5.72,1.33
50.56,-0.03,5.68,1.33
50.56,0.11,5.66,1.28
50.56,0.23,5.65,1.26
50.57,0.31,5.63,1.26
50.57,0.40,5.65,1.24
50.57,0.47,5.69,1.23
50.57,0.55,5.77,1.23
50.57,0.61,5.87,1.22
50.58,0.64,6.02,1.21
50.58,0.62,6.18,1.22
50.58,0.53,6.42,1.23
50.58,0.41,6.65,1.20
50.59,0.28,6.95,1.23
50.59,0.15,7.27,1.24
50.59,-0.01,7.59,1.28
50.59,-0.17,7.93,1.35
50.60,-0.37,8.31,1.48
50.60,-0.59,8.64,1.64
50.60,-0.84,8.97,1.78
50.60,-1.06,9.25,1.94
50.61,-1.29,9.53,2.12
50.61,-1.54,9.81,2.30
50.61,-1.78,10.05,2.45
50.61,-2.07,10.26,2.61
50.62,-2.35,10.43,2.75
50.62,-2.59,10.56,2.87
50.62,-2.88,10.68,3.02
50.62,-3.18,10.79,3.12
50.62,-3.48,10.80,3.27
50.63,-3.79,10.81,3.43
50.63,-4.11,10.79,3.51
50.63,-4.44,10.76,3.61
50.63,-4.72,10.70,3.69
50.64,-4.99,10.62,3.72
50.64,-5.14,10.48,3.76
50.64,-5.32,10.40,3.76
50.64,-5.39,10.20,3.66
50.65,-5.42,10.02,3.35
50.65,-5.39,9.89,3.05
50.65,-5.26,9.78,2.81
50.65,-5.04,9.57,2.54
50.66,-4.62,9.38,2.27
50.66,-4.13,9.24,2.06
50.66,-3.68,9.15,1.93
50.66,-3.16,9.05,1.86
50.67,-2.68,8.98,1.79
50.67,-2.31,8.90,1.73
50.67,-2.02,8.79,1.77
50.67,-1.79,8.72,1.80
50.67,-1.58,8.58,1.83
50.68,-1.43,8.48,1.84
50.68,-1.33,8.43,1.91
50.68,-1.28,8.39,2.03
50.68,-1.21,8.36,2.20
50.69,-1.11,8.39,2.36
50.69,-1.02,8.44,2.52
50.69,-0.92,8.51,2.71
50.69,-0.83,8.59,2.93
50.70,-0.68,8.64,3.12
50.70,-0.58,8.71,3.34
50.70,-0.51,8.73,3.54
50.70,-0.41,8.76,3.74
50.71,-0.41,8.74,3.90
50.71,-0.38,8.69,4.08
50.71,-0.41,8.63,4.25
50.71,-0.47,8.57,4.36
50.72,-0.61,8.49,4.49
50.72,-0.77,8.38,4.55
50.72,-1.08,8.28,4.58
50.72,-1.43,8.24,4.57
50.72,-1.76,8.16,4.56
50.73,-2.07,8.10,4.57
50.73,-2.35,8.02,4.53
50.73,-2.54,7.97,4.49
50.73,-2.72,7.89,4.46
50.74,-2.86,7.82,4.38
50.74,-2.95,7.72,4.32
50.74,-3.06,7.63,4.19
50.74,-3.17,7.55,4.07
50.75,-3.17,7.47,3.99
50.75,-3.19,7.42,3.93
50.75,-3.34,7.38,3.77
50.75,-3.59,7.42,3.55
50.76,-3.84,7.48,3.30
50.76,-4.03,7.58,3.06
50.76,-4.13,7.65,2.83
50.76,-4.16,7.74,2.64
50.76,-4.15,7.86,2.50
50.77,-4.06,7.98,2.36
50.77,-3.95,8.12,2.22
50.77,-3.81,8.27,2.16
50.77,-3.67,8.44,2.15
50.78,-3.54,8.61,2.16
50.78,-3.38,8.74,2.23
50.78,-3.23,8.86,2.34
50.78,-3.10,8.95,2.49
50.79,-3.01,9.04,2.66
50.79,-2.90,9.11,2.88
50.79,-2.80,9.19,3.09
50.79,-2.73,9.26,3.30
50.80,-2.64,9.37,3.54
50.80,-2.57,9.44,3.76
50.80,-2.50,9.50,3.96
50.80,-2.45,9.55,4.14
50.81,-2.46,9.62,4.33
50.81,-2.47,9.61,4.46
50.81,-2.50,9.61,4.58
50.81,-2.55,9.59,4.65
50.81,-2.61,9.53,4.69
50.82,-2.68,9.47,4.71
50.82,-2.77,9.38,4.66
50.82,-2.82,9.30,4.59
50.82,-2.90,9.18,4.53
50.83,-2.98,9.07,4.49
50.83,-3.02,8.97,4.40
50.83,-3.08,8.89,4.33
50.83,-3.12,8.81,4.28
50.84,-3.18,8.74,4.22
50.84,-3.25,8.70,4.20
50.84,-3.33,8.69,4.17
50.84,-3.40,8.67,4.16
50.85,-3.37,8.67,4.14
50.85,-3.40,8.68,4.01
50.85,-3.44,8.68,4.00
50.85,-3.48,8.69,4.05
50.86,-3.56,8.73,4.06
50.86,-3.58,8.76,4.07
50.86,-3.65,8.80,4.07
50.86,-3.68,8.88,4.07
50.86,-3.74,8.95,4.10
50.87,-3.76,8.99,4.10
50.87,-3.82,9.08,4.10
50.87,-3.83,9.08,4.05
50.87,-3.88,9.11,4.05
50.88,-3.90,9.15,4.02
50.88,-3.95,9.22,4.01
50.88,-3.95,9.25,4.00
50.88,-3.95,9.29,3.98
50.89,-3.94,9.33,4.00
50.89,-3.92,9.38,4.00
50.89,-3.87,9.40,4.02
50.89,-3.86,9.45,4.06
50.90,-3.82,9.46,4.11
50.90,-3.77,9.48,4.14
50.90,-3.71,9.52,4.21
50.90,-3.64,9.53,4.28
50.91,-3.56,9.54,4.39
50.91,-3.48,9.53,4.50
50.91,-3.41,9.51,4.55
50.91,-3.31,9.52,4.66
50.91,-3.19,9.48,4.78
50.92,-3.11,9.42,4.87
50.92,-3.04,9.37,4.95
50.92,-2.95,9.30,5.08
50.92,-2.89,9.24,5.21
50.93,-2.81,9.14,5.31
50.93,-2.73,9.05,5.43
50.93,-2.67,8.96,5.54
50.93,-2.63,8.87,5.64
50.94,-2.58,8.74,5.72
50.94,-2.52,8.61,5.82
50.94,-2.49,8.47,5.89
50.94,-2.47,8.32,5.95
50.95,-2.46,8.21,6.00
50.95,-2.43,8.04,6.07
50.95,-2.45,7.91,6.11
50.95,-2.43,7.79,6.16
50.96,-2.45,7.67,6.21
50.96,-2.44,7.56,6.25
50.96,-2.46,7.44,6.34
50.96,-2.47,7.31,6.40
50.96,-2.48,7.20,6.50
50.97,-2.47,7.06,6.60
50.97,-2.48,6.91,6.70
50.97,-2.51,6.81,6.76
50.97,-2.61,6.72,6.78
50.98,-2.73,6.63,6.77
50.98,-2.82,6.61,6.69
50.98,-2.91,6.63,6.60
50.98,-3.04,6.65,6.52
50.99,-3.15,6.63,6.39
50.99,-3.26,6.61,6.25
50.99,-3.33,6.58,6.05
50.99,-3.45,6.57,5.84
51.00,-3.48,6.56,5.57
51.00,-3.52,6.59,5.33
51.00,-3.57,6.65,5.01
51.00,-3.55,6.69,4.70
51.00,-3.49,6.72,4.36
51.01,-3.42,6.72,3.99
51.01,-3.29,6.76,3.66
51.01,-3.16,6.79,3.35
51.01,-3.05,6.80,3.08
51.02,-2.96,6.84,2.82
51.02,-2.93,6.84,2.60
51.02,-2.93,6.87,2.40
51.02,-2.88,6.87,2.24
51.03,-2.83,6.90,2.09
51.03,-2.76,6.94,1.97
51.03,-2.71,6.96,1.85
51.03,-2.64,6.97,1.75
51.04,-2.56,6.96,1.63
51.04,-2.43,6.93,1.57
51.04,-2.26,6.91,1.48
51.04,-2.07,6.86,1.45
51.05,-1.90,6.88,1.46
51.05,-1.72,6.87,1.50
51.05,-1.53,6.91,1.54
51.05,-1.37,6.94,1.65
51.05,-1.21,7.01,1.74
51.06,-1.07,7.06,1.82
51.06,-0.94,7.16,1.95
51.06,-0.81,7.23,2.05
51.06,-0.69,7.29,2.15
51.07,-0.52,7.38,2.28
51.07,-0.29,7.41,2.38
51.07,-0.06,7.44,2.52
51.07,0.10,7.36,2.62
51.08,0.21,7.22,2.73
51.08,0.34,7.05,2.81
51.08,0.46,6.91,2.90
51.08,0.62,6.78,2.95
51.09,0.68,6.54,2.98
51.09,0.68,6.33,2.97
51.09,0.74,6.16,2.96
51.09,0.76,6.02,2.96
51.10,0.76,5.94,2.92
51.10,0.73,5.93,2.87
51.10,0.62,5.97,2.83
51.10,0.41,6.08,2.79
51.10,0.09,6.27,2.77
51.11,-0.32,6.60,2.75
51.11,-0.77,7.03,2.72
51.11,-1.21,7.59,2.70
51.11,-1.64,8.23,2.72
51.12,-2.00,8.89,2.73
51.12,-2.38,9.57,2.71
51.12,-2.73,10.27,2.65
51.12,-3.02,10.95,2.58
51.13,-3.33,11.60,2.40
51.13,-3.53,12.21,2.17
51.13,-3.77,12.84,1.89
51.13,-3.91,13.44,1.60
51.14,-4.02,13.95,1.31
51.14,-4.10,14.35,1.04
51.14,-4.20,14.68,0.75
51.14,-4.31,14.86,0.55
51.15,-4.41,14.97,0.36
51.15,-4.57,15.01,0.22
51.15,-4.70,15.01,0.14
51.15,-4.84,14.95,0.14
51.15,-4.98,14.88,0.16
51.16,-5.25,14.78,0.16
51.16,-5.60,14.67,0.16
51.16,-5.93,14.52,0.14
51.16,-6.26,14.37,0.12
51.17,-6.54,14.23,0.03
51.17,-6.77,14.12,-0.07
51.17,-7.06,13.99,-0.14
51.17,-7.33,13.88,-0.22
51.18,-7.51,13.80,-0.31
51.18,-7.65,13.72,-0.37
51.18,-7.69,13.67,-0.39
51.18,-7.64,13.60,-0.37
51.19,-7.60,13.49,-0.35
51.19,-7.51,13.38,-0.27
51.19,-7.38,13.22,-0.22
51.19,-7.25,13.09,-0.10
51.20,-7.14,12.94,0.08
51.20,-6.99,12.79,0.25
51.20,-6.83,12.65,0.53
51.20,-6.71,12.48,0.81
51.20,-6.57,12.32,1.12
51.21,-6.44,12.19,1.48
51.21,-6.34,12.09,1.79
51.21,-6.22,11.99,2.16
51.21,-6.10,11.93,2.52
51.22,-5.97,11.89,2.80
51.22,-5.79,11.84,3.08
51.22,-5.57,11.87,3.35
51.22,-5.34,11.87,3.61
51.23,-5.07,11.89,3.86
51.23,-4.82,11.85,4.06
51.23,-4.64,11.82,4.18
51.23,-4.53,11.80,4.33
51.24,-4.30,11.74,4.38
51.24,-4.12,11.69,4.41
51.24,-3.96,11.61,4.35
51.24,-3.78,11.57,4.19
51.24,-3.65,11.49,3.97
51.25,-3.52,11.44,3.78
51.25,-3.40,11.38,3.53
51.25,-3.28,11.34,3.26
51.25,-3.15,11.26,2.99
51.26,-3.00,11.17,2.74
51.26,-2.85,11.12,2.48
51.26,-2.73,11.04,2.19
51.26,-2.60,10.99,1.93
51.27,-2.47,10.89,1.69
51.27,-2.45,10.81,1.45
51.27,-2.44,10.72,1.20
51.27,-2.45,10.57,0.93
51.28,-2.43,10.45,0.64
51.28,-2.35,10.35,0.44
51.28,-2.27,10.22,0.33
51.28,-2.19,10.07,0.20
51.29,-2.15,9.89,0.12
51.29,-2.09,9.73,0.07
51.29,-2.01,9.58,0.03
51.29,-1.91,9.38,0.05
51.29,-1.80,9.18,0.10
51.30,-1.72,8.96,0.17
51.30,-1.67,8.77,0.27
51.30,-1.67,8.51,0.42
51.30,-1.66,8.28,0.60
51.31,-1.66,8.05,0.78
51.31,-1.66,7.80,1.00
51.31,-1.69,7.61,1.22
51.31,-1.79,7.48,1.44
51.32,-1.94,7.32,1.73
51.32,-2.12,7.07,1.97
51.32,-2.31,6.79,2.18
51.32,-2.44,6.57,2.37
51.33,-2.49,6.37,2.51
51.33,-2.51,6.21,2.60
51.33,-2.52,6.14,2.67
51.33,-2.55,6.19,2.71
51.34,-2.65,6.25,2.77
51.34,-2.78,6.29,2.84
51.34,-2.72,6.28,3.00
51.34,-2.83,6.25,3.09
51.34,-2.99,6.23,3.27
51.35,-3.03,6.23,3.47
51.35,-3.16,6.26,3.57
51.35,-3.31,6.28,3.65
51.35,-3.42,6.28,3.68
51.36,-3.48,6.25,3.62
51.36,-3.57,6.30,3.55
51.36,-3.62,6.33,3.47
51.36,-3.68,6.38,3.50
51.37,-3.71,6.39,3.56
51.37,-3.70,6.41,3.65
51.37,-3.72,6.40,3.77
51.37,-3.67,6.35,3.87
51.38,-3.67,6.29,3.90
51.38,-3.69,6.25,3.89
51.38,-3.72,6.26,3.92
51.38,-3.77,6.24,3.95
51.39,-3.82,6.23,3.99
51.39,-3.86,6.26,4.07
51.39,-3.92,6.33,4.15
51.39,-4.06,6.41,4.21
51.39,-4.25,6.50,4.20
51.40,-4.48,6.66,4.19
51.40,-4.69,6.79,4.16
51.40,-4.83,6.94,4.10
51.40,-4.91,7.07,4.01
51.41,-4.92,7.26,3.91
51.41,-4.85,7.46,3.79
51.41,-4.79,7.61,3.68
51.41,-4.70,7.77,3.55
51.42,-4.63,7.94,3.45
51.42,-4.53,8.08,3.34
51.42,-4.45,8.24,3.24
51.42,-4.36,8.37,3.15
51.43,-4.33,8.47,3.06
51.43,-4.27,8.53,2.99
51.43,-4.27,8.59,2.95
51.43,-4.24,8.62,2.91
51.43,-4.10,8.66,2.83
51.44,-4.12,8.64,2.94
51.44,-4.12,8.67,2.99
51.44,-4.08,8.66,3.13
51.44,-4.04,8.65,3.26
51.45,-4.01,8.64,3.33
51.45,-3.95,8.65,3.40
51.45,-3.88,8.64,3.52
51.45,-3.83,8.64,3.61
51.46,-3.75,8.68,3.64
51.46,-3.57,8.65,3.63
51.46,-3.54,8.61,3.79
51.46,-3.41,8.58,3.85
51.47,-3.37,8.49,3.92
51.47,-3.30,8.40,3.97
51.47,-3.19,8.37,3.94
51.47,-3.08,8.31,3.95
51.48,-3.00,8.27,3.95
51.48,-2.94,8.19,3.99
51.48,-2.94,8.12,4.00
51.48,-2.93,8.02,4.03
51.48,-2.94,7.97,3.98
51.49,-2.94,7.91,3.99
51.49,-2.98,7.86,4.00
51.49,-3.00,7.83,3.98
51.49,-3.09,7.78,4.05
51.50,-3.14,7.73,4.13
51.50,-3.19,7.67,4.22
51.50,-3.27,7.63,4.28
51.50,-3.31,7.57,4.33
51.51,-3.34,7.55,4.38
51.51,-3.33,7.49,4.39
51.51,-3.37,7.45,4.42
51.51,-3.43,7.46,4.35
51.52,-3.48,7.51,4.32
51.52,-3.61,7.52,4.27
51.52,-3.77,7.46,4.24
51.52,-3.88,7.40,4.23
51.53,-3.91,7.31,4.24
51.53,-3.95,7.24,4.25
51.53,-3.97,7.15,4.26
51.53,-4.00,7.09,4.30
51.53,-4.01,7.07,4.36
51.54,-4.06,7.00,4.42
51.54,-4.11,6.95,4.44
51.54,-4.13,6.95,4.53
51.54,-4.15,6.92,4.55
51.55,-4.18,6.93,4.59
51.55,-4.16,6.95,4.63
51.55,-4.14,6.96,4.69
51.55,-4.12,7.02,4.72
51.56,-4.13,7.04,4.77
51.56,-4.11,7.05,4.75
51.56,-4.10,7.09,4.77
51.56,-4.10,7.08,4.80
51.57,-4.10,7.06,4.79
51.57,-4.10,7.07,4.81
51.57,-4.10,7.06,4.78
51.57,-4.13,7.03,4.75
51.58,-4.10,7.04,4.77
51.58,-4.10,7.00,4.74
51.58,-4.13,6.97,4.74
51.58,-4.13,6.96,4.72
51.58,-4.10,6.94,4.72
51.59,-4.08,6.90,4.72
51.59,-4.10,6.84,4.73
51.59,-4.07,6.83,4.72
51.59,-4.06,6.72,4.71
51.60,-4.05,6.66,4.70
51.60,-4.03,6.64,4.71
51.60,-4.03,6.56,4.71
51.60,-4.05,6.52,4.73
51.61,-4.05,6.46,4.77
51.61,-4.10,6.36,4.77
51.61,-4.10,6.29,4.78
51.61,-4.14,6.22,4.82
51.62,-4.21,6.16,4.84
51.62,-4.22,6.15,4.85
51.62,-4.28,6.12,4.85
51.62,-4.33,6.10,4.82
51.63,-4.40,6.10,4.85
51.63,-4.47,6.08,4.82
51.63,-4.54,6.09,4.88
51.63,-4.62,6.10,4.86
51.63,-4.68,6.13,4.88
51.64,-4.82,6.17,4.90
51.64,-4.93,6.22,4.91
51.64,-5.01,6.29,4.91
51.64,-5.16,6.35,4.91
51.65,-5.27,6.46,4.91
51.65,-5.43,6.59,4.90
51.65,-5.57,6.72,4.87
51.65,-5.70,6.90,4.84
51.66,-5.83,7.11,4.83
51.66,-5.96,7.31,4.78
51.66,-5.99,7.52,4.57
51.66,-6.17,7.70,4.64
51.67,-6.26,7.96,4.61
51.67,-6.51,8.21,4.61
51.67,-6.78,8.39,4.50
51.67,-6.96,8.59,4.38
51.67,-7.15,8.78,4.16
51.68,-7.32,9.01,3.93
51.68,-7.39,9.27,3.74
51.68,-7.38,9.59,3.66
51.68,-7.40,9.87,3.54
51.69,-7.44,10.07,3.38
51.69,-7.43,10.28,3.27
51.69,-7.44,10.44,3.23
51.69,-7.41,10.58,3.18
51.70,-7.37,10.65,3.18
51.70,-7.27,10.64,3.22
51.70,-7.12,10.64,3.27
51.70,-6.92,10.51,3.41
51.71,-6.71,10.36,3.60
51.71,-6.54,10.16,3.81
51.71,-6.33,9.95,4.02
51.71,-6.12,9.76,4.24
51.72,-5.96,9.55,4.41
51.72,-5.79,9.35,4.60
51.72,-5.65,9.17,4.78
51.72,-5.52,9.02,4.90
51.72,-5.42,8.83,5.04
51.73,-5.35,8.69,5.19
51.73,-5.29,8.54,5.30
51.73,-5.21,8.39,5.40
51.73,-5.18,8.26,5.52
51.74,-5.13,8.15,5.61
51.74,-5.15,8.00,5.70
51.74,-5.13,7.91,5.79
51.74,-5.09,7.83,5.85
51.75,-5.07,7.78,5.87
51.75,-4.97,7.77,5.89
51.75,-4.90,7.78,5.91
51.75,-4.79,7.79,5.92
51.76,-4.69,7.81,5.86
51.76,-4.56,7.86,5.80
51.76,-4.42,7.96,5.74
51.76,-4.33,8.08,5.65
51.77,-4.25,8.19,5.57
51.77,-4.15,8.34,5.46
51.77,-4.07,8.48,5.32
51.77,-3.98,8.59,5.21
51.77,-3.87,8.71,5.12
51.78,-3.81,8.86,4.97
51.78,-3.74,8.96,4.87
51.78,-3.70,9.14,4.71
51.78,-3.69,9.34,4.54
51.79,-3.71,9.54,4.38
51.79,-3.70,9.77,4.24
51.79,-3.68,10.02,4.10
51.79,-3.70,10.26,3.96
51.80,-3.70,10.54,3.82
51.80,-3.72,10.82,3.67
51.80,-3.73,11.12,3.50
51.80,-3.71,11.44,3.32
51.81,-3.63,11.76,3.12
51.81,-3.55,12.09,2.92
51.81,-3.47,12.37,2.73
51.81,-3.39,12.60,2.54
51.82,-3.32,12.86,2.41
51.82,-3.26,12.98,2.30
51.82,-3.29,13.09,2.30
51.82,-3.34,13.12,2.29
51.82,-3.45,13.04,2.35
51.83,-3.66,12.85,2.45
51.83,-3.83,12.54,2.56
51.83,-3.99,12.20,2.64
51.83,-4.14,11.79,2.68
51.84,-4.24,11.38,2.72
51.84,-4.26,11.00,2.70
51.84,-4.26,10.65,2.70
51.84,-4.24,10.28,2.69
51.85,-4.17,9.96,2.67
51.85,-4.09,9.64,2.55
51.85,-3.99,9.39,2.41
51.85,-3.87,9.13,2.32
51.86,-3.78,8.83,2.17
51.86,-3.67,8.61,2.04
51.86,-3.56,8.34,1.90
51.86,-3.42,8.10,1.74
51.86,-3.24,7.91,1.61
51.87,-3.04,7.76,1.49
51.87,-2.82,7.64,1.37
51.87,-2.61,7.55,1.27
51.87,-2.46,7.53,1.18
51.88,-2.29,7.53,1.14
51.88,-2.07,7.52,1.11
51.88,-1.77,7.52,1.12
51.88,-1.54,7.53,1.14
51.89,-1.33,7.51,1.17
51.89,-1.09,7.49,1.18
51.89,-0.88,7.51,1.20
51.89,-0.74,7.55,1.21
51.90,-0.58,7.55,1.27
51.90,-0.47,7.57,1.34
51.90,-0.44,7.63,1.37
51.90,-0.47,7.68,1.38
51.91,-0.42,7.79,1.37
51.91,-0.47,7.91,1.33
51.91,-0.50,8.04,1.27
51.91,-0.55,8.21,1.24
51.91,-0.61,8.36,1.22
51.92,-0.62,8.52,1.30
51.92,-0.65,8.71,1.42
51.92,-0.69,8.81,1.59
51.92,-0.79,8.90,1.78
51.93,-0.92,9.03,1.93
51.93,-1.11,9.15,2.04
51.93,-1.39,9.31,2.12
51.93,-1.73,9.42,2.18
51.94,-2.02,9.54,2.26
51.94,-2.25,9.62,2.37
51.94,-2.44,9.69,2.52
51.94,-2.64,9.73,2.69
51.95,-2.80,9.77,2.90
51.95,-2.95,9.76,3.13
51.95,-3.20,9.75,3.43
51.95,-3.51,9.75,3.66
51.96,-3.70,9.72,3.81
51.96,-3.77,9.70,3.92
51.96,-3.79,9.71,3.92
51.96,-3.78,9.65,3.85
51.96,-3.78,9.60,3.68
51.97,-3.78,9.62,3.44
51.97,-3.70,9.59,3.22
51.97,-3.49,9.55,3.04
51.97,-3.16,9.50,2.93
51.98,-2.84,9.47,2.87
51.98,-2.57,9.48,2.80
51.98,-2.29,9.45,2.72
51.98,-2.04,9.37,2.67
51.99,-1.83,9.37,2.60
51.99,-1.62,9.35,2.52
51.99,-1.47,9.36,2.48
51.99,-1.32,9.43,2.31
52.00,-1.36,9.56,2.28
52.00,-1.27,9.65,2.33
52.00,-1.15,9.74,2.33
52.00,-0.98,9.77,2.40
52.01,-0.78,9.84,2.54
52.01,-0.66,9.89,2.71
52.01,-0.50,9.95,2.88
52.01,-0.30,9.98,3.00
52.01,-0.09,10.01,3.07
52.02,0.12,10.06,3.16
52.02,0.28,10.06,3.20
52.02,0.41,10.04,3.23
52.02,0.50,9.96,3.31
52.03,0.47,9.84,3.35
52.03,0.33,9.72,3.43
52.03,0.12,9.52,3.47
52.03,-0.16,9.26,3.57
52.04,-0.49,9.05,3.68
52.04,-0.84,8.84,3.75
52.04,-1.22,8.61,3.81
52.04,-1.61,8.40,3.84
52.05,-1.92,8.22,3.86
52.05,-2.20,8.06,3.86
52.05,-2.42,7.91,3.87
52.05,-2.61,7.79,3.87
52.06,-2.79,7.68,3.92
52.06,-2.92,7.58,3.94
52.06,-3.03,7.52,3.93
52.06,-3.19,7.48,3.91
52.06,-3.33,7.41,3.86
52.07,-3.51,7.39,3.78
52.07,-3.67,7.40,3.70
52.07,-3.81,7.39,3.62
52.07,-3.90,7.43,3.54
52.08,-3.99,7.41,3.45
52.08,-4.09,7.37,3.29
52.08,-4.09,7.37,3.18
52.08,-4.07,7.39,3.08
52.09,-4.03,7.41,2.94
52.09,-4.02,7.46,2.83
52.09,-3.97,7.46,2.80
52.09,-3.91,7.49,2.78
52.10,-3.83,7.52,2.75
52.10,-3.80,7.54,2.76
52.10,-3.67,7.59,2.77
52.10,-3.54,7.68,2.79
52.10,-3.40,7.79,2.85
52.11,-3.24,7.93,2.89
52.11,-3.07,8.02,3.00
52.11,-2.93,8.12,3.14
52.11,-2.78,8.23,3.23
52.12,-2.67,8.33,3.35
52.12,-2.56,8.43,3.44
52.12,-2.51,8.49,3.55
52.12,-2.42,8.54,3.64
52.13,-2.38,8.59,3.69
52.13,-2.34,8.64,3.76
52.13,-2.31,8.62,3.81
52.13,-2.31,8.61,3.82
52.14,-2.31,8.60,3.87
52.14,-2.35,8.61,3.92
52.14,-2.38,8.60,3.95
52.14,-2.41,8.58,3.99
52.15,-2.44,8.58,4.03
52.15,-2.47,8.58,4.04
52.15,-2.52,8.57,4.02
52.15,-2.54,8.59,4.00
52.15,-2.60,8.61,4.02
52.16,-2.65,8.66,3.96
52.16,-2.66,8.68,3.94
52.16,-2.63,8.73,3.87
52.16,-2.63,8.78,3.84
52.17,-2.62,8.83,3.82
52.17,-2.58,8.88,3.75
52.17,-2.57,8.95,3.75
52.17,-2.51,8.99,3.67
52.18,-2.50,9.04,3.73
52.18,-2.46,9.06,3.72
52.18,-2.43,9.09,3.76
52.18,-2.40,9.11,3.80
52.19,-2.37,9.15,3.86
52.19,-2.34,9.16,3.87
52.19,-2.28,9.20,3.95
52.19,-2.20,9.24,4.02
52.20,-2.20,9.22,4.13
52.20,-2.15,9.23,4.15
52.20,-2.10,9.24,4.13
52.20,-2.10,9.24,4.34
52.20,-2.01,9.24,4.24
52.21,-2.07,9.20,4.30
52.21,-2.01,9.23,4.34
52.21,-2.02,9.20,4.36
52.21,-2.01,9.18,4.35
52.22,-2.00,9.15,4.37
52.22,-1.98,9.10,4.37
52.22,-1.98,9.04,4.35
52.22,-1.98,8.97,4.34
52.23,-1.99,8.89,4.34
52.23,-2.05,8.81,4.35
52.23,-2.10,8.73,4.35
52.23,-2.13,8.64,4.36
52.24,-2.17,8.56,4.40
52.24,-2.24,8.50,4.48
52.24,-2.25,8.41,4.53
52.24,-2.26,8.35,4.54
52.25,-2.27,8.28,4.56
52.25,-2.31,8.18,4.61
52.25,-2.38,8.13,4.66
52.25,-2.44,8.05,4.69
52.25,-2.47,8.00,4.77
52.26,-2.53,7.96,4.86
52.26,-2.53,7.94,4.93
52.26,-2.58,7.90,4.97
52.26,-2.65,7.87,5.09
52.27,-2.74,7.80,5.22
52.27,-2.81,7.75,5.35
52.27,-2.87,7.69,5.46
52.27,-2.94,7.69,5.56
52.28,-2.99,7.63,5.55
52.28,-3.04,7.64,5.70
52.28,-3.11,7.62,5.83
52.28,-3.20,7.65,5.90
52.29,-3.26,7.66,6.00
52.29,-3.31,7.70,6.10
52.29,-3.38,7.72,6.19
52.29,-3.44,7.71,6.25
52.29,-3.52,7.76,6.33
52.30,-3.61,7.76,6.40
52.30,-3.71,7.79,6.49
52.30,-3.80,7.79,6.60
52.30,-3.92,7.81,6.67
52.31,-4.00,7.80,6.76
52.31,-4.09,7.76,6.83
52.31,-4.17,7.74,6.84
52.31,-4.25,7.73,6.80
52.32,-4.33,7.71,6.72
52.32,-4.39,7.72,6.64
52.32,-4.46,7.73,6.55
52.32,-4.54,7.71,6.45
52.33,-4.61,7.71,6.34
52.33,-4.64,7.76,6.15
52.33,-4.72,7.77,5.96
52.33,-4.80,7.80,5.69
52.34,-4.86,7.77,5.42
52.34,-4.98,7.73,5.09
52.34,-5.11,7.71,4.76
52.34,-5.23,7.67,4.41
52.34,-5.36,7.62,4.07
52.35,-5.47,7.53,3.77
52.35,-5.57,7.41,3.50
52.35,-5.59,7.33,3.25
52.35,-5.59,7.18,3.09
52.36,-5.57,7.04,2.93
52.36,-5.51,6.91,2.85
52.36,-5.42,6.78,2.77
52.36,-5.32,6.64,2.74
52.37,-5.21,6.49,2.75
52.37,-5.09,6.36,2.73
52.37,-4.92,6.22,2.73
52.37,-4.77,6.08,2.81
52.38,-4.57,5.94,2.92
52.38,-4.42,5.86,3.05
52.38,-4.20,5.77,3.25
52.38,-3.98,5.70,3.45
52.39,-3.76,5.65,3.65
52.39,-3.51,5.60,3.88
52.39,-3.27,5.56,4.11
52.39,-3.03,5.56,4.32
52.39,-2.81,5.57,4.52
52.40,-2.61,5.59,4.66
52.40,-2.49,5.65,4.77
52.40,-2.36,5.71,4.86
52.40,-2.24,5.75,4.87
52.41,-2.13,5.76,4.92
52.41,-2.02,5.79,4.90
52.41,-1.88,5.75,4.85
52.41,-1.74,5.73,4.78
52.42,-1.57,5.70,4.69
52.42,-1.44,5.65,4.52
52.42,-1.31,5.63,4.35
52.42,-1.20,5.65,4.12
52.43,-1.14,5.67,3.87
52.43,-1.15,5.68,3.58
52.43,-1.24,5.73,3.27
52.43,-1.37,5.82,2.92
52.44,-1.56,5.96,2.55
52.44,-1.81,6.17,2.19
52.44,-2.15,6.44,1.84
52.44,-2.53,6.71,1.45
52.44,-2.98,7.06,1.06
52.45,-3.47,7.48,0.66
52.45,-4.01,7.89,0.26
52.45,-4.52,8.36,-0.07
52.45,-5.01,8.82,-0.32
52.46,-5.35,9.25,-0.41
52.46,-5.52,9.72,-0.50
52.46,-5.55,10.26,-0.48
52.46,-5.46,10.77,-0.42
52.47,-5.27,11.30,-0.40
52.47,-5.06,11.74,-0.36
52.47,-4.90,12.10,-0.37
52.47,-4.77,12.45,-0.41
52.48,-4.67,12.71,-0.47
52.48,-4.62,12.84,-0.48
52.48,-4.56,12.96,-0.50
52.48,-4.51,13.06,-0.49
52.49,-4.48,13.17,-0.42
52.49,-4.47,13.28,-0.30
52.49,-4.42,13.38,-0.16
52.49,-4.28,13.47,0.10
52.49,-4.18,13.57,0.34
52.50,-4.12,13.68,0.61
52.50,-4.04,13.80,0.80
52.50,-4.00,13.87,1.03
52.50,-3.95,13.96,1.18
52.51,-3.90,13.98,1.34
52.51,-3.86,14.07,1.51
52.51,-3.86,14.11,1.65
52.51,-3.78,14.16,1.71
52.52,-3.73,14.18,1.69
52.52,-3.67,14.21,1.65
52.52,-3.59,14.22,1.54
52.52,-3.51,14.25,1.38
52.53,-3.46,14.22,1.22
52.53,-3.43,14.21,1.00
52.53,-3.40,14.20,0.80
52.53,-3.43,14.17,0.60
52.53,-3.51,14.11,0.41
52.54,-3.66,14.06,0.25
52.54,-3.81,13.95,0.15
52.54,-3.99,13.83,0.08
52.54,-4.17,13.68,0.11
52.55,-4.40,13.50,0.18
52.55,-4.62,13.31,0.27
52.55,-4.82,13.13,0.40
52.55,-4.97,12.97,0.58
52.56,-5.09,12.82,0.78
52.56,-5.14,12.68,1.00
52.56,-5.17,12.53,1.22
52.56,-5.19,12.39,1.47
52.57,-5.14,12.27,1.69
52.57,-5.11,12.14,1.90
52.57,-5.05,12.06,2.11
52.57,-4.97,11.96,2.28
52.58,-4.89,11.89,2.45
52.58,-4.75,11.82,2.56
52.58,-4.61,11.76,2.66
52.58,-4.45,11.71,2.71
52.58,-4.28,11.69,2.76
52.59,-4.10,11.67,2.77
52.59,-3.91,11.66,2.76
52.59,-3.74,11.69,2.75
52.59,-3.55,11.69,2.75
52.60,-3.36,11.69,2.69
52.60,-3.20,11.68,2.62
52.60,-3.08,11.72,2.55
52.60,-2.94,11.74,2.44
52.61,-2.79,11.76,2.36
52.61,-2.62,11.78,2.24
52.61,-2.45,11.76,2.08
52.61,-2.28,11.71,1.97
52.62,-2.15,11.63,1.84
52.62,-2.05,11.50,1.78
52.62,-1.98,11.41,1.77
52.62,-1.94,11.27,1.78
52.63,-1.89,11.07,1.75
52.63,-1.90,10.84,1.75
52.63,-1.97,10.64,1.74
52.63,-2.07,10.44,1.70
52.63,-2.11,10.27,1.66
52.64,-2.11,10.08,1.61
52.64,-2.11,9.89,1.51
52.64,-2.02,9.66,1.41
52.64,-1.93,9.45,1.34
52.65,-1.91,9.25,1.31
52.65,-1.90,9.07,1.28
52.65,-1.89,8.93,1.25
52.65,-1.93,8.78,1.25
52.66,-2.05,8.69,1.22
52.66,-2.30,8.63,1.27
52.66,-2.43,8.45,1.28
52.66,-2.33,8.20,1.27
52.67,-2.25,8.01,1.22
52.67,-2.28,7.86,1.17
52.67,-2.44,7.76,1.11
52.67,-2.69,7.67,1.11
52.68,-2.92,7.48,1.07
52.68,-3.12,7.26,1.11
52.68,-3.23,7.08,1.15
52.68,-3.31,6.90,1.23
52.68,-3.38,6.78,1.32
52.69,-3.45,6.76,1.44
52.69,-3.54,6.76,1.54
52.69,-3.59,6.73,1.68
52.69,-3.69,6.75,1.85
52.70,-3.66,6.75,2.02
52.70,-3.50,6.75,2.17
52.70,-3.35,6.77,2.30
52.70,-3.21,6.82,2.40
52.71,-3.12,6.85,2.59
52.71,-2.99,6.87,2.79
52.71,-2.92,6.92,2.95
52.71,-2.92,6.99,3.07
52.72,-2.91,7.00,3.20
52.72,-2.91,7.05,3.33
52.72,-2.89,7.09,3.40
52.72,-2.87,7.10,3.44
52.72,-2.83,7.13,3.50
52.73,-2.81,7.18,3.51
52.73,-2.74,7.20,3.53
52.73,-2.68,7.25,3.53
52.73,-2.65,7.32,3.51
52.74,-2.61,7.38,3.48
52.74,-2.57,7.48,3.49
52.74,-2.55,7.53,3.46
52.74,-2.58,7.57,3.36
52.75,-2.58,7.57,3.29
52.75,-2.54,7.57,3.23
52.75,-2.55,7.60,3.16
52.75,-2.59,7.63,3.07
52.76,-2.64,7.65,3.02
52.76,-2.75,7.69,2.95
52.76,-2.82,7.70,2.92
52.76,-2.87,7.74,2.90
52.77,-2.91,7.76,2.87
52.77,-2.97,7.77,2.86
52.77,-2.97,7.77,2.80
52.77,-2.96,7.85,2.84
52.77,-2.96,7.86,2.86
52.78,-2.95,7.88,2.94
52.78,-3.00,7.89,2.92
52.78,-2.98,7.96,2.78
52.78,-3.03,8.00,2.79
52.79,-3.14,8.04,2.85
52.79,-3.26,8.10,2.92
52.79,-3.41,8.11,2.90
52.79,-3.53,8.17,2.88
52.80,-3.60,8.24,2.91
52.80,-3.66,8.33,2.93
52.80,-3.72,8.38,2.97
52.80,-3.75,8.47,2.98
52.81,-3.73,8.52,2.97
52.81,-3.71,8.60,3.00
52.81,-3.70,8.68,3.02
52.81,-3.63,8.74,3.02
52.82,-3.62,8.81,3.06
52.82,-3.59,8.89,3.09
52.82,-3.59,8.93,3.15
52.82,-3.55,8.98,3.18
52.82,-3.53,9.04,3.22
52.83,-3.48,9.10,3.30
52.83,-3.42,9.17,3.38
52.83,-3.35,9.18,3.43
52.83,-3.30,9.11,3.53
52.84,-3.27,9.02,3.60
52.84,-3.29,8.88,3.68
52.84,-3.31,8.77,3.76
52.84,-3.36,8.66,3.85
52.85,-3.42,8.58,3.91
52.85,-3.51,8.45,4.04
52.85,-3.61,8.32,4.13
52.85,-3.68,8.17,4.17
52.86,-3.78,7.99,4.20
52.86,-3.85,7.86,4.21
52.86,-3.93,7.70,4.21
52.86,-4.01,7.58,4.21
52.87,-4.07,7.46,4.21
52.87,-4.09,7.32,4.21
52.87,-4.06,7.22,4.22
52.87,-4.05,7.13,4.25
52.87,-4.00,7.04,4.28
52.88,-3.92,7.03,4.35
52.88,-3.91,7.04,4.42
52.88,-3.92,7.01,4.47
52.88,-3.96,6.99,4.53
52.89,-3.99,7.00,4.63
52.89,-4.06,7.03,4.64
52.89,-4.05,7.04,4.70
52.89,-4.05,7.08,4.71
52.90,-4.05,7.10,4.75
52.90,-4.02,7.14,4.77
52.90,-3.95,7.18,4.74
52.90,-3.99,7.20,4.76
52.91,-3.98,7.26,4.76
52.91,-3.98,7.30,4.71
52.91,-3.95,7.33,4.68
52.91,-3.90,7.40,4.65
52.92,-3.86,7.42,4.62
52.92,-3.83,7.46,4.60
52.92,-3.82,7.44,4.57
52.92,-3.83,7.44,4.50
52.92,-3.85,7.44,4.48
52.93,-3.89,7.42,4.45
52.93,-3.88,7.41,4.41
52.93,-3.90,7.37,4.39
52.93,-3.92,7.34,4.36
52.94,-3.95,7.30,4.38
52.94,-3.97,7.28,4.38
52.94,-3.98,7.23,4.37
52.94,-4.03,7.17,4.37
52.95,-4.06,7.09,4.39
52.95,-4.10,7.01,4.39
52.95,-4.16,6.96,4.38
52.95,-4.19,6.85,4.37
52.96,-4.22,6.78,4.37
52.96,-4.26,6.68,4.35
52.96,-4.29,6.60,4.36
52.96,-4.35,6.50,4.36
52.96,-4.40,6.41,4.33
52.97,-4.45,6.33,4.36
52.97,-4.50,6.27,4.33
52.97,-4.51,6.18,4.32
52.97,-4.55,6.12,4.33
52.98,-4.60,6.09,4.31
52.98,-4.70,6.07,4.35
52.98,-4.76,6.04,4.39
52.98,-4.81,5.99,4.39
52.99,-4.85,5.99,4.41
52.99,-4.92,6.02,4.46
52.99,-4.99,6.05,4.51
52.99,-5.08,6.14,4.57
53.00,-5.16,6.23,4.59
53.00,-5.30,6.30,4.63
53.00,-5.50,6.40,4.67
53.00,-5.66,6.56,4.65
53.01,-5.79,6.73,4.69
53.01,-5.86,6.86,4.72
53.01,-5.87,6.99,4.74
53.01,-5.93,7.10,4.74
53.01,-5.98,7.21,4.71
53.02,-6.03,7.34,4.66
53.02,-6.10,7.49,4.62
53.02,-6.14,7.62,4.56
53.02,-6.17,7.77,4.48
53.03,-6.20,7.91,4.40
53.03,-6.22,8.10,4.30
53.03,-6.25,8.23,4.17
53.03,-6.25,8.39,4.05
53.04,-6.23,8.56,3.94
53.04,-6.21,8.71,3.81
53.04,-6.16,8.85,3.70
53.04,-6.15,8.95,3.64
53.05,-6.13,9.09,3.57
53.05,-6.13,9.14,3.53
53.05,-6.16,9.23,3.50
53.05,-6.20,9.27,3.52
53.06,-6.25,9.29,3.56
53.06,-6.32,9.26,3.67
53.06,-6.38,9.22,3.80
53.06,-6.43,9.17,3.98
53.06,-6.44,9.07,4.19
53.07,-6.45,8.93,4.41
53.07,-6.43,8.81,4.63
53.07,-6.36,8.72,4.89
53.07,-6.28,8.63,5.12
53.08,-6.21,8.51,5.29
53.08,-6.14,8.42,5.48
53.08,-6.10,8.31,5.63
53.08,-6.05,8.24,5.75
53.09,-6.02,8.14,5.86
53.09,-5.98,8.06,5.93
53.09,-5.96,7.96,6.02
53.09,-5.91,7.88,6.06
53.10,-5.85,7.78,6.05
53.10,-5.75,7.73,6.03
53.10,-5.66,7.63,5.92
53.10,-5.67,7.53,5.85
53.11,-5.67,7.51,5.76
53.11,-5.66,7.47,5.60
53.11,-5.63,7.48,5.51
53.11,-5.55,7.48,5.34
53.11,-5.52,7.47,5.13
53.12,-5.45,7.55,4.94
53.12,-5.41,7.65,4.72
53.12,-5.38,7.76,4.53
53.12,-5.34,7.88,4.34
53.13,-5.34,8.00,4.18
53.13,-5.30,8.10,4.09
53.13,-5.21,8.23,4.01
53.13,-5.10,8.38,4.02
53.14,-5.00,8.49,3.97
53.14,-4.86,8.66,4.07
53.14,-4.76,8.77,4.10
53.14,-4.63,8.85,4.19
53.15,-4.47,8.93,4.31
53.15,-4.26,8.96,4.40
53.15,-4.02,9.01,4.53
53.15,-3.75,8.94,4.58
53.15,-3.46,8.88,4.61
53.16,-3.18,8.80,4.60
53.16,-2.98,8.71,4.54
53.16,-2.80,8.64,4.49
53.16,-2.63,8.58,4.39
53.17,-2.50,8.56,4.29
53.17,-2.41,8.53,4.24
53.17,-2.35,8.55,4.14
53.17,-2.34,8.59,4.03
53.18,-2.36,8.70,3.94
53.18,-2.42,8.82,3.84
53.18,-2.46,8.99,3.75
53.18,-2.48,9.20,3.64
53.19,-2.52,9.47,3.57
53.19,-2.54,9.77,3.51
53.19,-2.55,10.07,3.44
53.19,-2.57,10.43,3.35
53.20,-2.59,10.80,3.25
53.20,-2.58,11.23,3.14
53.20,-2.60,11.71,3.02
53.20,-2.61,12.17,2.88
53.20,-2.61,12.63,2.73
53.21,-2.61,13.10,2.64
53.21,-2.65,13.49,2.63
53.21,-2.83,13.93,2.65
53.21,-3.10,14.24,2.76
53.22,-3.32,14.55,2.87
53.22,-3.57,14.76,2.99
53.22,-3.85,14.94,3.06
53.22,-4.10,14.98,3.16
53.23,-4.31,14.85,3.22
53.23,-4.42,14.52,3.18
53.23,-4.36,14.07,3.11
53.23,-4.14,13.53,2.92
53.24,-3.79,12.94,2.71
53.24,-3.42,12.35,2.49
53.24,-3.11,11.78,2.24
53.24,-2.90,11.21,1.96
53.25,-2.72,10.72,1.69
53.25,-2.63,10.27,1.41
53.25,-2.49,9.89,1.17
53.25,-2.38,9.51,0.99
53.25,-2.27,9.23,0.79
53.26,-2.04,8.98,0.65
53.26,-1.78,8.77,0.49
53.26,-1.48,8.63,0.39
53.26,-1.25,8.47,0.37
53.27,-1.00,8.28,0.41
53.27,-0.80,8.07,0.46
53.27,-0.61,7.96,0.57
53.27,-0.43,7.84,0.73
53.28,-0.32,7.79,0.89
53.28,-0.25,7.70,1.05
53.28,-0.10,7.67,1.30
53.28,0.01,7.62,1.53
53.29,0.03,7.55,1.79
53.29,0.15,7.47,2.00
53.29,0.37,7.42,2.20
53.29,0.62,7.46,2.41
53.30,0.86,7.47,2.61
53.30,1.04,7.50,2.75
53.30,1.14,7.52,2.80
53.30,1.15,7.51,2.83
53.30,1.14,7.44,2.87
53.31,1.13,7.40,2.85
53.31,1.09,7.41,2.85
53.31,0.96,7.50,2.80
53.31,0.81,7.62,2.77
53.32,0.67,7.74,2.64
53.32,0.48,7.83,2.53
53.32,0.27,7.93,2.44
53.32,0.03,8.07,2.37
53.33,-0.25,8.21,2.38
53.33,-0.54,8.40,2.39
53.33,-0.85,8.62,2.42
53.33,-1.17,8.82,2.47
53.34,-1.49,8.98,2.52
53.34,-1.76,9.14,2.56
53.34,-2.20,9.38,2.62
53.34,-2.58,9.54,2.69
53.35,-2.85,9.63,2.72
53.35,-3.15,9.69,2.74
53.35,-3.44,9.74,2.77
53.35,-3.81,9.75,2.82
53.35,-4.21,9.77,2.91
53.36,-4.58,9.73,2.90
53.36,-4.92,9.73,2.95
53.36,-5.19,9.74,3.03
53.36,-5.18,9.68,3.23
53.37,-4.83,9.51,3.36
53.37,-5.14,9.49,3.21
53.37,-5.52,9.47,2.84
53.37,-5.51,9.44,2.66
53.38,-5.55,9.39,2.56
53.38,-5.55,9.35,2.50
53.38,-5.35,9.30,2.47
53.38,-4.92,9.31,2.45
53.39,-4.33,9.33,2.42
53.39,-3.81,9.39,2.40
53.39,-3.40,9.40,2.36
53.39,-3.03,9.39,2.35
53.39,-2.69,9.37,2.37
53.40,-2.41,9.33,2.43
53.40,-2.16,9.29,2.50
53.40,-1.98,9.19,2.51
53.40,-1.82,9.14,2.57
53.41,-1.71,9.15,2.64
53.41,-1.55,9.17,2.75
53.41,-1.35,9.24,2.85
53.41,-1.11,9.25,2.88
53.42,-0.95,9.30,2.93
53.42,-0.83,9.36,2.92
53.42,-0.78,9.33,2.95
53.42,-0.81,9.32,2.93
53.43,-0.83,9.25,2.99
53.43,-0.92,9.16,3.07
53.43,-0.99,9.06,3.16
53.43,-1.07,8.90,3.28
53.44,-1.13,8.68,3.41
53.44,-1.32,8.49,3.49
53.44,-1.63,8.30,3.52
53.44,-1.91,8.12,3.58
53.44,-2.19,7.95,3.67
53.45,-2.49,7.77,3.78
53.45,-2.70,7.62,3.84
53.45,-2.82,7.44,3.92
53.45,-2.96,7.33,4.05
53.46,-3.07,7.21,4.18
53.46,-3.11,7.08,4.25
53.46,-3.14,7.03,4.31
53.46,-3.33,6.99,4.28
53.47,-3.55,6.94,4.21
53.47,-3.70,6.90,4.16
53.47,-3.73,6.91,4.06
53.47,-3.72,6.99,3.96
53.48,-3.68,7.08,3.83
53.48,-3.69,7.14,3.77
53.48,-3.66,7.24,3.65
53.48,-3.63,7.33,3.52
53.49,-3.62,7.43,3.37
53.49,-3.58,7.53,3.23
53.49,-3.54,7.68,3.11
53.49,-3.47,7.84,3.01
53.49,-3.42,7.99,2.90
53.50,-3.37,8.16,2.85
53.50,-3.27,8.35,2.83
53.50,-3.20,8.54,2.96
53.50,-3.18,8.65,2.97
53.51,-3.09,8.77,2.88
53.51,-2.98,8.92,2.92
53.51,-2.92,9.04,3.00
53.51,-2.86,9.18,3.05
53.52,-2.79,9.27,3.13
53.52,-2.75,9.38,3.25
53.52,-2.75,9.47,3.34
53.52,-2.76,9.55,3.44
53.53,-2.77,9.59,3.51
53.53,-2.78,9.60,3.57
53.53,-2.79,9.61,3.64
53.53,-2.81,9.58,3.71
53.54,-2.81,9.53,3.77
53.54,-2.82,9.48,3.81
53.54,-2.80,9.40,3.83
53.54,-2.81,9.28,3.81
53.54,-2.79,9.19,3.85
53.55,-2.76,9.09,3.85
53.55,-2.75,9.00,3.87
53.55,-2.74,8.92,3.88
53.55,-2.73,8.85,3.85
53.56,-2.71,8.76,3.84
53.56,-2.69,8.74,3.83
53.56,-2.68,8.67,3.82
53.56,-2.67,8.67,3.78
53.57,-2.67,8.64,3.78
53.57,-2.70,8.62,3.77
53.57,-2.68,8.65,3.76
53.57,-2.69,8.68,3.73
53.58,-2.68,8.72,3.70
53.58,-2.65,8.75,3.65
53.58,-2.65,8.79,3.59
53.58,-2.64,8.80,3.54
53.58,-2.63,8.88,3.49
53.59,-2.62,8.92,3.44
53.59,-2.61,8.96,3.38
53.59,-2.56,9.00,3.37
53.59,-2.54,9.02,3.33
53.60,-2.50,9.04,3.30
53.60,-2.44,9.09,3.28
53.60,-2.42,9.10,3.29
53.60,-2.40,9.13,3.25
53.61,-2.35,9.18,3.28
53.61,-2.29,9.19,3.29
53.61,-2.23,9.21,3.30
53.61,-2.19,9.22,3.36
53.62,-2.14,9.24,3.37
53.62,-2.09,9.25,3.40
53.62,-2.02,9.26,3.44
53.62,-1.96,9.26,3.46
53.63,-1.90,9.26,3.49
53.63,-1.86,9.24,3.50
53.63,-1.79,9.24,3.55
53.63,-1.77,9.26,3.61
53.63,-1.72,9.24,3.69
53.64,-1.64,9.25,3.75
53.64,-1.62,9.24,3.83
53.64,-1.57,9.25,3.92
53.64,-1.55,9.25,3.97
53.65,-1.57,9.25,4.07
53.65,-1.61,9.23,4.10
53.65,-1.67,9.23,4.19
53.65,-1.70,9.19,4.26
53.66,-1.72,9.16,4.32
53.66,-1.76,9.14,4.34
53.66,-1.76,9.11,4.37
53.66,-1.81,9.03,4.39
53.67,-1.80,8.99,4.40
53.67,-1.82,8.94,4.44
53.67,-1.83,8.88,4.47
53.67,-1.85,8.81,4.52
53.68,-1.89,8.76,4.55
53.68,-1.94,8.70,4.60
53.68,-1.97,8.65,4.66
53.68,-2.03,8.61,4.70
53.68,-2.07,8.56,4.79
53.69,-2.13,8.51,4.87
53.69,-2.16,8.47,4.95
53.69,-2.18,8.42,5.03
53.69,-2.25,8.41,5.13
53.70,-2.28,8.35,5.21
53.70,-2.34,8.29,5.28
53.70,-2.39,8.25,5.35
53.70,-2.49,8.19,5.38
53.71,-2.57,8.16,5.42
53.71,-2.68,8.10,5.43
53.71,-2.76,8.05,5.43
53.71,-2.84,7.97,5.50
53.72,-2.94,7.92,5.50
53.72,-3.07,7.88,5.51
53.72,-3.17,7.82,5.55
53.72,-3.32,7.77,5.56
53.73,-3.48,7.71,5.58
53.73,-3.61,7.63,5.63
53.73,-3.78,7.57,5.71
53.73,-3.93,7.53,5.74
53.73,-4.07,7.51,5.81
53.74,-4.24,7.44,5.85
53.74,-4.38,7.41,5.86
53.74,-4.51,7.38,5.89
53.74,-4.67,7.35,5.86
53.75,-4.81,7.29,5.77
53.75,-4.95,7.24,5.67
53.75,-5.07,7.23,5.55
53.75,-5.19,7.20,5.43
53.76,-5.28,7.18,5.24
53.76,-5.39,7.16,5.07
53.76,-5.49,7.15,4.99
53.76,-5.60,7.13,4.87
53.77,-5.61,7.08,4.78
53.77,-5.53,7.06,4.66
53.77,-5.52,7.03,4.55
53.77,-5.47,6.95,4.47
53.78,-5.44,6.86,4.39
53.78,-5.41,6.79,4.32
53.78,-5.38,6.71,4.32
53.78,-5.32,6.66,4.31
53.78,-5.24,6.62,4.33
53.79,-5.12,6.58,4.34
53.79,-4.94,6.52,4.32
53.79,-4.72,6.48,4.33
53.79,-4.45,6.42,4.34
53.80,-4.24,6.39,4.37
53.80,-4.04,6.41,4.41
53.80,-3.82,6.40,4.47
53.80,-3.56,6.43,4.56
53.81,-3.35,6.48,4.68
53.81,-3.10,6.52,4.83
53.81,-2.91,6.54,4.95
53.81,-2.69,6.56,5.07
53.82,-2.50,6.54,5.15
53.82,-2.40,6.54,5.22
53.82,-2.30,6.46,5.28
53.82,-2.21,6.37,5.29
53.82,-2.11,6.27,5.27
53.83,-2.02,6.13,5.22
53.83,-1.92,5.99,5.12
53.83,-1.76,5.85,4.96
53.83,-1.57,5.71,4.81
53.84,-1.40,5.59,4.59
53.84,-1.28,5.42,4.38
53.84,-1.19,5.21,4.11
53.84,-1.15,5.02,3.85
53.85,-1.18,4.80,3.57
53.85,-1.28,4.60,3.30
53.85,-1.45,4.44,3.05
53.85,-1.65,4.32,2.78
53.86,-1.92,4.23,2.54
53.86,-2.17,4.23,2.25
53.86,-2.47,4.29,1.93
53.86,-2.74,4.46,1.64
53.87,-3.01,4.76,1.35
53.87,-3.36,5.09,1.07
53.87,-3.72,5.52,0.79
53.87,-4.08,6.03,0.53
53.87,-4.45,6.59,0.32
53.88,-4.81,7.27,0.13
53.88,-5.14,7.91,-0.09
53.88,-5.45,8.65,-0.30
53.88,-5.62,9.38,-0.48
53.89,-5.69,10.08,-0.65
53.89,-5.66,10.81,-0.79
53.89,-5.52,11.56,-0.84
53.89,-5.33,12.29,-0.92
53.90,-5.09,12.96,-0.88
53.90,-4.81,13.64,-0.83
53.90,-4.55,14.18,-0.70
53.90,-4.34,14.69,-0.51
53.91,-4.25,14.99,-0.32
53.91,-4.20,15.19,-0.03
53.91,-4.20,15.35,0.32
53.91,-4.19,15.40,0.72
53.92,-4.18,15.45,1.16
53.92,-4.22,15.41,1.61
53.92,-4.26,15.29,2.02
53.92,-4.29,15.16,2.38
53.92,-4.37,14.93,2.63
53.93,-4.45,14.71,2.80
53.93,-4.61,14.44,2.85
53.93,-4.82,14.11,2.79
53.93,-5.07,13.86,2.67
53.94,-5.33,13.61,2.47
53.94,-5.55,13.39,2.18
53.94,-5.78,13.20,1.87
53.94,-6.00,13.07,1.53
53.95,-6.18,12.91,1.18
53.95,-6.33,12.82,0.85
53.95,-6.47,12.70,0.55
53.95,-6.60,12.57,0.29
53.96,-6.73,12.48,0.07
53.96,-6.86,12.34,-0.08
53.96,-6.98,12.26,-0.16
53.96,-7.15,12.19,-0.17
53.97,-7.29,12.16,-0.17
53.97,-7.40,12.15,-0.08
53.97,-7.48,12.16,0.00
53.97,-7.55,12.20,0.16
53.97,-7.53,12.26,0.37
53.98,-7.49,12.34,0.58
53.98,-7.41,12.43,0.86
53.98,-7.34,12.53,1.17
53.98,-7.27,12.62,1.41
53.99,-7.22,12.72,1.65
53.99,-7.16,12.79,1.88
53.99,-7.11,12.85,2.05
53.99,-7.00,12.89,2.17
54.00,-6.84,12.92,2.22
54.00,-6.59,12.92,2.24
54.00,-6.29,12.91,2.17
54.00,-6.01,12.88,1.93
54.01,-5.69,12.94,1.72
54.01,-5.29,12.98,1.63
54.01,-5.01,12.93,1.57
54.01,-4.70,12.89,1.52
54.01,-4.43,12.86,1.43
54.02,-4.17,12.79,1.45
54.02,-3.91,12.71,1.42
54.02,-3.67,12.65,1.40
54.02,-3.47,12.56,1.35
54.03,-3.26,12.45,1.31
54.03,-3.09,12.34,1.26
54.03,-3.00,12.19,1.21
54.03,-2.99,12.07,1.14
54.04,-2.97,11.84,1.15
54.04,-2.86,11.66,1.12
54.04,-2.78,11.41,1.15
54.04,-2.69,11.17,1.11
54.05,-2.62,10.94,1.05
54.05,-2.54,10.74,1.00
54.05,-2.48,10.56,0.91
54.05,-2.46,10.39,0.88
54.06,-2.41,10.18,0.86
54.06,-2.32,9.99,0.84
54.06,-2.33,9.72,0.81
54.06,-2.38,9.48,0.78
54.06,-2.46,9.21,0.73
54.07,-2.55,8.96,0.68
54.07,-2.67,8.71,0.65
54.07,-2.83,8.49,0.60
54.07,-2.92,8.25,0.58
54.08,-2.95,7.86,0.52
54.08,-2.97,7.40,0.52
54.08,-2.98,7.06,0.49
54.08,-3.26,6.86,0.49
54.09,-3.58,6.71,0.60
54.09,-3.75,6.53,0.74
54.09,-3.93,6.42,0.99
54.09,-4.03,6.30,1.23
54.10,-4.06,6.13,1.50
54.10,-4.04,6.03,1.72
54.10,-4.02,5.94,1.88
54.10,-4.03,5.92,2.05
54.11,-3.99,5.86,2.17
54.11,-3.96,5.82,2.27
54.11,-3.94,5.81,2.37
54.11,-3.95,5.78,2.50
54.11,-4.01,5.75,2.70
54.12,-3.96,5.81,2.91
54.12,-3.91,5.88,3.06
54.12,-3.82,5.93,3.23
54.12,-3.76,6.02,3.34
54.13,-3.73,6.01,3.42
54.13,-3.74,5.95,3.46
54.13,-3.72,5.91,3.48
54.13,-3.72,5.84,3.57
54.14,-3.77,5.77,3.62
54.14,-3.73,5.73,3.70
54.14,-3.65,5.66,3.72
54.14,-3.53,5.65,3.77
54.15,-3.40,5.68,3.84
54.15,-3.28,5.76,3.91
54.15,-3.17,5.90,3.96
54.15,-3.11,6.04,3.96
54.16,-3.01,6.20,3.93
54.16,-2.86,6.38,3.84
54.16,-2.68,6.50,3.73
54.16,-2.58,6.59,3.59
54.16,-2.58,6.67,3.49
54.17,-2.68,6.75,3.46
54.17,-2.79,6.79,3.43
54.17,-2.86,6.85,3.43
54.17,-2.94,6.86,3.41
54.18,-2.95,6.93,3.40
54.18,-2.90,6.98,3.38
54.18,-2.87,7.08,3.34
54.18,-2.83,7.20,3.29
54.19,-2.80,7.25,3.27
54.19,-2.76,7.32,3.22
54.19,-2.75,7.37,3.17
54.19,-2.74,7.42,3.12
54.20,-2.74,7.52,3.07
54.20,-2.77,7.60,3.03
54.20,-2.82,7.66,2.97
54.20,-2.89,7.71,2.95
54.21,-2.99,7.80,2.93
54.21,-3.10,7.86,2.94
54.21,-3.23,7.92,3.00
54.21,-3.32,7.99,3.04
54.21,-3.43,8.07,3.11
54.22,-3.57,8.16,3.21
54.22,-3.67,8.26,3.36
54.22,-3.74,8.33,3.44
54.22,-3.82,8.40,3.52
54.23,-3.86,8.53,3.55
54.23,-3.85,8.63,3.65
54.23,-3.87,8.68,3.77
54.23,-3.82,8.68,3.84
54.24,-3.71,8.70,3.90
54.24,-3.54,8.66,3.85
54.24,-3.36,8.66,3.82
54.24,-3.26,8.64,3.88
54.25,-3.15,8.63,3.93
54.25,-3.14,8.63,4.02
54.25,-3.18,8.60,4.07
54.25,-3.22,8.58,4.12
54.25,-3.23,8.51,4.16
54.26,-3.21,8.49,4.17
54.26,-3.21,8.48,4.20
54.26,-3.17,8.48,4.24
54.26,-3.12,8.43,4.30
54.27,-3.08,8.34,4.36
54.27,-3.08,8.26,4.44
54.27,-3.05,8.19,4.53
54.27,-3.05,8.15,4.67
54.28,-3.07,8.10,4.81
54.28,-3.10,8.06,4.94
54.28,-3.14,7.95,5.06
54.28,-3.17,7.80,5.16
54.29,-3.18,7.68,5.26
54.29,-3.23,7.61,5.35
54.29,-3.26,7.49,5.39
54.29,-3.29,7.39,5.41
54.30,-3.32,7.28,5.46
54.30,-3.37,7.20,5.50
54.30,-3.43,7.12,5.53
54.30,-3.52,7.02,5.50
54.30,-3.59,6.97,5.50
54.31,-3.64,6.94,5.50
54.31,-3.68,6.91,5.47
54.31,-3.73,6.89,5.45
54.31,-3.83,6.89,5.41
54.32,-3.95,6.86,5.37
54.32,-4.08,6.83,5.34
54.32,-4.21,6.80,5.25
54.32,-4.33,6.77,5.18
54.33,-4.40,6.78,5.06
54.33,-4.51,6.78,4.98
54.33,-4.57,6.81,4.88
54.33,-4.62,6.84,4.82
54.34,-4.67,6.88,4.78
54.34,-4.70,6.87,4.69
54.34,-4.75,6.89,4.68
54.34,-4.79,6.87,4.63
54.35,-4.81,6.87,4.63
54.35,-4.80,6.86,4.63
54.35,-4.86,6.82,4.63
54.35,-4.84,6.80,4.63
54.35,-4.86,6.76,4.64
54.36,-4.88,6.77,4.67
54.36,-4.89,6.72,4.62
54.36,-4.87,6.67,4.61
54.36,-4.87,6.63,4.59
54.37,-4.88,6.57,4.51
54.37,-4.90,6.51,4.46
54.37,-4.91,6.48,4.44
54.37,-4.93,6.46,4.41
54.38,-4.94,6.45,4.37
54.38,-4.99,6.42,4.35
54.38,-5.02,6.39,4.31
54.38,-5.06,6.37,4.28
54.39,-5.10,6.39,4.24
54.39,-5.13,6.39,4.21
54.39,-5.18,6.39,4.18
54.39,-5.24,6.42,4.16
54.40,-5.27,6.47,4.15
54.40,-5.27,6.48,4.19
54.40,-5.21,6.44,4.21
54.40,-5.10,6.44,4.25
54.40,-5.06,6.44,4.29
54.41,-5.07,6.44,4.31
54.41,-5.12,6.46,4.38
54.41,-5.21,6.49,4.39
54.41,-5.23,6.48,4.40
54.42,-5.30,6.50,4.42
54.42,-5.34,6.52,4.41
54.42,-5.40,6.52,4.43
54.42,-5.41,6.57,4.45
54.43,-5.39,6.61,4.46
54.43,-5.36,6.66,4.50
54.43,-5.30,6.75,4.47
54.43,-5.28,6.82,4.46
54.44,-5.26,6.87,4.42
54.44,-5.22,6.90,4.43
54.44,-5.20,6.95,4.40
54.44,-5.22,7.03,4.44
54.45,-5.20,7.11,4.42
54.45,-5.21,7.18,4.42
54.45,-5.17,7.25,4.41
54.45,-5.12,7.28,4.43
54.45,-5.12,7.37,4.41
54.46,-5.08,7.43,4.44
54.46,-5.06,7.54,4.44
54.46,-4.99,7.63,4.41
54.46,-4.92,7.76,4.40
54.47,-4.87,7.87,4.37
54.47,-4.80,7.99,4.35
54.47,-4.75,8.19,4.33
54.47,-4.74,8.36,4.34
54.48,-4.71,8.53,4.32
54.48,-4.68,8.70,4.35
54.48,-4.63,8.86,4.41
54.48,-4.59,9.04,4.46
54.49,-4.62,9.22,4.53
54.49,-4.64,9.38,4.66
54.49,-4.63,9.51,4.78
54.49,-4.66,9.66,4.92
54.49,-4.70,9.78,5.10
54.50,-4.71,9.84,5.22
54.50,-4.70,9.95,5.32
54.50,-4.72,10.00,5.42
54.50,-4.72,10.07,5.54
54.51,-4.72,10.09,5.60
54.51,-4.78,10.02,5.66
54.51,-4.79,9.92,5.69
54.51,-4.83,9.80,5.73
54.52,-4.86,9.65,5.76
54.52,-4.83,9.50,5.72
54.52,-4.83,9.35,5.59
54.52,-4.81,9.23,5.44
54.53,-4.82,9.19,5.28
54.53,-4.83,9.12,5.14
54.53,-4.79,9.13,4.98
54.53,-4.72,9.15,4.80
54.54,-4.63,9.24,4.66
54.54,-4.56,9.33,4.57
54.54,-4.52,9.51,4.54
54.54,-4.50,9.71,4.54
54.54,-4.52,9.94,4.61
54.55,-4.57,10.21,4.72
54.55,-4.64,10.49,4.83
54.55,-4.69,10.77,5.00
54.55,-4.72,11.07,5.15
54.56,-4.71,11.36,5.29
54.56,-4.67,11.63,5.38
54.56,-4.59,11.88,5.41
54.56,-4.46,12.14,5.42
54.57,-4.33,12.35,5.37
54.57,-4.19,12.51,5.22
54.57,-3.93,12.64,5.02
54.57,-3.71,12.74,4.78
54.58,-3.54,12.72,4.48
54.58,-3.47,12.62,4.11
54.58,-3.53,12.46,3.86
54.58,-3.65,12.21,3.67
54.59,-3.73,11.98,3.52
54.59,-3.76,11.76,3.43
54.59,-3.75,11.63,3.44
54.59,-3.71,11.50,3.48
54.59,-3.63,11.47,3.63
54.60,-3.48,11.45,3.70
54.60,-3.31,11.50,3.81
54.60,-3.16,11.52,3.88
54.60,-3.02,11.53,4.01
54.61,-2.87,11.59,4.17
54.61,-2.73,11.60,4.35
54.61,-2.71,11.49,4.54
54.61,-2.68,11.35,4.69
54.62,-2.87,11.19,4.84
54.62,-3.11,10.92,4.91
54.62,-3.30,10.66,4.92
54.62,-3.54,10.34,4.88
54.63,-3.77,10.02,4.77
54.63,-3.99,9.66,4.62
54.63,-4.16,9.27,4.42
54.63,-4.31,8.89,4.27
54.64,-4.47,8.53,4.07
54.64,-4.62,8.20,3.85
54.64,-4.73,7.92,3.66
54.64,-4.84,7.66,3.44
54.64,-4.92,7.37,3.23
54.65,-4.96,7.15,3.01
54.65,-4.98,6.94,2.78
54.65,-4.95,6.76,2.53
54.65,-4.84,6.58,2.30
54.66,-4.72,6.39,2.03
54.66,-4.56,6.24,1.80
54.66,-4.41,6.05,1.52
54.66,-4.24,5.87,1.24
54.67,-4.07,5.72,1.02
54.67,-3.92,5.61,0.79
54.67,-3.76,5.52,0.62
54.67,-3.65,5.47,0.44
54.68,-3.49,5.47,0.30
54.68,-3.39,5.48,0.18
54.68,-3.33,5.52,0.06
54.68,-3.22,5.56,-0.03
54.68,-3.15,5.63,-0.10
54.69,-3.02,5.77,-0.13
54.69,-2.87,5.89,-0.13
54.69,-2.72,6.06,-0.13
54.69,-2.55,6.23,-0.11
54.70,-2.44,6.41,0.02
54.70,-2.34,6.65,0.13
54.70,-2.23,6.85,0.24
54.70,-2.14,7.07,0.36
54.71,-2.04,7.25,0.49
54.71,-1.92,7.42,0.66
54.71,-1.87,7.57,0.82
54.71,-1.84,7.70,0.99
54.72,-1.85,7.79,1.19
54.72,-1.87,7.88,1.37
54.72,-1.97,7.96,1.58
54.72,-2.10,8.04,1.84
54.73,-2.25,8.13,2.05
54.73,-2.40,8.21,2.29
54.73,-2.51,8.29,2.54
54.73,-2.63,8.40,2.74
54.73,-2.71,8.51,2.91
54.74,-2.79,8.62,3.07
54.74,-2.91,8.77,3.19
54.74,-3.00,8.89,3.29
54.74,-3.11,9.02,3.34
54.75,-3.21,9.13,3.37
54.75,-3.32,9.20,3.34
54.75,-3.38,9.25,3.31
54.75,-3.44,9.22,3.28
54.76,-3.44,9.15,3.24
54.76,-3.43,9.05,3.17
54.76,-3.44,8.96,3.08
54.76,-3.56,8.94,2.82
54.77,-3.64,8.96,2.54
54.77,-3.67,8.98,2.31
54.77,-3.75,9.05,2.11
54.77,-3.81,9.11,1.96
54.78,-3.87,9.16,1.83
54.78,-3.91,9.19,1.75
54.78,-3.87,9.23,1.69
54.78,-3.66,9.25,1.70
54.78,-3.52,9.38,1.76
54.79,-3.27,9.49,1.84
54.79,-2.79,9.59,1.89
54.79,-2.31,9.66,1.95
54.79,-1.98,9.60,2.07
54.80,-1.94,9.59,2.38
54.80,-2.10,9.57,2.76
54.80,-2.21,9.65,2.95
54.80,-2.41,9.77,2.97
54.81,-2.58,9.94,3.09
54.81,-2.59,10.11,3.38
54.81,-2.48,10.34,3.61
54.81,-2.37,10.53,3.85
54.82,-2.17,10.67,4.10
54.82,-1.94,10.73,4.34
54.82,-1.72,10.73,4.57
54.82,-1.42,10.73,4.76
54.83,-1.02,10.71,4.90
54.83,-0.66,10.66,5.06
54.83,-0.33,10.63,5.18
54.83,-0.03,10.56,5.27
54.83,0.14,10.44,5.38
54.84,0.22,10.31,5.44
54.84,0.19,10.11,5.49
54.84,-0.03,9.86,5.50
54.84,-0.43,9.60,5.47
54.85,-0.90,9.36,5.41
54.85,-1.25,9.17,5.33
54.85,-1.54,9.00,5.27
54.85,-1.66,8.87,5.19
54.86,-1.63,8.67,5.18
54.86,-1.79,8.52,5.10
54.86,-2.18,8.40,4.89
54.86,-2.58,8.35,4.69
54.87,-2.95,8.29,4.45
54.87,-3.20,8.23,4.32
54.87,-3.39,8.20,4.22
54.87,-3.58,8.19,4.19
54.88,-3.81,8.21,4.19
54.88,-4.06,8.21,4.10
54.88,-4.30,8.25,3.86
54.88,-4.50,8.31,3.62
54.88,-4.61,8.38,3.48
54.89,-4.75,8.47,3.36
54.89,-4.85,8.57,3.24
54.89,-4.94,8.62,3.15
54.89,-5.03,8.70,3.05
54.90,-5.09,8.83,2.98
54.90,-5.19,8.93,2.94
54.90,-5.24,9.00,2.92
54.90,-5.29,9.09,2.90
54.91,-5.30,9.21,2.93
54.91,-5.22,9.29,2.95
54.91,-5.07,9.37,3.01
54.91,-4.86,9.48,3.12
54.92,-4.60,9.52,3.21
54.92,-4.31,9.56,3.36
54.92,-4.04,9.60,3.53
54.92,-3.81,9.61,3.68
54.92,-3.58,9.60,3.88
54.93,-3.40,9.52,4.08
54.93,-3.31,9.46,4.21
54.93,-3.24,9.39,4.34
54.93,-3.18,9.30,4.41
54.94,-3.13,9.20,4.47
54.94,-3.13,9.08,4.50
54.94,-3.11,8.93,4.50
54.94,-3.09,8.81,4.53
54.95,-3.09,8.68,4.55
54.95,-3.07,8.54,4.61
54.95,-3.08,8.40,4.65
54.95,-3.04,8.29,4.67
54.96,-3.04,8.17,4.72
54.96,-3.02,8.10,4.75
54.96,-3.04,8.03,4.76
54.96,-3.06,7.94,4.81
54.97,-3.07,7.90,4.82
54.97,-3.13,7.85,4.84
54.97,-3.20,7.80,4.85
54.97,-3.26,7.77,4.84
54.97,-3.31,7.78,4.83
54.98,-3.35,7.76,4.81
54.98,-3.37,7.76,4.82
54.98,-3.43,7.79,4.76
54.98,-3.43,7.82,4.74
54.99,-3.52,7.85,4.69
54.99,-3.60,7.85,4.64
54.99,-3.68,7.92,4.56
54.99,-3.75,7.95,4.47
55.00,-3.80,7.97,4.40
55.00,-3.84,8.02,4.35
55.00,-3.90,8.04,4.28
55.00,-4.01,8.10,4.22
55.01,-4.07,8.15,4.18
55.01,-4.13,8.20,4.13
55.01,-4.18,8.23,4.09
55.01,-4.20,8.27,4.08
55.02,-4.22,8.31,4.10
55.02,-4.21,8.33,4.10
55.02,-4.22,8.35,4.11
55.02,-4.20,8.36,4.16
55.02,-4.18,8.34,4.22
55.03,-4.15,8.33,4.28
55.03,-4.10,8.30,4.38
55.03,-4.06,8.28,4.49
55.03,-4.01,8.22,4.59
55.04,-3.96,8.16,4.70
55.04,-3.95,8.13,4.81
55.04,-3.95,8.05,4.90
55.04,-3.95,7.98,4.98
55.05,-3.98,7.88,5.13
55.05,-3.98,7.78,5.25
55.05,-3.94,7.68,5.36
55.05,-3.95,7.59,5.46
55.06,-4.00,7.53,5.55
55.06,-4.02,7.45,5.62
55.06,-4.06,7.34,5.67
55.06,-4.12,7.25,5.72
55.07,-4.16,7.16,5.76
55.07,-4.22,7.06,5.83
55.07,-4.23,6.96,5.90
55.07,-4.21,6.84,5.98
55.07,-4.19,6.75,6.11
55.08,-4.21,6.64,6.23
55.08,-4.31,6.53,6.30
55.08,-4.48,6.44,6.36
55.08,-4.70,6.39,6.40
55.09,-4.95,6.33,6.43
55.09,-5.18,6.24,6.38
55.09,-5.30,6.16,6.31
55.09,-5.38,6.08,6.19
55.10,-5.44,5.98,6.08
55.10,-5.47,5.87,5.93
55.10,-5.53,5.75,5.77
55.10,-5.60,5.63,5.59
55.11,-5.67,5.49,5.38
55.11,-5.75,5.41,5.14
55.11,-5.82,5.33,4.87
55.11,-5.90,5.20,4.62
55.11,-5.96,5.13,4.35
55.12,-6.01,5.07,4.09
55.12,-5.99,4.98,3.88
55.12,-5.95,4.87,3.66
55.12,-5.86,4.83,3.51
55.13,-5.71,4.74,3.35
55.13,-5.54,4.69,3.24
55.13,-5.34,4.63,3.21
55.13,-5.08,4.58,3.18
55.14,-4.79,4.53,3.20
55.14,-4.50,4.55,3.29
55.14,-4.16,4.53,3.38
55.14,-3.83,4.59,3.49
55.15,-3.46,4.63,3.60
55.15,-3.00,4.70,3.74
55.15,-2.61,4.79,3.89
55.15,-2.17,4.92,4.06
55.16,-1.73,5.08,4.22
55.16,-1.29,5.19,4.37
55.16,-0.91,5.35,4.50
55.16,-0.58,5.45,4.66
55.16,-0.27,5.55,4.77
55.17,0.01,5.59,4.87
55.17,0.31,5.58,4.93
55.17,0.60,5.58,4.94
55.17,0.83,5.52,4.96
55.18,1.06,5.48,4.95
55.18,1.25,5.41,4.89
55.18,1.38,5.36,4.82
55.18,1.54,5.34,4.74
55.19,1.68,5.32,4.70
55.19,1.83,5.29,4.65
55.19,1.94,5.28,4.54
55.19,2.03,5.25,4.41
55.20,2.10,5.18,4.27
55.20,2.12,5.13,4.01
55.20,2.04,5.05,3.66
55.20,1.89,4.95,3.33
55.21,1.65,4.81,2.92
55.21,1.38,4.69,2.49
55.21,1.09,4.51,2.06
55.21,0.83,4.36,1.62
55.21,0.56,4.25,1.23
55.22,0.25,4.18,0.86
55.22,-0.10,4.13,0.52
55.22,-0.52,4.15,0.21
55.22,-1.02,4.24,-0.05
55.23,-1.57,4.46,-0.25
55.23,-2.07,4.77,-0.41
55.23,-2.46,5.29,-0.53
55.23,-2.72,5.91,-0.68
55.24,-3.02,6.65,-0.79
55.24,-3.34,7.49,-0.84
55.24,-3.66,8.46,-0.84
55.24,-4.01,9.45,-0.88
55.25,-4.35,10.51,-0.98
55.25,-4.78,11.57,-0.97
55.25,-5.13,12.69,-0.94
55.25,-5.30,13.86,-0.94
55.26,-5.35,14.99,-0.93
55.26,-5.37,16.22,-0.90
55.26,-5.30,17.33,-0.75
55.26,-5.30,18.40,-0.49
55.26,-5.43,19.41,-0.19
55.27,-5.73,20.36,0.14
55.27,-6.19,21.24,0.46
55.27,-6.62,21.93,0.76
55.27,-7.19,22.50,1.07
55.28,-7.90,23.10,1.18
55.28,-8.45,23.40,1.26
55.28,-8.84,23.53,1.20
55.28,-9.09,23.40,0.97
55.29,-9.36,23.00,0.67
55.29,-9.60,22.23,0.30
55.29,-9.48,21.25,-0.11
55.29,-9.15,20.17,-0.48
55.30,-8.57,19.03,-0.84
55.30,-8.01,17.93,-1.21
55.30,-7.47,16.90,-1.54
55.30,-6.94,15.97,-1.78
55.31,-6.52,15.15,-1.89
55.31,-6.19,14.40,-1.93
55.31,-5.90,13.72,-1.84
55.31,-5.71,13.13,-1.69
55.31,-5.61,12.60,-1.55
55.32,-5.61,12.09,-1.43
55.32,-5.62,11.70,-1.22
55.32,-5.62,11.40,-1.04
55.32,-5.70,11.16,-0.80
55.33,-5.77,11.02,-0.57
55.33,-5.85,10.91,-0.31
55.33,-5.93,10.87,0.01
55.33,-5.98,10.92,0.35
55.34,-6.03,10.98,0.69
55.34,-6.08,11.11,1.06
55.34,-6.07,11.24,1.44
55.34,-6.04,11.42,1.80
55.35,-6.03,11.59,2.14
55.35,-6.04,11.76,2.43
55.35,-6.07,11.87,2.75
55.35,-6.03,12.02,2.97
55.35,-6.02,12.12,3.15
55.36,-5.99,12.15,3.27
55.36,-5.92,12.17,3.32
55.36,-5.83,12.18,3.34
55.36,-5.69,12.15,3.31
55.37,-5.57,12.11,3.24
55.37,-5.43,12.03,3.15
55.37,-5.33,11.91,3.02
55.37,-5.23,11.77,2.88
55.38,-5.11,11.65,2.74
55.38,-4.98,11.52,2.56
55.38,-4.83,11.36,2.41
55.38,-4.62,11.18,2.25
55.39,-4.43,11.02,2.11
55.39,-4.28,10.80,1.99
55.39,-4.11,10.61,1.90
55.39,-3.95,10.39,1.83
55.40,-3.77,10.18,1.75
55.40,-3.65,9.94,1.69
55.40,-3.52,9.72,1.68
55.40,-3.40,9.53,1.61
55.40,-3.30,9.27,1.61
55.41,-3.21,9.02,1.56
55.41,-3.14,8.79,1.54
55.41,-3.09,8.57,1.51
55.41,-3.02,8.34,1.50
55.42,-2.88,8.12,1.49
55.42,-2.75,7.89,1.55
55.42,-2.63,7.71,1.63
55.42,-2.57,7.53,1.71
55.43,-2.58,7.36,1.75
55.43,-2.56,7.18,1.76
55.43,-2.53,6.97,1.81
55.43,-2.57,6.80,1.85
55.44,-2.66,6.62,1.93
55.44,-2.79,6.44,1.95
55.44,-2.92,6.32,1.95
55.44,-3.02,6.23,1.93
55.45,-3.08,6.22,1.92
55.45,-3.10,6.24,1.91
55.45,-3.09,6.25,1.95
55.45,-3.04,6.26,2.06
55.45,-3.06,6.23,2.13
55.46,-3.13,6.20,2.13
55.46,-3.18,6.14,2.16
55.46,-3.21,6.03,2.16
55.46,-3.27,5.92,2.09
55.47,-3.30,5.83,2.08
55.47,-3.35,5.77,2.11
55.47,-3.36,5.72,2.20
55.47,-3.31,5.62,2.30
55.48,-3.20,5.54,2.44
55.48,-3.11,5.48,2.56
55.48,-3.08,5.46,2.73
55.48,-3.09,5.41,2.86
55.49,-3.07,5.37,3.00
55.49,-3.11,5.34,3.15
55.49,-3.10,5.28,3.22
55.49,-3.10,5.25,3.29
55.50,-3.09,5.26,3.37
55.50,-3.05,5.26,3.43
55.50,-2.99,5.27,3.47
55.50,-2.97,5.29,3.48
55.50,-2.92,5.32,3.55
55.51,-2.83,5.38,3.62
55.51,-2.72,5.41,3.68
55.51,-2.60,5.48,3.74
55.51,-2.50,5.61,3.79
55.52,-2.41,5.80,3.85
55.52,-2.30,6.01,3.91
55.52,-2.18,6.20,3.98
55.52,-2.06,6.35,4.03
55.53,-2.01,6.57,4.07
55.53,-2.03,6.80,4.14
55.53,-2.07,7.04,4.21
55.53,-2.15,7.31,4.32
55.54,-2.29,7.62,4.39
55.54,-2.39,7.89,4.46
55.54,-2.46,8.12,4.47
55.54,-2.50,8.35,4.49
55.54,-2.53,8.55,4.45
55.55,-2.54,8.76,4.43
55.55,-2.60,8.98,4.40
55.55,-2.64,9.17,4.38
55.55,-2.75,9.32,4.34
55.56,-2.81,9.44,4.33
55.56,-2.86,9.57,4.31
55.56,-2.85,9.67,4.25
55.56,-2.81,9.74,4.19
55.57,-2.75,9.79,4.12
55.57,-2.71,9.80,4.01
55.57,-2.58,9.79,3.92
55.57,-2.58,9.76,3.81
55.58,-2.59,9.72,3.75
55.58,-2.62,9.63,3.68
55.58,-2.68,9.49,3.65
55.58,-2.72,9.42,3.63
55.59,-2.73,9.27,3.63
55.59,-2.72,9.18,3.64
55.59,-2.67,9.10,3.62
55.59,-2.63,8.97,3.59
55.59,-2.54,8.86,3.55
55.60,-2.53,8.75,3.58
55.60,-2.53,8.60,3.62
55.60,-2.57,8.47,3.67
55.60,-2.68,8.36,3.72
55.61,-2.81,8.22,3.79
55.61,-2.92,8.10,3.83
55.61,-2.98,7.96,3.92
55.61,-3.04,7.89,4.04
55.62,-3.08,7.80,4.13
55.62,-3.13,7.68,4.28
55.62,-3.20,7.59,4.39
55.62,-3.19,7.51,4.51
55.63,-3.24,7.39,4.61
55.63,-3.31,7.27,4.69
55.63,-3.38,7.18,4.79
55.63,-3.49,7.07,4.89
55.64,-3.60,6.98,4.96
55.64,-3.67,6.91,5.06
55.64,-3.70,6.83,5.11
55.64,-3.77,6.75,5.18
55.64,-3.86,6.64,5.20
55.65,-3.91,6.53,5.23
55.65,-3.87,6.48,5.25
55.65,-3.86,6.46,5.26
55.65,-3.85,6.52,5.31
55.66,-3.86,6.53,5.30
55.66,-3.87,6.53,5.29
55.66,-3.94,6.50,5.29
55.66,-4.07,6.47,5.31
55.67,-4.24,6.41,5.35
55.67,-4.36,6.32,5.34
55.67,-4.47,6.25,5.31
55.67,-4.55,6.21,5.30
55.68,-4.59,6.20,5.28
55.68,-4.64,6.14,5.26
55.68,-4.71,6.13,5.24
55.68,-4.71,6.08,5.18
55.69,-4.77,6.03,5.16
55.69,-4.83,6.00,5.11
55.69,-4.89,5.94,5.04
55.69,-4.95,5.88,4.96
55.69,-5.01,5.85,4.90
55.70,-5.09,5.81,4.81
55.70,-5.18,5.76,4.72
55.70,-5.24,5.71,4.64
55.70,-5.35,5.67,4.52
55.71,-5.52,5.65,4.44
55.71,-5.63,5.58,4.36
55.71,-5.67,5.58,4.28
55.71,-5.69,5.62,4.18
55.72,-5.76,5.65,4.12
55.72,-5.84,5.67,4.03
55.72,-5.89,5.70,3.98
55.72,-5.98,5.75,3.98
55.73,-6.06,5.75,3.95
55.73,-6.14,5.81,3.92
55.73,-6.25,5.84,3.87
55.73,-6.38,5.92,3.84
55.74,-6.54,6.01,3.82
55.74,-6.67,6.06,3.80
55.74,-6.79,6.16,3.81
55.74,-6.85,6.31,3.80
55.74,-6.85,6.45,3.77
55.75,-6.84,6.59,3.79
55.75,-6.84,6.72,3.78
55.75,-6.85,6.87,3.78
55.75,-6.90,7.03,3.80
55.76,-6.94,7.17,3.80
55.76,-6.94,7.36,3.79
55.76,-6.88,7.50,3.76
55.76,-6.80,7.64,3.70
55.77,-6.67,7.84,3.67
55.77,-6.55,8.06,3.63
55.77,-6.37,8.31,3.59
55.77,-6.21,8.64,3.57
55.78,-6.09,8.93,3.54
55.78,-6.02,9.19,3.54
55.78,-6.01,9.36,3.61
55.78,-5.94,9.58,3.65
55.78,-5.98,9.83,3.73
55.79,-5.75,10.08,3.59
55.79,-5.93,10.23,3.79
55.79,-5.83,10.46,3.91
55.79,-5.86,10.61,4.07
55.80,-5.83,10.73,4.20
55.80,-5.79,10.81,4.35
55.80,-5.69,10.85,4.42
55.80,-5.60,10.91,4.55
55.81,-5.53,10.88,4.78
55.81,-5.58,10.82,5.03
55.81,-5.63,10.71,5.26
55.81,-5.71,10.54,5.48
55.82,-5.76,10.41,5.72
55.82,-5.84,10.22,5.97
55.82,-5.87,10.05,6.22
55.82,-5.92,9.85,6.46
55.83,-5.93,9.65,6.65
55.83,-5.94,9.43,6.81
55.83,-5.97,9.22,6.96
55.83,-6.00,9.03,7.07
55.83,-6.01,8.83,7.13
55.84,-6.01,8.64,7.14
55.84,-6.02,8.44,7.11
55.84,-6.01,8.27,6.99
55.84,-6.00,8.14,6.79
55.85,-5.97,8.05,6.56
55.85,-5.91,8.00,6.26
55.85,-5.85,8.02,5.95
55.85,-5.80,7.99,5.61
55.86,-5.76,7.99,5.29
55.86,-5.67,8.01,4.97
55.86,-5.61,8.03,4.69
55.86,-5.51,8.09,4.39
55.87,-5.42,8.13,4.14
55.87,-5.32,8.18,3.91
55.87,-5.20,8.25,3.75
55.87,-5.04,8.33,3.63
55.88,-4.80,8.47,3.55
55.88,-4.57,8.55,3.47
55.88,-4.29,8.70,3.38
55.88,-4.01,8.85,3.31
55.88,-3.74,9.04,3.28
55.89,-3.49,9.23,3.28
55.89,-3.31,9.47,3.34
55.89,-3.15,9.74,3.45
55.89,-3.02,10.03,3.63
55.90,-2.94,10.36,3.84
55.90,-2.93,10.71,4.09
55.90,-2.97,11.12,4.33
55.90,-3.01,11.55,4.61
55.91,-3.08,12.00,4.80
55.91,-3.07,12.50,5.02
55.91,-3.04,12.99,5.15
55.91,-2.97,13.45,5.22
55.92,-2.88,13.90,5.30
55.92,-2.77,14.27,5.31
55.92,-2.60,14.61,5.29
55.92,-2.45,14.84,5.20
55.93,-2.30,15.01,5.06
55.93,-2.15,15.01,4.85
55.93,-1.97,14.91,4.62
55.93,-1.80,14.63,4.34
55.93,-1.69,14.17,4.14
55.94,-1.58,13.50,3.97
55.94,-1.63,12.71,3.82
55.94,-1.70,11.90,3.69
55.94,-1.82,11.17,3.64
55.95,-1.87,10.51,3.59
55.95,-1.84,9.97,3.57
55.95,-1.79,9.52,3.49
55.95,-1.73,9.06,3.37
55.96,-1.70,8.69,3.22
55.96,-1.73,8.35,3.08
55.96,-1.83,7.97,2.92
55.96,-1.96,7.64,2.79
55.97,-2.11,7.33,2.67
55.97,-2.24,7.10,2.55
55.97,-2.34,6.84,2.43
55.97,-2.42,6.65,2.34
55.97,-2.54,6.48,2.30
55.98,-2.69,6.42,2.23
55.98,-2.85,6.37,2.14
55.98,-2.99,6.42,2.03
55.98,-3.06,6.46,1.87
55.99,-3.09,6.51,1.71
55.99,-3.05,6.54,1.50
55.99,-2.89,6.68,1.35
55.99,-2.75,6.86,1.19
56.00,-2.70,7.04,1.04
56.00,-2.70,7.24,0.83
56.00,-2.60,7.42,0.63
56.00,-2.39,7.59,0.46
56.01,-2.09,7.78,0.31
56.01,-1.84,7.93,0.16
56.01,-1.65,8.09,0.03
56.01,-1.51,8.29,-0.06
56.02,-1.39,8.53,-0.17
56.02,-1.31,8.77,-0.22
56.02,-1.23,8.94,-0.20
56.02,-1.19,9.10,-0.11
56.02,-1.25,9.27,0.02
56.03,-1.31,9.39,0.18
56.03,-1.42,9.57,0.40
56.03,-1.48,9.67,0.61
56.03,-1.50,9.82,0.87
56.04,-1.54,9.91,1.15
56.04,-1.61,9.99,1.38
56.04,-1.69,10.02,1.60
56.04,-1.76,10.01,1.81
56.05,-1.77,10.02,2.07
56.05,-1.72,10.00,2.32
56.05,-1.73,10.04,2.57
56.05,-1.75,10.02,2.80
56.06,-1.83,9.92,3.03
56.06,-2.07,9.77,3.23
56.06,-2.37,9.66,3.46
56.06,-2.55,9.57,3.70
56.07,-2.60,9.53,3.84
56.07,-2.58,9.44,3.92
56.07,-2.63,9.36,4.06
56.07,-2.64,9.27,4.21
56.07,-2.64,9.15,4.33
56.08,-2.70,9.08,4.52
56.08,-2.80,8.98,4.67
56.08,-2.92,8.88,4.79
56.08,-3.02,8.78,4.83
56.09,-3.14,8.66,4.89
56.09,-3.21,8.47,4.90
56.09,-3.28,8.28,4.89
56.09,-3.31,8.12,4.86
56.10,-3.25,7.96,4.83
56.10,-3.13,7.82,4.83
56.10,-2.96,7.72,4.86
56.10,-2.87,7.69,4.85
56.11,-2.83,7.64,4.75
56.11,-2.75,7.63,4.63
56.11,-2.65,7.63,4.55
56.11,-2.55,7.66,4.49
56.12,-2.24,7.71,4.42
56.12,-2.04,7.72,4.31
56.12,-1.96,7.72,4.11
56.12,-1.91,7.75,3.93
56.12,-1.84,7.80,3.66
56.13,-1.98,7.99,3.27
56.13,-2.18,8.09,3.11
56.13,-1.93,8.06,2.87
56.13,-1.54,8.10,2.61
56.14,-1.29,8.11,2.50
56.14,-1.14,8.06,2.48
56.14,-1.10,8.04,2.49
56.14,-1.22,8.01,2.52
56.15,-1.46,7.96,2.62
56.15,-1.76,7.89,2.67
56.15,-2.09,7.87,2.67
56.15,-2.36,7.80,2.69
56.16,-2.53,7.72,2.76
56.16,-2.59,7.69,2.88
56.16,-2.61,7.61,2.97
56.16,-2.65,7.54,3.04
56.17,-2.67,7.46,3.11
56.17,-2.67,7.39,3.19
56.17,-2.65,7.35,3.28
56.17,-2.61,7.29,3.38
56.17,-2.56,7.24,3.50
56.18,-2.52,7.20,3.65
56.18,-2.48,7.21,3.84
56.18,-2.50,7.21,4.00
56.18,-2.47,7.16,4.03
56.19,-2.46,7.17,3.95
56.19,-2.48,7.15,3.92
56.19,-2.48,7.16,3.87
56.19,-2.46,7.19,3.79
56.20,-2.46,7.22,3.71
56.20,-2.42,7.26,3.57
56.20,-2.34,7.32,3.45
56.20,-2.23,7.35,3.33
56.21,-2.13,7.45,3.26
56.21,-2.07,7.53,3.20
56.21,-1.99,7.63,3.21
56.21,-1.93,7.76,3.22
56.21,-1.87,7.91,3.32
56.22,-1.82,8.05,3.45
56.22,-1.78,8.27,3.62
56.22,-1.77,8.46,3.81
56.22,-1.79,8.65,3.98
56.23,-1.89,8.88,4.16
56.23,-2.00,9.10,4.37
56.23,-2.11,9.32,4.53
56.23,-2.24,9.48,4.69
56.24,-2.39,9.65,4.81
56.24,-2.56,9.75,4.90
56.24,-2.69,9.87,4.95
56.24,-2.86,9.92,4.95
56.25,-3.03,10.00,4.92
56.25,-3.17,10.00,4.89
56.25,-3.32,10.01,4.81
56.25,-3.45,10.03,4.78
56.26,-3.56,10.01,4.76
56.26,-3.71,10.00,4.76
56.26,-3.83,9.96,4.80
56.26,-4.00,9.89,4.85
56.26,-4.14,9.83,4.97
56.27,-4.29,9.79,5.07
56.27,-4.40,9.71,5.20
56.27,-4.51,9.62,5.32
56.27,-4.62,9.54,5.44
56.28,-4.72,9.50,5.50
56.28,-4.77,9.39,5.63
56.28,-4.82,9.29,5.71
56.28,-4.87,9.24,5.80
56.29,-4.94,9.14,5.87
56.29,-4.95,9.06,5.89
56.29,-5.03,8.98,5.94
56.29,-5.13,8.89,5.99
56.30,-5.17,8.77,6.07
56.30,-5.23,8.73,6.13
56.30,-5.30,8.61,6.16
56.30,-5.34,8.49,6.24
56.31,-5.37,8.35,6.30
56.31,-5.43,8.22,6.36
56.31,-5.47,8.09,6.41
56.31,-5.52,7.94,6.47
56.31,-5.60,7.80,6.51
56.32,-5.65,7.65,6.60
56.32,-5.69,7.53,6.61
56.32,-5.77,7.38,6.65
56.32,-5.83,7.22,6.71
56.33,-5.89,7.06,6.73
56.33,-5.95,6.96,6.78
56.33,-6.02,6.86,6.76
56.33,-6.06,6.79,6.78
56.34,-6.15,6.70,6.78
56.34,-6.23,6.58,6.82
56.34,-6.33,6.49,6.82
56.34,-6.38,6.37,6.82
56.35,-6.40,6.27,6.81
56.35,-6.45,6.15,6.79
56.35,-6.46,6.09,6.76
56.35,-6.48,5.97,6.70
56.36,-6.47,5.85,6.64
56.36,-6.44,5.74,6.53
56.36,-6.39,5.64,6.37
56.36,-6.34,5.49,6.20
56.36,-6.25,5.35,6.00
56.37,-6.14,5.20,5.73
56.37,-6.03,5.04,5.40
56.37,-5.89,4.87,5.08
56.37,-5.73,4.67,4.70
56.38,-5.57,4.46,4.32
56.38,-5.40,4.20,3.92
56.38,-5.22,3.99,3.60
56.38,-5.06,3.73,3.27
56.39,-4.87,3.48,3.02
56.39,-4.69,3.22,2.81
56.39,-4.45,2.96,2.59
56.39,-4.22,2.73,2.43
56.40,-3.98,2.49,2.29
56.40,-3.74,2.28,2.16
56.40,-3.50,2.09,2.06
56.40,-3.25,1.89,1.98
56.40,-2.95,1.71,1.89
56.41,-2.72,1.57,1.85
56.41,-2.40,1.43,1.77
56.41,-2.06,1.28,1.72
56.41,-1.66,1.16,1.66
56.42,-1.29,1.09,1.61
56.42,-0.88,1.06,1.49
56.42,-0.48,1.07,1.42
56.42,-0.06,1.12,1.28
56.43,0.34,1.20,1.20
56.43,0.75,1.33,1.14
56.43,1.09,1.56,1.11
56.43,1.45,1.77,1.10
56.44,1.83,2.07,1.12
56.44,2.12,2.37,1.18
56.44,2.44,2.68,1.25
56.44,2.71,3.03,1.33
56.45,2.97,3.32,1.39
56.45,3.22,3.64,1.44
56.45,3.39,3.94,1.47
56.45,3.53,4.23,1.46
56.45,3.59,4.55,1.40
56.46,3.57,4.92,1.36
56.46,3.50,5.27,1.33
56.46,3.37,5.66,1.35
56.46,3.19,6.10,1.39
56.47,2.98,6.61,1.45
56.47,2.73,7.17,1.52
56.47,2.43,7.80,1.57
56.47,2.04,8.53,1.62
56.48,1.49,9.29,1.67
56.48,0.86,10.11,1.78
56.48,0.10,11.03,1.90
56.48,-0.76,12.08,2.06
56.49,-1.62,13.12,2.18
56.49,-2.39,14.20,2.25
56.49,-2.99,15.54,2.30
56.49,-3.36,16.86,2.29
56.50,-3.41,18.26,2.29
56.50,-3.31,19.72,2.31
56.50,-3.08,21.05,2.41
56.50,-2.79,22.11,2.58
56.50,-2.66,23.06,2.83
56.51,-2.60,23.79,3.22
56.51,-2.80,24.20,3.52
56.51,-3.14,24.42,3.63
56.51,-3.56,24.33,3.44
56.52,-4.06,23.92,3.05
56.52,-4.59,23.28,2.44
56.52,-5.13,22.44,1.71
56.52,-5.67,21.58,0.89
56.53,-6.19,20.73,0.08
56.53,-6.66,19.96,-0.79
56.53,-7.05,19.25,-1.65
56.53,-7.30,18.56,-2.43
56.54,-7.48,17.85,-3.19
56.54,-7.68,17.15,-3.84
56.54,-7.84,16.47,-4.29
56.54,-7.82,15.76,-4.60
56.55,-7.72,15.08,-4.68
56.55,-7.56,14.46,-4.61
56.55,-7.40,13.96,-4.38
56.55,-7.23,13.55,-4.01
56.55,-7.05,13.24,-3.55
56.56,-6.93,13.02,-3.04
56.56,-6.85,12.89,-2.44
56.56,-6.80,12.79,-1.78
56.56,-6.76,12.71,-1.09
56.57,-6.75,12.61,-0.39
56.57,-6.74,12.60,0.33
56.57,-6.76,12.54,0.99
56.57,-6.80,12.52,1.63
56.58,-6.78,12.47,2.24
56.58,-6.75,12.44,2.79
56.58,-6.73,12.44,3.29
56.58,-6.67,12.44,3.80
56.59,-6.54,12.43,4.25
56.59,-6.42,12.45,4.61
56.59,-6.28,12.46,4.89
56.59,-6.20,12.46,5.13
56.60,-6.11,12.52,5.32
56.60,-6.03,12.53,5.47
56.60,-5.86,12.54,5.57
56.60,-5.63,12.59,5.54
56.60,-5.41,12.59,5.44
56.61,-5.12,12.57,5.29
56.61,-4.87,12.57,5.06
56.61,-4.64,12.53,4.78
56.61,-4.49,12.52,4.48
56.62,-4.28,12.45,4.15
56.62,-4.11,12.36,3.80
56.62,-3.90,12.24,3.40
56.62,-3.68,12.09,3.01
56.63,-3.48,11.91,2.62
56.63,-3.31,11.82,2.28
56.63,-3.15,11.65,1.95
56.63,-2.98,11.47,1.65
56.64,-2.81,11.28,1.35
56.64,-2.69,11.07,1.09
56.64,-2.57,10.89,0.87
56.64,-2.45,10.69,0.69
56.64,-2.27,10.46,0.55
56.65,-2.17,10.23,0.42
56.65,-2.09,10.04,0.33
56.65,-2.03,9.84,0.26
56.65,-1.97,9.64,0.22
56.66,-1.96,9.46,0.15
56.66,-2.00,9.27,0.07
56.66,-2.03,9.04,0.00
56.66,-2.07,8.81,-0.03
56.67,-2.08,8.57,-0.01
56.67,-2.14,8.37,0.13
56.67,-2.21,8.17,0.29
56.67,-2.41,8.07,0.49
56.68,-2.74,7.92,0.72
56.68,-3.13,7.68,0.99
56.68,-3.43,7.41,1.22
56.68,-3.67,7.22,1.38
56.69,-3.81,7.07,1.41
56.69,-3.84,6.99,1.38
56.69,-3.76,6.89,1.33
56.69,-3.69,6.81,1.29
56.69,-3.61,6.75,1.22
56.70,-3.50,6.73,1.15
56.70,-3.44,6.64,1.16
56.70,-3.49,6.53,1.23
56.70,-3.57,6.43,1.32
56.71,-3.68,6.35,1.41
56.71,-3.81,6.32,1.44
56.71,-3.91,6.28,1.44
56.71,-4.02,6.22,1.43
56.72,-4.06,6.21,1.51
56.72,-3.97,6.17,1.64
56.72,-3.76,6.16,1.77
56.72,-3.56,6.18,1.98
56.73,-3.41,6.22,2.11
56.73,-3.34,6.24,2.17
56.73,-3.34,6.15,2.24
56.73,-3.42,6.10,2.31
56.74,-3.50,6.04,2.41
56.74,-3.49,6.06,2.51
56.74,-3.38,6.08,2.66
56.74,-3.27,6.12,2.80
56.74,-3.22,6.16,2.93
56.75,-3.21,6.25,3.05
56.75,-3.19,6.36,3.12
56.75,-3.17,6.50,3.20
56.75,-3.18,6.56,3.22
56.76,-3.21,6.69,3.26
56.76,-3.31,6.75,3.28
56.76,-3.37,6.85,3.33
56.76,-3.44,6.91,3.31
56.77,-3.49,7.00,3.34
56.77,-3.48,7.07,3.33
56.77,-3.48,7.15,3.31
56.77,-3.46,7.27,3.34
56.78,-3.41,7.38,3.32
56.78,-3.38,7.46,3.34
56.78,-3.37,7.54,3.38
56.78,-3.31,7.63,3.36
56.79,-3.24,7.70,3.37
56.79,-3.18,7.81,3.36
56.79,-3.08,7.89,3.33
56.79,-3.03,7.95,3.24
56.79,-3.02,7.99,3.18
56.80,-3.03,8.00,3.16
56.80,-3.05,7.98,3.14
56.80,-2.99,7.95,3.12
56.80,-2.92,7.91,3.10
56.81,-2.83,7.80,3.07
56.81,-2.78,7.72,3.04
56.81,-2.75,7.69,3.05
56.81,-2.77,7.63,3.07
56.82,-2.83,7.58,3.13
56.82,-2.93,7.56,3.16
56.82,-3.11,7.56,3.21
56.82,-3.29,7.58,3.29
56.83,-3.45,7.58,3.35
56.83,-3.54,7.62,3.38
56.83,-3.60,7.66,3.48
56.83,-3.65,7.68,3.53
56.83,-3.70,7.73,3.57
56.84,-3.69,7.74,3.65
56.84,-3.72,7.77,3.73
56.84,-3.74,7.77,3.76
56.84,-3.75,7.80,3.81
56.85,-3.78,7.77,3.87
56.85,-3.82,7.83,3.91
56.85,-3.85,7.82,3.93
56.85,-3.88,7.84,3.98
56.86,-3.85,7.85,4.02
56.86,-3.80,7.84,4.03
56.86,-3.77,7.83,4.03
56.86,-3.72,7.80,4.02
56.87,-3.71,7.78,4.05
56.87,-3.71,7.81,4.06
56.87,-3.70,7.79,4.12
56.87,-3.70,7.74,4.17
56.88,-3.70,7.71,4.21
56.88,-3.70,7.68,4.25
56.88,-3.72,7.66,4.34
56.88,-3.70,7.63,4.39
56.88,-3.68,7.60,4.46
56.89,-3.67,7.58,4.52
56.89,-3.63,7.56,4.59
56.89,-3.64,7.54,4.67
56.89,-3.65,7.51,4.77
56.90,-3.67,7.49,4.81
56.90,-3.70,7.48,4.90
56.90,-3.74,7.45,4.95
56.90,-3.76,7.39,4.97
56.91,-3.77,7.37,4.96
56.91,-3.76,7.37,4.95
56.91,-3.73,7.32,4.90
56.91,-3.76,7.26,4.87
56.92,-3.75,7.24,4.79
56.92,-3.78,7.25,4.76
56.92,-3.85,7.24,4.69
56.92,-3.92,7.23,4.61
56.93,-4.04,7.21,4.56
56.93,-4.12,7.22,4.54
56.93,-4.22,7.25,4.50
56.93,-4.31,7.28,4.51
56.93,-4.37,7.29,4.50
56.94,-4.45,7.33,4.53
56.94,-4.54,7.38,4.58
56.94,-4.61,7.41,4.66
56.94,-4.67,7.43,4.71
56.95,-4.73,7.48,4.77
56.95,-4.78,7.51,4.80
56.95,-4.78,7.53,4.79
56.95,-4.78,7.58,4.80
56.96,-4.79,7.61,4.78
56.96,-4.76,7.62,4.76
56.96,-4.68,7.63,4.71
56.96,-4.67,7.60,4.67
56.97,-4.67,7.57,4.62
56.97,-4.66,7.53,4.62
56.97,-4.64,7.47,4.58
56.97,-4.64,7.46,4.55
56.98,-4.60,7.39,4.56
56.98,-4.61,7.28,4.53
56.98,-4.65,7.22,4.53
56.98,-4.71,7.16,4.57
56.98,-4.75,7.09,4.57
56.99,-4.82,7.01,4.63
56.99,-4.90,6.91,4.64
56.99,-4.97,6.83,4.66
56.99,-5.01,6.78,4.68
57.00,-5.07,6.70,4.65
57.00,-5.11,6.66,4.63
57.00,-5.15,6.60,4.66
57.00,-5.17,6.56,4.67
57.01,-5.21,6.55,4.64
57.01,-5.24,6.57,4.62
57.01,-5.25,6.54,4.61
57.01,-5.28,6.53,4.57
57.02,-5.31,6.55,4.60
57.02,-5.35,6.55,4.59
57.02,-5.41,6.58,4.54
57.02,-5.42,6.66,4.56
57.03,-5.43,6.70,4.54
57.03,-5.46,6.78,4.53
57.03,-5.48,6.87,4.51
57.03,-5.52,6.96,4.48
57.03,-5.57,7.05,4.42
57.04,-5.57,7.17,4.36
57.04,-5.62,7.29,4.30
57.04,-5.61,7.39,4.20
57.04,-5.66,7.51,4.15
57.05,-5.72,7.60,4.10
57.05,-5.77,7.72,4.05
57.05,-5.85,7.77,4.05
57.05,-5.93,7.79,4.08
57.06,-6.06,7.82,4.12
57.06,-6.16,7.86,4.18
57.06,-6.24,7.87,4.28
57.06,-6.30,7.90,4.36
57.07,-6.28,7.92,4.52
57.07,-6.17,7.98,4.63
57.07,-6.07,8.00,4.68
57.07,-6.12,8.02,4.84
57.07,-6.18,8.03,5.00
57.08,-6.33,8.02,5.14
57.08,-6.35,8.03,5.29
57.08,-6.37,8.03,5.39
57.08,-6.39,8.06,5.49
57.09,-6.40,8.09,5.57
57.09,-6.43,8.06,5.65
57.09,-6.51,8.02,5.70
57.09,-6.53,8.01,5.73
57.10,-6.53,8.02,5.82
57.10,-6.55,8.01,5.81
57.10,-6.52,7.98,5.75
57.10,-6.49,7.96,5.72
57.11,-6.49,7.96,5.68
57.11,-6.44,7.97,5.63
57.11,-6.35,8.00,5.55
57.11,-6.20,8.05,5.45
57.12,-6.04,8.13,5.32
57.12,-5.85,8.28,5.15
57.12,-5.64,8.41,4.96
57.12,-5.38,8.61,4.80
57.12,-5.14,8.84,4.63
57.13,-4.91,9.09,4.50
57.13,-4.74,9.31,4.36
57.13,-4.58,9.56,4.22
57.13,-4.41,9.79,4.13
57.14,-4.26,10.02,4.07
57.14,-4.09,10.23,4.02
57.14,-3.89,10.40,3.98
57.14,-3.66,10.52,3.96
57.15,-3.43,10.66,3.93
57.15,-3.14,10.73,3.88
57.15,-2.87,10.78,3.81
57.15,-2.59,10.77,3.71
57.16,-2.34,10.70,3.63
57.16,-2.13,10.56,3.54
57.16,-2.00,10.40,3.47
57.16,-1.94,10.19,3.43
57.17,-1.95,9.99,3.38
57.17,-1.98,9.83,3.39
57.17,-2.10,9.66,3.46
57.17,-2.18,9.56,3.60
57.17,-2.31,9.50,3.78
57.18,-2.40,9.49,3.98
57.18,-2.45,9.50,4.22
57.18,-2.52,9.55,4.46
57.18,-2.55,9.61,4.70
57.19,-2.58,9.71,4.87
57.19,-2.56,9.78,5.04
57.19,-2.62,9.90,5.14
57.19,-2.62,10.00,5.22
57.20,-2.69,10.10,5.23
57.20,-2.80,10.21,5.22
57.20,-2.95,10.29,5.16
57.20,-3.14,10.41,5.08
57.21,-3.38,10.50,4.99
57.21,-3.67,10.61,4.89
57.21,-3.98,10.70,4.78
57.21,-4.33,10.79,4.63
57.22,-4.69,10.88,4.47
57.22,-5.04,10.97,4.34
57.22,-5.36,11.05,4.17
57.22,-5.66,11.07,4.01
57.22,-5.93,11.03,3.82
57.23,-6.15,10.91,3.65
57.23,-6.30,10.74,3.46
57.23,-6.38,10.49,3.22
57.23,-6.30,10.18,2.99
57.24,-6.08,9.85,2.75
57.24,-5.65,9.49,2.54
57.24,-5.10,9.16,2.31
57.24,-4.56,8.87,2.10
57.25,-4.13,8.59,1.87
57.25,-3.87,8.28,1.70
57.25,-3.71,8.01,1.54
57.25,-3.62,7.76,1.43
57.26,-3.53,7.57,1.33
57.26,-3.38,7.45,1.23
57.26,-3.22,7.38,1.11
57.26,-3.03,7.35,1.03
57.27,-2.90,7.32,0.94
57.27,-2.75,7.28,0.88
57.27,-2.57,7.30,0.84
57.27,-2.44,7.30,0.83
57.27,-2.40,7.30,0.86
57.28,-2.40,7.30,0.91
57.28,-2.39,7.31,0.97
57.28,-2.38,7.35,1.05
57.28,-2.29,7.38,1.14
57.29,-2.19,7.41,1.21
57.29,-2.05,7.47,1.29
57.29,-1.93,7.52,1.38
57.29,-1.84,7.58,1.44
57.30,-1.78,7.64,1.47
57.30,-1.74,7.68,1.50
57.30,-1.69,7.68,1.54
57.30,-1.62,7.70,1.53
57.31,-1.53,7.72,1.55
57.31,-1.50,7.72,1.57
57.31,-1.44,7.78,1.63
57.31,-1.40,7.87,1.71
57.31,-1.37,7.88,1.82
57.32,-1.37,7.92,1.95
57.32,-1.39,7.99,2.09
57.32,-1.44,8.06,2.24
57.32,-1.51,8.17,2.35
57.33,-1.63,8.28,2.47
57.33,-1.72,8.39,2.57
57.33,-1.83,8.51,2.62
57.33,-1.93,8.65,2.68
57.34,-2.06,8.73,2.68
57.34,-2.18,8.81,2.64
57.34,-2.32,8.92,2.60
57.34,-2.48,8.99,2.57
57.35,-2.61,9.10,2.47
57.35,-2.71,9.17,2.36
57.35,-2.88,9.31,2.30
57.35,-3.03,9.45,2.27
57.36,-3.20,9.57,2.29
57.36,-3.37,9.67,2.33
57.36,-3.57,9.77,2.33
57.36,-3.79,9.89,2.33
57.36,-4.01,10.01,2.30
57.37,-4.25,10.13,2.30
57.37,-4.44,10.26,2.31
57.37,-4.62,10.32,2.34
57.37,-4.72,10.39,2.37
57.38,-4.75,10.45,2.40
57.38,-4.65,10.52,2.47
57.38,-4.41,10.58,2.47
57.38,-4.05,10.59,2.33
57.39,-3.69,10.53,2.20
57.39,-3.34,10.48,2.10
57.39,-3.01,10.48,2.06
57.39,-2.71,10.45,2.13
57.40,-2.35,10.44,2.30
57.40,-1.98,10.38,2.51
57.40,-1.74,10.32,2.74
57.40,-1.62,10.25,2.89
57.41,-1.53,10.15,3.04
57.41,-1.49,10.06,3.15
57.41,-1.48,9.96,3.29
57.41,-1.47,9.90,3.44
57.41,-1.45,9.82,3.70
57.42,-1.45,9.83,4.00
57.42,-1.60,9.97,4.19
57.42,-1.59,10.14,4.29
57.42,-1.17,10.05,4.32
57.43,-0.81,10.03,4.39
57.43,-0.53,9.94,4.45
57.43,-0.31,9.83,4.50
57.43,-0.18,9.67,4.58
57.44,-0.05,9.54,4.65
57.44,0.10,9.37,4.70
57.44,0.24,9.16,4.79
57.44,0.25,8.99,4.86
57.45,0.16,8.87,4.88
57.45,-0.01,8.74,4.93
57.45,-0.38,8.61,4.97
57.45,-0.83,8.48,4.97
57.46,-1.23,8.36,4.94
57.46,-1.46,8.23,4.87
57.46,-1.64,8.08,4.81
57.46,-1.80,7.94,4.80
57.46,-1.93,7.85,4.78
57.47,-2.09,7.79,4.78
57.47,-2.27,7.73,4.77
57.47,-2.49,7.68,4.76
57.47,-2.75,7.60,4.70
57.48,-2.97,7.55,4.61
57.48,-3.16,7.51,4.44
57.48,-3.37,7.50,4.28
57.48,-3.56,7.50,4.13
57.49,-3.73,7.55,3.96
57.49,-3.86,7.60,3.75
57.49,-3.93,7.69,3.58
57.49,-3.93,7.75,3.42
57.50,-3.96,7.85,3.28
57.50,-3.97,7.94,3.15
57.50,-4.03,8.06,3.03
57.50,-4.01,8.19,2.89
57.50,-4.06,8.34,2.74
57.51,-4.05,8.46,2.58
57.51,-3.98,8.59,2.46
57.51,-3.88,8.74,2.42
57.51,-3.71,8.90,2.49
57.52,-3.50,9.03,2.59
57.52,-3.23,9.15,2.70
57.52,-2.88,9.22,2.83
57.52,-2.62,9.25,2.99
57.53,-2.41,9.29,3.09
57.53,-2.24,9.29,3.23
57.53,-2.12,9.24,3.33
57.53,-2.02,9.22,3.38
57.54,-1.94,9.15,3.42
57.54,-1.89,9.10,3.45
57.54,-1.82,9.06,3.46
57.54,-1.78,9.03,3.45
57.55,-1.76,8.97,3.46
57.55,-1.74,8.90,3.47
57.55,-1.77,8.85,3.48
57.55,-1.79,8.77,3.46
57.55,-1.79,8.73,3.49
57.56,-1.80,8.69,3.49
57.56,-1.79,8.64,3.54
57.56,-1.78,8.59,3.59
57.56,-1.77,8.57,3.63
57.57,-1.78,8.53,3.68
57.57,-1.74,8.52,3.74
57.57,-1.71,8.51,3.79
57.57,-1.67,8.51,3.85
57.58,-1.65,8.52,3.86
57.58,-1.59,8.55,3.87
57.58,-1.55,8.59,3.93
57.58,-1.47,8.60,3.96
57.59,-1.42,8.61,3.97
57.59,-1.40,8.63,3.96
57.59,-1.37,8.62,3.92
57.59,-1.38,8.57,3.85
57.60,-1.35,8.57,3.81
57.60,-1.30,8.53,3.76
57.60,-1.30,8.47,3.73
57.60,-1.27,8.44,3.68
57.60,-1.26,8.42,3.71
57.61,-1.25,8.39,3.77
57.61,-1.26,8.32,3.82
57.61,-1.26,8.26,3.92
57.61,-1.26,8.21,4.03
57.62,-1.27,8.17,4.17
57.62,-1.30,8.15,4.30
57.62,-1.33,8.08,4.48
57.62,-1.32,8.06,4.61
57.63,-1.39,8.02,4.78
57.63,-1.43,8.00,4.90
57.63,-1.48,7.98,5.01
57.63,-1.54,7.98,5.08
57.64,-1.62,7.97,5.14
57.64,-1.69,7.95,5.18
57.64,-1.76,7.96,5.23
57.64,-1.82,7.99,5.26
57.65,-1.91,8.02,5.29
57.65,-1.99,8.05,5.32
57.65,-2.07,8.09,5.37
57.65,-2.18,8.14,5.39
57.65,-2.28,8.19,5.44
57.66,-2.41,8.23,5.42
57.66,-2.56,8.30,5.43
57.66,-2.73,8.33,5.45
57.66,-2.88,8.40,5.43
57.67,-3.09,8.42,5.42
57.67,-3.30,8.47,5.40
57.67,-3.52,8.50,5.41
57.67,-3.76,8.54,5.41
57.68,-3.97,8.59,5.36
57.68,-4.19,8.66,5.32
57.68,-4.39,8.68,5.31
57.68,-4.58,8.67,5.29
57.69,-4.77,8.67,5.29
57.69,-4.92,8.64,5.27
57.69,-5.12,8.62,5.30
57.69,-5.31,8.54,5.36
57.70,-5.48,8.42,5.42
57.70,-5.72,8.31,5.49
57.70,-5.93,8.20,5.56
57.70,-6.11,8.05,5.62
57.70,-6.26,7.91,5.64
57.71,-6.36,7.75,5.65
57.71,-6.51,7.61,5.66
57.71,-6.58,7.47,5.67
57.71,-6.64,7.34,5.64
57.72,-6.67,7.22,5.62
57.72,-6.68,7.12,5.59
57.72,-6.68,7.02,5.59
57.72,-6.68,6.95,5.60
57.73,-6.58,6.88,5.61
57.73,-6.48,6.81,5.61
57.73,-6.42,6.81,5.64
57.73,-6.29,6.77,5.66
57.74,-6.19,6.74,5.64
57.74,-6.09,6.78,5.63
57.74,-6.02,6.79,5.61
57.74,-5.94,6.79,5.58
57.74,-5.92,6.80,5.54
57.75,-5.84,6.81,5.49
57.75,-5.85,6.87,5.43
57.75,-5.82,6.89,5.36
57.75,-5.76,6.95,5.18
57.76,-5.72,6.96,4.97
57.76,-5.74,7.03,4.84
57.76,-5.71,7.05,4.65
57.76,-5.70,7.06,4.45
57.77,-5.63,7.06,4.23
57.77,-5.54,7.07,3.99
57.77,-5.42,7.04,3.77
57.77,-5.29,7.09,3.58
57.78,-5.13,7.18,3.40
57.78,-4.98,7.27,3.28
57.78,-4.81,7.34,3.18
57.78,-4.61,7.47,3.17
57.79,-4.39,7.57,3.20
57.79,-4.15,7.66,3.27
57.79,-3.89,7.75,3.39
57.79,-3.60,7.82,3.53
57.79,-3.37,7.83,3.63
57.80,-3.25,7.98,3.80
57.80,-3.11,8.14,4.02
57.80,-2.95,8.25,4.32
57.80,-2.82,8.35,4.54
57.81,-2.72,8.42,4.75
57.81,-2.65,8.51,4.94
57.81,-2.56,8.57,5.10
57.81,-2.52,8.68,5.27
57.82,-2.51,8.78,5.39
57.82,-2.51,8.88,5.54
57.82,-2.50,8.92,5.69
57.82,-2.51,8.88,5.80
57.83,-2.53,8.82,5.95
57.83,-2.57,8.70,6.03
57.83,-2.65,8.57,6.08
57.83,-2.70,8.45,6.09
57.84,-2.68,8.34,6.06
57.84,-2.64,8.20,5.96
57.84,-2.62,8.08,5.85
57.84,-2.50,7.96,5.63
57.84,-2.43,7.80,5.36
57.85,-2.40,7.61,4.98
57.85,-2.31,7.45,4.50
57.85,-2.25,7.25,3.95
57.85,-2.18,7.07,3.32
57.86,-2.09,6.92,2.62
57.86,-2.05,6.77,1.92
57.86,-2.06,6.66,1.15
57.86,-2.11,6.64,0.43
57.87,-2.15,6.64,-0.25
57.87,-2.22,6.70,-0.87
57.87,-2.22,6.86,-1.43
57.87,-2.27,7.10,-1.85
57.88,-2.25,7.40,-2.19
57.88,-2.23,7.81,-2.46
57.88,-2.15,8.25,-2.69
57.88,-2.06,8.77,-2.87
57.89,-1.96,9.29,-3.02
57.89,-1.84,9.81,-3.14
57.89,-1.77,10.27,-3.23
57.89,-1.77,10.67,-3.24
57.89,-1.79,11.02,-3.19
57.90,-1.84,11.39,-3.13
57.90,-1.91,11.68,-3.06
57.90,-2.02,11.93,-3.00
57.90,-2.10,12.16,-2.92
57.91,-2.21,12.35,-2.83
57.91,-2.30,12.49,-2.68
57.91,-2.40,12.60,-2.49
57.91,-2.46,12.66,-2.27
57.92,-2.53,12.75,-2.04
57.92,-2.59,12.82,-1.74
57.92,-2.66,12.87,-1.47
57.92,-2.75,12.94,-1.14
57.93,-2.82,12.94,-0.85
57.93,-2.90,12.95,-0.56
57.93,-3.04,12.96,-0.25
57.93,-3.21,12.94,0.06
57.93,-3.39,12.88,0.33
57.94,-3.60,12.87,0.57
57.94,-3.84,12.84,0.80
57.94,-4.04,12.75,0.96
57.94,-4.28,12.65,1.07
57.95,-4.47,12.54,1.11
57.95,-4.71,12.48,1.13
57.95,-4.95,12.34,1.09
57.95,-5.11,12.22,1.04
57.96,-5.29,12.09,0.94
57.96,-5.53,11.94,0.90
57.96,-5.71,11.85,0.86
57.96,-5.82,11.75,0.80
57.97,-5.90,11.68,0.80
57.97,-6.01,11.68,0.86
57.97,-6.03,11.61,0.94
57.97,-6.05,11.59,1.08
57.98,-6.06,11.53,1.17
57.98,-6.02,11.51,1.33
57.98,-6.00,11.44,1.52
57.98,-5.92,11.37,1.68
57.98,-5.85,11.31,1.82
57.99,-5.74,11.25,1.90
57.99,-5.59,11.16,2.01
57.99,-5.46,11.12,2.09
57.99,-5.36,11.04,2.20
58.00,-5.18,10.97,2.24
58.00,-5.03,10.93,2.24
58.00,-4.85,10.88,2.27
58.00,-4.65,10.83,2.28
58.01,-4.48,10.76,2.28
58.01,-4.34,10.73,2.27
58.01,-4.24,10.73,2.28
58.01,-4.12,10.72,2.27
58.02,-4.00,10.73,2.23
58.02,-3.85,10.75,2.16
58.02,-3.70,10.76,2.08
58.02,-3.56,10.80,1.97
58.03,-3.36,10.83,1.84
58.03,-3.16,10.78,1.72
58.03,-2.98,10.80,1.53
58.03,-2.76,10.81,1.35
58.03,-2.56,10.77,1.19
58.04,-2.37,10.75,1.02
58.04,-2.16,10.73,0.86
58.04,-1.98,10.66,0.79
58.04,-1.75,10.56,0.79
58.05,-1.55,10.47,0.83
58.05,-1.40,10.37,0.88
58.05,-1.19,10.27,0.86
58.05,-1.02,10.12,0.85
58.06,-0.89,9.94,0.87
58.06,-0.86,9.75,0.90
58.06,-0.88,9.54,0.96
58.06,-0.91,9.32,1.06
58.07,-0.89,9.05,1.16
58.07,-0.79,8.82,1.24
58.07,-0.75,8.56,1.28
58.07,-0.60,8.36,1.32
58.08,-0.47,8.12,1.39
58.08,-0.55,7.92,1.46
58.08,-0.83,7.75,1.57
58.08,-0.97,7.55,1.68
58.08,-1.00,7.30,1.79
58.09,-1.14,7.07,1.88
58.09,-1.36,6.87,1.98
58.09,-1.70,6.73,2.04
58.09,-1.97,6.61,2.09
58.10,-2.24,6.51,2.11
58.10,-2.42,6.46,2.13
58.10,-2.58,6.41,2.16
58.10,-2.70,6.41,2.21
58.11,-2.82,6.38,2.23
58.11,-2.94,6.36,2.23
58.11,-3.10,6.33,2.25
58.11,-3.25,6.31,2.29
58.12,-3.35,6.32,2.36
58.12,-3.43,6.34,2.39
58.12,-3.52,6.40,2.47
58.12,-3.53,6.47,2.54
58.13,-3.56,6.56,2.60
58.13,-3.68,6.66,2.65
58.13,-3.82,6.71,2.69
58.13,-3.99,6.73,2.73
58.13,-4.13,6.73,2.72
58.14,-4.21,6.73,2.68
58.14,-4.25,6.80,2.63
58.14,-4.24,6.93,2.61
58.14,-4.14,7.08,2.55
58.15,-4.13,7.30,2.56
58.15,-4.23,7.58,2.63
58.15,-4.35,7.84,2.69
58.15,-4.42,8.09,2.73
58.16,-4.35,8.32,2.70
58.16,-4.21,8.52,2.70
58.16,-4.16,8.64,2.69
58.16,-4.13,8.67,2.68
58.17,-4.12,8.68,2.59
58.17,-4.10,8.69,2.58
58.17,-4.11,8.67,2.59
58.17,-4.16,8.66,2.57
58.17,-4.23,8.67,2.54
58.18,-4.33,8.77,2.48
58.18,-4.44,8.90,2.44
58.18,-4.50,9.00,2.42
58.18,-4.55,9.11,2.38
58.19,-4.58,9.23,2.38
58.19,-4.64,9.32,2.35
58.19,-4.69,9.41,2.34
58.19,-4.73,9.50,2.40
58.20,-4.77,9.55,2.40
58.20,-4.78,9.61,2.43
58.20,-4.76,9.63,2.48
58.20,-4.72,9.65,2.54
58.21,-4.70,9.61,2.62
58.21,-4.67,9.54,2.71
58.21,-4.59,9.45,2.79
58.21,-4.47,9.45,2.89
58.22,-4.36,9.44,3.00
58.22,-4.27,9.42,3.13
58.22,-4.17,9.42,3.26
58.22,-4.07,9.38,3.35
58.22,-4.01,9.38,3.47
58.23,-3.88,9.32,3.61
58.23,-3.71,9.25,3.66
58.23,-3.63,9.22,3.77
58.23,-3.57,9.24,3.91
58.24,-3.48,9.21,4.05
58.24,-3.41,9.19,4.19
58.24,-3.35,9.13,4.28
58.24,-3.25,9.10,4.39
58.25,-3.14,9.06,4.49
58.25,-3.03,9.01,4.52
58.25,-2.96,8.94,4.57
58.25,-2.84,8.92,4.60
58.26,-2.76,8.85,4.59
58.26,-2.67,8.81,4.58
58.26,-2.59,8.75,4.55
58.26,-2.54,8.68,4.52
58.27,-2.54,8.65,4.51
58.27,-2.51,8.60,4.49
58.27,-2.49,8.59,4.50
58.27,-2.50,8.57,4.44
58.27,-2.55,8.54,4.37
58.28,-2.58,8.49,4.33
58.28,-2.60,8.48,4.26
58.28,-2.65,8.47,4.21
58.28,-2.72,8.41,4.13
58.29,-2.80,8.38,4.02
58.29,-2.89,8.34,3.98
58.29,-3.00,8.33,3.90
58.29,-3.08,8.24,3.84
58.30,-3.14,8.16,3.84
58.30,-3.23,8.10,3.87
58.30,-3.29,8.05,3.91
58.30,-3.36,8.00,3.97
58.31,-3.45,7.99,4.01
58.31,-3.54,7.97,4.05
58.31,-3.64,7.93,4.09
58.31,-3.67,7.87,4.11
58.32,-3.69,7.81,4.13
58.32,-3.69,7.77,4.15
58.32,-3.73,7.74,4.19
58.32,-3.74,7.73,4.20
58.32,-3.74,7.70,4.24
58.33,-3.73,7.65,4.28
58.33,-3.72,7.64,4.32
58.33,-3.70,7.61,4.35
58.33,-3.67,7.62,4.39
58.34,-3.59,7.57,4.40
58.34,-3.55,7.58,4.44
58.34,-3.47,7.60,4.44
58.34,-3.41,7.57,4.45
58.35,-3.37,7.55,4.44
58.35,-3.36,7.52,4.44
58.35,-3.41,7.46,4.43
58.35,-3.43,7.46,4.39
58.36,-3.49,7.44,4.37
58.36,-3.51,7.42,4.32
58.36,-3.54,7.39,4.28
58.36,-3.55,7.37,4.23
58.36,-3.58,7.35,4.20
58.37,-3.62,7.33,4.16
58.37,-3.68,7.30,4.14
58.37,-3.74,7.30,4.12
58.37,-3.79,7.28,4.11
58.38,-3.82,7.25,4.10
58.38,-3.86,7.25,4.10
58.38,-3.88,7.23,4.03
58.38,-3.95,7.19,4.02
58.39,-4.02,7.15,4.00
58.39,-4.07,7.11,4.02
58.39,-4.13,7.03,3.98
58.39,-4.17,7.00,4.01
58.40,-4.22,6.99,4.03
58.40,-4.29,6.94,4.06
58.40,-4.29,6.85,4.06
58.40,-4.35,6.81,4.09
58.41,-4.30,6.77,4.11
58.41,-4.28,6.75,4.15
58.41,-4.30,6.74,4.18
58.41,-4.26,6.75,4.19
58.41,-4.29,6.72,4.23
58.42,-4.31,6.65,4.29
58.42,-4.34,6.59,4.39
58.42,-4.26,6.53,4.40
58.42,-4.31,6.49,4.48
58.43,-4.19,6.50,4.47
58.43,-4.24,6.51,4.50
58.43,-4.24,6.53,4.55
58.43,-4.29,6.55,4.58
58.44,-4.38,6.54,4.59
58.44,-4.46,6.57,4.61
58.44,-4.50,6.62,4.61
58.44,-4.58,6.68,4.63
58.45,-4.65,6.75,4.63
58.45,-4.72,6.85,4.67
58.45,-4.77,6.93,4.66
58.45,-4.79,6.99,4.70
58.46,-4.83,7.08,4.71
58.46,-4.82,7.19,4.71
58.46,-4.81,7.30,4.72
58.46,-4.84,7.44,4.72
58.46,-4.85,7.58,4.69
58.47,-4.86,7.68,4.68
58.47,-4.89,7.79,4.65
58.47,-4.90,7.91,4.62
58.47,-4.88,8.00,4.62
58.48,-4.88,8.10,4.57
58.48,-4.87,8.16,4.49
58.48,-4.87,8.25,4.47
58.48,-4.92,8.32,4.44
58.49,-4.96,8.38,4.44
58.49,-5.03,8.37,4.44
58.49,-5.15,8.38,4.46
58.49,-5.22,8.37,4.45
58.50,-5.30,8.40,4.46
58.50,-5.38,8.40,4.41
58.50,-5.46,8.43,4.39
58.50,-5.51,8.42,4.39
58.51,-5.53,8.40,4.36
58.51,-5.59,8.41,4.31
58.51,-5.63,8.40,4.29
58.51,-5.66,8.38,4.26
58.51,-5.70,8.36,4.23
58.52,-5.76,8.37,4.24
58.52,-5.78,8.39,4.24
58.52,-5.82,8.41,4.27
58.52,-5.85,8.45,4.30
58.53,-5.90,8.47,4.32
58.53,-5.89,8.52,4.34
58.53,-5.91,8.53,4.37
58.53,-5.90,8.59,4.41
58.54,-5.84,8.65,4.40
58.54,-5.75,8.70,4.43
58.54,-5.71,8.76,4.46
58.54,-5.61,8.77,4.48
58.55,-5.46,8.85,4.51
58.55,-5.33,8.93,4.56
58.55,-5.16,8.99,4.62
58.55,-5.00,9.08,4.68
58.56,-4.83,9.18,4.75
58.56,-4.68,9.33,4.80
58.56,-4.62,9.45,4.89
58.56,-4.55,9.54,4.96
58.56,-4.46,9.62,5.02
58.57,-4.36,9.71,5.07
58.57,-4.25,9.78,5.06
58.57,-4.15,9.80,5.00
58.57,-4.07,9.89,4.92
58.58,-4.04,9.92,4.83
58.58,-3.96,10.00,4.72
58.58,-3.92,10.07,4.57
58.58,-3.88,10.19,4.44
58.59,-3.81,10.35,4.30
58.59,-3.72,10.52,4.17
58.59,-3.65,10.73,4.08
58.59,-3.55,10.97,3.99
58.60,-3.50,11.25,3.98
58.60,-3.45,11.55,3.95
58.60,-3.36,11.89,4.01
58.60,-3.27,12.26,4.07
58.60,-3.22,12.62,4.14
58.61,-3.16,13.00,4.23
58.61,-3.12,13.37,4.30
58.61,-3.14,13.67,4.36
58.61,-3.14,13.97,4.38
58.62,-3.21,14.19,4.37
58.62,-3.33,14.33,4.35
58.62,-3.52,14.35,4.29
58.62,-3.72,14.24,4.19
58.63,-3.95,13.94,4.01
58.63,-4.21,13.47,3.88
58.63,-4.47,12.87,3.66
58.63,-4.68,12.18,3.50
58.64,-4.72,11.52,3.34
58.64,-4.59,10.89,3.25
58.64,-4.34,10.30,3.15
58.64,-4.07,9.84,3.10
58.65,-3.81,9.42,3.06
58.65,-3.61,9.04,3.03
58.65,-3.47,8.70,3.00
58.65,-3.32,8.39,3.01
58.65,-3.21,8.08,3.02
58.66,-3.09,7.82,2.97
58.66,-2.95,7.56,2.92
58.66,-2.80,7.30,2.85
58.66,-2.66,7.10,2.76
58.67,-2.53,6.92,2.68
58.67,-2.37,6.76,2.54
58.67,-2.22,6.66,2.47
58.67,-2.07,6.56,2.41
58.68,-1.91,6.50,2.34
58.68,-1.78,6.48,2.27
58.68,-1.73,6.45,2.23
58.68,-1.74,6.44,2.18
58.69,-1.79,6.50,2.11
58.69,-1.84,6.55,2.02
58.69,-1.90,6.66,1.90
58.69,-1.88,6.78,1.76
58.70,-1.79,6.96,1.65
58.70,-1.72,7.16,1.47
58.70,-1.67,7.38,1.33
58.70,-1.61,7.53,1.16
58.70,-1.59,7.71,1.04
58.71,-1.57,7.88,0.91
58.71,-1.56,8.06,0.84
58.71,-1.54,8.28,0.80
58.71,-1.56,8.55,0.78
58.72,-1.58,8.74,0.79
58.72,-1.57,8.95,0.80
58.72,-1.59,9.13,0.85
58.72,-1.59,9.30,0.96
58.73,-1.59,9.42,1.08
58.73,-1.64,9.52,1.22
58.73,-1.77,9.59,1.42
58.73,-1.92,9.65,1.62
58.74,-2.09,9.69,1.81
58.74,-2.27,9.72,1.98
58.74,-2.41,9.74,2.18
58.74,-2.58,9.75,2.30
58.75,-2.74,9.72,2.45
58.75,-2.94,9.71,2.58
58.75,-3.12,9.72,2.71
58.75,-3.25,9.70,2.84
58.75,-3.31,9.66,2.89
58.76,-3.37,9.60,2.86
58.76,-3.47,9.55,2.83
58.76,-3.51,9.47,2.79
58.76,-3.59,9.39,2.80
58.77,-3.66,9.28,2.79
58.77,-3.72,9.18,2.81
58.77,-3.80,9.09,2.81
58.77,-3.88,8.98,2.80
58.78,-3.89,8.85,2.76
58.78,-3.89,8.76,2.76
58.78,-3.76,8.64,2.73
58.78,-3.57,8.57,2.70
58.79,-3.31,8.46,2.70
58.79,-3.02,8.41,2.71
58.79,-2.71,8.36,2.74
58.79,-2.36,8.29,2.75
58.79,-2.01,8.23,2.81
58.80,-1.76,8.21,2.86
58.80,-1.66,8.15,2.91
58.80,-1.60,8.08,2.92
58.80,-1.59,8.08,2.88
58.81,-1.55,8.07,2.86
58.81,-1.51,8.04,2.86
58.81,-1.56,8.01,2.86
58.81,-1.63,8.01,2.87
58.82,-1.71,8.10,2.97
58.82,-1.77,8.24,3.09
58.82,-1.77,8.42,3.31
58.82,-1.69,8.58,3.59
58.83,-1.54,8.75,3.91
58.83,-1.27,8.90,4.16
58.83,-1.02,9.05,4.38
58.83,-0.76,9.19,4.56
58.84,-0.55,9.28,4.67
58.84,-0.36,9.40,4.76
58.84,-0.18,9.50,4.84
58.84,0.00,9.56,4.84
58.84,0.12,9.61,4.82
58.85,0.19,9.64,4.77
58.85,0.13,9.66,4.67
58.85,0.03,9.65,4.62
58.85,-0.13,9.66,4.57
58.86,-0.35,9.60,4.53
58.86,-0.66,9.58,4.46
58.86,-0.99,9.54,4.42
58.86,-1.25,9.46,4.43
58.87,-1.37,9.28,4.47
58.87,-1.62,9.13,4.41
58.87,-2.00,9.03,4.28
58.87,-2.30,8.96,4.14
58.88,-2.51,8.88,4.00
58.88,-2.59,8.78,3.89
58.88,-2.61,8.67,3.82
58.88,-2.64,8.59,3.73
58.89,-2.74,8.49,3.60
58.89,-2.88,8.43,3.48
58.89,-3.00,8.36,3.33
58.89,-3.12,8.32,3.15
58.89,-3.20,8.24,2.97
58.90,-3.32,8.18,2.77
58.90,-3.40,8.13,2.56
58.90,-3.42,8.08,2.41
58.90,-3.42,8.10,2.29
58.91,-3.41,8.14,2.24
58.91,-3.35,8.20,2.22
58.91,-3.27,8.29,2.27
58.91,-3.16,8.40,2.34
58.92,-3.06,8.48,2.45
58.92,-2.94,8.59,2.57
58.92,-2.88,8.66,2.66
58.92,-2.82,8.73,2.82
58.93,-2.75,8.82,2.94
58.93,-2.69,8.87,3.12
58.93,-2.64,8.93,3.30
58.93,-2.60,8.98,3.44
58.94,-2.57,9.00,3.62
58.94,-2.53,9.00,3.79
58.94,-2.53,9.03,3.92
58.94,-2.53,9.06,4.06
58.94,-2.56,9.10,4.21
58.95,-2.55,9.12,4.32
58.95,-2.57,9.13,4.38
58.95,-2.61,9.16,4.48
58.95,-2.66,9.20,4.51
58.96,-2.68,9.22,4.49
58.96,-2.69,9.26,4.55
58.96,-2.76,9.26,4.55
58.96,-2.85,9.26,4.50
58.97,-2.91,9.21,4.34
58.97,-2.96,9.16,4.21
58.97,-3.08,9.14,4.05
58.97,-3.18,9.12,3.90
58.98,-3.26,9.08,3.80
58.98,-3.32,9.04,3.67
58.98,-3.40,9.00,3.53
58.98,-3.45,8.97,3.41
58.99,-3.48,8.90,3.32
58.99,-3.51,8.83,3.24
58.99,-3.53,8.78,3.20
58.99,-3.52,8.72,3.20
58.99,-3.54,8.67,3.19
59.00,-3.48,8.61,3.21
59.00,-3.40,8.57,3.27
59.00,-3.32,8.51,3.34
59.00,-3.23,8.44,3.41
59.01,-3.14,8.40,3.52
59.01,-3.05,8.37,3.59
59.01,-2.93,8.31,3.68
59.01,-2.87,8.28,3.81
59.02,-2.81,8.25,3.88
59.02,-2.76,8.25,3.96
59.02,-2.76,8.24,4.06
59.02,-2.71,8.24,4.13
59.03,-2.73,8.23,4.19
59.03,-2.70,8.24,4.25
59.03,-2.70,8.24,4.29
59.03,-2.72,8.26,4.32
59.03,-2.76,8.25,4.34
59.04,-2.84,8.25,4.37
59.04,-2.89,8.25,4.38
59.04,-2.98,8.24,4.37
59.04,-3.05,8.23,4.37
59.05,-3.12,8.21,4.36
59.05,-3.17,8.16,4.34
59.05,-3.22,8.12,4.32
59.05,-3.30,8.11,4.27
59.06,-3.40,8.09,4.24
59.06,-3.45,8.03,4.18
59.06,-3.50,8.02,4.11
59.06,-3.54,8.00,4.07
59.07,-3.56,7.95,3.98
59.07,-3.60,7.95,3.91
59.07,-3.62,7.90,3.88
59.07,-3.61,7.86,3.83
59.08,-3.59,7.80,3.78
59.08,-3.56,7.83,3.77
59.08,-3.55,7.82,3.74
59.08,-3.51,7.84,3.73
59.08,-3.42,7.81,3.72
59.09,-3.33,7.82,3.75
59.09,-3.26,7.85,3.75
59.09,-3.17,7.85,3.80
59.09,-3.06,7.86,3.85
59.10,-2.94,7.89,3.91
59.10,-2.86,7.93,3.93
59.10,-2.79,7.99,3.97
59.10,-2.70,8.06,3.99
59.11,-2.62,8.12,4.05
59.11,-2.55,8.16,4.07
59.11,-2.50,8.19,4.06
59.11,-2.48,8.23,4.08
59.12,-2.43,8.29,4.08
59.12,-2.42,8.29,4.10
59.12,-2.41,8.35,4.16
59.12,-2.44,8.37,4.20
59.13,-2.47,8.40,4.27
59.13,-2.53,8.46,4.35
59.13,-2.56,8.48,4.41
59.13,-2.64,8.53,4.48
59.13,-2.71,8.57,4.53
59.14,-2.78,8.63,4.58
59.14,-2.82,8.63,4.61
59.14,-2.84,8.69,4.66
59.14,-2.90,8.69,4.70
59.15,-2.98,8.67,4.75
59.15,-3.06,8.71,4.81
59.15,-3.14,8.69,4.85
59.15,-3.23,8.72,4.90
59.16,-3.32,8.69,4.99
59.16,-3.42,8.65,5.04
59.16,-3.51,8.65,5.12
59.16,-3.57,8.63,5.16
59.17,-3.68,8.64,5.22
59.17,-3.78,8.63,5.22
59.17,-3.82,8.64,5.22
59.17,-3.90,8.60,5.20
59.18,-3.97,8.57,5.15
59.18,-4.00,8.54,5.12
59.18,-4.08,8.51,5.09
59.18,-4.11,8.44,5.03
59.18,-4.17,8.40,4.98
59.19,-4.18,8.38,4.90
59.19,-4.18,8.34,4.85
59.19,-4.19,8.29,4.80
59.19,-4.21,8.26,4.70
59.20,-4.21,8.23,4.65
59.20,-4.23,8.21,4.58
59.20,-4.22,8.15,4.48
59.20,-4.23,8.11,4.42
59.21,-4.23,8.07,4.36
59.21,-4.21,8.05,4.26
59.21,-4.21,7.99,4.20
59.21,-4.18,7.95,4.16
59.22,-4.15,7.89,4.08
59.22,-4.16,7.87,4.02
59.22,-4.13,7.80,3.93
59.22,-4.08,7.77,3.86
59.22,-3.99,7.74,3.76
59.23,-3.94,7.68,3.72
59.23,-3.92,7.68,3.59
59.23,-3.85,7.61,3.55
59.23,-3.78,7.53,3.46
59.24,-3.67,7.43,3.37
59.24,-3.55,7.38,3.31
59.24,-3.46,7.28,3.21
59.24,-3.33,7.21,3.13
59.25,-3.20,7.13,3.02
59.25,-3.07,7.04,2.96
59.25,-2.94,6.96,2.91
59.25,-2.78,6.92,2.85
59.26,-2.63,6.88,2.81
59.26,-2.50,6.85,2.80
59.26,-2.34,6.86,2.79
59.26,-2.21,6.87,2.78
59.27,-2.10,6.88,2.80
59.27,-1.98,6.89,2.84
59.27,-1.90,6.93,2.84
59.27,-1.85,6.94,2.86
59.27,-1.80,6.98,2.92
59.28,-1.70,6.99,2.92
59.28,-1.59,6.98,2.93
59.28,-1.51,6.97,2.98
59.28,-1.40,6.95,2.97
59.29,-1.29,6.91,2.95
59.29,-1.15,6.87,2.95
59.29,-1.07,6.84,2.95
59.29,-1.02,6.74,2.92
59.30,-1.03,6.66,2.94
59.30,-1.04,6.60,2.91
59.30,-1.09,6.52,2.90
59.30,-1.21,6.45,2.91
59.31,-1.35,6.38,2.92
59.31,-1.53,6.35,2.94
59.31,-1.67,6.38,2.98
59.31,-1.78,6.45,3.01
59.32,-1.88,6.52,3.03
59.32,-2.00,6.69,3.09
59.32,-2.11,6.94,3.10
59.32,-2.20,7.26,3.07
59.32,-2.30,7.60,3.01
59.33,-2.38,7.99,2.92
59.33,-2.43,8.44,2.79
59.33,-2.42,8.91,2.66
59.33,-2.37,9.39,2.52
59.34,-2.30,9.82,2.31
59.34,-2.20,10.25,2.09
59.34,-2.08,10.65,1.85
59.34,-1.97,11.03,1.59
59.35,-1.93,11.37,1.39
59.35,-1.99,11.64,1.12
59.35,-2.11,11.87,0.90
59.35,-2.27,12.08,0.71
59.36,-2.48,12.26,0.53
59.36,-2.63,12.42,0.38
59.36,-2.75,12.58,0.25
59.36,-2.89,12.77,0.13
59.37,-3.03,12.95,0.03
59.37,-3.19,13.15,-0.05
59.37,-3.39,13.28,-0.10
59.37,-3.59,13.41,-0.16
59.37,-3.80,13.47,-0.22
59.38,-4.06,13.55,-0.22
59.38,-4.27,13.56,-0.19
59.38,-4.46,13.63,-0.16
59.38,-4.72,13.69,-0.12
59.39,-5.03,13.69,-0.13
59.39,-5.27,13.68,-0.16
59.39,-5.51,13.69,-0.22
59.39,-5.73,13.63,-0.26
59.40,-5.97,13.62,-0.34
59.40,-6.24,13.61,-0.40
59.40,-6.53,13.64,-0.47
59.40,-6.77,13.70,-0.53
59.41,-6.99,13.73,-0.53
59.41,-7.14,13.82,-0.54
59.41,-7.25,13.90,-0.50
59.41,-7.28,13.94,-0.40
59.42,-7.36,13.90,-0.24
59.42,-7.40,13.85,-0.06
59.42,-7.40,13.74,0.09
59.42,-7.39,13.59,0.33
59.42,-7.29,13.42,0.60
59.43,-7.11,13.21,0.89
59.43,-6.89,12.99,1.23
59.43,-6.59,12.78,1.59
59.43,-6.31,12.57,1.95
59.44,-5.99,12.35,2.35
59.44,-5.62,12.12,2.69
59.44,-5.24,11.89,3.03
59.44,-4.88,11.69,3.32
59.45,-4.60,11.52,3.60
59.45,-4.31,11.38,3.79
59.45,-4.03,11.28,3.98
59.45,-3.78,11.20,4.10
59.46,-3.52,11.11,4.16
59.46,-3.28,11.09,4.14
59.46,-3.02,11.11,4.10
59.46,-2.81,11.12,4.03
59.46,-2.62,11.18,3.91
59.47,-2.44,11.26,3.75
59.47,-2.25,11.34,3.60
59.47,-2.07,11.47,3.43
59.47,-1.93,11.58,3.27
59.48,-1.87,11.65,3.11
59.48,-1.76,11.71,2.91
59.48,-1.66,11.76,2.69
59.48,-1.58,11.84,2.44
59.49,-1.59,11.92,2.20
59.49,-1.56,11.96,2.01
59.49,-1.60,11.92,1.81
59.49,-1.66,11.89,1.60
59.50,-1.73,11.85,1.38
59.50,-1.77,11.77,1.16
59.50,-1.83,11.69,0.90
59.50,-1.87,11.56,0.64
59.51,-1.85,11.40,0.39
59.51,-1.87,11.28,0.17
59.51,-1.90,11.09,0.02
59.51,-1.86,10.85,-0.10
59.51,-1.74,10.59,-0.25
59.52,-1.72,10.38,-0.26
59.52,-1.66,10.06,-0.25
59.52,-1.66,9.73,-0.19
59.52,-1.70,9.42,-0.15
59.53,-1.77,9.07,-0.03
59.53,-1.84,8.75,0.11
59.53,-1.96,8.42,0.29
59.53,-2.09,8.14,0.43
59.54,-2.19,7.86,0.61
59.54,-2.30,7.64,0.77
59.54,-2.41,7.40,0.98
59.54,-2.49,7.19,1.20
59.55,-2.60,6.99,1.41
59.55,-2.69,6.79,1.62
59.55,-2.83,6.59,1.82
59.55,-2.99,6.40,1.99
59.56,-3.12,6.25,2.17
59.56,-3.20,6.18,2.32
59.56,-3.28,6.14,2.48
59.56,-3.30,6.14,2.69
59.56,-3.23,6.10,2.91
59.57,-3.23,6.06,3.09
59.57,-3.32,6.04,3.28
59.57,-3.52,6.04,3.41
59.57,-3.78,6.09,3.53
59.58,-3.94,6.09,3.71
59.58,-4.09,6.05,3.73
59.58,-4.26,6.04,3.64
59.58,-4.33,5.95,3.66
59.59,-4.29,5.87,3.76
59.59,-4.16,5.89,3.88
59.59,-3.94,6.00,3.95
59.59,-3.79,6.23,4.05
59.60,-3.82,6.54,4.15
59.60,-3.87,6.76,4.18
59.60,-3.71,6.80,4.21
59.60,-3.43,6.82,4.17
59.61,-3.26,6.83,4.07
59.61,-3.23,6.88,3.98
59.61,-3.29,6.86,3.87
59.61,-3.37,6.86,3.79
59.61,-3.41,6.90,3.70
59.62,-3.43,6.93,3.63
59.62,-3.53,6.97,3.59
59.62,-3.65,7.07,3.49
59.62,-3.77,7.15,3.39
59.63,-3.86,7.24,3.27
59.63,-3.92,7.37,3.14
59.63,-3.95,7.43,3.00
59.63,-3.96,7.43,2.92
59.64,-3.93,7.51,2.80
59.64,-3.88,7.57,2.74
59.64,-3.77,7.67,2.65
59.64,-3.65,7.78,2.61
59.65,-3.57,7.91,2.64
59.65,-3.45,8.03,2.63
59.65,-3.38,8.16,2.63
59.65,-3.31,8.25,2.67
59.65,-3.26,8.37,2.75
59.66,-3.19,8.45,2.83
59.66,-3.15,8.53,2.92
59.66,-3.15,8.63,3.04
59.66,-3.10,8.70,3.15
59.67,-3.03,8.77,3.33
59.67,-3.00,8.84,3.50
59.67,-2.95,8.87,3.62
59.67,-2.88,8.88,3.72
59.68,-2.81,8.87,3.80
59.68,-2.80,8.88,3.91
59.68,-2.77,8.87,4.03
59.68,-2.80,8.85,4.17
59.69,-2.89,8.81,4.33
59.69,-3.01,8.79,4.45
59.69,-3.15,8.77,4.56
59.69,-3.29,8.73,4.65
59.70,-3.37,8.68,4.72
59.70,-3.48,8.66,4.70
59.70,-3.57,8.63,4.70
59.70,-3.63,8.60,4.67
59.70,-3.67,8.52,4.66
59.71,-3.70,8.48,4.65
59.71,-3.71,8.41,4.63
59.71,-3.71,8.35,4.59
59.71,-3.72,8.30,4.55
59.72,-3.76,8.26,4.50
59.72,-3.78,8.21,4.48
59.72,-3.78,8.15,4.49
59.72,-3.80,8.09,4.45
59.73,-3.79,8.07,4.50
59.73,-3.77,8.08,4.51
59.73,-3.82,7.91,4.49
59.73,-3.91,7.77,4.45
59.74,-3.97,7.62,4.44
59.74,-4.05,7.57,4.40
59.74,-4.04,7.53,4.39
59.74,-4.04,7.47,4.40
59.75,-4.10,7.38,4.47
59.75,-4.15,7.23,4.51
59.75,-4.23,7.10,4.56
59.75,-4.28,6.95,4.58
59.75,-4.31,6.79,4.61
59.76,-4.34,6.67,4.62
59.76,-4.36,6.55,4.65
59.76,-4.34,6.43,4.70
59.76,-4.27,6.33,4.71
59.77,-4.21,6.35,4.69
59.77,-4.15,6.36,4.76
59.77,-4.17,6.36,4.80
59.77,-4.20,6.39,4.87
59.78,-4.24,6.40,4.95
59.78,-4.34,6.44,4.99
59.78,-4.46,6.46,5.04
59.78,-4.56,6.47,5.07
59.79,-4.64,6.52,5.11
59.79,-4.71,6.55,5.13
59.79,-4.76,6.61,5.17
59.79,-4.86,6.60,5.18
59.80,-4.93,6.64,5.14
59.80,-5.01,6.68,5.14
59.80,-5.11,6.74,5.11
59.80,-5.17,6.78,5.11
59.80,-5.24,6.83,5.10
59.81,-5.29,6.86,5.11
59.81,-5.35,6.90,5.08
59.81,-5.41,6.95,5.07
59.81,-5.44,6.94,5.05
59.82,-5.44,6.94,4.99
59.82,-5.45,6.94,4.95
59.82,-5.47,6.95,4.92
59.82,-5.48,6.98,4.95
59.83,-5.50,6.97,4.92
59.83,-5.52,6.93,4.86
59.83,-5.51,6.92,4.86
59.83,-5.44,6.90,4.82
59.84,-5.41,6.91,4.78
59.84,-5.35,6.85,4.78
59.84,-5.25,6.81,4.72
59.84,-5.20,6.80,4.72
59.85,-5.15,6.78,4.72
59.85,-5.11,6.78,4.67
59.85,-5.01,6.75,4.65
59.85,-4.91,6.72,4.59
59.85,-4.87,6.72,4.57
59.86,-4.86,6.72,4.53
59.86,-4.90,6.74,4.46
59.86,-4.96,6.72,4.44
59.86,-5.08,6.68,4.41
59.87,-5.16,6.68,4.38
59.87,-5.27,6.66,4.32
59.87,-5.32,6.64,4.27
59.87,-5.35,6.62,4.20
59.88,-5.35,6.64,4.11
59.88,-5.32,6.68,4.08
59.88,-5.28,6.78,4.03
59.88,-5.22,6.86,3.99
59.89,-5.18,6.95,3.95
59.89,-5.19,7.03,3.89
59.89,-5.16,7.11,3.85
59.89,-5.17,7.20,3.79
59.89,-5.17,7.29,3.73
59.90,-5.18,7.44,3.70
59.90,-5.16,7.55,3.66
59.90,-5.13,7.69,3.64
59.90,-5.12,7.89,3.64
59.91,-5.12,8.06,3.65
59.91,-5.10,8.26,3.65
59.91,-5.13,8.43,3.72
59.91,-5.18,8.61,3.78
59.92,-5.19,8.75,3.89
59.92,-5.20,8.87,4.01
59.92,-5.21,8.98,4.13
59.92,-5.20,9.10,4.27
59.93,-5.20,9.17,4.39
59.93,-5.18,9.19,4.51
59.93,-5.19,9.24,4.64
59.93,-5.19,9.22,4.77
59.94,-5.17,9.18,4.87
59.94,-5.15,9.13,4.94
59.94,-5.10,9.07,5.00
59.94,-5.09,8.99,5.01
59.94,-5.11,8.93,5.01
59.95,-5.10,8.83,5.00
59.95,-5.09,8.75,4.97
59.95,-5.09,8.65,4.90
59.95,-5.09,8.58,4.85
59.96,-5.08,8.53,4.77
59.96,-5.10,8.48,4.69
59.96,-5.15,8.42,4.64
59.96,-5.17,8.35,4.58
59.97,-5.22,8.34,4.50
59.97,-5.29,8.33,4.41
59.97,-5.34,8.31,4.35
59.97,-5.35,8.30,4.30
59.98,-5.34,8.34,4.24
59.98,-5.31,8.36,4.18
59.98,-5.25,8.36,4.17
59.98,-5.16,8.36,4.15
59.99,-4.99,8.36,4.16
59.99,-4.83,8.33,4.17
59.99,-4.61,8.33,4.20
59.99,-4.38,8.38,4.22
59.99,-4.19,8.41,4.20
60.00,-4.03,8.44,4.20
60.00,-3.85,8.49,4.17
60.00,-3.66,8.50,4.12
60.00,-3.51,8.51,4.04
60.01,-3.36,8.58,3.97
60.01,-3.24,8.62,3.92
60.01,-3.18,8.75,3.85
60.01,-3.09,8.88,3.79
60.02,-3.05,9.01,3.74
60.02,-3.02,9.15,3.69
60.02,-3.02,9.30,3.66
60.02,-3.05,9.48,3.62
60.03,-3.08,9.68,3.64
60.03,-3.14,9.87,3.68
60.03,-3.21,10.06,3.75
60.03,-3.29,10.27,3.80
60.04,-3.34,10.47,3.85
60.04,-3.42,10.67,3.91
60.04,-3.47,10.89,3.97
60.04,-3.53,11.09,3.96
60.04,-3.62,11.23,3.94
60.05,-3.68,11.40,3.92
60.05,-3.77,11.58,3.90
60.05,-3.90,11.76,3.88
60.05,-4.07,11.83,3.85
60.06,-4.21,11.98,3.82
60.06,-4.40,12.04,3.85
60.06,-4.58,12.14,3.85
60.06,-4.77,12.24,3.88
60.07,-4.97,12.31,3.93
60.07,-5.17,12.36,3.97
60.07,-5.34,12.36,3.98
60.07,-5.43,12.33,3.97
60.08,-5.55,12.29,3.92
60.08,-5.63,12.16,3.79
60.08,-5.64,11.99,3.65
60.08,-5.65,11.73,3.48
60.09,-5.58,11.39,3.33
60.09,-5.51,11.01,3.13
60.09,-5.33,10.59,2.94
60.09,-4.95,10.20,2.76
60.09,-4.54,9.87,2.54
60.10,-4.12,9.57,2.34
60.10,-3.85,9.29,2.18
60.10,-3.58,9.10,2.01
60.10,-3.37,8.87,1.90
60.11,-3.16,8.67,1.80
60.11,-2.97,8.48,1.74
60.11,-2.77,8.34,1.68
60.11,-2.67,8.22,1.64
60.12,-2.58,8.14,1.62
60.12,-2.49,8.04,1.60
60.12,-2.44,7.93,1.61
60.12,-2.35,7.86,1.56
60.13,-2.26,7.80,1.56
60.13,-2.11,7.77,1.58
60.13,-2.00,7.76,1.59
60.13,-1.88,7.71,1.62
60.13,-1.82,7.68,1.65
60.14,-1.86,7.71,1.66
60.14,-1.92,7.65,1.70
60.14,-1.88,7.65,1.72
60.14,-1.80,7.68,1.75
60.15,-1.73,7.65,1.76
60.15,-1.67,7.66,1.76
60.15,-1.59,7.65,1.73
60.15,-1.52,7.64,1.74
60.16,-1.48,7.67,1.79
60.16,-1.47,7.72,1.80
60.16,-1.48,7.68,1.82
60.16,-1.50,7.65,1.86
60.17,-1.57,7.62,1.90
60.17,-1.63,7.56,1.93
60.17,-1.70,7.48,1.89
60.17,-1.81,7.40,1.88
60.18,-1.94,7.32,1.94
60.18,-2.02,7.27,1.96
60.18,-2.03,7.22,1.97
60.18,-2.17,7.23,1.96
60.18,-2.37,7.23,1.83
60.19,-2.55,7.20,1.73
60.19,-2.68,7.17,1.66
60.19,-2.75,7.17,1.63
60.19,-2.82,7.16,1.69
60.20,-2.93,7.21,1.71
60.20,-3.09,7.30,1.76
60.20,-3.26,7.41,1.82
60.20,-3.36,7.52,1.85
60.21,-3.49,7.63,1.90
60.21,-3.58,7.80,1.96
60.21,-3.68,7.94,2.01
60.21,-3.80,8.07,2.03
60.22,-3.92,8.20,2.06
60.22,-4.01,8.36,2.08
60.22,-4.09,8.52,2.09
60.22,-4.08,8.66,2.14
60.23,-4.09,8.82,2.13
60.23,-4.06,9.02,2.18
60.23,-4.10,9.20,2.42
60.23,-4.02,9.43,2.60
60.23,-3.82,9.69,2.71
60.24,-3.51,9.97,2.77
60.24,-3.15,10.20,2.86
60.24,-2.77,10.44,2.96
60.24,-2.43,10.66,3.05
60.25,-2.13,10.79,3.18
60.25,-1.85,10.92,3.31
60.25,-1.64,11.01,3.48
60.25,-1.47,11.10,3.60
60.26,-1.33,11.14,3.73
60.26,-1.23,11.17,3.85
60.26,-1.11,11.13,3.95
60.26,-0.96,11.05,3.97
60.27,-0.84,10.98,4.01
60.27,-0.75,10.90,4.01
60.27,-0.68,10.83,3.97
60.27,-0.67,10.76,3.92
60.28,-0.66,10.69,3.90
60.28,-0.68,10.59,3.83
60.28,-0.78,10.45,3.80
60.28,-0.88,10.33,3.77
60.28,-0.94,10.20,3.78
60.29,-0.89,10.01,3.90
60.29,-0.83,9.77,4.02
60.29,-0.89,9.66,4.06
60.29,-0.98,9.51,4.17
60.30,-1.10,9.39,4.30
60.30,-1.38,9.24,4.45
60.30,-1.62,8.99,4.58
60.30,-1.78,8.79,4.70
60.31,-1.98,8.64,4.88
60.31,-2.20,8.48,5.00
60.31,-2.41,8.34,5.09
60.31,-2.62,8.19,5.14
60.32,-2.85,8.06,5.12
60.32,-3.04,7.93,5.06
60.32,-3.19,7.86,4.90
60.32,-3.32,7.73,4.69
60.32,-3.46,7.70,4.42
60.33,-3.62,7.68,4.16
60.33,-3.77,7.65,3.85
60.33,-3.89,7.63,3.53
60.33,-3.95,7.64,3.23
60.34,-3.99,7.64,2.90
60.34,-4.00,7.70,2.59
60.34,-3.97,7.73,2.31
60.34,-3.93,7.79,2.10
60.35,-3.88,7.83,1.93
60.35,-3.80,7.86,1.84
60.35,-3.67,7.95,1.81
60.35,-3.52,8.01,1.80
60.36,-3.38,8.07,1.85
60.36,-3.26,8.16,1.95
60.36,-3.14,8.24,2.11
60.36,-3.04,8.30,2.30
60.37,-2.96,8.39,2.50
60.37,-2.88,8.47,2.71
60.37,-2.80,8.54,2.92
60.37,-2.79,8.66,3.14
60.37,-2.77,8.74,3.32
60.38,-2.77,8.81,3.50
60.38,-2.77,8.90,3.65
60.38,-2.77,8.97,3.79
60.38,-2.79,9.02,3.89
60.39,-2.81,9.09,3.98
60.39,-2.86,9.14,4.03
60.39,-2.90,9.22,4.06
60.39,-2.94,9.26,4.08
60.40,-3.00,9.30,4.07
60.40,-3.05,9.30,4.00
60.40,-3.10,9.31,3.91
60.40,-3.12,9.29,3.84
60.41,-3.16,9.29,3.72
60.41,-3.22,9.25,3.59
60.41,-3.27,9.25,3.48
60.41,-3.31,9.24,3.36
60.42,-3.34,9.23,3.27
60.42,-3.36,9.20,3.18
60.42,-3.36,9.17,3.08
60.42,-3.38,9.16,3.05
60.42,-3.37,9.17,2.97
60.43,-3.32,9.14,2.92
60.43,-3.32,9.14,2.89
60.43,-3.26,9.12,2.89
60.43,-3.21,9.11,2.90
60.44,-3.15,9.09,2.92
60.44,-3.07,9.07,2.96
60.44,-2.99,9.03,3.01
60.44,-2.95,9.01,3.05
60.45,-2.91,8.99,3.11
60.45,-2.85,8.95,3.14
60.45,-2.81,8.88,3.18
60.45,-2.75,8.85,3.22
60.46,-2.70,8.84,3.27
60.46,-2.67,8.77,3.30
60.46,-2.64,8.74,3.33
60.46,-2.59,8.72,3.34
60.47,-2.55,8.67,3.34
60.47,-2.53,8.64,3.37
60.47,-2.51,8.60,3.39
60.47,-2.51,8.56,3.42
60.47,-2.51,8.54,3.46
60.48,-2.50,8.49,3.52
60.48,-2.54,8.46,3.56
60.48,-2.55,8.42,3.57
60.48,-2.56,8.38,3.60
60.49,-2.59,8.36,3.65
60.49,-2.61,8.32,3.70
60.49,-2.67,8.30,3.73
60.49,-2.73,8.29,3.79
60.50,-2.76,8.31,3.88
60.50,-2.84,8.30,3.96
60.50,-2.88,8.30,4.02
60.50,-2.91,8.30,4.12
60.51,-2.98,8.36,4.20
60.51,-3.04,8.41,4.31
60.51,-3.12,8.48,4.39
60.51,-3.19,8.53,4.47
60.52,-3.26,8.62,4.59
60.52,-3.36,8.70,4.66
60.52,-3.46,8.81,4.73
60.52,-3.52,8.93,4.82
60.52,-3.66,9.04,4.90
60.53,-3.76,9.12,4.97
60.53,-3.87,9.22,5.04
60.53,-3.99,9.29,5.12
60.53,-4.09,9.35,5.16
60.54,-4.19,9.42,5.22
60.54,-4.28,9.43,5.24
60.54,-4.38,9.42,5.27
60.54,-4.50,9.38,5.28
60.55,-4.56,9.34,5.24
60.55,-4.64,9.28,5.23
60.55,-4.72,9.21,5.22
60.55,-4.75,9.15,5.17
60.56,-4.82,9.04,5.12
60.56,-4.84,8.93,5.08
60.56,-4.87,8.81,5.03
60.56,-4.91,8.68,4.99
60.56,-4.92,8.54,4.97
60.57,-4.92,8.41,4.98
60.57,-4.90,8.26,4.97
60.57,-4.88,8.11,5.02
60.57,-4.87,7.96,5.05
60.58,-4.83,7.79,5.14
60.58,-4.82,7.63,5.16
60.58,-4.80,7.45,5.25
60.58,-4.72,7.29,5.13
60.59,-4.73,7.14,5.32
60.59,-4.73,6.97,5.43
60.59,-4.69,6.87,5.51
60.59,-4.64,6.76,5.56
60.60,-4.57,6.66,5.58
60.60,-4.50,6.54,5.58
60.60,-4.45,6.42,5.53
60.60,-4.36,6.33,5.51
60.61,-4.29,6.21,5.40
60.61,-4.23,6.09,5.33
60.61,-4.15,5.99,5.27
60.61,-4.05,5.89,5.12
60.61,-3.95,5.77,5.00
60.62,-3.86,5.70,4.82
60.62,-3.78,5.65,4.68
60.62,-3.69,5.56,4.49
60.62,-3.59,5.53,4.31
60.63,-3.47,5.47,4.12
60.63,-3.33,5.40,3.93
60.63,-3.21,5.38,3.77
60.63,-3.09,5.34,3.59
60.64,-2.93,5.33,3.42
60.64,-2.81,5.37,3.26
60.64,-2.67,5.39,3.12
60.64,-2.56,5.42,3.00
60.65,-2.47,5.40,2.92
60.65,-2.39,5.41,2.85
60.65,-2.32,5.46,2.80
60.65,-2.26,5.48,2.78
60.66,-2.19,5.53,2.76
60.66,-2.14,5.61,2.77
60.66,-2.01,5.68,2.77
60.66,-1.89,5.79,2.79
60.66,-1.74,5.88,2.85
60.67,-1.62,5.94,2.89
60.67,-1.50,6.08,2.97
60.67,-1.37,6.17,3.07
60.67,-1.24,6.28,3.19
60.68,-1.14,6.40,3.33
60.68,-1.03,6.49,3.45
60.68,-0.91,6.59,3.61
60.68,-0.83,6.64,3.77
60.69,-0.79,6.69,3.89
60.69,-0.74,6.73,4.06
60.69,-0.68,6.76,4.18
60.69,-0.64,6.83,4.31
60.70,-0.66,6.84,4.39
60.70,-0.67,6.85,4.41
60.70,-0.80,6.84,4.40
60.70,-0.94,6.82,4.36
60.71,-1.05,6.79,4.30
60.71,-1.18,6.74,4.19
60.71,-1.25,6.66,4.05
60.71,-1.28,6.61,3.89
60.71,-1.26,6.55,3.72
60.72,-1.17,6.49,3.55
60.72,-1.08,6.44,3.34
60.72,-0.96,6.41,3.12
60.72,-0.88,6.37,2.95
60.73,-0.88,6.34,2.72
60.73,-0.98,6.32,2.49
60.73,-1.10,6.31,2.27
60.73,-1.23,6.31,2.03
60.74,-1.45,6.34,1.77
60.74,-1.61,6.40,1.53
60.74,-1.82,6.47,1.30
60.74,-2.05,6.57,1.06
60.75,-2.29,6.71,0.82
60.75,-2.51,6.91,0.60
60.75,-2.75,7.15,0.38
60.75,-3.01,7.44,0.17
60.75,-3.26,7.77,0.00
60.76,-3.49,8.13,-0.15
60.76,-3.68,8.56,-0.31
60.76,-3.83,9.03,-0.41
60.76,-3.94,9.60,-0.54
60.77,-4.04,10.18,-0.66
60.77,-4.05,10.78,-0.74
60.77,-4.02,11.42,-0.80
60.77,-4.05,12.09,-0.84
60.78,-4.05,12.73,-0.83
60.78,-4.04,13.38,-0.80
60.78,-3.99,14.05,-0.73
60.78,-3.98,14.75,-0.68
60.79,-4.00,15.41,-0.60
60.79,-4.00,16.07,-0.51
60.79,-4.00,16.70,-0.38
60.79,-4.01,17.25,-0.25
60.80,-4.03,17.72,-0.11
60.80,-4.11,18.17,0.01
60.80,-4.20,18.59,0.12
60.80,-4.34,18.87,0.22
60.80,-4.51,19.09,0.31
60.81,-4.72,19.17,0.36
60.81,-4.96,19.15,0.38
60.81,-5.24,18.99,0.33
60.81,-5.50,18.69,0.21
60.82,-5.80,18.32,0.07
60.82,-6.03,17.90,-0.16
60.82,-6.26,17.45,-0.39
60.82,-6.41,17.00,-0.66
60.83,-6.46,16.56,-0.89
60.83,-6.50,16.13,-1.06
60.83,-6.49,15.74,-1.26
60.83,-6.38,15.33,-1.44
60.84,-6.32,14.95,-1.64
60.84,-6.22,14.57,-1.75
60.84,-6.14,14.25,-1.90
60.84,-6.11,13.92,-1.94
60.85,-6.08,13.57,-1.99
60.85,-6.05,13.27,-1.99
60.85,-6.08,12.93,-1.93
60.85,-6.14,12.67,-1.78
60.85,-6.17,12.35,-1.63
60.86,-6.22,12.03,-1.41
60.86,-6.31,11.74,-1.22
60.86,-6.40,11.47,-0.97
60.86,-6.47,11.23,-0.74
60.87,-6.44,11.00,-0.48
60.87,-6.43,10.79,-0.23
60.87,-6.34,10.66,0.07
60.87,-6.29,10.56,0.37
60.88,-6.19,10.49,0.68
60.88,-6.10,10.46,1.00
60.88,-5.96,10.40,1.34
60.88,-5.83,10.38,1.65
60.89,-5.72,10.40,1.96
60.89,-5.58,10.38,2.26
60.89,-5.41,10.41,2.53
60.89,-5.25,10.44,2.84
60.90,-5.10,10.46,3.07
60.90,-4.94,10.47,3.24
60.90,-4.81,10.44,3.44
60.90,-4.68,10.43,3.59
60.90,-4.57,10.39,3.71
60.91,-4.40,10.36,3.77
60.91,-4.21,10.32,3.87
60.91,-3.99,10.27,3.88
60.91,-3.80,10.20,3.87
60.92,-3.63,10.14,3.85
60.92,-3.40,10.07,3.77
60.92,-3.21,10.00,3.70
60.92,-3.03,9.91,3.58
60.93,-2.87,9.82,3.44
60.93,-2.70,9.76,3.26
60.93,-2.58,9.69,3.09
60.93,-2.50,9.64,2.89
60.94,-2.41,9.57,2.68
60.94,-2.31,9.50,2.51
60.94,-2.19,9.41,2.32
60.94,-2.10,9.30,2.14
60.95,-2.02,9.19,1.95
60.95,-1.96,9.12,1.81
60.95,-1.88,9.02,1.69
60.95,-1.83,8.94,1.55
60.95,-1.78,8.81,1.48
60.96,-1.74,8.74,1.36
60.96,-1.84,8.68,1.27
60.96,-1.96,8.58,1.22
60.96,-2.15,8.50,1.21
60.97,-2.36,8.46,1.16
60.97,-2.59,8.40,1.11
60.97,-2.82,8.39,1.03
60.97,-3.11,8.40,0.96
60.98,-3.16,8.34,0.90
60.98,-3.07,8.28,0.76
60.98,-3.11,8.28,0.66
60.98,-3.23,8.30,0.63
60.99,-3.33,8.31,0.59
60.99,-3.44,8.30,0.64
60.99,-3.58,8.28,0.70
60.99,-3.70,8.24,0.82
60.99,-3.83,8.25,0.93
61.00,-3.90,8.28,1.02
61.00,-3.94,8.29,1.15
61.00,-3.98,8.33,1.25
61.00,-4.02,8.36,1.37
61.01,-3.98,8.33,1.46
61.01,-3.95,8.33,1.56
61.01,-3.95,8.36,1.72
61.01,-3.98,8.37,1.88
61.02,-3.95,8.37,2.02
61.02,-3.93,8.41,2.16
61.02,-3.92,8.40,2.26
61.02,-3.94,8.38,2.37
61.03,-3.92,8.38,2.47
61.03,-3.89,8.38,2.56
61.03,-3.81,8.42,2.63
61.03,-3.68,8.46,2.66
61.04,-3.56,8.44,2.71
61.04,-3.39,8.47,2.77
61.04,-3.27,8.46,2.76
61.04,-3.16,8.47,2.79
61.04,-3.09,8.45,2.79
61.05,-3.06,8.43,2.80
61.05,-3.07,8.42,2.75
61.05,-3.01,8.42,2.77
61.05,-2.98,8.42,2.77
61.06,-2.96,8.38,2.83
61.06,-2.94,8.34,2.88
61.06,-2.90,8.34,2.94
61.06,-2.83,8.32,2.93
61.07,-2.78,8.31,2.97
61.07,-2.73,8.29,3.02
61.07,-2.64,8.26,3.01
61.07,-2.57,8.27,3.05
61.08,-2.49,8.29,3.08
61.08,-2.47,8.30,3.08
61.08,-2.50,8.28,3.12
61.08,-2.56,8.26,3.15
61.09,-2.58,8.27,3.16
61.09,-2.65,8.26,3.14
61.09,-2.71,8.26,3.13
61.09,-2.73,8.28,3.09
61.09,-2.82,8.28,3.05
61.10,-2.89,8.28,3.01
61.10,-2.97,8.33,2.97
61.10,-3.03,8.34,2.93
61.10,-3.15,8.40,2.86
61.11,-3.29,8.43,2.80
61.11,-3.45,8.53,2.76
61.11,-3.55,8.58,2.76
61.11,-3.56,8.58,2.75
61.12,-3.61,8.52,2.76
61.12,-3.71,8.47,2.76
61.12,-3.80,8.43,2.76
61.12,-3.89,8.34,2.72
61.13,-3.97,8.27,2.71
61.13,-4.03,8.25,2.73
61.13,-4.10,8.25,2.76
61.13,-4.16,8.25,2.81
61.14,-4.21,8.22,2.88
61.14,-4.22,8.21,2.98
61.14,-4.20,8.22,3.02
61.14,-4.21,8.20,3.06
61.14,-4.18,8.18,3.09
61.15,-4.14,8.20,3.15
61.15,-4.14,8.15,3.20
61.15,-4.09,8.12,3.27
61.15,-4.05,8.13,3.32
61.16,-4.04,8.10,3.37
61.16,-3.99,8.07,3.40
61.16,-4.00,8.06,3.43
61.16,-3.97,8.06,3.44
61.17,-3.97,8.03,3.46
61.17,-3.97,8.00,3.49
61.17,-3.97,7.98,3.51
61.17,-3.97,7.96,3.48
61.18,-3.99,7.95,3.48
61.18,-4.05,7.92,3.46
61.18,-4.06,7.89,3.43
61.18,-4.08,7.91,3.44
61.18,-4.10,7.93,3.47
61.19,-4.11,7.95,3.48
61.19,-4.12,7.98,3.53
61.19,-4.16,8.01,3.55
61.19,-4.16,8.04,3.61
61.20,-4.20,8.06,3.63
61.20,-4.21,8.07,3.68
61.20,-4.22,8.10,3.71
61.20,-4.25,8.14,3.66
61.21,-4.25,8.19,3.68
61.21,-4.26,8.24,3.68
61.21,-4.29,8.26,3.64
61.21,-4.30,8.32,3.64
61.22,-4.30,8.34,3.63
61.22,-4.32,8.40,3.59
61.22,-4.32,8.43,3.57
61.22,-4.29,8.46,3.53
61.23,-4.28,8.49,3.47
61.23,-4.26,8.55,3.43
61.23,-4.24,8.54,3.38
61.23,-4.23,8.56,3.28
61.23,-4.20,8.59,3.23
61.24,-4.15,8.60,3.16
61.24,-4.10,8.62,3.10
61.24,-4.02,8.64,3.06
61.24,-3.99,8.65,3.04
61.25,-3.94,8.63,3.03
61.25,-3.90,8.62,3.02
61.25,-3.86,8.61,3.02
61.25,-3.83,8.58,3.06
61.26,-3.79,8.52,3.07
61.26,-3.77,8.49,3.09
61.26,-3.75,8.47,3.11
61.26,-3.71,8.41,3.11
61.27,-3.67,8.36,3.14
61.27,-3.65,8.33,3.18
61.27,-3.62,8.29,3.20
61.27,-3.57,8.27,3.22
61.28,-3.56,8.24,3.22
61.28,-3.58,8.19,3.25
61.28,-3.58,8.17,3.27
61.28,-3.57,8.16,3.30
61.28,-3.58,8.13,3.30
61.29,-3.58,8.13,3.32
61.29,-3.59,8.12,3.35
61.29,-3.60,8.12,3.35
61.29,-3.62,8.12,3.38
61.30,-3.64,8.11,3.39
61.30,-3.65,8.13,3.40
61.30,-3.67,8.10,3.43
61.30,-3.68,8.13,3.44
61.31,-3.70,8.13,3.43
61.31,-3.72,8.15,3.45
61.31,-3.75,8.15,3.46
61.31,-3.77,8.18,3.45
61.32,-3.80,8.20,3.41
61.32,-3.84,8.25,3.40
61.32,-3.90,8.24,3.38
61.32,-3.91,8.26,3.37
61.33,-3.94,8.26,3.36
61.33,-3.99,8.30,3.33
61.33,-4.02,8.32,3.27
61.33,-4.05,8.33,3.22
61.33,-4.06,8.34,3.18
61.34,-4.07,8.35,3.14
61.34,-4.05,8.34,3.10
61.34,-4.07,8.36,3.07
61.34,-4.02,8.33,3.02
61.35,-4.01,8.33,3.03
61.35,-3.95,8.31,3.03
61.35,-3.93,8.32,3.01
61.35,-3.87,8.31,3.03
61.36,-3.83,8.27,3.07
61.36,-3.80,8.27,3.07
61.36,-3.76,8.26,3.11
61.36,-3.71,8.22,3.16
61.37,-3.66,8.20,3.17
61.37,-3.62,8.17,3.22
61.37,-3.59,8.16,3.25
61.37,-3.55,8.15,3.30
61.38,-3.52,8.13,3.35
61.38,-3.48,8.10,3.39
61.38,-3.44,8.10,3.42
61.38,-3.41,8.11,3.44
61.38,-3.34,8.17,3.49
61.39,-3.33,8.12,3.49
61.39,-3.37,8.01,3.53
61.39,-3.34,7.99,3.54
61.39,-3.33,7.98,3.54
61.40,-3.37,7.99,3.55
61.40,-3.34,8.01,3.56
61.40,-3.35,8.02,3.60
61.40,-3.39,7.99,3.60
61.41,-3.39,7.96,3.59
61.41,-3.46,7.96,3.59
61.41,-3.49,7.98,3.59
61.41,-3.55,7.99,3.55
61.42,-3.59,8.02,3.51
61.42,-3.69,8.06,3.48
61.42,-3.73,8.08,3.44
61.42,-3.77,8.12,3.41
61.42,-3.87,8.17,3.36
61.43,-3.94,8.23,3.30
61.43,-4.02,8.31,3.25
61.43,-4.05,8.39,3.19
61.43,-4.16,8.46,3.14
61.44,-4.23,8.53,3.07
61.44,-4.27,8.60,3.01
61.44,-4.32,8.68,2.93
61.44,-4.33,8.77,2.90
61.45,-4.38,8.84,2.83
61.45,-4.38,8.89,2.75
61.45,-4.40,8.94,2.70
61.45,-4.44,8.98,2.64
61.46,-4.47,9.03,2.57
61.46,-4.48,9.04,2.52
61.46,-4.49,9.06,2.46
61.46,-4.50,9.08,2.43
61.47,-4.48,9.11,2.43
61.47,-4.46,9.10,2.39
61.47,-4.45,9.10,2.41
61.47,-4.43,9.09,2.44
61.47,-4.37,9.08,2.48
61.48,-4.34,9.06,2.51
61.48,-4.28,9.03,2.58
61.48,-4.26,9.00,2.61
61.48,-4.22,8.96,2.71
61.49,-4.16,8.93,2.76
61.49,-4.12,8.92,2.84
61.49,-4.06,8.88,2.87
61.49,-4.05,8.83,2.87
61.50,-4.09,8.82,2.85
61.50,-4.06,8.84,2.87
61.50,-3.99,8.86,2.94
61.50,-3.90,8.89,2.98
61.51,-3.84,8.89,3.03
61.51,-3.77,8.91,3.11
61.51,-3.77,8.93,3.15
61.51,-3.77,8.98,3.18
61.52,-3.78,9.05,3.24
61.52,-3.78,9.17,3.26
61.52,-3.78,9.27,3.31
61.52,-3.82,9.41,3.33
61.52,-3.86,9.54,3.31
61.53,-3.87,9.68,3.31
61.53,-3.89,9.83,3.27
61.53,-3.93,9.99,3.23
61.53,-3.97,10.12,3.17
61.54,-4.02,10.27,3.10
61.54,-4.05,10.38,3.04
61.54,-4.09,10.50,2.95
61.54,-4.14,10.59,2.85
61.55,-4.18,10.63,2.75
61.55,-4.22,10.67,2.63
61.55,-4.27,10.68,2.52
61.55,-4.29,10.68,2.42
61.56,-4.29,10.65,2.32
61.56,-4.30,10.60,2.24
61.56,-4.32,10.54,2.17
61.56,-4.34,10.43,2.14
61.57,-4.38,10.30,2.14
61.57,-4.37,10.16,2.16
61.57,-4.36,10.00,2.18
61.57,-4.32,9.85,2.24
61.57,-4.25,9.70,2.30
61.58,-4.20,9.53,2.35
61.58,-4.13,9.34,2.40
61.58,-4.04,9.17,2.42
61.58,-3.98,8.98,2.49
61.59,-3.92,8.75,2.53
61.59,-3.90,8.58,2.57
61.59,-3.86,8.40,2.63
61.59,-3.85,8.23,2.67
61.60,-3.82,8.09,2.71
61.60,-3.84,7.95,2.76
61.60,-3.82,7.81,2.80
61.60,-3.82,7.69,2.79
61.61,-3.83,7.58,2.78
61.61,-3.84,7.48,2.74
61.61,-3.82,7.38,2.73
61.61,-3.84,7.26,2.72
61.61,-3.85,7.18,2.73
61.62,-3.85,7.12,2.70
61.62,-3.85,7.06,2.70
61.62,-3.85,7.06,2.69
61.62,-3.84,7.02,2.69
61.63,-3.88,7.02,2.69
61.63,-3.87,7.02,2.70
61.63,-3.89,7.04,2.72
61.63,-3.88,7.07,2.70
61.64,-3.88,7.11,2.67
61.64,-3.86,7.16,2.68
61.64,-3.86,7.21,2.64
61.64,-3.85,7.29,2.61
61.65,-3.86,7.35,2.59
61.65,-3.87,7.41,2.58
61.65,-3.85,7.48,2.50
61.65,-3.87,7.55,2.45
61.66,-3.84,7.62,2.47
61.66,-3.85,7.72,2.44
61.66,-3.84,7.79,2.43
61.66,-3.82,7.92,2.43
61.66,-3.78,8.03,2.39
61.67,-3.76,8.15,2.34
61.67,-3.71,8.30,2.32
61.67,-3.65,8.44,2.30
61.67,-3.59,8.57,2.27
61.68,-3.53,8.69,2.25
61.68,-3.46,8.81,2.27
61.68,-3.39,8.91,2.29
61.68,-3.31,9.02,2.24
61.69,-3.42,9.10,2.15
61.69,-3.57,9.21,2.12
61.69,-3.54,9.34,2.18
61.69,-3.44,9.43,2.32
61.70,-3.33,9.57,2.43
61.70,-3.22,9.68,2.55
61.70,-3.14,9.77,2.61
61.70,-3.06,9.85,2.71
61.71,-3.02,9.92,2.79
61.71,-3.00,9.93,2.83
61.71,-2.99,9.94,2.88
61.71,-2.99,9.92,2.96
61.71,-2.97,9.90,3.03
61.72,-2.99,9.86,3.07
61.72,-2.99,9.80,3.08
61.72,-2.98,9.74,3.11
61.72,-3.00,9.68,3.15
61.73,-3.02,9.58,3.13
61.73,-3.06,9.48,3.11
61.73,-3.11,9.38,3.11
61.73,-3.17,9.25,3.09
61.74,-3.22,9.13,3.05
61.74,-3.27,9.00,3.04
61.74,-3.28,8.87,3.02
61.74,-3.27,8.74,2.99
61.75,-3.29,8.62,2.97
61.75,-3.32,8.49,2.96
61.75,-3.36,8.36,2.93
61.75,-3.40,8.26,2.92
61.76,-3.44,8.20,2.91
61.76,-3.51,8.10,2.92
61.76,-3.55,8.02,2.91
61.76,-3.63,7.97,2.90
61.76,-3.68,7.93,2.90
61.77,-3.73,7.90,2.86
61.77,-3.77,7.88,2.85
61.77,-3.80,7.86,2.81
61.77,-3.85,7.87,2.80
61.78,-3.89,7.90,2.81
61.78,-3.94,7.92,2.79
61.78,-3.94,7.93,2.81
61.78,-3.97,7.97,2.79
61.79,-3.96,8.00,2.77
61.79,-3.98,8.02,2.78
61.79,-3.98,8.06,2.79
61.79,-3.98,8.08,2.77
61.80,-3.99,8.13,2.80
61.80,-3.98,8.19,2.78
61.80,-3.96,8.21,2.80
61.80,-3.95,8.26,2.77
61.81,-3.95,8.31,2.76
61.81,-3.93,8.36,2.76
61.81,-3.95,8.38,2.74
61.81,-3.96,8.45,2.72
61.81,-3.97,8.48,2.72
61.82,-3.97,8.53,2.70
61.82,-3.99,8.56,2.68
61.82,-4.01,8.60,2.67
61.82,-4.04,8.63,2.65
61.83,-4.05,8.67,2.67
61.83,-4.05,8.70,2.66
61.83,-4.08,8.70,2.61
61.83,-4.09,8.72,2.59
61.84,-4.11,8.75,2.61
61.84,-4.11,8.77,2.61
61.84,-4.13,8.78,2.60
61.84,-4.15,8.79,2.59
61.85,-4.18,8.79,2.58
61.85,-4.18,8.82,2.59
61.85,-4.20,8.85,2.57
61.85,-4.20,8.87,2.57
61.85,-4.21,8.87,2.55
61.86,-4.22,8.88,2.57
61.86,-4.22,8.88,2.58
61.86,-4.22,8.90,2.57
61.86,-4.25,8.86,2.57
61.87,-4.24,8.85,2.61
61.87,-4.22,8.84,2.64
61.87,-4.21,8.82,2.67
61.87,-4.17,8.80,2.71
61.88,-4.15,8.78,2.75
61.88,-4.13,8.75,2.78
61.88,-4.10,8.69,2.81
61.88,-4.06,8.67,2.86
61.89,-4.03,8.63,2.89
61.89,-4.00,8.59,2.91
61.89,-4.00,8.55,2.94
61.89,-3.97,8.52,2.94
61.90,-3.94,8.49,2.96
61.90,-3.93,8.45,2.96
61.90,-3.93,8.41,2.98
61.90,-3.91,8.38,2.96
61.90,-3.90,8.34,2.97
61.91,-3.91,8.30,2.97
61.91,-3.92,8.28,2.96
61.91,-3.92,8.26,2.97
61.91,-3.92,8.22,2.95
61.92,-3.95,8.22,2.97
61.92,-3.96,8.21,2.97
61.92,-3.99,8.21,2.97
61.92,-4.01,8.21,2.98
61.93,-4.02,8.24,2.98
61.93,-4.05,8.24,2.97
61.93,-4.09,8.25,2.97
61.93,-4.12,8.28,2.96
61.94,-4.13,8.30,2.96
61.94,-4.15,8.32,2.95
61.94,-4.17,8.36,2.94
61.94,-4.18,8.38,2.93
61.95,-4.21,8.42,2.90
61.95,-4.20,8.44,2.88
61.95,-4.22,8.50,2.88
61.95,-4.21,8.54,2.86
61.95,-4.22,8.59,2.87
61.96,-4.20,8.63,2.82
61.96,-4.20,8.66,2.81
61.96,-4.20,8.71,2.79
61.96,-4.18,8.73,2.77
61.97,-4.16,8.76,2.76
61.97,-4.16,8.80,2.75
61.97,-4.13,8.81,2.74
61.97,-4.10,8.86,2.71
61.98,-4.08,8.89,2.73
61.98,-4.04,8.90,2.72
61.98,-4.01,8.92,2.73
61.98,-3.98,8.93,2.75
61.99,-3.94,8.95,2.77
61.99,-3.90,8.96,2.76
61.99,-3.88,8.97,2.78
61.99,-3.83,8.95,2.79
62.00,-3.83,8.96,2.78
62.00,-3.78,8.97,2.76
62.00,-3.74,8.94,2.75
62.00,-3.73,8.93,2.74
62.00,-3.68,8.91,2.72
62.01,-3.66,8.90,2.72
62.01,-3.66,8.88,2.74
62.01,-3.63,8.85,2.73
62.01,-3.61,8.84,2.72
62.02,-3.57,8.84,2.73
62.02,-3.54,8.82,2.72
62.02,-3.52,8.81,2.69
62.02,-3.48,8.81,2.69
62.03,-3.44,8.80,2.68
62.03,-3.45,8.77,2.70
62.03,-3.44,8.76,2.69
62.03,-3.39,8.76,2.71
62.04,-3.39,8.78,2.69
62.04,-3.35,8.81,2.69
62.04,-3.36,8.81,2.71
62.04,-3.35,8.81,2.70
62.04,-3.33,8.84,2.70
62.05,-3.34,8.87,2.73
62.05,-3.34,8.89,2.75
62.05,-3.32,8.91,2.76
62.05,-3.34,8.94,2.78
62.06,-3.32,8.97,2.75
62.06,-3.33,9.02,2.72
62.06,-3.31,9.04,2.72
62.06,-3.29,9.09,2.69
62.07,-3.28,9.12,2.67
62.07,-3.32,9.11,2.67
62.07,-3.30,9.15,2.66
62.07,-3.28,9.16,2.62
62.08,-3.18,9.22,2.53
62.08,-3.19,9.25,2.56
62.08,-3.17,9.25,2.54
62.08,-3.19,9.23,2.55
62.09,-3.18,9.25,2.51
62.09,-3.14,9.29,2.51
62.09,-3.07,9.30,2.52
62.09,-3.04,9.31,2.52
62.09,-3.03,9.32,2.53
62.10,-2.99,9.33,2.55
62.10,-2.97,9.32,2.53
62.10,-2.92,9.32,2.54
62.10,-2.88,9.37,2.54
62.11,-2.85,9.37,2.52
62.11,-2.84,9.38,2.54
62.11,-2.83,9.37,2.54
62.11,-2.83,9.36,2.56
62.12,-2.80,9.36,2.57
62.12,-2.80,9.39,2.57
62.12,-2.77,9.40,2.57
62.12,-2.79,9.40,2.57
62.13,-2.82,9.41,2.60
62.13,-2.85,9.42,2.57
62.13,-2.85,9.39,2.59
62.13,-2.85,9.41,2.59
62.14,-2.87,9.42,2.61
62.14,-2.90,9.41,2.61
62.14,-2.95,9.38,2.62
62.14,-2.96,9.33,2.63
62.14,-2.97,9.31,2.64
62.15,-2.96,9.29,2.62
62.15,-3.00,9.26,2.63
62.15,-3.05,9.23,2.63
62.15,-3.07,9.22,2.66
62.16,-3.09,9.18,2.64
62.16,-3.11,9.17,2.64
62.16,-3.13,9.16,2.65
62.16,-3.16,9.11,2.64
62.17,-3.20,9.11,2.66
62.17,-3.26,9.09,2.69
62.17,-3.31,9.10,2.72
62.17,-3.37,9.07,2.75
62.18,-3.40,9.05,2.76
62.18,-3.43,9.09,2.78
62.18,-3.49,9.07,2.78
62.18,-3.52,9.06,2.81
62.19,-3.60,9.04,2.85
62.19,-3.64,9.06,2.83
62.19,-3.70,9.06,2.85
62.19,-3.74,9.06,2.86
62.19,-3.76,9.04,2.86
62.20,-3.78,9.03,2.83
62.20,-3.76,9.04,2.83
62.20,-3.78,9.00,2.84
62.20,-3.80,8.98,2.84
62.21,-3.82,8.96,2.87
62.21,-3.83,8.95,2.87
62.21,-3.85,8.92,2.87
62.21,-3.82,8.88,2.89
62.22,-3.80,8.87,2.86
62.22,-3.82,8.82,2.87
62.22,-3.80,8.79,2.90
62.22,-3.79,8.77,2.93
62.23,-3.79,8.74,2.95
62.23,-3.77,8.71,2.96
62.23,-3.76,8.70,2.98
62.23,-3.75,8.68,2.98
62.24,-3.73,8.66,3.03
62.24,-3.71,8.67,3.01
62.24,-3.70,8.66,3.03
62.24,-3.71,8.64,3.04
62.24,-3.68,8.64,3.06
62.25,-3.68,8.63,3.08
62.25,-3.66,8.62,3.09
62.25,-3.66,8.65,3.08
62.25,-3.65,8.63,3.08
62.26,-3.63,8.64,3.08
62.26,-3.65,8.64,3.06
62.26,-3.64,8.65,3.07
62.26,-3.65,8.66,3.07
62.27,-3.66,8.65,3.08
62.27,-3.69,8.66,3.07
62.27,-3.68,8.66,3.07
62.27,-3.68,8.67,3.10
62.28,-3.73,8.66,3.13
62.28,-3.76,8.65,3.14
62.28,-3.79,8.65,3.16
62.28,-3.80,8.68,3.19
62.28,-3.87,8.68,3.20
62.29,-3.88,8.68,3.23
62.29,-3.91,8.68,3.23
62.29,-3.93,8.69,3.25
62.29,-3.96,8.68,3.29
62.30,-3.98,8.68,3.31
62.30,-4.01,8.67,3.32
62.30,-4.06,8.65,3.37
62.30,-4.08,8.64,3.41
62.31,-4.10,8.63,3.38
62.31,-4.10,8.58,3.42
62.31,-4.12,8.58,3.41
62.31,-4.13,8.54,3.39
62.32,-4.16,8.55,3.37
62.32,-4.10,8.53,3.32
62.32,-4.02,8.56,3.26
62.32,-4.07,8.48,3.35
62.33,-4.22,8.39,3.41
62.33,-4.34,8.31,3.42
62.33,-4.33,8.31,3.39
62.33,-4.24,8.34,3.36
62.33,-4.16,8.35,3.31
62.34,-4.08,8.32,3.27
62.34,-4.12,8.28,3.29
62.34,-4.22,8.18,3.31
62.34,-4.29,8.12,3.31
62.35,-4.28,8.09,3.33
62.35,-4.25,8.08,3.31
62.35,-4.22,8.04,3.31
62.35,-4.20,8.02,3.31
62.36,-4.22,7.97,3.28
62.36,-4.26,7.94,3.26
62.36,-4.26,7.93,3.27
62.36,-4.25,7.93,3.31
62.37,-4.27,7.91,3.29
62.37,-4.28,7.88,3.32
62.37,-4.30,7.87,3.37
62.37,-4.34,7.87,3.40
62.38,-4.34,7.88,3.43
62.38,-4.36,7.89,3.45
62.38,-4.36,7.92,3.49
62.38,-4.41,7.94,3.52
62.38,-4.45,7.98,3.57
62.39,-4.49,8.02,3.59
62.39,-4.52,8.07,3.60
62.39,-4.55,8.10,3.64
62.39,-4.59,8.16,3.66
62.40,-4.64,8.19,3.70
62.40,-4.67,8.24,3.70
62.40,-4.67,8.30,3.72
62.40,-4.75,8.32,3.74
62.41,-4.79,8.35,3.73
62.41,-4.79,8.37,3.73
62.41,-4.84,8.38,3.72
62.41,-4.87,8.40,3.73
62.42,-4.93,8.40,3.70
62.42,-4.98,8.38,3.73
62.42,-4.99,8.39,3.70
62.42,-5.00,8.40,3.69
62.43,-5.05,8.34,3.67
62.43,-5.09,8.35,3.65
62.43,-5.11,8.30,3.63
62.43,-5.13,8.27,3.63
62.43,-5.13,8.25,3.60
62.44,-5.15,8.19,3.59
62.44,-5.13,8.17,3.58
62.44,-5.14,8.15,3.56
62.44,-5.10,8.11,3.54
62.45,-5.12,8.08,3.52
62.45,-5.13,8.07,3.52
62.45,-5.17,8.02,3.54
62.45,-5.18,8.00,3.52
62.46,-5.17,8.01,3.53
62.46,-5.17,8.00,3.54
62.46,-5.21,7.98,3.53
62.46,-5.19,8.00,3.54
62.47,-5.20,8.00,3.55
62.47,-5.18,8.01,3.59
62.47,-5.19,8.03,3.57
62.47,-5.18,8.03,3.59
62.48,-5.14,8.05,3.59
62.48,-5.12,8.06,3.63
62.48,-5.09,8.05,3.65
62.48,-5.04,8.04,3.66
62.48,-4.99,8.06,3.66
62.49,-4.91,8.06,3.70
62.49,-4.85,8.08,3.74
62.49,-4.80,8.07,3.74
62.49,-4.75,8.06,3.76
62.50,-4.69,8.06,3.76
62.50,-4.65,8.04,3.78
62.50,-4.61,8.07,3.78
62.50,-4.57,8.08,3.78
62.51,-4.53,8.09,3.76
62.51,-4.47,8.11,3.75
62.51,-4.38,8.15,3.67
62.51,-4.26,8.20,3.62
62.52,-4.16,8.21,3.58
62.52,-4.14,8.19,3.53
62.52,-4.21,8.14,3.56
62.52,-4.33,8.10,3.62
62.52,-4.41,8.06,3.70
62.53,-4.40,8.10,3.77
62.53,-4.36,8.13,3.82
62.53,-4.31,8.19,3.82
62.53,-4.28,8.22,3.80
62.54,-4.28,8.24,3.74
62.54,-4.33,8.26,3.74
62.54,-4.39,8.28,3.71
62.54,-4.44,8.31,3.69
62.55,-4.50,8.34,3.68
62.55,-4.52,8.36,3.64
62.55,-4.52,8.41,3.60
62.55,-4.53,8.47,3.56
62.56,-4.53,8.48,3.56
62.56,-4.55,8.52,3.52
62.56,-4.56,8.57,3.53
62.56,-4.55,8.61,3.57
62.57,-4.54,8.63,3.57
62.57,-4.52,8.64,3.59
62.57,-4.50,8.67,3.62
62.57,-4.50,8.68,3.64
62.57,-4.47,8.69,3.65
62.58,-4.50,8.72,3.67
62.58,-4.52,8.72,3.70
62.58,-4.50,8.74,3.73
62.58,-4.51,8.75,3.78
62.59,-4.45,8.76,3.81
62.59,-4.45,8.77,3.83
62.59,-4.40,8.74,3.84
62.59,-4.35,8.73,3.82
62.60,-4.27,8.72,3.81
62.60,-4.21,8.67,3.80
62.60,-4.16,8.64,3.77
62.60,-4.10,8.60,3.74
62.61,-4.07,8.57,3.69
62.61,-4.00,8.53,3.67
62.61,-3.99,8.51,3.68
62.61,-3.98,8.48,3.66
62.62,-3.94,8.39,3.66
62.62,-3.88,8.31,3.65
62.62,-3.81,8.31,3.63
62.62,-3.67,8.28,3.65
62.62,-3.58,8.17,3.63
62.63,-3.54,8.08,3.58
62.63,-3.53,8.01,3.54
62.63,-3.48,8.00,3.51
62.63,-3.47,8.03,3.49
62.64,-3.44,8.06,3.48
62.64,-3.42,8.08,3.49
62.64,-3.37,8.11,3.49
62.64,-3.38,8.13,3.51
62.65,-3.39,8.19,3.52
62.65,-3.40,8.23,3.55
62.65,-3.40,8.25,3.56
62.65,-3.43,8.31,3.58
62.66,-3.44,8.29,3.56
62.66,-3.43,8.30,3.58
62.66,-3.42,8.32,3.57
62.66,-3.41,8.33,3.57
62.67,-3.40,8.36,3.58
62.67,-3.40,8.37,3.57
62.67,-3.43,8.40,3.58
62.67,-3.46,8.45,3.60
62.67,-3.50,8.50,3.63
62.68,-3.55,8.55,3.69
62.68,-3.59,8.62,3.71
62.68,-3.62,8.67,3.75
62.68,-3.66,8.69,3.76
62.69,-3.68,8.71,3.81
62.69,-3.66,8.79,3.81
62.69,-3.65,8.81,3.83
62.69,-3.67,8.84,3.83
62.70,-3.71,8.87,3.79
62.70,-3.75,8.94,3.82
62.70,-3.74,8.97,3.81
62.70,-3.74,8.99,3.80
62.71,-3.73,8.98,3.77
62.71,-3.70,8.98,3.76
62.71,-3.66,8.96,3.70
62.71,-3.63,8.92,3.62
62.71,-3.63,8.88,3.60
62.72,-3.59,8.86,3.56
62.72,-3.56,8.85,3.53
62.72,-3.54,8.82,3.53
62.72,-3.51,8.79,3.51
62.73,-3.46,8.79,3.51
62.73,-3.46,8.74,3.49
62.73,-3.42,8.68,3.49
62.73,-3.40,8.64,3.51
62.74,-3.38,8.59,3.51
62.74,-3.37,8.52,3.52
62.74,-3.33,8.51,3.54
62.74,-3.35,8.47,3.58
62.75,-3.37,8.46,3.63
62.75,-3.35,8.44,3.69
62.75,-3.41,8.42,3.73
62.75,-3.43,8.40,3.78
62.76,-3.46,8.40,3.82
62.76,-3.48,8.40,3.86
62.76,-3.47,8.37,3.87
62.76,-3.50,8.38,3.90
62.76,-3.53,8.39,3.92
62.77,-3.54,8.37,3.94
62.77,-3.55,8.39,3.95
62.77,-3.57,8.38,3.95
62.77,-3.58,8.40,3.99
62.78,-3.60,8.36,4.01
62.78,-3.65,8.37,3.99
62.78,-3.72,8.36,4.00
62.78,-3.77,8.33,3.99
62.79,-3.80,8.32,3.96
62.79,-3.82,8.30,3.94
62.79,-3.87,8.34,3.93
62.79,-3.86,8.34,3.89
62.80,-3.90,8.37,3.86
62.80,-3.93,8.38,3.85
62.80,-3.94,8.33,3.83
62.80,-3.94,8.32,3.81
62.81,-3.94,8.30,3.79
62.81,-3.95,8.29,3.78
62.81,-3.93,8.29,3.78
62.81,-3.92,8.31,3.75
62.81,-3.94,8.31,3.75
62.82,-3.97,8.32,3.72
62.82,-3.97,8.31,3.73
62.82,-3.98,8.29,3.70
62.82,-3.94,8.30,3.66
62.83,-3.93,8.28,3.63
62.83,-3.91,8.29,3.60
62.83,-3.91,8.31,3.57
62.83,-3.88,8.31,3.52
62.84,-3.91,8.32,3.48
62.84,-3.91,8.30,3.47
62.84,-3.89,8.29,3.43
62.84,-3.91,8.31,3.43
62.85,-3.92,8.28,3.41
62.85,-3.90,8.28,3.44
62.85,-3.88,8.30,3.47
62.85,-3.90,8.32,3.52
62.86,-3.88,8.30,3.55
62.86,-3.86,8.33,3.62
62.86,-3.85,8.30,3.66
62.86,-3.85,8.34,3.71
62.86,-3.82,8.36,3.78
62.87,-3.80,8.35,3.82
62.87,-3.80,8.36,3.86
62.87,-3.80,8.36,3.93
62.87,-3.79,8.36,3.97
62.88,-3.80,8.35,4.02
62.88,-3.78,8.34,4.06
62.88,-3.78,8.32,4.09
62.88,-3.77,8.32,4.11
62.89,-3.76,8.32,4.12
62.89,-3.77,8.31,4.14
62.89,-3.79,8.29,4.14
62.89,-3.82,8.25,4.09
62.90,-3.80,8.22,4.05
62.90,-3.83,8.21,4.02
62.90,-3.83,8.21,3.99
62.90,-3.84,8.15,3.93
62.91,-3.85,8.14,3.89
62.91,-3.84,8.15,3.87
62.91,-3.85,8.13,3.83
62.91,-3.87,8.12,3.84
62.91,-3.89,8.13,3.82
62.92,-3.86,8.12,3.81
62.92,-3.85,8.09,3.79
62.92,-3.87,8.06,3.79
62.92,-3.84,8.09,3.78
62.93,-3.82,8.08,3.80
62.93,-3.80,8.09,3.78
62.93,-3.77,8.11,3.80
62.93,-3.73,8.11,3.80
62.94,-3.72,8.13,3.80
62.94,-3.71,8.14,3.80
62.94,-3.68,8.19,3.79
62.94,-3.68,8.20,3.82
62.95,-3.68,8.25,3.82
62.95,-3.68,8.28,3.83
62.95,-3.69,8.33,3.84
62.95,-3.68,8.36,3.83
62.95,-3.66,8.39,3.82
62.96,-3.65,8.42,3.82
62.96,-3.63,8.46,3.80
62.96,-3.64,8.52,3.80
62.96,-3.64,8.56,3.80
62.97,-3.61,8.61,3.80
62.97,-3.65,8.67,3.80
62.97,-3.64,8.74,3.81
62.97,-3.68,8.80,3.82
62.98,-3.68,8.84,3.81
62.98,-3.69,8.86,3.84
62.98,-3.67,8.90,3.86
62.98,-3.68,8.95,3.87
62.99,-3.66,8.96,3.88
62.99,-3.63,8.99,3.90
62.99,-3.61,9.01,3.90
62.99,-3.61,9.03,3.92
63.00,-3.59,9.06,3.88
63.00,-3.57,9.05,3.88
63.00,-3.55,9.06,3.87
63.00,-3.53,9.06,3.88
63.00,-3.49,9.06,3.88
63.01,-3.50,9.07,3.88
63.01,-3.47,9.05,3.88
63.01,-3.46,9.06,3.88
63.01,-3.44,9.06,3.88
63.02,-3.41,9.04,3.87
63.02,-3.38,9.05,3.87
63.02,-3.38,9.03,3.88
63.02,-3.36,9.01,3.82
63.03,-3.38,9.00,3.83
63.03,-3.36,8.97,3.83
63.03,-3.35,8.97,3.84
63.03,-3.33,9.01,3.85
63.04,-3.35,8.98,3.86
63.04,-3.32,8.96,3.86
63.04,-3.34,8.98,3.87
63.04,-3.36,8.94,3.87
63.05,-3.35,8.96,3.89
63.05,-3.36,8.98,3.89
63.05,-3.36,8.96,3.89
63.05,-3.34,8.95,3.89
63.05,-3.35,8.93,3.93
63.06,-3.35,8.92,3.92
63.06,-3.37,8.88,3.92
63.06,-3.38,8.89,3.95
63.06,-3.38,8.90,3.99
63.07,-3.39,8.86,4.00
63.07,-3.40,8.83,3.98
63.07,-3.40,8.81,4.01
63.07,-3.42,8.80,4.03
63.08,-3.43,8.79,4.07
63.08,-3.43,8.78,4.07
63.08,-3.43,8.75,4.08
63.08,-3.47,8.73,4.08
63.09,-3.47,8.70,4.05
63.09,-3.48,8.69,4.04
63.09,-3.49,8.69,4.03
63.09,-3.49,8.68,3.99
63.10,-3.49,8.67,3.94
63.10,-3.50,8.64,3.92
63.10,-3.50,8.65,3.91
63.10,-3.50,8.61,3.89
63.10,-3.48,8.61,3.87
63.11,-3.47,8.60,3.86
63.11,-3.45,8.60,3.85
63.11,-3.45,8.57,3.88
63.11,-3.41,8.56,3.87
63.12,-3.38,8.54,3.87
63.12,-3.36,8.55,3.85
63.12,-3.32,8.55,3.85
63.12,-3.31,8.57,3.83
63.13,-3.29,8.56,3.82
63.13,-3.27,8.57,3.82
63.13,-3.25,8.57,3.79
63.13,-3.23,8.59,3.77
63.14,-3.20,8.58,3.75
63.14,-3.21,8.59,3.72
63.14,-3.20,8.59,3.72
63.14,-3.20,8.60,3.71
63.14,-3.20,8.57,3.68
63.15,-3.18,8.56,3.68
63.15,-3.18,8.53,3.68
63.15,-3.19,8.52,3.67
63.15,-3.17,8.52,3.65
63.16,-3.17,8.50,3.63
63.16,-3.14,8.47,3.61
63.16,-3.12,8.44,3.62
63.16,-3.12,8.42,3.61
63.17,-3.10,8.42,3.61
63.17,-3.12,8.41,3.58
63.17,-3.11,8.40,3.55
63.17,-3.13,8.40,3.55
63.18,-3.15,8.41,3.53
63.18,-3.18,8.41,3.50
63.18,-3.21,8.42,3.50
63.18,-3.26,8.42,3.48
63.19,-3.29,8.44,3.47
63.19,-3.33,8.46,3.41
63.19,-3.36,8.47,3.42
63.19,-3.40,8.50,3.40
63.19,-3.44,8.53,3.40
63.20,-3.46,8.55,3.37
63.20,-3.52,8.60,3.37
63.20,-3.53,8.64,3.33
63.20,-3.55,8.67,3.31
63.21,-3.57,8.69,3.30
63.21,-3.61,8.72,3.29
63.21,-3.65,8.74,3.26
63.21,-3.67,8.74,3.23
63.22,-3.70,8.76,3.24
63.22,-3.70,8.78,3.22
63.22,-3.73,8.76,3.21
63.22,-3.75,8.77,3.20
63.23,-3.79,8.75,3.20
63.23,-3.80,8.73,3.18
63.23,-3.84,8.75,3.20
63.23,-3.85,8.75,3.22
63.24,-3.87,8.75,3.22
63.24,-3.88,8.72,3.25
63.24,-3.88,8.70,3.25
63.24,-3.91,8.69,3.27
63.24,-3.91,8.66,3.29
63.25,-3.92,8.63,3.30
63.25,-3.93,8.59,3.32
63.25,-3.95,8.58,3.34
63.25,-3.95,8.56,3.36
63.26,-4.00,8.52,3.36
63.26,-4.01,8.48,3.36
63.26,-4.06,8.47,3.36
63.26,-4.11,8.44,3.37
63.27,-4.15,8.41,3.35
63.27,-4.18,8.41,3.33
63.27,-4.20,8.38,3.29
63.27,-4.26,8.37,3.25
63.28,-4.33,8.34,3.21
63.28,-4.41,8.31,3.18
63.28,-4.44,8.34,3.17
63.28,-4.43,8.33,3.16
63.29,-4.43,8.35,3.14
63.29,-4.43,8.32,3.13
63.29,-4.40,8.33,3.13
63.29,-4.36,8.38,3.15
63.29,-4.31,8.35,3.19
63.30,-4.28,8.32,3.24
63.30,-4.26,8.31,3.26
63.30,-4.27,8.25,3.31
63.30,-4.23,8.27,3.38
63.31,-4.19,8.24,3.43
63.31,-4.14,8.24,3.48
63.31,-4.11,8.18,3.50
63.31,-4.09,8.13,3.52
63.32,-4.07,8.14,3.54
63.32,-4.07,8.05,3.54
63.32,-4.03,8.04,3.56
63.32,-4.01,8.04,3.55
63.33,-3.98,8.00,3.55
63.33,-3.95,7.96,3.54
63.33,-3.94,7.95,3.52
63.33,-3.93,7.92,3.49
63.34,-3.96,7.92,3.47
63.34,-3.94,7.90,3.43
63.34,-3.95,7.89,3.42
63.34,-3.98,7.94,3.39
63.34,-3.96,7.95,3.37
63.35,-3.98,7.96,3.34
63.35,-3.99,7.97,3.30
63.35,-3.99,8.02,3.28
63.35,-3.96,8.05,3.26
63.36,-3.96,8.08,3.24
63.36,-3.95,8.13,3.23
63.36,-3.97,8.19,3.23
63.36,-3.97,8.24,3.24
63.37,-3.98,8.29,3.29
63.37,-3.97,8.29,3.34
63.37,-4.00,8.34,3.36
63.37,-4.02,8.39,3.39
63.38,-4.03,8.46,3.40
63.38,-4.02,8.48,3.41
63.38,-4.08,8.50,3.40
63.38,-4.07,8.52,3.41
63.38,-4.10,8.56,3.44
63.39,-4.07,8.59,3.42
63.39,-4.07,8.63,3.41
63.39,-4.05,8.64,3.39
63.39,-4.04,8.64,3.37
63.40,-4.04,8.62,3.36
63.40,-4.04,8.62,3.35
63.40,-4.02,8.62,3.35
63.40,-4.01,8.62,3.35
63.41,-3.98,8.64,3.33
63.41,-3.95,8.64,3.33
63.41,-3.92,8.60,3.34
63.41,-3.92,8.59,3.35
63.42,-3.88,8.53,3.34
63.42,-3.83,8.52,3.33
63.42,-3.79,8.48,3.32
63.42,-3.75,8.48,3.28
63.43,-3.66,8.44,3.27
63.43,-3.62,8.39,3.25
63.43,-3.57,8.39,3.25
63.43,-3.58,8.36,3.28
63.43,-3.56,8.35,3.26
63.44,-3.58,8.36,3.26
63.44,-3.57,8.35,3.28
63.44,-3.56,8.34,3.29
63.44,-3.58,8.34,3.32
63.45,-3.57,8.35,3.31
63.45,-3.53,8.35,3.29
63.45,-3.50,8.38,3.28
63.45,-3.49,8.40,3.30
63.46,-3.48,8.42,3.29
63.46,-3.44,8.40,3.29
63.46,-3.45,8.42,3.29
63.46,-3.41,8.45,3.30
63.47,-3.42,8.45,3.33
63.47,-3.39,8.48,3.35
63.47,-3.40,8.49,3.35
63.47,-3.42,8.53,3.37
63.48,-3.44,8.53,3.38
63.48,-3.44,8.57,3.37
63.48,-3.44,8.56,3.38
63.48,-3.48,8.59,3.39
63.48,-3.51,8.61,3.38
63.49,-3.57,8.61,3.38
63.49,-3.58,8.62,3.39
63.49,-3.65,8.60,3.37
63.49,-3.68,8.61,3.36
63.50,-3.71,8.60,3.34
63.50,-3.75,8.59,3.34
63.50,-3.79,8.58,3.34
63.50,-3.80,8.60,3.32
63.51,-3.82,8.57,3.31
63.51,-3.86,8.57,3.31
63.51,-3.88,8.57,3.34
63.51,-3.93,8.56,3.34
63.52,-3.95,8.55,3.35
63.52,-3.93,8.55,3.36
63.52,-3.93,8.56,3.36
63.52,-3.92,8.55,3.36
63.53,-3.93,8.50,3.35
63.53,-3.91,8.49,3.33
63.53,-3.89,8.48,3.34
63.53,-3.90,8.48,3.36
63.53,-3.88,8.48,3.36
63.54,-3.90,8.47,3.40
63.54,-3.89,8.44,3.41
63.54,-3.89,8.45,3.43
63.54,-3.92,8.47,3.44
63.55,-3.96,8.44,3.42
63.55,-4.02,8.46,3.44
63.55,-4.04,8.51,3.43
63.55,-4.07,8.54,3.44
63.56,-4.12,8.59,3.42
63.56,-4.16,8.66,3.41
63.56,-4.17,8.70,3.39
63.56,-4.22,8.74,3.36
63.57,-4.30,8.78,3.30
63.57,-4.36,8.77,3.29
63.57,-4.39,8.78,3.27
63.57,-4.47,8.81,3.26
63.57,-4.48,8.81,3.25
63.58,-4.52,8.82,3.25
63.58,-4.52,8.78,3.25
63.58,-4.55,8.77,3.24
63.58,-4.55,8.77,3.25
63.59,-4.56,8.76,3.27
63.59,-4.56,8.75,3.25
63.59,-4.55,8.71,3.25
63.59,-4.56,8.67,3.24
63.60,-4.55,8.62,3.23
63.60,-4.54,8.58,3.24
63.60,-4.52,8.53,3.25
63.60,-4.51,8.48,3.26
63.61,-4.48,8.44,3.26
63.61,-4.45,8.41,3.27
63.61,-4.44,8.39,3.30
63.61,-4.38,8.37,3.31
63.62,-4.35,8.33,3.34
63.62,-4.33,8.33,3.38
63.62,-4.30,8.33,3.40
63.62,-4.26,8.35,3.43
63.62,-4.18,8.38,3.44
63.63,-4.16,8.36,3.45
63.63,-4.12,8.32,3.44
63.63,-4.11,8.31,3.42
63.63,-4.04,8.30,3.41
63.64,-3.98,8.29,3.39
63.64,-3.92,8.32,3.38
63.64,-3.85,8.35,3.40
63.64,-3.79,8.38,3.40
63.65,-3.75,8.38,3.40
63.65,-3.71,8.38,3.44
63.65,-3.68,8.42,3.46
63.65,-3.66,8.43,3.50
63.66,-3.63,8.48,3.53
63.66,-3.62,8.45,3.53
63.66,-3.63,8.46,3.55
63.66,-3.62,8.48,3.55
63.67,-3.63,8.50,3.56
63.67,-3.64,8.50,3.55
63.67,-3.67,8.52,3.55
63.67,-3.70,8.54,3.53
63.67,-3.74,8.54,3.50
63.68,-3.80,8.56,3.49
63.68,-3.85,8.57,3.44
63.68,-3.87,8.56,3.43
63.68,-3.92,8.57,3.41
63.69,-3.93,8.58,3.37
63.69,-3.96,8.58,3.34
63.69,-3.99,8.59,3.31
63.69,-4.00,8.60,3.31
63.70,-4.02,8.60,3.31
63.70,-4.05,8.61,3.30
63.70,-4.07,8.61,3.29
63.70,-4.08,8.60,3.29
63.71,-4.10,8.62,3.33
63.71,-4.10,8.61,3.34
63.71,-4.13,8.61,3.36
63.71,-4.15,8.61,3.37
63.72,-4.14,8.60,3.39
63.72,-4.17,8.59,3.39
63.72,-4.18,8.58,3.40
63.72,-4.20,8.55,3.42
63.72,-4.22,8.54,3.41
63.73,-4.20,8.51,3.43
63.73,-4.23,8.51,3.42
63.73,-4.24,8.47,3.44
63.73,-4.26,8.41,3.44
63.74,-4.24,8.40,3.41
63.74,-4.25,8.36,3.44
63.74,-4.24,8.35,3.44
63.74,-4.23,8.33,3.45
63.75,-4.22,8.27,3.43
63.75,-4.18,8.29,3.43
63.75,-4.19,8.28,3.44
63.75,-4.17,8.28,3.41
63.76,-4.15,8.26,3.41
63.76,-4.12,8.27,3.39
63.76,-4.10,8.26,3.38
63.76,-4.09,8.28,3.39
63.77,-4.08,8.27,3.38
63.77,-4.08,8.27,3.35
63.77,-4.06,8.30,3.37
63.77,-4.04,8.32,3.36
63.77,-4.00,8.33,3.34
63.78,-3.99,8.31,3.34
63.78,-3.94,8.34,3.33
63.78,-3.93,8.34,3.31
63.78,-3.88,8.35,3.28
63.79,-3.86,8.36,3.31
63.79,-3.85,8.37,3.30
63.79,-3.83,8.35,3.30
63.79,-3.81,8.36,3.32
63.80,-3.82,8.37,3.32
63.80,-3.81,8.37,3.34
63.80,-3.80,8.37,3.36
63.80,-3.82,8.39,3.38
63.81,-3.80,8.43,3.41
63.81,-3.83,8.46,3.43
63.81,-3.82,8.46,3.45
63.81,-3.86,8.49,3.47
63.81,-3.87,8.52,3.46
63.82,-3.89,8.51,3.52
63.82,-3.90,8.53,3.54
63.82,-3.93,8.57,3.54
63.82,-3.93,8.60,3.55
63.83,-3.95,8.60,3.56
63.83,-3.95,8.63,3.57
63.83,-3.98,8.63,3.57
63.83,-4.01,8.66,3.56
63.84,-4.01,8.65,3.55
63.84,-4.03,8.66,3.55
63.84,-4.04,8.66,3.54
63.84,-4.03,8.66,3.53
63.85,-4.06,8.67,3.52
63.85,-4.05,8.66,3.51
63.85,-4.08,8.66,3.48
63.85,-4.08,8.63,3.48
63.86,-4.09,8.62,3.44
63.86,-4.10,8.62,3.44
63.86,-4.11,8.57,3.40
63.86,-4.09,8.56,3.38
63.86,-4.09,8.55,3.36
63.87,-4.11,8.54,3.32
63.87,-4.11,8.52,3.31
63.87,-4.11,8.49,3.31
63.87,-4.11,8.48,3.28
63.88,-4.12,8.48,3.28
63.88,-4.10,8.45,3.27
63.88,-4.07,8.45,3.26
63.88,-4.07,8.47,3.27
63.89,-4.07,8.47,3.26
63.89,-4.06,8.48,3.27
63.89,-4.07,8.45,3.30
63.89,-4.05,8.49,3.29
63.90,-4.03,8.50,3.32
63.90,-4.05,8.51,3.34
63.90,-4.01,8.53,3.36
63.90,-4.02,8.54,3.36
63.91,-4.01,8.53,3.39
63.91,-4.02,8.54,3.41
63.91,-4.00,8.53,3.45
63.91,-3.99,8.51,3.45
63.91,-3.99,8.52,3.48
63.92,-3.98,8.54,3.51
63.92,-3.98,8.53,3.50
63.92,-3.97,8.52,3.52
63.92,-3.97,8.52,3.52
63.93,-3.94,8.53,3.51
63.93,-3.93,8.50,3.52
63.93,-3.93,8.49,3.52
63.93,-3.93,8.49,3.52
63.94,-3.91,8.48,3.48
63.94,-3.90,8.48,3.48
63.94,-3.90,8.45,3.49
63.94,-3.89,8.46,3.50
63.95,-3.90,8.45,3.49
63.95,-3.92,8.46,3.49
63.95,-3.94,8.44,3.49
63.95,-3.95,8.46,3.49
63.96,-3.96,8.43,3.51
63.96,-3.97,8.44,3.50
63.96,-3.98,8.43,3.50
63.96,-3.97,8.41,3.48
63.96,-4.01,8.43,3.47
63.97,-4.02,8.44,3.45
63.97,-4.01,8.41,3.45
63.97,-4.03,8.41,3.42
63.97,-4.02,8.46,3.39
63.98,-4.04,8.41,3.36
63.98,-4.06,8.42,3.37
63.98,-4.08,8.43,3.36
63.98,-4.11,8.44,3.36
63.99,-4.11,8.43,3.38
63.99,-4.12,8.41,3.39
63.99,-4.14,8.40,3.40
63.99,-4.14,8.39,3.41
64.00,-4.15,8.38,3.41
64.00,-4.15,8.38,3.45
64.00,-4.13,8.38,3.45
64.00,-4.12,8.37,3.48
64.00,-4.11,8.35,3.48
64.01,-4.08,8.31,3.48
64.01,-4.03,8.33,3.51
64.01,-4.00,8.31,3.51
64.01,-3.98,8.29,3.52
64.02,-3.94,8.29,3.52
64.02,-3.92,8.28,3.53
64.02,-3.88,8.28,3.56
64.02,-3.86,8.28,3.55
64.03,-3.84,8.32,3.56
64.03,-3.83,8.32,3.56
64.03,-3.82,8.31,3.55
64.03,-3.82,8.33,3.55
64.04,-3.80,8.37,3.54
64.04,-3.79,8.37,3.52
64.04,-3.80,8.40,3.53
64.04,-3.82,8.39,3.50
64.05,-3.84,8.41,3.48
64.05,-3.85,8.43,3.48
64.05,-3.87,8.43,3.49
64.05,-3.90,8.45,3.48
64.05,-3.89,8.47,3.51
64.06,-3.88,8.47,3.47
64.06,-3.90,8.49,3.48
64.06,-3.93,8.46,3.48
64.06,-3.95,8.43,3.47
64.07,-3.97,8.42,3.48
64.07,-3.99,8.42,3.49
64.07,-4.00,8.41,3.51
64.07,-4.01,8.39,3.51
64.08,-4.00,8.36,3.53
64.08,-3.99,8.34,3.49
64.08,-3.99,8.32,3.49
64.08,-3.99,8.31,3.50
64.09,-4.01,8.27,3.50
64.09,-4.01,8.26,3.51
64.09,-4.00,8.25,3.54
64.09,-4.01,8.26,3.56
64.10,-4.02,8.24,3.56
64.10,-4.02,8.26,3.58
64.10,-4.01,8.24,3.56
64.10,-4.04,8.25,3.54
64.10,-4.03,8.27,3.54
64.11,-4.02,8.28,3.54
64.11,-4.04,8.30,3.52
64.11,-4.04,8.34,3.52
64.11,-4.03,8.38,3.56
64.12,-4.04,8.43,3.53
64.12,-4.04,8.46,3.56
64.12,-4.04,8.49,3.56
64.12,-4.08,8.53,3.59
64.13,-4.06,8.59,3.57
64.13,-4.02,8.63,3.59
64.13,-4.00,8.66,3.57
64.13,-3.96,8.73,3.56
64.14,-3.94,8.76,3.55
64.14,-3.92,8.78,3.50
64.14,-3.92,8.79,3.53
64.14,-3.84,8.82,3.54
64.15,-3.77,8.84,3.52
64.15,-3.74,8.84,3.46
64.15,-3.69,8.84,3.43
64.15,-3.70,8.81,3.43
64.15,-3.72,8.77,3.43
64.16,-3.77,8.70,3.45
64.16,-3.78,8.66,3.49
64.16,-3.76,8.59,3.50
64.16,-3.75,8.58,3.56
64.17,-3.74,8.51,3.59
64.17,-3.72,8.46,3.61
64.17,-3.69,8.43,3.62
