"Time (s)","Gyroscope x (rad/s)","Gyroscope y (rad/s)","Gyroscope z (rad/s)"
2.777531160E-1,-8.158105612E-1,-3.225750208E0,-1.141630769E0
2.797531160E-1,-8.035932183E-1,-3.203759193E0,-1.159345865E0
2.817531160E-1,-8.023715019E-1,-3.195207119E0,-1.169730544E0
2.837531160E-1,-7.999280095E-1,-3.171994209E0,-1.189889193E0
2.857531160E-1,-7.956519723E-1,-3.156722546E0,-1.208825946E0
2.877531160E-1,-7.950411439E-1,-3.147559643E0,-1.220432401E0
2.897531160E-1,-7.950411439E-1,-3.134120464E0,-1.240590930E0
2.917531160E-1,-8.017606139E-1,-3.121292353E0,-1.259527802E0
2.937531160E-1,-8.048149347E-1,-3.114572763E0,-1.270523310E0
2.957531160E-1,-8.158105612E-1,-3.107242346E0,-1.290071011E0
2.977531160E-1,-8.274169564E-1,-3.095635891E0,-1.309618711E0
2.997507520E-1,-8.591819406E-1,-3.077310085E0,-1.330999017E0
3.017485020E-1,-8.591819406E-1,-3.077310085E0,-1.330999017E0
3.037485020E-1,-8.830057383E-1,-3.061427593E0,-1.344438076E0
3.057485020E-1,-8.970556259E-1,-3.056540728E0,-1.349935889E0
3.077485020E-1,-9.214902520E-1,-3.035771132E0,-1.356655359E0
3.097485640E-1,-9.477574229E-1,-3.007671356E0,-1.360931396E0
3.117486220E-1,-9.611964822E-1,-2.989345551E0,-1.355433583E0
3.137480100E-1,-9.868528247E-1,-2.952693462E0,-1.349935889E0
3.157480620E-1,-1.012509108E0,-2.909932852E0,-1.341994643E0
3.177481120E-1,-1.020450354E0,-2.888552666E0,-1.335885882E0
3.197481590E-1,-1.043052435E0,-2.848235607E0,-1.318781734E0
3.217482040E-1,-1.058323979E0,-2.810972691E0,-1.297401428E0
3.237482470E-1,-1.067487001E0,-2.794479370E0,-1.285184145E0
3.257482470E-1,-1.080315232E0,-2.764547110E0,-1.258916855E0
3.277482470E-1,-1.089478135E0,-2.736447334E0,-1.230817080E0
3.297482470E-1,-1.094365120E0,-2.724229813E0,-1.220432401E0
3.317482470E-1,-1.099251986E0,-2.701627970E0,-1.190500021E0
3.337482470E-1,-1.104138970E0,-2.672306299E0,-1.164232850E0
3.357482470E-1,-1.099862933E0,-2.645428419E0,-1.155069828E0
3.377482470E-1,-1.074206591E0,-2.526309490E0,-1.145295978E0
3.397473800E-1,-9.819658995E-1,-2.218433380E0,-1.123915672E0
3.417465130E-1,-9.819658995E-1,-2.218433380E0,-1.123915672E0
3.437465460E-1,-9.202684760E-1,-1.978363514E0,-1.075657368E0
3.457465790E-1,-8.549059033E-1,-1.761506319E0,-1.002353549E0
3.477466120E-1,-8.158105612E-1,-1.691256762E0,-9.553169012E-1
3.497466450E-1,-7.260133624E-1,-1.677817702E0,-8.551349640E-1
3.517466780E-1,-6.453791261E-1,-1.820760250E0,-7.500661612E-1
3.537467110E-1,-6.166684628E-1,-1.926439881E0,-7.011969686E-1
3.557467110E-1,-5.910121202E-1,-2.123749495E0,-6.132323742E-1
3.577467110E-1,-6.093381047E-1,-2.248365879E0,-5.411502719E-1
3.597475770E-1,-6.301075220E-1,-2.270357132E0,-5.099961162E-1
3.617484770E-1,-6.771441102E-1,-2.235537767E0,-4.501313269E-1
3.637484770E-1,-7.137960196E-1,-2.112753868E0,-4.006512463E-1
3.657484770E-1,-7.211264372E-1,-2.029676199E0,-3.749949038E-1
3.677484770E-1,-7.125743032E-1,-1.848860025E0,-3.261256814E-1
3.697484430E-1,-6.716463566E-1,-1.707139254E0,-2.668717504E-1
3.717484090E-1,-6.136141419E-1,-1.622839928E0,-1.984548420E-1
3.737487750E-1,-5.757405162E-1,-1.596572638E0,-1.611920595E-1
3.757487410E-1,-5.048801303E-1,-1.559309840E0,-7.872525603E-2
3.777487070E-1,-4.321871698E-1,-1.520825386E0,1.908953884E-3
3.797478070E-1,-3.436116874E-1,-1.415145755E0,1.130864322E-1
3.817469070E-1,-3.436116874E-1,-1.415145755E0,1.130864322E-1
3.837468730E-1,-3.106249869E-1,-1.329624534E0,1.692860276E-1
3.857468730E-1,-2.990185320E-1,-1.296026945E0,1.937206388E-1
3.877469060E-1,-2.965750694E-1,-1.270370603E0,2.450333238E-1
3.897469390E-1,-3.265074790E-1,-1.296637893E0,2.957351506E-1
3.917469720E-1,-3.484986126E-1,-1.320461631E0,3.183371425E-1
3.937470050E-1,-4.028656185E-1,-1.378493786E0,3.592651188E-1
3.957470380E-1,-4.608978331E-1,-1.435304284E0,3.989713490E-1
3.977470710E-1,-4.822781086E-1,-1.451186776E0,4.185190499E-1
3.997479710E-1,-5.262604356E-1,-1.467069268E0,4.496731758E-1
4.017488710E-1,-5.531384945E-1,-1.457906246E0,4.771621227E-1
4.037488370E-1,-5.549710989E-1,-1.445078135E0,4.899902940E-1
4.057488030E-1,-5.561928153E-1,-1.416978240E0,5.132031441E-1
4.077487690E-1,-5.500841737E-1,-1.382158995E0,5.321399570E-1
4.097487350E-1,-5.476406813E-1,-1.368719935E0,5.376377702E-1
4.117487010E-1,-5.439754725E-1,-1.349783063E0,5.431355834E-1
4.137486670E-1,-5.427537560E-1,-1.332678914E0,5.406920910E-1
4.157486670E-1,-5.445863605E-1,-1.323515892E0,5.333617330E-1
4.177486670E-1,-5.513058901E-1,-1.308855176E0,5.107597113E-1
4.197478330E-1,-5.720753074E-1,-1.286253095E0,4.570035636E-1
4.217472660E-1,-5.720753074E-1,-1.286253095E0,4.570035636E-1
4.237472990E-1,-5.855143666E-1,-1.271592379E0,4.069126248E-1
4.257473320E-1,-6.020076871E-1,-1.257542491E0,3.488804102E-1
4.277473650E-1,-6.142250299E-1,-1.250212073E0,3.177262843E-1
4.297473980E-1,-6.319400668E-1,-1.235551357E0,2.603049576E-1
4.317474310E-1,-6.466008425E-1,-1.224555731E0,1.931097806E-1
4.337474310E-1,-6.533203721E-1,-1.219668865E0,1.607339233E-1
4.357485640E-1,-6.692028642E-1,-1.210505843E0,9.353873879E-2
4.377485640E-1,-6.753115058E-1,-1.192179918E0,1.962404512E-2
4.397494300E-1,-6.740897894E-1,-1.179962635E0,-1.886046492E-2
4.417502960E-1,-6.679811478E-1,-1.152473688E0,-9.766208380E-2
4.437502960E-1,-6.624833345E-1,-1.120708704E0,-1.685224473E-1
4.457502960E-1,-6.600399017E-1,-1.103604436E0,-2.033417672E-1
4.477502620E-1,-6.490443349E-1,-1.063287258E0,-2.528218627E-1
4.497502280E-1,-6.331618428E-1,-1.024802804E0,-2.833651304E-1
4.517501940E-1,-6.294966340E-1,-1.006476879E0,-2.906954885E-1
4.537501600E-1,-6.123924255E-1,-9.722684026E-1,-2.998584807E-1
4.557501260E-1,-6.020076871E-1,-9.496663809E-1,-3.029128015E-1
4.577500920E-1,-5.971207619E-1,-9.405034184E-1,-3.065779805E-1
4.597491920E-1,-5.940664411E-1,-9.411142468E-1,-3.120757937E-1
4.617503580E-1,-5.952881575E-1,-9.472229481E-1,-3.114649057E-1
4.637503580E-1,-5.910121202E-1,-9.582185149E-1,-3.132975101E-1
4.657503910E-1,-6.099489331E-1,-9.875400066E-1,-3.175735772E-1
4.677504240E-1,-6.178901792E-1,-1.032133222E0,-3.132975101E-1
4.697504570E-1,-6.227771044E-1,-1.056567788E0,-3.139083683E-1
4.717504900E-1,-6.453791261E-1,-1.112767458E0,-3.126866519E-1
4.737505230E-1,-6.667594314E-1,-1.167745233E0,-3.096323311E-1
4.757505560E-1,-6.783658266E-1,-1.197066784E0,-3.059671223E-1
4.777505890E-1,-6.985244155E-1,-1.250822902E0,-2.992476225E-1
4.797514550E-1,-7.137960196E-1,-1.297859550E0,-2.894737720E-1
4.817520210E-1,-7.241807580E-1,-1.319850683E0,-2.815325260E-1
4.837519870E-1,-7.437284589E-1,-1.362000465E0,-2.705369592E-1
4.857519530E-1,-7.486153841E-1,-1.400484920E0,-2.534327209E-1
4.877519190E-1,-7.541131377E-1,-1.417589188E0,-2.461023331E-1
4.897518850E-1,-7.596109509E-1,-1.451797605E0,-2.265546471E-1
4.917518510E-1,-7.651087046E-1,-1.487838626E0,-1.990657151E-1
4.937518510E-1,-7.681630254E-1,-1.522047162E0,-1.734093726E-1
4.957507170E-1,-7.712173462E-1,-1.539762259E0,-1.556942761E-1
4.977507500E-1,-7.791585922E-1,-1.576414108E0,-1.251510233E-1
4.997499160E-1,-7.956519723E-1,-1.626505017E0,-7.567093521E-2
5.017490490E-1,-7.956519723E-1,-1.626505017E0,-7.567093521E-2
5.037490820E-1,-8.023715019E-1,-1.653993964E0,-4.390593991E-2
5.057491150E-1,-8.103127480E-1,-1.677206874E0,-1.397354249E-2
5.077491480E-1,-8.200865984E-1,-1.685148120E0,-1.145372284E-3
5.097491810E-1,-8.341364861E-1,-1.698587179E0,2.206750773E-2
5.117491810E-1,-8.390234113E-1,-1.705917597E0,3.978259861E-2
5.137491810E-1,-8.402451277E-1,-1.705917597E0,4.711298272E-2
5.157491810E-1,-8.402451277E-1,-1.702252388E0,5.627596006E-2
5.177491810E-1,-8.341364861E-1,-1.697365403E0,5.933028832E-2
5.197500470E-1,-8.298604488E-1,-1.693089366E0,5.810855702E-2
5.217488470E-1,-8.219192028E-1,-1.687591553E0,5.505422875E-2
5.237488470E-1,-8.066475391E-1,-1.683926463E0,4.894557595E-2
5.257487130E-1,-8.054258227E-1,-1.679039478E0,4.528038576E-2
5.277486790E-1,-7.938193679E-1,-1.672320008E0,3.123048507E-2
5.297486450E-1,-7.889324427E-1,-1.663767815E0,1.595885493E-2
5.317487780E-1,-7.816020846E-1,-1.655215740E0,9.239336476E-3
5.337487440E-1,-7.791585922E-1,-1.638722420E0,-6.032294128E-3
5.357487100E-1,-7.718282342E-1,-1.624061584E0,-2.130392566E-2
5.377486760E-1,-7.699956298E-1,-1.614287734E0,-3.168863431E-2
5.397477760E-1,-7.669413090E-1,-1.583133698E0,-5.673411116E-2
5.417468760E-1,-7.706065178E-1,-1.571527243E0,-6.711881608E-2
5.437469090E-1,-7.712173462E-1,-1.559309840E0,-7.506006956E-2
5.457469420E-1,-7.742717266E-1,-1.535486102E0,-9.521862119E-2
5.477469750E-1,-7.754934430E-1,-1.510440707E0,-1.184315011E-1
5.497470080E-1,-7.742717266E-1,-1.495779872E0,-1.312596649E-1
5.517470410E-1,-7.730499506E-1,-1.468901873E0,-1.575268805E-1
5.537470740E-1,-7.644978762E-1,-1.438969493E0,-1.911244690E-1
5.557471070E-1,-7.571674585E-1,-1.420643449E0,-2.112830132E-1
5.577471070E-1,-7.370089293E-1,-1.391321898E0,-2.534327209E-1
5.597479400E-1,-7.137960196E-1,-1.371163368E0,-2.827542424E-1
5.617488060E-1,-7.040221691E-1,-1.361389518E0,-2.980258763E-1
5.637487720E-1,-6.863071322E-1,-1.337565780E0,-3.200170398E-1
5.657487380E-1,-6.655376554E-1,-1.316185474E0,-3.401755691E-1
5.677487040E-1,-6.563746929E-1,-1.305800796E0,-3.438407779E-1
5.697486700E-1,-6.288857460E-1,-1.291750908E0,-3.597232699E-1
5.717486700E-1,-6.130032539E-1,-1.273424983E0,-3.694971204E-1
5.737486700E-1,-6.068946123E-1,-1.264261961E0,-3.737731576E-1
5.757487030E-1,-5.885686874E-1,-1.240438223E0,-3.872122169E-1
5.777487360E-1,-5.769622326E-1,-1.217225313E0,-4.049273133E-1
5.797479020E-1,-5.659666657E-1,-1.176908255E0,-4.342488348E-1
5.817470350E-1,-5.659666657E-1,-1.176908255E0,-4.342488348E-1
5.837470680E-1,-5.543602109E-1,-1.164690971E0,-4.629594982E-1
5.857472010E-1,-5.476406813E-1,-1.168356180E0,-4.776202738E-1
5.877472340E-1,-5.262604356E-1,-1.175075650E0,-5.075526834E-1
5.897472670E-1,-5.079344511E-1,-1.168967009E0,-5.319872499E-1
5.917471000E-1,-5.073235631E-1,-1.162858367E0,-5.423719883E-1
5.937471000E-1,-4.926628172E-1,-1.148197532E0,-5.570327640E-1
5.957471000E-1,-4.792237878E-1,-1.137202024E0,-5.619196892E-1
5.977471000E-1,-4.725042582E-1,-1.133536816E0,-5.619196892E-1
5.997479660E-1,-4.590652287E-1,-1.125595570E0,-5.649740100E-1
6.017488660E-1,-4.560109079E-1,-1.113989115E0,-5.588653684E-1
6.037488320E-1,-4.480696619E-1,-1.106047869E0,-5.558109879E-1
6.057487980E-1,-4.444044530E-1,-1.085278511E0,-5.503132343E-1
6.077487640E-1,-4.413501322E-1,-1.051680923E0,-5.448154211E-1
6.097487300E-1,-4.419609904E-1,-1.032133222E0,-5.387067795E-1
6.117486960E-1,-4.505131245E-1,-9.936487079E-1,-5.313764215E-1
6.137486620E-1,-4.572326243E-1,-9.594402313E-1,-5.203808546E-1
6.157486280E-1,-4.725042582E-1,-9.288969636E-1,-5.167156458E-1
6.177485940E-1,-4.798346460E-1,-9.191231132E-1,-5.167156458E-1
6.197477270E-1,-4.999932051E-1,-8.977428079E-1,-5.216025710E-1
6.217468600E-1,-4.999932051E-1,-8.977428079E-1,-5.216025710E-1
6.237468930E-1,-5.134322643E-1,-8.873581290E-1,-5.313764215E-1
6.257469260E-1,-5.268712640E-1,-8.781951666E-1,-5.454263091E-1
6.277469590E-1,-5.384777188E-1,-8.671995997E-1,-5.619196892E-1
6.297469920E-1,-5.439754725E-1,-8.598691821E-1,-5.668066144E-1
6.317470250E-1,-5.604688525E-1,-8.403214812E-1,-5.826891065E-1
6.337470580E-1,-5.745187402E-1,-8.183303475E-1,-5.955172777E-1
6.357470580E-1,-5.836817622E-1,-8.097782135E-1,-5.991824269E-1
6.377470240E-1,-6.038402915E-1,-7.865653634E-1,-6.120105982E-1
6.397478570E-1,-6.221662760E-1,-7.639633417E-1,-6.187301278E-1
6.417487230E-1,-6.362161636E-1,-7.523568869E-1,-6.199518442E-1
6.437486890E-1,-6.490443349E-1,-7.291440368E-1,-6.260605454E-1
6.457486550E-1,-6.655376554E-1,-7.077637315E-1,-6.291148663E-1
6.477486210E-1,-6.704245806E-1,-6.973790526E-1,-6.297256947E-1
6.497485870E-1,-6.783658266E-1,-6.711118221E-1,-6.285039783E-1
6.517485870E-1,-6.838636398E-1,-6.503424048E-1,-6.223953366E-1
6.537486200E-1,-6.826419234E-1,-6.393468380E-1,-6.217844486E-1
6.557486530E-1,-6.856962442E-1,-6.222426295E-1,-6.113997698E-1
6.577486860E-1,-6.887505651E-1,-6.051383615E-1,-6.034585238E-1
6.597478520E-1,-6.942483783E-1,-5.935319662E-1,-5.863542557E-1
6.617469850E-1,-6.942483783E-1,-5.935319662E-1,-5.863542557E-1
6.637470180E-1,-6.997461319E-1,-5.868124366E-1,-5.753586888E-1
6.657470510E-1,-7.028004527E-1,-5.788711905E-1,-5.759695768E-1
6.677470840E-1,-7.040221691E-1,-5.843689442E-1,-5.857434273E-1
6.697470840E-1,-6.966918111E-1,-6.063601375E-1,-5.924629569E-1
6.717470840E-1,-6.973026991E-1,-6.161339283E-1,-5.949063897E-1
6.737470840E-1,-6.850853562E-1,-6.332381964E-1,-6.034585238E-1
6.757470840E-1,-6.795876026E-1,-6.326273084E-1,-6.120105982E-1
6.777470840E-1,-6.753115058E-1,-6.289620996E-1,-6.193410158E-1
6.797479500E-1,-6.679811478E-1,-6.222426295E-1,-6.278930902E-1
6.817488160E-1,-6.643159389E-1,-6.136904955E-1,-6.388887167E-1
6.837487820E-1,-6.643159389E-1,-6.088035703E-1,-6.425538659E-1
6.857487480E-1,-6.624833345E-1,-5.984188914E-1,-6.541603208E-1
6.877487140E-1,-6.612616181E-1,-5.929210782E-1,-6.608798504E-1
6.897486800E-1,-6.606507897E-1,-5.910884738E-1,-6.682102084E-1
6.917486460E-1,-6.618725061E-1,-5.825363398E-1,-6.749297380E-1
6.937486120E-1,-6.630942225E-1,-5.758168697E-1,-6.902013421E-1
6.957485780E-1,-6.722571850E-1,-5.648213029E-1,-6.969208717E-1
6.977485780E-1,-6.747006774E-1,-5.477170348E-1,-7.146359682E-1
6.997477440E-1,-6.740897894E-1,-5.031238794E-1,-7.427358031E-1
7.017468770E-1,-6.740897894E-1,-5.031238794E-1,-7.427358031E-1
7.037469100E-1,-6.679811478E-1,-4.695262909E-1,-7.635052204E-1
7.057469430E-1,-6.527095437E-1,-4.444808364E-1,-7.891615629E-1
7.077469760E-1,-6.496551633E-1,-4.347069860E-1,-8.013788462E-1
7.097470090E-1,-6.398813725E-1,-4.267657399E-1,-8.270351887E-1
7.117470420E-1,-6.411030889E-1,-4.285983145E-1,-8.533023596E-1
7.137470420E-1,-6.380487680E-1,-4.334852397E-1,-8.691849113E-1
7.157470080E-1,-6.356052756E-1,-4.420373738E-1,-8.997281194E-1
7.177469740E-1,-6.325509548E-1,-4.536437988E-1,-9.308822751E-1
7.197478070E-1,-6.325509548E-1,-4.585307240E-1,-9.467647672E-1
7.217486730E-1,-6.270532012E-1,-4.621959031E-1,-9.840275645E-1
7.237486390E-1,-6.191119552E-1,-4.579198658E-1,-1.021290302E0
7.257486050E-1,-6.081163287E-1,-4.554764032E-1,-1.039005399E0
7.277485710E-1,-5.977316499E-1,-4.377613068E-1,-1.078100801E0
7.297485710E-1,-5.757405162E-1,-4.182136059E-1,-1.119639635E0
7.317486040E-1,-5.610797405E-1,-3.931681514E-1,-1.163011074E0
7.337486040E-1,-5.513058901E-1,-3.821725547E-1,-1.186223984E0
7.357486370E-1,-5.323690772E-1,-3.565162420E-1,-1.232038856E0
7.377486700E-1,-5.085453391E-1,-3.326924741E-1,-1.282129765E0
7.397478360E-1,-4.700607955E-1,-2.990948856E-1,-1.362153172E0
7.417469690E-1,-4.700607955E-1,-2.990948856E-1,-1.362153172E0
7.437470020E-1,-4.303545654E-1,-2.838232517E-1,-1.425683141E0
7.457470350E-1,-4.120286107E-1,-2.783254683E-1,-1.456226349E0
7.477470350E-1,-3.747658134E-1,-2.771037519E-1,-1.524643302E0
7.497470350E-1,-3.338378668E-1,-2.703842223E-1,-1.594281912E0
7.517470350E-1,-3.136793077E-1,-2.679407597E-1,-1.630933881E0
7.537470350E-1,-2.641992271E-1,-2.502256632E-1,-1.701183319E0
7.557470350E-1,-2.159408629E-1,-2.221258730E-1,-1.772043705E0
7.577470350E-1,-1.878410578E-1,-2.068542391E-1,-1.807473898E0
7.597478680E-1,-1.243110746E-1,-1.677588671E-1,-1.874669075E0
7.617487340E-1,-4.550946131E-2,-1.231657043E-1,-1.936366439E0
7.637487000E-1,-5.192354787E-3,-9.934195876E-2,-1.965077162E0
7.657486660E-1,8.277224004E-2,-3.642284125E-2,-2.022498369E0
7.677486320E-1,1.817324162E-1,4.237877578E-2,-2.086639404E0
7.697485980E-1,2.360994220E-1,7.964155823E-2,-2.109852314E0
7.717485640E-1,3.417791128E-1,1.291216463E-1,-2.147725821E0
7.737485300E-1,4.456261992E-1,1.425606757E-1,-2.158110619E0
7.757485300E-1,4.975497425E-1,1.431715488E-1,-2.152612686E0
7.777485630E-1,6.013968587E-1,1.370628923E-1,-2.112906456E0
7.797477290E-1,7.467827797E-1,1.052978933E-1,-2.009059429E0
7.817468620E-1,7.467827797E-1,1.052978933E-1,-2.009059429E0
7.837467280E-1,8.237518072E-1,6.436992437E-2,-1.921094894E0
7.857467610E-1,8.781188130E-1,7.559457328E-3,-1.830686808E0
7.877467940E-1,8.982773423E-1,-2.848159149E-2,-1.786704540E0
7.897468270E-1,9.324858189E-1,-1.146135926E-1,-1.704237700E0
7.917468270E-1,9.520334601E-1,-2.105194330E-1,-1.627268672E0
7.937468270E-1,9.599747062E-1,-2.606103718E-1,-1.591227651E0
7.957467930E-1,9.837985039E-1,-3.607922792E-1,-1.517312884E0
7.977467590E-1,9.984592199E-1,-4.573090076E-1,-1.446452498E0
7.997475920E-1,1.002124429E0,-4.994587004E-1,-1.411022305E0
8.017484580E-1,1.009454846E0,-5.733733773E-1,-1.337107658E0
8.037484240E-1,1.007622242E0,-6.411794424E-1,-1.259527802E0
8.057483900E-1,1.007622242E0,-6.711118221E-1,-1.224708438E0
8.077483900E-1,9.996809959E-1,-7.242571115E-1,-1.152015448E0
8.097483900E-1,9.935722947E-1,-7.651850581E-1,-1.086652875E0
8.117483900E-1,9.935722947E-1,-7.780132294E-1,-1.051833630E0
8.137483900E-1,9.795224071E-1,-8.012261391E-1,-9.938014150E-1
8.157483900E-1,9.618073106E-1,-8.201629519E-1,-9.418778419E-1
8.177483900E-1,9.459248185E-1,-8.262715936E-1,-9.186649919E-1
8.197475230E-1,8.970556259E-1,-8.274933100E-1,-8.594110608E-1
8.217466230E-1,8.842274547E-1,-8.219955564E-1,-8.416959643E-1
8.237466230E-1,8.646797538E-1,-8.134434223E-1,-8.270351887E-1
8.257466560E-1,8.261952400E-1,-7.896196842E-1,-8.019897342E-1
8.277466890E-1,7.895433307E-1,-7.657959461E-1,-7.830528617E-1
8.297467220E-1,7.718282342E-1,-7.572438121E-1,-7.775551081E-1
8.317467550E-1,7.309002876E-1,-7.340309620E-1,-7.671703696E-1
8.337467880E-1,6.918048859E-1,-7.144832611E-1,-7.622834444E-1
8.357468210E-1,6.795876026E-1,-7.022659779E-1,-7.586182952E-1
8.377467210E-1,6.362161636E-1,-6.839399934E-1,-7.555639744E-1
8.423311150E-1,5.983424783E-1,-6.668357849E-1,-7.531204820E-1
8.443319810E-1,5.775730610E-1,-6.625596881E-1,-7.531204820E-1
8.463321140E-1,5.299255848E-1,-6.485098004E-1,-7.537313700E-1
8.483320800E-1,4.853324294E-1,-6.320164800E-1,-7.531204820E-1
8.503320460E-1,4.596760869E-1,-6.246860623E-1,-7.537313700E-1
8.523320120E-1,4.120286107E-1,-6.069709659E-1,-7.537313700E-1
8.543319780E-1,3.631593883E-1,-5.874232650E-1,-7.500661612E-1
8.563319780E-1,3.191770911E-1,-5.684864521E-1,-7.482335567E-1
8.583320110E-1,2.941316068E-1,-5.611560941E-1,-7.451792359E-1
8.603320440E-1,2.513710558E-1,-5.483279228E-1,-7.378488779E-1
8.623312100E-1,1.780672222E-1,-5.422192812E-1,-7.231881022E-1
8.643303430E-1,1.780672222E-1,-5.422192812E-1,-7.231881022E-1
8.663295090E-1,1.298088580E-1,-5.409975052E-1,-7.097490430E-1
8.683295420E-1,7.544185966E-2,-5.403866768E-1,-6.944774389E-1
8.703295750E-1,4.917465150E-2,-5.422192812E-1,-6.883687973E-1
8.723296080E-1,-3.359758761E-3,-5.440518856E-1,-6.724863052E-1
8.743296080E-1,-5.833763257E-2,-5.507713556E-1,-6.566037536E-1
8.763296080E-1,-8.216137439E-2,-5.562691689E-1,-6.474407911E-1
8.783296080E-1,-1.389718503E-1,-5.697082281E-1,-6.346126199E-1
8.803296080E-1,-1.872301996E-1,-5.916993618E-1,-6.168975234E-1
8.823304740E-1,-2.147191316E-1,-6.051383615E-1,-6.107888818E-1
8.843313740E-1,-2.648100853E-1,-6.283512712E-1,-5.973498225E-1
8.863313740E-1,-3.142901659E-1,-6.527858973E-1,-5.863542557E-1
8.883313400E-1,-3.387247920E-1,-6.637814641E-1,-5.808565021E-1
8.903313060E-1,-3.863722682E-1,-6.821073890E-1,-5.680283308E-1
8.923312720E-1,-4.266893864E-1,-6.906595230E-1,-5.576435924E-1
8.943312380E-1,-4.468479156E-1,-6.973790526E-1,-5.558109879E-1
8.963312040E-1,-4.798346460E-1,-7.028768063E-1,-5.478697419E-1
8.983311700E-1,-5.091561675E-1,-7.083746195E-1,-5.472589135E-1
9.003312360E-1,-5.219843388E-1,-7.065420151E-1,-5.435937047E-1
9.023303360E-1,-5.574145317E-1,-7.016550899E-1,-5.448154211E-1
9.043294360E-1,-5.702427030E-1,-7.004333735E-1,-5.472589135E-1
9.063294690E-1,-5.745187402E-1,-6.937138438E-1,-5.497023463E-1
9.083295020E-1,-5.904012322E-1,-6.833291054E-1,-5.539784431E-1
9.103295350E-1,-6.038402915E-1,-6.692792177E-1,-5.643631220E-1
9.123295680E-1,-6.056728959E-1,-6.595053673E-1,-5.674174428E-1
9.143296010E-1,-6.093381047E-1,-6.448446512E-1,-5.784130096E-1
9.163296340E-1,-6.136141419E-1,-6.301838756E-1,-5.900194645E-1
9.183296340E-1,-6.105598211E-1,-6.228534579E-1,-5.930737853E-1
9.203296340E-1,-6.068946123E-1,-6.136904955E-1,-6.065128446E-1
9.223304670E-1,-6.062837839E-1,-6.045275331E-1,-6.181192994E-1
9.243313330E-1,-6.062837839E-1,-6.039166451E-1,-6.278930902E-1
9.263321660E-1,-5.977316499E-1,-5.978080034E-1,-6.382778287E-1
9.283321320E-1,-5.904012322E-1,-5.965862870E-1,-6.511059999E-1
9.303320980E-1,-5.897904038E-1,-5.910884738E-1,-6.578255296E-1
9.323320640E-1,-5.781839490E-1,-5.886450410E-1,-6.712645292E-1
9.343320640E-1,-5.684100986E-1,-5.874232650E-1,-6.834818721E-1
9.363320970E-1,-5.659666657E-1,-5.862015486E-1,-6.908122301E-1
9.383321300E-1,-5.500841737E-1,-5.843689442E-1,-7.036404014E-1
9.403321630E-1,-5.378668308E-1,-5.843689442E-1,-7.164685726E-1
9.423313290E-1,-5.189300179E-1,-5.794820189E-1,-7.354053855E-1
9.443324620E-1,-5.189300179E-1,-5.794820189E-1,-7.354053855E-1
9.463324950E-1,-5.061018467E-1,-5.739842653E-1,-7.488444448E-1
9.483321280E-1,-4.981606007E-1,-5.697082281E-1,-7.580074072E-1
9.503320610E-1,-4.883867502E-1,-5.556582808E-1,-7.738898993E-1
9.523320610E-1,-4.737260044E-1,-5.361106396E-1,-7.897723913E-1
9.543320610E-1,-4.718934000E-1,-5.251150131E-1,-8.001571298E-1
9.563320610E-1,-4.584543705E-1,-4.994587004E-1,-8.245916963E-1
9.583320610E-1,-4.554000497E-1,-4.713588953E-1,-8.520806432E-1
9.603320610E-1,-4.474588037E-1,-4.566981196E-1,-8.661305308E-1
9.623329270E-1,-4.382958114E-1,-4.279874563E-1,-9.003390074E-1
9.643338270E-1,-4.279111028E-1,-4.011093974E-1,-9.376018047E-1
9.663337930E-1,-4.181372523E-1,-3.870594800E-1,-9.577603340E-1
9.683337930E-1,-4.101960063E-1,-3.644574881E-1,-9.956340194E-1
9.703337930E-1,-3.967569768E-1,-3.436880708E-1,-1.038394570E0
9.723337930E-1,-3.924809098E-1,-3.333033621E-1,-1.057331324E0
9.743337930E-1,-3.845396638E-1,-3.100904822E-1,-1.097037673E0
9.763337930E-1,-3.704897761E-1,-2.887101769E-1,-1.136743903E0
9.783337930E-1,-3.631593883E-1,-2.673299015E-1,-1.175839186E0
9.803337930E-1,-3.607159257E-1,-2.557234764E-1,-1.194776058E0
9.823329590E-1,-3.442225754E-1,-2.282345295E-1,-1.249753952E0
9.843324250E-1,-3.442225754E-1,-2.282345295E-1,-1.249753952E0
9.863324250E-1,-3.411682248E-1,-2.141846269E-1,-1.285184145E0
9.883324250E-1,-3.313944042E-1,-2.001347244E-1,-1.316338301E0
9.903324250E-1,-3.185662329E-1,-1.903608888E-1,-1.346881509E0
9.923324250E-1,-3.112358451E-1,-1.854739636E-1,-1.360320568E0
9.943324250E-1,-2.977968156E-1,-1.805870384E-1,-1.386587739E0
9.963323910E-1,-2.904664278E-1,-1.763109863E-1,-1.409189820E0
9.983323570E-1,-2.831360400E-1,-1.744783819E-1,-1.419574499E0
1.000332323E0,-2.684752643E-1,-1.702023298E-1,-1.435456991E0
1.002333156E0,-2.538145185E-1,-1.671480089E-1,-1.450117707E0
1.004332022E0,-2.458732575E-1,-1.634828150E-1,-1.455615520E0
1.006331988E0,-2.348776907E-1,-1.561524272E-1,-1.464167595E0
1.008332354E0,-2.147191316E-1,-1.524872333E-1,-1.472108841E0
1.010332420E0,-2.104430795E-1,-1.488220394E-1,-1.475163221E0
1.012332420E0,-1.908953935E-1,-1.445459872E-1,-1.480661035E0
1.014332453E0,-1.756237596E-1,-1.396590620E-1,-1.479439259E0
1.016332486E0,-1.670716405E-1,-1.384373307E-1,-1.480661035E0
1.018332519E0,-1.548543423E-1,-1.372155994E-1,-1.475163221E0
1.020332552E0,-1.389718503E-1,-1.335504204E-1,-1.468443632E0
1.022331718E0,-1.120937690E-1,-1.359938681E-1,-1.455004692E0
1.024330851E0,-1.120937690E-1,-1.359938681E-1,-1.455004692E0
1.026330884E0,-9.865473956E-2,-1.414916664E-1,-1.440343857E0
1.028330884E0,-8.949175477E-2,-1.427133977E-1,-1.433624387E0
1.030330850E0,-7.299839705E-2,-1.512655020E-1,-1.419574499E0
1.032330816E0,-5.406157300E-2,-1.610393524E-1,-1.403081059E0
1.034330782E0,-4.367686436E-2,-1.647045463E-1,-1.392085552E0
1.036330748E0,-3.329215571E-2,-1.769218445E-1,-1.376813889E0
1.038330714E0,-1.252273750E-2,-1.830305010E-1,-1.359098792E0
1.040330680E0,-2.138028387E-3,-1.915826052E-1,-1.351768374E0
1.042331513E0,1.130100712E-2,-1.976912618E-1,-1.333442450E0
1.044332046E0,2.779436857E-2,-2.074651122E-1,-1.318170786E0
1.046332046E0,3.695734590E-2,-2.092977017E-1,-1.309618711E0
1.048332046E0,5.161811411E-2,-2.154063582E-1,-1.296179652E0
1.050332046E0,6.688974798E-2,-2.160172164E-1,-1.279075503E0
1.052332046E0,7.360926270E-2,-2.160172164E-1,-1.269912481E0
1.054332512E0,8.460483700E-2,-2.135737687E-1,-1.253419161E0
1.056332512E0,9.376781434E-2,-2.074651122E-1,-1.233871460E0
1.058332512E0,9.987647086E-2,-2.001347244E-1,-1.221654177E0
1.060332512E0,1.053742543E-1,-1.940260679E-1,-1.199052095E0
1.062331678E0,1.243110746E-1,-1.781435758E-1,-1.165454507E0
1.064330811E0,1.243110746E-1,-1.781435758E-1,-1.165454507E0
1.066330844E0,1.346957833E-1,-1.677588671E-1,-1.141019940E0
1.068330877E0,1.401935667E-1,-1.604284793E-1,-1.116585255E0
1.070330910E0,1.463022232E-1,-1.579850167E-1,-1.104367971E0
1.072330943E0,1.499674171E-1,-1.494329125E-1,-1.079933405E0
1.074330943E0,1.579086632E-1,-1.463785917E-1,-1.056109667E0
1.076330943E0,1.579086632E-1,-1.451568604E-1,-1.042670608E0
1.078330909E0,1.621847153E-1,-1.433242559E-1,-1.018236041E0
1.080330875E0,1.658499092E-1,-1.421025246E-1,-9.944122434E-1
1.082331708E0,1.664607823E-1,-1.427133977E-1,-9.797514677E-1
1.084332574E0,1.652390510E-1,-1.439351290E-1,-9.571495056E-1
1.086332540E0,1.658499092E-1,-1.445459872E-1,-9.308822751E-1
1.088332506E0,1.670716405E-1,-1.439351290E-1,-9.192758203E-1
1.090332506E0,1.603521258E-1,-1.433242559E-1,-8.936194777E-1
1.092332506E0,1.554652005E-1,-1.390482038E-1,-8.667414188E-1
1.094332539E0,1.493565589E-1,-1.372155994E-1,-8.533023596E-1
1.096332572E0,1.456913650E-1,-1.323286891E-1,-8.276460767E-1
1.098332605E0,1.401935667E-1,-1.353830099E-1,-8.013788462E-1
1.100332638E0,1.322523206E-1,-1.378264725E-1,-7.769442201E-1
1.102331804E0,1.200350225E-1,-1.402699351E-1,-7.464009523E-1
1.104331070E0,1.200350225E-1,-1.402699351E-1,-7.464009523E-1
1.106331103E0,1.133155003E-1,-1.463785917E-1,-7.274641395E-1
1.108331103E0,1.047633886E-1,-1.524872333E-1,-7.237989306E-1
1.110331103E0,1.004873365E-1,-1.585958898E-1,-7.097490430E-1
1.112331103E0,9.315694869E-2,-1.671480089E-1,-6.987534761E-1
1.114330636E0,8.399397135E-2,-1.714240611E-1,-6.963100433E-1
1.116330636E0,7.910704613E-2,-1.750892550E-1,-6.889796257E-1
1.118330636E0,6.322455406E-2,-1.787544489E-1,-6.871470213E-1
1.120330636E0,5.955936015E-2,-1.769218445E-1,-6.871470213E-1
1.122331469E0,5.222897977E-2,-1.769218445E-1,-6.914231181E-1
1.124332335E0,4.489859566E-2,-1.738675237E-1,-6.932557225E-1
1.126332301E0,4.367686436E-2,-1.708131880E-1,-6.950882673E-1
1.128332267E0,3.817907721E-2,-1.653154045E-1,-6.981425881E-1
1.130332233E0,3.756821156E-2,-1.543198377E-1,-7.024186850E-1
1.132332199E0,2.962696366E-2,-1.463785917E-1,-7.030295134E-1
1.134332165E0,2.596177347E-2,-1.280526221E-1,-7.060838938E-1
1.136332131E0,2.290744707E-2,-1.023962870E-1,-7.066947222E-1
1.138332131E0,2.107485011E-2,-9.078984708E-2,-7.079164386E-1
1.140332164E0,1.130100712E-2,-6.513350457E-2,-7.066947222E-1
1.142331330E0,6.414085161E-3,-2.481640130E-2,-7.060838938E-1
1.144330463E0,6.414085161E-3,-2.481640130E-2,-7.060838938E-1
1.146330496E0,-9.162978968E-4,-1.603521290E-3,-7.054730058E-1
1.148330529E0,-5.803219974E-3,1.488984004E-2,-7.036404014E-1
1.150330562E0,-8.857546374E-3,2.099849284E-2,-7.018077970E-1
1.152330595E0,-1.435533352E-2,3.382666409E-2,-7.018077970E-1
1.154330595E0,-2.229658142E-2,4.482223839E-2,-6.999751925E-1
1.156330561E0,-2.351831272E-2,4.726569727E-2,-6.993643641E-1
1.158330527E0,-2.718350291E-2,5.276348442E-2,-6.963100433E-1
1.160330493E0,-3.573561832E-2,5.703954399E-2,-6.908122301E-1
1.162331326E0,-4.489859566E-2,5.581781268E-2,-6.877579093E-1
1.164332059E0,-4.856378585E-2,5.581781268E-2,-6.840927005E-1
1.166332025E0,-5.406157300E-2,5.276348442E-2,-6.792057753E-1
1.168332025E0,-6.261368841E-2,5.154175684E-2,-6.761514544E-1
1.170332025E0,-7.055493444E-2,4.970915988E-2,-6.737080216E-1
1.172332058E0,-7.910704613E-2,4.604396969E-2,-6.688210964E-1
1.174332091E0,-8.582656831E-2,4.726569727E-2,-6.675993800E-1
1.176332124E0,-9.376781434E-2,4.482223839E-2,-6.639341712E-1
1.178332157E0,-9.743300825E-2,4.360050708E-2,-6.639341712E-1
1.180332190E0,-1.047633886E-1,4.360050708E-2,-6.614906788E-1
1.182331356E0,-1.145372316E-1,4.360050708E-2,-6.596581340E-1
1.184330522E0,-1.120937690E-1,4.421137273E-2,-6.553820372E-1
1.186330522E0,-1.145372316E-1,4.421137273E-2,-6.547712088E-1
1.188330522E0,-1.169806942E-1,4.848742858E-2,-6.529386044E-1
1.190330522E0,-1.218676195E-1,5.093089119E-2,-6.474407911E-1
1.192330522E0,-1.261436790E-1,5.459608138E-2,-6.449973583E-1
1.194330522E0,-1.255328059E-1,5.826127157E-2,-6.401104331E-1
1.196330522E0,-1.285871267E-1,6.681338698E-2,-6.370561123E-1
1.198330522E0,-1.304197311E-1,6.986771524E-2,-6.346126199E-1
1.200330488E0,-1.261436790E-1,7.658722997E-2,-6.309474111E-1
1.202331321E0,-1.334740520E-1,7.108944654E-2,-6.285039783E-1
1.204332187E0,-1.346957833E-1,7.047858089E-2,-6.303365827E-1
1.206332153E0,-1.359175146E-1,6.742425263E-2,-6.266713738E-1
1.208332119E0,-1.353066564E-1,6.253732741E-2,-6.230061650E-1
1.210332085E0,-1.371392459E-1,6.314819306E-2,-6.199518442E-1
1.212332051E0,-1.316414624E-1,5.887213722E-2,-6.205627322E-1
1.214332017E0,-1.377501190E-1,5.581781268E-2,-6.126214862E-1
1.216332017E0,-1.328631938E-1,5.520694703E-2,-6.089562774E-1
1.218332050E0,-1.328631938E-1,5.459608138E-2,-6.071236730E-1
1.220332083E0,-1.328631938E-1,5.642867833E-2,-6.022367477E-1
1.222331249E0,-1.304197311E-1,6.253732741E-2,-5.961281061E-1
1.224330382E0,-1.304197311E-1,6.253732741E-2,-5.961281061E-1
1.226330415E0,-1.279762685E-1,6.375905871E-2,-5.936846733E-1
1.228330448E0,-1.237002090E-1,6.864598393E-2,-5.900194645E-1
1.230330481E0,-1.151480973E-1,6.742425263E-2,-5.894085765E-1
1.232330481E0,-1.133155003E-1,7.170030475E-2,-5.881868601E-1
1.234330447E0,-1.053742543E-1,7.414376736E-2,-5.863542557E-1
1.236330413E0,-9.621127695E-2,7.597636431E-2,-5.839108229E-1
1.238330379E0,-8.643743396E-2,7.658722997E-2,-5.839108229E-1
1.240330345E0,-7.849618047E-2,7.903069258E-2,-5.845217109E-1
1.242331178E0,-7.727445662E-2,8.147415519E-2,-5.832999349E-1
1.244332011E0,-6.139195710E-2,8.391761035E-2,-5.887977481E-1
1.246332011E0,-4.612032697E-2,8.391761035E-2,-5.900194645E-1
1.248332011E0,-4.062253982E-2,8.636107296E-2,-5.942955017E-1
1.250332044E0,-2.596177347E-2,8.575020730E-2,-5.936846733E-1
1.252332077E0,-1.252273750E-2,8.452847600E-2,-6.010150313E-1
1.254332110E0,-2.748893574E-3,8.636107296E-2,-6.016259193E-1
1.256332143E0,9.468411095E-3,8.636107296E-2,-6.101779938E-1
1.258332176E0,2.290744707E-2,8.636107296E-2,-6.199518442E-1
1.260332209E0,3.084869497E-2,9.185886383E-2,-6.223953366E-1
1.262331375E0,5.161811411E-2,9.674578160E-2,-6.394995451E-1
1.264330475E0,5.711590126E-2,9.674578160E-2,-6.449973583E-1
1.266330475E0,6.444628537E-2,1.010218412E-1,-6.535494328E-1
1.268330475E0,7.788532227E-2,1.065196246E-1,-6.688210964E-1
1.270330475E0,9.132435173E-2,1.156826094E-1,-6.865361929E-1
1.272330475E0,9.804387391E-2,1.175151989E-1,-6.944774389E-1
1.274330475E0,1.139263660E-1,1.266781837E-1,-7.134142518E-1
1.276330475E0,1.298088580E-1,1.333976984E-1,-7.372379899E-1
1.278330441E0,1.340849251E-1,1.352302879E-1,-7.500661612E-1
1.280330407E0,1.450804919E-1,1.419498175E-1,-7.738898993E-1
1.282331240E0,1.640173197E-1,1.498910636E-1,-8.013788462E-1
1.284332106E0,1.664607823E-1,1.529453844E-1,-8.135961294E-1
1.286332072E0,1.786780804E-1,1.627192348E-1,-8.404742479E-1
1.288332038E0,1.945605874E-1,1.737148017E-1,-8.679631352E-1
1.290332004E0,1.994474977E-1,1.767691374E-1,-8.795695901E-1
1.292331970E0,2.073887438E-1,1.883755773E-1,-9.033933282E-1
1.294331970E0,2.159408629E-1,1.993711442E-1,-9.278279543E-1
1.296332003E0,2.189951837E-1,2.060906589E-1,-9.376018047E-1
1.298332036E0,2.232712507E-1,2.201405615E-1,-9.583712220E-1
1.300332069E0,2.312124968E-1,2.274709493E-1,-9.803623557E-1
1.302331235E0,2.348776907E-1,2.409099787E-1,-1.008462191E0
1.304330368E0,2.348776907E-1,2.409099787E-1,-1.008462191E0
1.306330401E0,2.367102802E-1,2.476294935E-1,-1.024344683E0
1.308330434E0,2.348776907E-1,2.525164187E-1,-1.029842496E0
1.310330434E0,2.360994220E-1,2.549598813E-1,-1.042670608E0
1.312330400E0,2.373211533E-1,2.580142021E-1,-1.056720495E0
1.314330366E0,2.360994220E-1,2.592359483E-1,-1.060996532E0
1.316330332E0,2.342668176E-1,2.580142021E-1,-1.070770383E0
1.318330298E0,2.348776907E-1,2.610685229E-1,-1.075657368E0
1.320330264E0,2.348776907E-1,2.610685229E-1,-1.078100801E0
1.322331097E0,2.324342281E-1,2.629011273E-1,-1.079322577E0
1.324331997E0,2.275473028E-1,2.598468065E-1,-1.078711629E0
1.326331997E0,2.269364446E-1,2.580142021E-1,-1.074435592E0
1.328331997E0,2.226603776E-1,2.555707395E-1,-1.066494346E0
1.330331997E0,2.147191316E-1,2.482403666E-1,-1.057331324E0
1.332331997E0,2.153300047E-1,2.476294935E-1,-1.051222682E0
1.334331997E0,2.092213482E-1,2.409099787E-1,-1.037172794E0
1.336331997E0,2.043344229E-1,2.323578745E-1,-1.022512078E0
1.338331997E0,1.884519309E-1,2.274709493E-1,-1.004186153E0
1.340331997E0,1.957823038E-1,2.201405615E-1,-9.968557358E-1
1.342331130E0,1.823432744E-1,2.060906589E-1,-9.638689756E-1
1.344330263E0,1.823432744E-1,2.060906589E-1,-9.638689756E-1
1.346330296E0,1.744020283E-1,1.993711442E-1,-9.430995584E-1
1.348330329E0,1.689042449E-1,1.938733608E-1,-9.174432158E-1
1.350330362E0,1.536326110E-1,1.920407563E-1,-8.911760449E-1
1.352330395E0,1.511891484E-1,1.902081668E-1,-8.777369857E-1
1.354330428E0,1.377501190E-1,1.853212416E-1,-8.502480388E-1
1.356330428E0,1.291979998E-1,1.779908538E-1,-8.227591515E-1
1.358330394E0,1.188132912E-1,1.724930704E-1,-8.074874878E-1
1.360330360E0,1.114829108E-1,1.590540409E-1,-7.824420333E-1
1.362331193E0,9.621127695E-2,1.407280862E-1,-7.555639744E-1
1.364332059E0,9.132435173E-2,1.309542358E-1,-7.421249151E-1
1.366332025E0,7.788532227E-2,1.126282811E-1,-7.164685726E-1
1.368331991E0,6.200282276E-2,9.552405030E-2,-6.920339465E-1
1.370331957E0,5.345070735E-2,8.941540122E-2,-6.773731709E-1
1.372331957E0,3.512475267E-2,7.475463301E-2,-6.547712088E-1
1.374331990E0,2.290744707E-2,6.314819306E-2,-6.278930902E-1
1.376332023E0,1.007927675E-2,5.765040591E-2,-6.156758070E-1
1.378332056E0,-2.748893574E-3,4.604396969E-2,-5.942955017E-1
1.380332089E0,-1.985312067E-2,4.054617882E-2,-5.716935396E-1
1.382331255E0,-3.878994286E-2,2.771801129E-2,-5.399284959E-1
1.384330388E0,-3.878994286E-2,2.771801129E-2,-5.399284959E-1
1.386330421E0,-5.894849449E-2,1.977676153E-2,-5.203808546E-1
1.388330454E0,-6.444628537E-2,1.672243699E-2,-5.075526834E-1
1.390330454E0,-8.032877743E-2,7.559457328E-3,-4.886158407E-1
1.392330454E0,-9.926560521E-2,1.450804994E-3,-4.684572816E-1
1.394330454E0,-1.078177169E-1,-1.603521290E-3,-4.562399685E-1
1.396330454E0,-1.279762685E-1,-1.137736533E-2,-4.379140139E-1
1.398330454E0,-1.499674171E-1,-1.504255645E-2,-4.147011340E-1
1.400330454E0,-1.585195363E-1,-1.748601720E-2,-4.030947089E-1
1.402331320E0,-1.786780804E-1,-1.931861416E-2,-3.817144334E-1
1.404332186E0,-2.006692290E-1,-2.725986205E-2,-3.609450161E-1
1.406332152E0,-2.110539377E-1,-3.214678168E-2,-3.523928821E-1
1.408332118E0,-2.275473028E-1,-3.764457256E-2,-3.365103900E-1
1.410332084E0,-2.532036304E-1,-4.619668424E-2,-3.236822188E-1
1.412332050E0,-2.623666227E-1,-5.047274008E-2,-3.163518310E-1
1.414332016E0,-2.776382565E-1,-5.841398984E-2,-3.108540475E-1
1.416331982E0,-2.929098904E-1,-6.269004941E-2,-3.071888685E-1
1.418331982E0,-2.990185320E-1,-6.269004941E-2,-3.053562641E-1
1.420331982E0,-3.106249869E-1,-6.452263892E-2,-3.059671223E-1
1.422331148E0,-3.222314119E-1,-5.841398984E-2,-3.114649057E-1
1.424330281E0,-3.222314119E-1,-5.841398984E-2,-3.114649057E-1
1.426330314E0,-3.289509416E-1,-4.864014685E-2,-3.181844354E-1
1.428330347E0,-3.332269788E-1,-3.825543448E-2,-3.249039650E-1
1.430330380E0,-3.332269788E-1,-3.336851299E-2,-3.297908604E-1
1.432330413E0,-3.326161206E-1,-2.176207490E-2,-3.413973153E-1
1.434330413E0,-3.350595832E-1,-5.879578181E-3,-3.493385613E-1
1.436330379E0,-3.387247920E-1,2.290744742E-4,-3.560580909E-1
1.438330345E0,-3.368921876E-1,1.550070569E-2,-3.664427996E-1
1.440330311E0,-3.399465084E-1,2.832887508E-2,-3.780492246E-1
1.442331144E0,-3.405573666E-1,3.382666409E-2,-3.835470080E-1
1.444332010E0,-3.387247920E-1,4.726569727E-2,-3.963751793E-1
1.446331976E0,-3.423899710E-1,5.337435007E-2,-4.079816341E-1
1.448331942E0,-3.448334336E-1,5.581781268E-2,-4.165337384E-1
1.450331942E0,-3.546072841E-1,6.192646548E-2,-4.293619096E-1
1.452331975E0,-3.576616049E-1,6.192646548E-2,-4.421900809E-1
1.454332008E0,-3.601050675E-1,5.703954399E-2,-4.495204687E-1
1.456332041E0,-3.613267839E-1,5.093089119E-2,-4.654029608E-1
1.458332074E0,-3.637702465E-1,4.237877578E-2,-4.800637364E-1
1.460332107E0,-3.668245673E-1,3.260493279E-2,-4.928919077E-1
1.462331273E0,-3.698789179E-1,1.977676153E-2,-5.063309073E-1
1.464330439E0,-3.686571717E-1,1.427897532E-2,-5.130504370E-1
1.466330472E0,-3.643811047E-1,8.781188168E-3,-5.240460038E-1
1.468330472E0,-3.662137091E-1,5.726861767E-3,-5.344307423E-1
1.470330472E0,-3.607159257E-1,3.283400787E-3,-5.454263091E-1
1.472330472E0,-3.527746797E-1,3.894265974E-3,-5.582544804E-1
1.474330472E0,-3.509420753E-1,3.894265974E-3,-5.668066144E-1
1.476330472E0,-3.362813294E-1,1.122464892E-2,-5.832999349E-1
1.478330472E0,-3.197879493E-1,1.855503209E-2,-6.016259193E-1
1.480330472E0,-3.094032407E-1,2.344195358E-2,-6.126214862E-1
1.482331305E0,-2.892446816E-1,3.627012298E-2,-6.327800155E-1
1.484332171E0,-2.678644061E-1,5.093089119E-2,-6.541603208E-1
1.486332137E0,-2.519819140E-1,5.887213722E-2,-6.627124548E-1
1.488332103E0,-2.293798923E-1,7.841982692E-2,-6.840927005E-1
1.490332069E0,-2.031126916E-1,9.857837856E-2,-7.024186850E-1
1.492332035E0,-1.915062517E-1,1.107956842E-1,-7.097490430E-1
1.494332001E0,-1.658499092E-1,1.395063549E-1,-7.299076319E-1
1.496332001E0,-1.395827085E-1,1.694387496E-1,-7.433466315E-1
1.498332001E0,-1.285871267E-1,1.816560477E-1,-7.518987656E-1
1.500332034E0,-1.023199260E-1,2.158645093E-1,-7.690029740E-1
1.502331200E0,-7.055493444E-2,2.702315152E-1,-7.909941077E-1
1.504330333E0,-7.055493444E-2,2.702315152E-1,-7.909941077E-1
1.506330366E0,-4.612032697E-2,3.038291037E-1,-8.080983758E-1
1.508330399E0,-2.474004216E-2,3.374266922E-1,-8.258134723E-1
1.510330432E0,-1.435533352E-2,3.545309305E-1,-8.325329423E-1
1.512330432E0,7.635815535E-3,3.807981312E-1,-8.484154940E-1
1.514330398E0,3.390302137E-2,4.046218693E-1,-8.685740232E-1
1.516330364E0,4.001167417E-2,4.168391824E-1,-8.789587021E-1
1.518330330E0,5.528330430E-2,4.363868535E-1,-8.954520822E-1
1.520330296E0,6.811147183E-2,4.498258829E-1,-9.113345742E-1
1.522331129E0,7.544185966E-2,4.589888752E-1,-9.211084247E-1
1.524332895E0,8.643743396E-2,4.675409794E-1,-9.339365959E-1
1.526332861E0,1.017090604E-1,4.779256880E-1,-9.467647672E-1
1.528332861E0,1.023199260E-1,4.822017550E-1,-9.516516924E-1
1.530332894E0,1.151480973E-1,4.858669341E-1,-9.650907516E-1
1.532332927E0,1.310305893E-1,4.895321429E-1,-9.779189229E-1
1.534332960E0,1.279762685E-1,4.895321429E-1,-9.821949601E-1
1.536332993E0,1.420261711E-1,4.919756055E-1,-9.968557358E-1
1.538333026E0,1.542434692E-1,4.913647175E-1,-1.008462191E0
1.540333059E0,1.615738571E-1,4.938081801E-1,-1.013960004E0
1.542332225E0,1.835650057E-1,4.993059933E-1,-1.034729362E0
1.544331358E0,1.921171248E-1,5.023602843E-1,-1.043281436E0
1.546331358E0,2.025018334E-1,5.054146051E-1,-1.048779249E0
1.548331358E0,2.159408629E-1,5.164102316E-1,-1.062218308E0
1.550331358E0,2.348776907E-1,5.304601192E-1,-1.075046420E0
1.552331358E0,2.391537428E-1,5.353470445E-1,-1.077489972E0
1.554331358E0,2.574796975E-1,5.506186485E-1,-1.086042047E0
1.556331358E0,2.745839357E-1,5.658903122E-1,-1.091539860E0
1.558331358E0,2.831360400E-1,5.713880658E-1,-1.092761517E0
1.560331324E0,2.971859276E-1,5.823836327E-1,-1.098259330E0
1.562332157E0,3.057380617E-1,5.884923339E-1,-1.098870158E0
1.564333023E0,3.142901659E-1,5.903248787E-1,-1.100091934E0
1.566332989E0,3.216205537E-1,5.891031623E-1,-1.101313710E0
1.568332955E0,3.283400834E-1,5.836054087E-1,-1.104367971E0
1.570332921E0,3.307835162E-1,5.811619163E-1,-1.101924539E0
1.572332887E0,3.338378668E-1,5.738315582E-1,-1.104978919E0
1.574332887E0,3.301726580E-1,5.671120286E-1,-1.105589747E0
1.576332887E0,3.289509416E-1,5.689446330E-1,-1.101924539E0
1.578332920E0,3.240640163E-1,5.701663494E-1,-1.100091934E0
1.580332953E0,3.161227703E-1,5.768858790E-1,-1.094594121E0
1.582332119E0,3.057380617E-1,5.921574831E-1,-1.086652875E0
1.584330319E0,3.057380617E-1,5.921574831E-1,-1.086652875E0
1.586330352E0,2.959642112E-1,6.049856544E-1,-1.076268196E0
1.588330385E0,3.026837409E-1,6.300311685E-1,-1.059774876E0
1.590330385E0,3.087923825E-1,6.538549066E-1,-1.049390078E0
1.592330385E0,3.149010241E-1,6.984480619E-1,-1.026177287E0
1.594330351E0,3.136793077E-1,6.935611367E-1,-1.010294795E0
1.596330317E0,3.057380617E-1,6.911176443E-1,-1.003575206E0
1.598330283E0,3.032945991E-1,6.947828531E-1,-9.852492809E-1
1.600330249E0,2.935207486E-1,6.953937411E-1,-9.711993933E-1
1.602331082E0,2.868012190E-1,6.911176443E-1,-9.675341845E-1
1.604331948E0,2.703078687E-1,6.764569283E-1,-9.571495056E-1
1.606331948E0,2.513710558E-1,6.648504734E-1,-9.510408044E-1
1.608331948E0,2.415972054E-1,6.599635482E-1,-9.455430508E-1
1.610331948E0,2.220495194E-1,6.422484517E-1,-9.357692003E-1
1.612331948E0,2.031126916E-1,6.202573180E-1,-9.223301411E-1
1.614331948E0,1.902845204E-1,6.092617512E-1,-9.156106710E-1
1.616331948E0,1.737911552E-1,5.872705579E-1,-8.948412538E-1
1.618331948E0,1.634064466E-1,5.774967074E-1,-8.734609485E-1
1.620331948E0,1.518000066E-1,5.726097822E-1,-8.618544936E-1
1.622331081E0,1.273654103E-1,5.426774025E-1,-8.300895095E-1
1.624330214E0,1.175915599E-1,5.322927237E-1,-8.197047710E-1
1.626330247E0,1.139263660E-1,5.237405896E-1,-8.129853010E-1
1.628330280E0,9.743300825E-2,5.096907020E-1,-7.922158837E-1
1.630330313E0,9.254608303E-2,4.980842471E-1,-7.720572948E-1
1.632330346E0,8.827003092E-2,4.925864637E-1,-7.635052204E-1
1.634330379E0,9.132435173E-2,4.864778221E-1,-7.470118403E-1
1.636330412E0,9.376781434E-2,4.858669341E-1,-7.219663858E-1
1.638330412E0,9.498954564E-2,4.846452177E-1,-7.146359682E-1
1.640330378E0,1.047633886E-1,4.828126132E-1,-6.883687973E-1
1.642331211E0,1.102611795E-1,4.834234715E-1,-6.608798504E-1
1.644332077E0,1.096503139E-1,4.846452177E-1,-6.462190747E-1
1.646332043E0,1.230893433E-1,4.834234715E-1,-6.162866950E-1
1.648332009E0,1.371392459E-1,4.822017550E-1,-5.784130096E-1
1.650331975E0,1.389718503E-1,4.803691506E-1,-5.582544804E-1
1.652331941E0,1.542434692E-1,4.767039716E-1,-5.185482502E-1
1.654331941E0,1.560760736E-1,4.705953002E-1,-4.721224904E-1
1.656331974E0,1.542434692E-1,4.675409794E-1,-4.501313269E-1
1.658332007E0,1.572978050E-1,4.571562707E-1,-3.994295001E-1
1.660332040E0,1.585195363E-1,4.437172413E-1,-3.444516361E-1
1.662331206E0,1.511891484E-1,4.125631154E-1,-2.625956833E-1
1.664330372E0,1.511891484E-1,4.125631154E-1,-2.625956833E-1
1.666330405E0,1.414152980E-1,3.887393773E-1,-2.057852298E-1
1.668330438E0,1.346957833E-1,3.740786016E-1,-1.770745665E-1
1.670330471E0,1.182024255E-1,3.423136175E-1,-1.196532324E-1
1.672330471E0,9.987647086E-2,3.062725663E-1,-6.589708477E-2
1.674330471E0,8.888089657E-2,2.922226489E-1,-3.779728711E-2
1.676330471E0,5.650503561E-2,2.622902691E-1,1.901318133E-2
1.678330471E0,2.474004216E-2,2.341904640E-1,7.399105281E-2
1.680330471E0,4.581489135E-3,2.201405615E-1,1.002582610E-1
1.682331337E0,-3.512475267E-2,1.932624876E-1,1.534035355E-1
1.684332203E0,-6.994406879E-2,1.602757722E-1,2.034944892E-1
1.686332169E0,-9.621127695E-2,1.456149966E-1,2.279291004E-1
1.688332135E0,-1.377501190E-1,1.138500124E-1,2.767983079E-1
1.690332101E0,-1.841758788E-1,8.147415519E-2,3.226132095E-1
1.692332067E0,-2.006692290E-1,6.314819306E-2,3.439934850E-1
1.694332033E0,-2.593123019E-1,3.260493279E-2,3.867540658E-1
1.696331999E0,-3.100140989E-1,2.290744742E-4,4.240168333E-1
1.698331965E0,-3.588833213E-1,-2.725986205E-2,4.631122053E-1
1.700331965E0,-3.851505518E-1,-4.680754989E-2,4.789946973E-1
1.702331131E0,-4.615086913E-1,-9.140071273E-2,5.260313153E-1
1.704330297E0,-4.615086913E-1,-9.140071273E-2,5.260313153E-1
1.706330330E0,-5.115996599E-1,-1.207222417E-1,5.547419786E-1
1.708330363E0,-5.580254197E-1,-1.512655020E-1,5.779548883E-1
1.710330396E0,-6.062837839E-1,-1.824196279E-1,5.938373804E-1
1.712330429E0,-6.239988208E-1,-1.964695305E-1,5.987243056E-1
1.714330462E0,-6.673702598E-1,-2.227367461E-1,6.030003428E-1
1.716330462E0,-7.052439451E-1,-2.422844321E-1,6.023895144E-1
1.718330428E0,-7.217372656E-1,-2.502256632E-1,5.999460220E-1
1.720330394E0,-7.565566301E-1,-2.606103718E-1,5.895613432E-1
1.722331227E0,-7.864890099E-1,-2.648864388E-1,5.773440003E-1
1.724332060E0,-7.993171811E-1,-2.679407597E-1,5.669593215E-1
1.726332026E0,-8.182539940E-1,-2.697733641E-1,5.480225086E-1
1.728331992E0,-8.365799785E-1,-2.673299015E-1,5.260313153E-1
1.730331958E0,-8.457429409E-1,-2.648864388E-1,5.138140321E-1
1.732331958E0,-8.549059033E-1,-2.599995136E-1,4.826599061E-1
1.734331991E0,-8.622363210E-1,-2.526691258E-1,4.496731758E-1
1.736332024E0,-8.591819406E-1,-2.465604842E-1,4.264602959E-1
1.738332057E0,-8.579602242E-1,-2.282345295E-1,3.891975284E-1
1.740332090E0,-8.494081497E-1,-2.031890452E-1,3.433826268E-1
1.742331256E0,-8.268061280E-1,-1.573741585E-1,2.719113827E-1
1.744330389E0,-8.268061280E-1,-1.573741585E-1,2.719113827E-1
1.746330422E0,-8.078693151E-1,-1.231657043E-1,2.181552500E-1
1.748330455E0,-7.932085395E-1,-1.048397496E-1,1.894445866E-1
1.750330455E0,-7.638869882E-1,-6.940956414E-2,1.338558495E-1
1.752330455E0,-7.272350788E-1,-3.092505224E-2,7.826711237E-2
1.754330455E0,-7.082982659E-1,-1.382082608E-2,4.955644161E-2
1.756330455E0,-6.667594314E-1,2.222022414E-2,-1.091921609E-2
1.758330455E0,-6.252205968E-1,5.398521572E-2,-6.834054738E-2
1.760330455E0,-5.958990455E-1,6.864598393E-2,-9.705121815E-2
1.762331288E0,-5.433646441E-1,9.308059514E-2,-1.501964927E-1
1.764332121E0,-4.889976382E-1,1.211803928E-1,-2.045634985E-1
1.766332087E0,-4.608978331E-1,1.346194297E-1,-2.302198410E-1
1.768332053E0,-3.992004395E-1,1.657735556E-1,-2.790890634E-1
1.770332019E0,-3.350595832E-1,1.957059503E-1,-3.291800022E-1
1.772331985E0,-3.020728528E-1,2.109775841E-1,-3.511711657E-1
1.774331951E0,-2.293798923E-1,2.427425832E-1,-3.994295001E-1
1.776331917E0,-1.511891484E-1,2.793944776E-1,-4.385249019E-1
1.778331917E0,-1.127046347E-1,3.019964993E-1,-4.623486400E-1
1.780331950E0,-3.207042441E-2,3.472005427E-1,-5.002222657E-1
1.782331116E0,9.010262042E-2,4.076761901E-1,-5.625305176E-1
1.784330249E0,9.010262042E-2,4.076761901E-1,-5.625305176E-1
1.786330282E0,1.701259762E-1,4.376085997E-1,-6.046802402E-1
1.788330315E0,2.464841306E-1,4.681518376E-1,-6.431647539E-1
1.790330348E0,2.892446816E-1,4.840343595E-1,-6.621015668E-1
1.792330381E0,3.637702465E-1,5.151884556E-1,-6.950882673E-1
1.794330381E0,4.425718784E-1,5.481752157E-1,-7.225772142E-1
1.796330347E0,4.780020416E-1,5.640577078E-1,-7.354053855E-1
1.798330313E0,5.500841737E-1,5.927683711E-1,-7.610617280E-1
1.800330279E0,6.197227836E-1,6.165921092E-1,-7.769442201E-1
1.802331112E0,6.466008425E-1,6.275876760E-1,-7.842746377E-1
1.804331978E0,7.101308703E-1,6.434701681E-1,-7.946593165E-1
1.806331944E0,7.681630254E-1,6.544657350E-1,-8.001571298E-1
1.808331910E0,7.950411439E-1,6.575200558E-1,-8.007679582E-1
1.810331910E0,8.463537693E-1,6.605743766E-1,-8.013788462E-1
1.812331943E0,8.903360963E-1,6.562983394E-1,-7.983245254E-1
1.814331976E0,9.275988936E-1,6.526331306E-1,-7.964919209E-1
1.816332009E0,9.459248185E-1,6.404158473E-1,-7.903832793E-1
1.818332042E0,9.752463698E-1,6.239224672E-1,-7.818311453E-1
1.820332075E0,9.990701079E-1,6.055965424E-1,-7.732790709E-1
1.822331241E0,1.030224204E0,5.805510283E-1,-7.592291236E-1
1.824330507E0,1.030224204E0,5.805510283E-1,-7.592291236E-1
1.826330540E0,1.044885039E0,5.646685362E-1,-7.470118403E-1
1.828330540E0,1.050993681E0,5.603924990E-1,-7.415140271E-1
1.830330540E0,1.060767531E0,5.512295365E-1,-7.280750275E-1
1.832330540E0,1.070541382E0,5.426774025E-1,-7.158576846E-1
1.834330540E0,1.066265345E0,5.396230817E-1,-7.121925354E-1
1.836330540E0,1.069319606E0,5.341253281E-1,-6.999751925E-1
1.838330540E0,1.071152210E0,5.335144401E-1,-6.914231181E-1
1.840330506E0,1.069930434E0,5.353470445E-1,-6.877579093E-1
1.842331339E0,1.065043569E0,5.390121937E-1,-6.792057753E-1
1.844332205E0,1.052826285E0,5.420665741E-1,-6.730971336E-1
1.846332171E0,1.045495868E0,5.457317233E-1,-6.706537008E-1
1.848332137E0,1.037554622E0,5.487860441E-1,-6.657667756E-1
1.850332103E0,1.018006921E0,5.500078201E-1,-6.590472460E-1
1.852332069E0,1.008843899E0,5.481752157E-1,-6.553820372E-1
1.854332035E0,9.911288619E-1,5.445100069E-1,-6.486625075E-1
1.856332035E0,9.660834074E-1,5.371796489E-1,-6.419430375E-1
1.858332068E0,9.532552361E-1,5.316818357E-1,-6.401104331E-1
1.860332101E0,9.263771176E-1,5.267949104E-1,-6.297256947E-1
1.862331267E0,8.872817755E-1,5.096907020E-1,-6.187301278E-1
1.864330400E0,8.872817755E-1,5.096907020E-1,-6.187301278E-1
1.866330433E0,8.597928286E-1,4.980842471E-1,-6.113997698E-1
1.868330466E0,8.335255980E-1,4.858669341E-1,-6.040693521E-1
1.870330499E0,8.188648820E-1,4.760931134E-1,-6.004042029E-1
1.872330499E0,7.956519723E-1,4.608214796E-1,-5.955172777E-1
1.874330465E0,7.718282342E-1,4.431063831E-1,-5.887977481E-1
1.876330431E0,7.583891749E-1,4.351651371E-1,-5.851325393E-1
1.878330397E0,7.363980412E-1,4.217261076E-1,-5.790238976E-1
1.880330363E0,7.107416987E-1,4.101196527E-1,-5.747478604E-1
1.882331196E0,7.021896243E-1,4.052327275E-1,-5.710826516E-1
1.884331929E0,6.844745278E-1,3.954588771E-1,-5.661957264E-1
1.886331895E0,6.679811478E-1,3.801872432E-1,-5.564218760E-1
1.888331895E0,6.643159389E-1,3.746894598E-1,-5.570327640E-1
1.890331928E0,6.539312601E-1,3.575852513E-1,-5.515349507E-1
1.892331961E0,6.423248053E-1,3.374266922E-1,-5.460371971E-1
1.894331994E0,6.392704844E-1,3.276528418E-1,-5.435937047E-1
1.896332027E0,6.343835592E-1,3.038291037E-1,-5.387067795E-1
1.898332060E0,6.301075220E-1,2.812270820E-1,-5.319872499E-1
1.900332093E0,6.288857460E-1,2.702315152E-1,-5.313764215E-1
1.902331259E0,6.276640296E-1,2.445751727E-1,-5.222133994E-1
1.904330392E0,6.258314252E-1,2.390773892E-1,-5.167156458E-1
1.906330392E0,6.276640296E-1,2.305252701E-1,-5.148830414E-1
1.908330392E0,6.356052756E-1,2.189188302E-1,-5.063309073E-1
1.910330392E0,6.380487680E-1,2.067015320E-1,-4.977788031E-1
1.912330392E0,6.411030889E-1,2.012037337E-1,-4.935027659E-1
1.914330392E0,6.429356933E-1,1.908190250E-1,-4.812854528E-1
1.916330392E0,6.539312601E-1,1.810451895E-1,-4.721224904E-1
1.918330358E0,6.545420885E-1,1.737148017E-1,-4.666246772E-1
1.920330324E0,6.618725061E-1,1.584431678E-1,-4.531856477E-1
1.922331157E0,6.643159389E-1,1.443932652E-1,-4.379140139E-1
1.924332023E0,6.655376554E-1,1.333976984E-1,-4.293619096E-1
1.926331989E0,6.655376554E-1,1.150717437E-1,-4.110359550E-1
1.928331955E0,6.606507897E-1,9.185886383E-2,-3.902665377E-1
1.930331921E0,6.569855809E-1,8.025242388E-2,-3.786600828E-1
1.932331887E0,6.466008425E-1,5.642867833E-2,-3.542254865E-1
1.934331887E0,6.392704844E-1,2.588541433E-2,-3.273474276E-1
1.936331920E0,6.246097088E-1,-5.879578181E-3,-2.998584807E-1
1.938331953E0,6.130032539E-1,-2.298380435E-2,-2.858085632E-1
1.940331986E0,5.971207619E-1,-6.146831438E-2,-2.564870417E-1
1.942331152E0,5.653557777E-1,-1.225548387E-1,-2.118938863E-1
1.944330285E0,5.653557777E-1,-1.225548387E-1,-2.118938863E-1
1.946330318E0,5.433646441E-1,-1.640936732E-1,-1.825723499E-1
1.948330351E0,5.177083015E-1,-2.068542391E-1,-1.550834179E-1
1.950330351E0,5.024366379E-1,-2.276236564E-1,-1.410335153E-1
1.952330317E0,4.780020416E-1,-2.697733641E-1,-1.153771728E-1
1.954330283E0,4.499022663E-1,-3.088687360E-1,-8.727737516E-2
1.956330249E0,4.370740950E-1,-3.302490115E-1,-7.689265907E-2
1.958330215E0,4.077525437E-1,-3.662900627E-1,-5.123632401E-2
1.960330181E0,3.796527386E-1,-3.974441886E-1,-2.313652076E-2
1.962331014E0,3.643811047E-1,-4.127158225E-1,-1.214094646E-2
1.964331880E0,3.307835162E-1,-4.395939112E-1,1.229366288E-2
1.966331880E0,3.051272035E-1,-4.652502537E-1,3.795000166E-2
1.968331913E0,2.886338234E-1,-4.799109995E-1,5.016730726E-2
1.970331946E0,2.587014437E-1,-5.037347674E-1,7.215845585E-2
1.972331979E0,2.263255715E-1,-5.275585055E-1,9.720393270E-2
1.974332012E0,2.141082734E-1,-5.379431844E-1,1.094212383E-1
1.976332045E0,1.817324162E-1,-5.605452061E-1,1.332449764E-1
1.978332078E0,1.475239545E-1,-5.813146234E-1,1.558469981E-1
1.980332111E0,1.365283877E-1,-5.935319662E-1,1.668425649E-1
1.982331277E0,8.643743396E-2,-6.179665327E-1,1.986075640E-1
1.984330377E0,6.811147183E-2,-6.271295547E-1,2.083813995E-1
1.986330377E0,5.222897977E-2,-6.326273084E-1,2.163226604E-1
1.988329977E0,1.863138936E-2,-6.472880840E-1,2.364812046E-1
1.990329977E0,-1.007927675E-2,-6.619488597E-1,2.535854280E-1
1.992329977E0,-2.840523422E-2,-6.686683893E-1,2.645809948E-1
1.994329977E0,-5.894849449E-2,-6.833291054E-1,2.829069793E-1
1.996329943E0,-8.949175477E-2,-7.016550899E-1,3.012329340E-1
1.998329909E0,-1.053742543E-1,-7.089854479E-1,3.103958964E-1
2.000329875E0,-1.322523206E-1,-7.260897160E-1,3.311653137E-1
2.002330708E0,-1.603521258E-1,-7.431939244E-1,3.507130146E-1
2.004331574E0,-1.774563491E-1,-7.529677749E-1,3.610977232E-1
2.006331540E0,-2.073887438E-1,-7.737371922E-1,3.843106031E-1
2.008331506E0,-2.385428846E-1,-7.945066094E-1,4.093560576E-1
2.010331472E0,-2.538145185E-1,-8.030587435E-1,4.227951169E-1
2.012331472E0,-2.819143236E-1,-8.311585188E-1,4.478405714E-1
2.014331505E0,-3.179553747E-1,-8.555931449E-1,4.753295183E-1
2.016331538E0,-3.277291954E-1,-8.708647490E-1,4.906011522E-1
2.018331571E0,-3.625485301E-1,-8.971319795E-1,5.144249201E-1
2.020331604E0,-3.930917978E-1,-9.246209264E-1,5.419138074E-1
2.022330770E0,-4.364632070E-1,-9.637162685E-1,5.816200972E-1
2.024329903E0,-4.364632070E-1,-9.637162685E-1,5.816200972E-1
2.026329936E0,-4.633412957E-1,-9.869291782E-1,6.036112309E-1
2.028329936E0,-4.725042582E-1,-9.954812527E-1,6.164394021E-1
2.030329902E0,-4.944954216E-1,-1.016250730E0,6.378196478E-1
2.032329868E0,-5.158756971E-1,-1.031522274E0,6.616434455E-1
2.034329834E0,-5.280929804E-1,-1.040074468E0,6.714172363E-1
2.036329800E0,-5.458080769E-1,-1.052291751E0,6.866889000E-1
2.038329766E0,-5.531384945E-1,-1.061454773E0,7.068474293E-1
2.040329732E0,-5.561928153E-1,-1.066952467E0,7.141778469E-1
2.042330565E0,-5.665774941E-1,-1.074282885E0,7.306711674E-1
2.044331465E0,-5.726861954E-1,-1.080391526E0,7.422776222E-1
2.046331498E0,-5.775730610E-1,-1.084056735E0,7.502188683E-1
2.048331931E0,-5.714644194E-1,-1.086500168E0,7.612144351E-1
2.050331964E0,-5.818491578E-1,-1.087111115E0,7.734317780E-1
2.052331997E0,-5.781839490E-1,-1.090165377E0,7.795404196E-1
2.054332030E0,-5.769622326E-1,-1.090165377E0,7.862599492E-1
2.056332063E0,-5.751296282E-1,-1.092608809E0,7.948120236E-1
2.058332096E0,-5.732970238E-1,-1.094441414E0,7.996989489E-1
2.060332129E0,-5.732970238E-1,-1.091997981E0,8.045858741E-1
2.062331262E0,-5.708535910E-1,-1.090776205E0,8.094727993E-1
2.064330462E0,-5.708535910E-1,-1.090776205E0,8.094727993E-1
2.066330462E0,-5.671883821E-1,-1.083445907E0,8.094727993E-1
2.068330462E0,-5.671883821E-1,-1.079780698E0,8.088619709E-1
2.070330462E0,-5.635231733E-1,-1.073672056E0,8.070293665E-1
2.072330462E0,-5.647448897E-1,-1.068785071E0,8.039750457E-1
2.074330428E0,-5.568036437E-1,-1.062065601E0,7.996989489E-1
2.076330394E0,-5.598580241E-1,-1.051680923E0,7.954229116E-1
2.078330360E0,-5.574145317E-1,-1.049848318E0,7.935903072E-1
2.080330326E0,-5.574145317E-1,-1.041907072E0,7.880925536E-1
2.082331159E0,-5.519167781E-1,-1.034576654E0,7.819838524E-1
2.084332025E0,-5.525276065E-1,-1.029689670E0,7.801512480E-1
2.086331991E0,-5.470298529E-1,-1.020526767E0,7.703774571E-1
2.088331957E0,-5.488623977E-1,-1.010752916E0,7.612144351E-1
2.090331957E0,-5.439754725E-1,-1.005255103E0,7.587710023E-1
2.092331957E0,-5.415320396E-1,-9.924269319E-1,7.477754354E-1
2.094331990E0,-5.427537560E-1,-9.808205366E-1,7.373906970E-1
2.096332023E0,-5.421429276E-1,-9.734901190E-1,7.343363762E-1
2.098332056E0,-5.433646441E-1,-9.600511193E-1,7.227299213E-1
2.100332089E0,-5.372560024E-1,-9.484446645E-1,7.111235261E-1
2.102331255E0,-5.342016816E-1,-9.246209264E-1,6.982953548E-1
2.104330388E0,-5.342016816E-1,-9.246209264E-1,6.982953548E-1
2.106330388E0,-5.342016816E-1,-9.099601507E-1,6.885215044E-1
2.108330354E0,-5.293147564E-1,-9.007971883E-1,6.842454076E-1
2.110330320E0,-5.250386596E-1,-8.861364126E-1,6.726390123E-1
2.112330286E0,-5.244278312E-1,-8.763625622E-1,6.628651619E-1
2.114330252E0,-5.225952268E-1,-8.696430326E-1,6.579782367E-1
2.116330218E0,-5.219843388E-1,-8.592583537E-1,6.482043862E-1
2.118330184E0,-5.177083015E-1,-8.500953317E-1,6.396522522E-1
2.120330150E0,-5.219843388E-1,-8.458192945E-1,6.353762150E-1
2.122331016E0,-5.219843388E-1,-8.390997648E-1,6.286566854E-1
2.124331816E0,-5.158756971E-1,-8.323802352E-1,6.231589317E-1
2.126331816E0,-5.170974135E-1,-8.293259144E-1,6.219371557E-1
2.128331816E0,-5.250386596E-1,-8.268824816E-1,6.164394021E-1
2.130331816E0,-5.225952268E-1,-8.262715936E-1,6.127741933E-1
2.132331816E0,-5.262604356E-1,-8.232172728E-1,6.091089845E-1
2.134331816E0,-5.256495476E-1,-8.219955564E-1,6.078872681E-1
2.136331816E0,-5.262604356E-1,-8.189412355E-1,6.042220592E-1
2.138331816E0,-5.256495476E-1,-8.195520639E-1,6.030003428E-1
2.140331849E0,-5.274821520E-1,-8.183303475E-1,5.962808132E-1
2.142331015E0,-5.335907936E-1,-8.171086311E-1,5.901721716E-1
2.144330148E0,-5.335907936E-1,-8.171086311E-1,5.901721716E-1
2.146330181E0,-5.250386596E-1,-8.158869147E-1,5.883395672E-1
2.148330214E0,-5.256495476E-1,-8.116108179E-1,5.828418136E-1
2.150330247E0,-5.256495476E-1,-8.091673851E-1,5.810092092E-1
2.152330280E0,-5.305364728E-1,-8.061130643E-1,5.749005675E-1
2.154330280E0,-5.317581892E-1,-8.024478555E-1,5.712353587E-1
2.156330246E0,-5.329799056E-1,-7.981718183E-1,5.687919259E-1
2.158330212E0,-5.342016816E-1,-7.945066094E-1,5.608506799E-1
2.160330178E0,-5.378668308E-1,-7.914522886E-1,5.535202622E-1
2.162331011E0,-5.366451144E-1,-7.877870798E-1,5.529094338E-1
2.164331877E0,-5.366451144E-1,-7.810675502E-1,5.406920910E-1
2.166331843E0,-5.354233980E-1,-7.712937593E-1,5.358051658E-1
2.168331843E0,-5.372560024E-1,-7.700719833E-1,5.296965241E-1
2.170331843E0,-5.329799056E-1,-7.639633417E-1,5.235878825E-1
2.172331876E0,-5.305364728E-1,-7.548003793E-1,5.138140321E-1
2.174331909E0,-5.293147564E-1,-7.486917377E-1,5.095379949E-1
2.176331942E0,-5.305364728E-1,-7.364743948E-1,5.015967488E-1
2.178331975E0,-5.311473012E-1,-7.254788280E-1,4.954880774E-1
2.180332008E0,-5.274821520E-1,-7.114289403E-1,4.881576896E-1
2.182331174E0,-5.299255848E-1,-6.931029558E-1,4.808273017E-1
2.184330340E0,-5.323690772E-1,-6.845508814E-1,4.777729809E-1
2.186330340E0,-5.287038684E-1,-6.668357849E-1,4.673882723E-1
2.188330340E0,-5.305364728E-1,-6.570619345E-1,4.637230933E-1
2.190330340E0,-5.287038684E-1,-6.393468380E-1,4.570035636E-1
2.192330340E0,-5.238169432E-1,-6.191883087E-1,4.423427880E-1
2.194330340E0,-5.219843388E-1,-6.063601375E-1,4.386776090E-1
2.196330340E0,-5.183191895E-1,-5.862015486E-1,4.276820421E-1
2.198330340E0,-5.109887719E-1,-5.635995269E-1,4.166864455E-1
2.200330306E0,-5.054910183E-1,-5.550474524E-1,4.117995203E-1
2.202331139E0,-5.018258095E-1,-5.324454308E-1,4.020256996E-1
2.204332005E0,-4.908302128E-1,-5.128977299E-1,3.928627074E-1
2.206331971E0,-4.889976382E-1,-5.031238794E-1,3.898083866E-1
2.208331937E0,-4.767803252E-1,-4.829653203E-1,3.788128197E-1
2.210331903E0,-4.657847583E-1,-4.652502537E-1,3.733150363E-1
2.212331869E0,-4.621195495E-1,-4.530329406E-1,3.684281111E-1
2.214331835E0,-4.523457289E-1,-4.359287024E-1,3.647629023E-1
2.216331835E0,-4.413501322E-1,-4.157701433E-1,3.623194396E-1
2.218331868E0,-4.340197444E-1,-4.084397852E-1,3.598759770E-1
2.220331901E0,-4.254676402E-1,-3.895029426E-1,3.592651188E-1
2.222331067E0,-4.108068645E-1,-3.681226671E-1,3.555999398E-1
2.224330200E0,-4.108068645E-1,-3.681226671E-1,3.555999398E-1
2.226330233E0,-3.992004395E-1,-3.565162420E-1,3.568216562E-1
2.228330266E0,-3.930917978E-1,-3.467423916E-1,3.543781936E-1
2.230330299E0,-3.888157308E-1,-3.412446082E-1,3.531564772E-1
2.232330299E0,-3.796527386E-1,-3.308598995E-1,3.537673354E-1
2.234330265E0,-3.778201640E-1,-3.223077655E-1,3.531564772E-1
2.236330231E0,-3.717114925E-1,-3.174208403E-1,3.525456190E-1
2.238331431E0,-3.656028509E-1,-3.088687360E-1,3.519347310E-1
2.240331397E0,-3.613267839E-1,-3.021492362E-1,3.494912684E-1
2.242332230E0,-3.619376719E-1,-2.954297066E-1,3.513238728E-1
2.244333063E0,-3.564398587E-1,-2.880993187E-1,3.513238728E-1
2.246333063E0,-3.533855379E-1,-2.764928937E-1,3.513238728E-1
2.248333063E0,-3.564398587E-1,-2.691625059E-1,3.507130146E-1
2.250333096E0,-3.533855379E-1,-2.612212598E-1,3.476586938E-1
2.252333129E0,-3.570507467E-1,-2.508365512E-1,3.494912684E-1
2.254333162E0,-3.601050675E-1,-2.483930737E-1,3.464369476E-1
2.256333195E0,-3.613267839E-1,-2.386192381E-1,3.464369476E-1
2.258333228E0,-3.680463135E-1,-2.343431860E-1,3.439934850E-1
2.260333261E0,-3.698789179E-1,-2.306779921E-1,3.452152312E-1
2.262332427E0,-3.845396638E-1,-2.202932835E-1,3.464369476E-1
2.264331527E0,-3.888157308E-1,-2.190715522E-1,3.482695520E-1
2.266331527E0,-3.937026560E-1,-2.154063582E-1,3.507130146E-1
2.268331527E0,-4.040873647E-1,-2.117411643E-1,3.537673354E-1
2.270331527E0,-4.181372523E-1,-2.086868435E-1,3.598759770E-1
2.272331527E0,-4.224133193E-1,-2.099085748E-1,3.617085814E-1
2.274331527E0,-4.370740950E-1,-2.105194330E-1,3.690389693E-1
2.276331527E0,-4.474588037E-1,-2.111303061E-1,3.769802153E-1
2.278331493E0,-4.560109079E-1,-2.117411643E-1,3.806453943E-1
2.280331459E0,-4.682282209E-1,-2.160172164E-1,3.898083866E-1
2.282332292E0,-4.828889668E-1,-2.190715522E-1,3.989713490E-1
2.284333025E0,-4.908302128E-1,-2.233476043E-1,4.038582742E-1
2.286332991E0,-5.030475259E-1,-2.251801938E-1,4.130212665E-1
2.288332957E0,-5.140430927E-1,-2.276236564E-1,4.191299081E-1
2.290332923E0,-5.219843388E-1,-2.282345295E-1,4.215733707E-1
2.292332889E0,-5.299255848E-1,-2.270127982E-1,4.301255047E-1
2.294332889E0,-5.445863605E-1,-2.257910669E-1,4.368450046E-1
2.296332922E0,-5.506950021E-1,-2.221258730E-1,4.392884672E-1
2.298331722E0,-5.519167781E-1,-2.166280895E-1,4.398993254E-1
2.300331755E0,-5.641340613E-1,-2.129628956E-1,4.405102134E-1
2.302330921E0,-5.702427030E-1,-2.031890452E-1,4.380667508E-1
2.304330054E0,-5.702427030E-1,-2.031890452E-1,4.380667508E-1
2.306329687E0,-5.751296282E-1,-1.970804036E-1,4.350124002E-1
2.308329720E0,-5.769622326E-1,-1.915826052E-1,4.264602959E-1
2.310329720E0,-5.757405162E-1,-1.854739636E-1,4.221842289E-1
2.312329686E0,-5.757405162E-1,-1.805870384E-1,4.124104083E-1
2.314329652E0,-5.769622326E-1,-1.720349193E-1,4.026365578E-1
2.316329618E0,-5.812382698E-1,-1.689805984E-1,3.977496326E-1
2.318329584E0,-5.812382698E-1,-1.610393524E-1,3.879757822E-1
2.320329550E0,-5.806274414E-1,-1.494329125E-1,3.751476109E-1
2.322330383E0,-5.824599862E-1,-1.445459872E-1,3.708715737E-1
2.324330683E0,-5.842925906E-1,-1.323286891E-1,3.586542606E-1
2.326330683E0,-5.873469114E-1,-1.213331074E-1,3.464369476E-1
2.328330716E0,-5.891795158E-1,-1.146135926E-1,3.391065598E-1
2.330330749E0,-5.904012322E-1,-1.042288840E-1,3.293327391E-1
2.332330782E0,-5.928447247E-1,-9.323330969E-2,3.152828217E-1
2.334330815E0,-5.897904038E-1,-8.834638447E-2,3.085633218E-1
2.336330848E0,-5.916230083E-1,-8.040513843E-2,2.951242626E-1
2.338330881E0,-5.910121202E-1,-7.246389240E-2,2.798526287E-1
2.340330914E0,-5.922338367E-1,-7.063129544E-2,2.749657333E-1
2.342330080E0,-5.879577994E-1,-6.024658307E-2,2.590832114E-1
2.344329313E0,-5.873469114E-1,-5.902485549E-2,2.560288906E-1
2.346329313E0,-5.910121202E-1,-5.413793400E-2,2.517528534E-1
2.348329313E0,-5.897904038E-1,-4.925100878E-2,2.425898612E-1
2.350329313E0,-5.910121202E-1,-4.864014685E-2,2.370920777E-1
2.352329313E0,-5.916230083E-1,-4.558581859E-2,2.395355403E-1
2.354329313E0,-5.873469114E-1,-4.436408728E-2,2.364812046E-1
2.356329279E0,-5.879577994E-1,-4.375322163E-2,2.377029359E-1
2.358329245E0,-5.910121202E-1,-4.436408728E-2,2.377029359E-1
2.360329211E0,-5.910121202E-1,-4.436408728E-2,2.432007194E-1
2.362330044E0,-5.885686874E-1,-4.497495294E-2,2.493093759E-1
2.364330910E0,-5.873469114E-1,-4.436408728E-2,2.511419654E-1
2.366331276E0,-5.830708742E-1,-4.925100878E-2,2.609158158E-1
2.368331242E0,-5.836817622E-1,-5.658139288E-2,2.719113827E-1
2.370331208E0,-5.824599862E-1,-5.963572115E-2,2.774091661E-1
2.372331208E0,-5.751296282E-1,-6.574437022E-2,2.914590836E-1
2.374331241E0,-5.684100986E-1,-7.429648191E-2,2.994003296E-1
2.376331274E0,-5.653557777E-1,-7.796167582E-2,3.073415756E-1
2.378331307E0,-5.604688525E-1,-8.407033235E-2,3.226132095E-1
2.380331340E0,-5.525276065E-1,-8.956811577E-2,3.366630971E-1
2.382330506E0,-5.396994352E-1,-1.017854214E-1,3.507130146E-1
2.384330239E0,-5.396994352E-1,-1.017854214E-1,3.507130146E-1
2.386330272E0,-5.268712640E-1,-1.066723466E-1,3.598759770E-1
2.388330272E0,-5.195409060E-1,-1.103375331E-1,3.647629023E-1
2.390330238E0,-5.018258095E-1,-1.158353239E-1,3.720932901E-1
2.392330204E0,-4.877758920E-1,-1.176679209E-1,3.775910735E-1
2.394330170E0,-4.786129296E-1,-1.207222417E-1,3.836997449E-1
2.396330136E0,-4.572326243E-1,-1.225548387E-1,3.879757822E-1
2.398330102E0,-4.413501322E-1,-1.249983013E-1,3.959170282E-1
2.400330068E0,-4.327980280E-1,-1.213331074E-1,3.971387744E-1
2.402330901E0,-4.114177525E-1,-1.249983013E-1,4.008039534E-1
2.404331801E0,-3.918700516E-1,-1.274417639E-1,4.020256996E-1
2.406331801E0,-3.790418804E-1,-1.280526221E-1,4.008039534E-1
2.408331801E0,-3.570507467E-1,-1.280526221E-1,4.008039534E-1
2.410331801E0,-3.405573666E-1,-1.304960847E-1,3.977496326E-1
2.412331801E0,-3.277291954E-1,-1.268308908E-1,3.959170282E-1
2.414331801E0,-3.094032407E-1,-1.237765700E-1,3.916409910E-1
2.416331801E0,-2.904664278E-1,-1.182787865E-1,3.812562823E-1
2.418331801E0,-2.666426897E-1,-1.115592644E-1,3.727041483E-1
2.420331801E0,-2.605340183E-1,-1.091158018E-1,3.659846485E-1
2.422330967E0,-2.318233550E-1,-1.017854214E-1,3.458260894E-1
2.424330200E0,-2.318233550E-1,-1.017854214E-1,3.458260894E-1
2.426330233E0,-2.147191316E-1,-9.689849615E-2,3.281109929E-1
2.428330266E0,-2.037235647E-1,-9.262244403E-2,3.134502172E-1
2.430330299E0,-1.866193265E-1,-8.773551881E-2,2.951242626E-1
2.432330332E0,-1.829541475E-1,-8.529205620E-2,2.822960913E-1
2.434330332E0,-1.670716405E-1,-8.162686974E-2,2.645809948E-1
2.436330298E0,-1.542434692E-1,-7.307475805E-2,2.444224507E-1
2.438330264E0,-1.499674171E-1,-7.185302675E-2,2.358703464E-1
2.440330230E0,-1.420261711E-1,-6.207918003E-2,2.163226604E-1
2.442331063E0,-1.310305893E-1,-5.597052723E-2,1.949423701E-1
2.444331929E0,-1.249219403E-1,-5.291620269E-2,1.857793927E-1
2.446331895E0,-1.212567538E-1,-4.192062840E-2,1.625665128E-1
2.448331861E0,-1.108720452E-1,-3.092505224E-2,1.424079537E-1
2.450331861E0,-1.059851199E-1,-2.664899640E-2,1.295797974E-1
2.452331894E0,-9.926560521E-2,-1.320996135E-2,1.081995070E-1
2.454331927E0,-9.376781434E-2,-3.436116967E-3,8.681922406E-2
2.456331960E0,-9.193521738E-2,3.283400787E-3,7.521278411E-2
2.458331993E0,-8.704829961E-2,1.488984004E-2,5.138903856E-2
2.460332026E0,-8.155050874E-2,2.832887508E-2,3.000875562E-2
2.462331192E0,-7.360926270E-2,5.581781268E-2,-5.421428941E-3
2.464330325E0,-7.360926270E-2,5.581781268E-2,-5.421428941E-3
2.466330358E0,-7.238753140E-2,7.353290170E-2,-2.924517356E-2
2.468330358E0,-7.177666575E-2,8.269587904E-2,-4.024074972E-2
2.470330358E0,-6.322455406E-2,1.022435725E-1,-6.711881608E-2
2.472330358E0,-5.833763257E-2,1.211803928E-1,-9.033169597E-2
2.474330358E0,-5.467243865E-2,1.297325045E-1,-1.001055390E-1
2.476330358E0,-5.161811411E-2,1.456149966E-1,-1.233184189E-1
2.478330358E0,-4.489859566E-2,1.596648991E-1,-1.422552466E-1
2.480330358E0,-4.489859566E-2,1.645518243E-1,-1.489747614E-1
2.482331191E0,-3.695734590E-2,1.755474061E-1,-1.673007160E-1
2.484331957E0,-3.329215571E-2,1.828777790E-1,-1.813506186E-1
2.486331923E0,-3.390302137E-2,1.865429729E-1,-1.892918646E-1
2.488331889E0,-2.840523422E-2,1.914298981E-1,-2.039526403E-1
2.490331855E0,-2.718350291E-2,1.969276816E-1,-2.155590802E-1
2.492331821E0,-3.023782931E-2,1.999820024E-1,-2.198351324E-1
2.494331787E0,-2.474004216E-2,2.079232633E-1,-2.283872366E-1
2.496331787E0,-2.657263726E-2,2.152536362E-1,-2.351067662E-1
2.498331787E0,-2.412917651E-2,2.183079720E-1,-2.375502288E-1
2.500331820E0,-2.718350291E-2,2.268600762E-1,-2.424371392E-1
2.502330986E0,-2.779436857E-2,2.329687327E-1,-2.454914749E-1
2.504330119E0,-2.779436857E-2,2.329687327E-1,-2.454914749E-1
2.506330152E0,-2.779436857E-2,2.372447848E-1,-2.509892583E-1
2.508330185E0,-3.268129006E-2,2.427425832E-1,-2.528218627E-1
2.510330218E0,-3.451388702E-2,2.439643145E-1,-2.540435791E-1
2.512330218E0,-3.817907721E-2,2.500729561E-1,-2.552653253E-1
2.514330184E0,-4.001167417E-2,2.531272769E-1,-2.577087879E-1
2.516330150E0,-4.428773001E-2,2.574033439E-1,-2.583196461E-1
2.518330116E0,-4.734205827E-2,2.610685229E-1,-2.589305043E-1
2.520330082E0,-4.550946131E-2,2.683989108E-1,-2.601522505E-1
2.522330915E0,-5.222897977E-2,2.708423734E-1,-2.607631087E-1
2.524331781E0,-5.467243865E-2,2.757292986E-1,-2.601522505E-1
2.526331747E0,-5.283984542E-2,2.787836194E-1,-2.607631087E-1
2.528331747E0,-5.345070735E-2,2.836705446E-1,-2.595413625E-1
2.530331780E0,-5.222897977E-2,2.855031490E-1,-2.564870417E-1
2.532331813E0,-5.589416996E-2,2.910009325E-1,-2.528218627E-1
2.534331846E0,-5.589416996E-2,2.928335369E-1,-2.491566688E-1
2.536331879E0,-6.078109145E-2,2.983313203E-1,-2.467132062E-1
2.538331912E0,-5.467243865E-2,3.001639247E-1,-2.406045496E-1
2.540331945E0,-5.650503561E-2,3.007747829E-1,-2.338850349E-1
2.542331111E0,-5.650503561E-2,3.026073575E-1,-2.283872366E-1
2.544330344E0,-5.650503561E-2,3.026073575E-1,-2.283872366E-1
2.546330344E0,-5.283984542E-2,3.026073575E-1,-2.235003263E-1
2.548330344E0,-5.222897977E-2,3.007747829E-1,-2.210568637E-1
2.550330344E0,-5.222897977E-2,3.007747829E-1,-2.149482071E-1
2.552330344E0,-5.100724846E-2,2.995530367E-1,-2.051743716E-1
2.554330344E0,-5.100724846E-2,2.964987159E-1,-2.033417672E-1
2.556330344E0,-5.039638281E-2,2.940552533E-1,-1.966222525E-1
2.558330344E0,-5.161811411E-2,2.891683280E-1,-1.886810064E-1
2.560330310E0,-5.222897977E-2,2.830596864E-1,-1.844049394E-1
2.562331143E0,-5.161811411E-2,2.751184404E-1,-1.764636934E-1
2.564332009E0,-5.100724846E-2,2.659554482E-1,-1.666898578E-1
2.566331975E0,-5.161811411E-2,2.586250603E-1,-1.630246639E-1
2.568331941E0,-5.161811411E-2,2.464077622E-1,-1.563051492E-1
2.570331907E0,-5.161811411E-2,2.329687327E-1,-1.495856196E-1
2.572331873E0,-5.283984542E-2,2.268600762E-1,-1.446987092E-1
2.574331873E0,-5.833763257E-2,2.121993154E-1,-1.392009109E-1
2.576331873E0,-6.444628537E-2,1.957059503E-1,-1.330922693E-1
2.578331906E0,-6.383541971E-2,1.895972937E-1,-1.312596649E-1
2.580331939E0,-6.933320314E-2,1.786017269E-1,-1.227075532E-1
2.582331105E0,-8.032877743E-2,1.614975035E-1,-1.184315011E-1
2.584330238E0,-8.032877743E-2,1.614975035E-1,-1.184315011E-1
2.586330271E0,-8.704829961E-2,1.541671157E-1,-1.159880385E-1
2.588330304E0,-9.437867999E-2,1.450041384E-1,-1.135445759E-1
2.590330304E0,-9.437867999E-2,1.419498175E-1,-1.123228446E-1
2.592330304E0,-1.041525230E-1,1.388954818E-1,-1.129337102E-1
2.594330270E0,-1.120937690E-1,1.327868253E-1,-1.141554415E-1
2.596330236E0,-1.163698286E-1,1.315651089E-1,-1.153771728E-1
2.598330202E0,-1.249219403E-1,1.291216463E-1,-1.190423667E-1
2.600330168E0,-1.304197311E-1,1.297325045E-1,-1.257618815E-1
2.602331001E0,-1.359175146E-1,1.315651089E-1,-1.275944710E-1
2.604331767E0,-1.426370293E-1,1.321759671E-1,-1.373683214E-1
2.606331767E0,-1.487456858E-1,1.346194297E-1,-1.453095675E-1
2.608331800E0,-1.554652005E-1,1.395063549E-1,-1.489747614E-1
2.610331833E0,-1.554652005E-1,1.407280862E-1,-1.605812013E-1
2.612331866E0,-1.664607823E-1,1.492801905E-1,-1.727984995E-1
2.614331899E0,-1.707368344E-1,1.511127949E-1,-1.770745665E-1
2.616331932E0,-1.744020283E-1,1.566105783E-1,-1.868484020E-1
2.618331965E0,-1.817324162E-1,1.621083617E-1,-1.966222525E-1
2.620331998E0,-1.853975952E-1,1.657735556E-1,-2.057852298E-1
2.622331164E0,-1.890627891E-1,1.731039435E-1,-2.198351324E-1
2.624330264E0,-1.890627891E-1,1.737148017E-1,-2.210568637E-1
2.626330264E0,-1.933388561E-1,1.761582643E-1,-2.247220576E-1
2.628330264E0,-1.945605874E-1,1.773799956E-1,-2.320524305E-1
2.630330264E0,-1.976149082E-1,1.773799956E-1,-2.351067662E-1
2.632330264E0,-1.976149082E-1,1.779908538E-1,-2.369393557E-1
2.634330264E0,-1.994474977E-1,1.786017269E-1,-2.393828183E-1
2.636330264E0,-2.049452960E-1,1.755474061E-1,-2.363284975E-1
2.638330230E0,-2.037235647E-1,1.737148017E-1,-2.369393557E-1
2.640330196E0,-2.079996169E-1,1.700496078E-1,-2.332741618E-1
2.642331029E0,-2.092213482E-1,1.651626974E-1,-2.259437889E-1
2.644331895E0,-2.104430795E-1,1.614975035E-1,-2.228894532E-1
2.646331861E0,-2.134974003E-1,1.535562575E-1,-2.143373489E-1
2.648331827E0,-2.177734673E-1,1.413389444E-1,-2.076178193E-1
2.650331793E0,-2.226603776E-1,1.370628923E-1,-2.002874464E-1
2.652331759E0,-2.202169150E-1,1.205695271E-1,-1.905135959E-1
2.654331759E0,-2.263255715E-1,1.071304902E-1,-1.795180291E-1
2.656331792E0,-2.263255715E-1,9.063713253E-2,-1.685224473E-1
2.658331825E0,-2.306016237E-1,8.147415519E-2,-1.636355221E-1
2.660331858E0,-2.287690341E-1,6.559165567E-2,-1.526399553E-1
2.662331024E0,-2.269364446E-1,4.176791012E-2,-1.398117840E-1
2.664330190E0,-2.269364446E-1,4.176791012E-2,-1.398117840E-1
2.666330223E0,-2.263255715E-1,2.955060638E-2,-1.312596649E-1
2.668330223E0,-2.330450863E-1,2.038762718E-2,-1.257618815E-1
2.670330223E0,-2.306016237E-1,1.794416644E-2,-1.208749637E-1
2.672330189E0,-2.293798923E-1,1.244637929E-2,-1.190423667E-1
2.674330155E0,-2.257147133E-1,6.948592141E-3,-1.172097698E-1
2.676330121E0,-2.244929820E-1,7.559457328E-3,-1.165989041E-1
2.678330087E0,-2.281581759E-1,2.061670180E-3,-1.172097698E-1
2.680330053E0,-2.214386463E-1,4.505131394E-3,-1.153771728E-1
2.682330886E0,-2.202169150E-1,3.283400787E-3,-1.172097698E-1
2.684331786E0,-2.189951837E-1,4.505131394E-3,-1.202640980E-1
2.686331819E0,-2.159408629E-1,1.000291854E-2,-1.275944710E-1
2.688331852E0,-2.165517360E-1,1.183551457E-2,-1.300379336E-1
2.690331885E0,-2.171625942E-1,1.977676153E-2,-1.361465901E-1
2.692331918E0,-2.141082734E-1,3.382666409E-2,-1.453095675E-1
2.694331951E0,-2.086104751E-1,4.176791012E-2,-1.465312988E-1
2.696331984E0,-2.092213482E-1,5.642867833E-2,-1.575268805E-1
2.698332017E0,-2.012801021E-1,7.108944654E-2,-1.636355221E-1
2.700332050E0,-2.006692290E-1,7.658722997E-2,-1.666898578E-1
2.702331183E0,-1.908953935E-1,1.040761694E-1,-1.795180291E-1
2.704330283E0,-1.884519309E-1,1.156826094E-1,-1.813506186E-1
2.706330283E0,-1.853975952E-1,1.224021241E-1,-1.862375438E-1
2.708330283E0,-1.786780804E-1,1.443932652E-1,-1.917353272E-1
2.710330283E0,-1.780672222E-1,1.657735556E-1,-1.966222525E-1
2.712330283E0,-1.750128865E-1,1.749365330E-1,-1.996765733E-1
2.714330283E0,-1.713477075E-1,1.920407563E-1,-2.051743716E-1
2.716330249E0,-1.640173197E-1,2.073123902E-1,-2.106721550E-1
2.718330215E0,-1.646281779E-1,2.128101736E-1,-2.143373489E-1
2.720330181E0,-1.566869318E-1,2.250274867E-1,-2.131156176E-1
2.722331014E0,-1.487456858E-1,2.354121953E-1,-2.167807966E-1
2.724331847E0,-1.456913650E-1,2.378556579E-1,-2.173916698E-1
2.726331813E0,-1.401935667E-1,2.439643145E-1,-2.180025280E-1
2.728331779E0,-1.304197311E-1,2.476294935E-1,-2.149482071E-1
2.730331745E0,-1.291979998E-1,2.482403666E-1,-2.137264758E-1
2.732331745E0,-1.243110746E-1,2.476294935E-1,-2.112830132E-1
2.734331778E0,-1.206458881E-1,2.445751727E-1,-2.082286924E-1
2.736331811E0,-1.127046347E-1,2.415208519E-1,-2.057852298E-1
2.738331844E0,-1.084285825E-1,2.384665161E-1,-2.008983046E-1
2.740331877E0,-1.035416573E-1,2.354121953E-1,-1.984548420E-1
2.742331043E0,-9.437867999E-2,2.293035388E-1,-1.911244690E-1
2.744330176E0,-9.437867999E-2,2.293035388E-1,-1.911244690E-1
2.746330176E0,-8.949175477E-2,2.213622928E-1,-1.911244690E-1
2.748330176E0,-8.765916526E-2,2.195297033E-1,-1.880701333E-1
2.750330142E0,-7.849618047E-2,2.115884423E-1,-1.886810064E-1
2.752330108E0,-7.360926270E-2,2.042580694E-1,-1.862375438E-1
2.754330074E0,-7.177666575E-2,2.005928755E-1,-1.844049394E-1
2.756330040E0,-5.711590126E-2,1.932624876E-1,-1.862375438E-1
2.758330006E0,-4.795292020E-2,1.859321147E-1,-1.831832081E-1
2.760329972E0,-4.245513305E-2,1.853212416E-1,-1.825723499E-1
2.762330838E0,-3.451388702E-2,1.828777790E-1,-1.837940812E-1
2.764331771E0,-2.351831272E-2,1.847103834E-1,-1.862375438E-1
2.766331804E0,-2.107485011E-2,1.883755773E-1,-1.856266707E-1
2.768331837E0,-1.435533352E-2,1.938733608E-1,-1.899027377E-1
2.770331870E0,-1.007927675E-2,2.005928755E-1,-1.966222525E-1
2.772331903E0,-5.192354787E-3,2.048689276E-1,-2.008983046E-1
2.774331936E0,3.359758761E-3,2.109775841E-1,-2.088395506E-1
2.776331969E0,5.192354787E-3,2.207514346E-1,-2.173916698E-1
2.778332002E0,9.468411095E-3,2.311361432E-1,-2.271655202E-1
2.780332002E0,9.468411095E-3,2.390773892E-1,-2.314415723E-1
2.782331135E0,1.740965992E-2,2.561815977E-1,-2.454914749E-1
2.784330235E0,1.740965992E-2,2.561815977E-1,-2.454914749E-1
2.786330235E0,1.802052557E-2,2.738966942E-1,-2.558761835E-1
2.788330235E0,1.740965992E-2,2.910009325E-1,-2.687043548E-1
2.790330235E0,1.557706390E-2,3.136029541E-1,-2.803107798E-1
2.792330235E0,1.313360315E-2,3.258202374E-1,-2.882520258E-1
2.794330201E0,1.435533352E-2,3.484222591E-1,-3.010801971E-1
2.796330167E0,1.496619824E-2,3.722459972E-1,-3.132975101E-1
2.798330133E0,1.435533352E-2,3.844633102E-1,-3.181844354E-1
2.800330099E0,8.857546374E-3,4.070653319E-1,-3.316234648E-1
2.802330932E0,9.468411095E-3,4.308890700E-1,-3.444516361E-1
2.804331798E0,6.414085161E-3,4.424955249E-1,-3.505602777E-1
2.806331764E0,8.857546374E-3,4.693735838E-1,-3.603341281E-1
2.808331730E0,3.970623948E-3,4.944190681E-1,-3.701079786E-1
2.810331730E0,5.192354787E-3,5.072472095E-1,-3.749949038E-1
2.812331763E0,3.359758761E-3,5.310709476E-1,-3.817144334E-1
2.814331796E0,-2.748893574E-3,5.548947453E-1,-3.902665377E-1
2.816331829E0,-2.138028387E-3,5.665011406E-1,-3.914882541E-1
2.818331862E0,-1.527163084E-3,5.903248787E-1,-3.963751793E-1
2.820331895E0,8.246680722E-3,6.190355420E-1,-3.969860375E-1
2.822331061E0,2.596177347E-2,6.703482270E-1,-3.927100003E-1
2.824330161E0,2.596177347E-2,6.703482270E-1,-3.927100003E-1
2.826330161E0,3.390302137E-2,6.905068159E-1,-3.872122169E-1
2.828330127E0,3.634648025E-2,6.935611367E-1,-3.866013288E-1
2.830330093E0,3.695734590E-2,6.990588903E-1,-3.798818290E-1
2.832330059E0,4.001167417E-2,7.045567036E-1,-3.737731576E-1
2.834330025E0,3.878994286E-2,7.082219124E-1,-3.713297248E-1
2.836329991E0,4.245513305E-2,7.124979496E-1,-3.603341281E-1
2.838329957E0,4.367686436E-2,7.112762332E-1,-3.468950987E-1
2.840329957E0,4.367686436E-2,7.118870616E-1,-3.365103900E-1
2.842330823E0,4.367686436E-2,7.051675916E-1,-3.206278980E-1
2.844331756E0,4.245513305E-2,6.996697783E-1,-3.023019433E-1
2.846331789E0,3.695734590E-2,6.990588903E-1,-2.913063765E-1
2.848331822E0,3.084869497E-2,6.996697783E-1,-2.717586756E-1
2.850331855E0,2.107485011E-2,7.033349872E-1,-2.552653253E-1
2.852331888E0,1.435533352E-2,7.045567036E-1,-2.467132062E-1
2.854331921E0,6.414085161E-3,7.100545168E-1,-2.296089679E-1
2.856331954E0,-1.130100712E-2,7.118870616E-1,-2.167807966E-1
2.858331954E0,-1.313360315E-2,7.131088376E-1,-2.094504237E-1
2.860331954E0,-2.290744707E-2,7.100545168E-1,-1.947896481E-1
2.862331087E0,-4.795292020E-2,7.057784200E-1,-1.721876413E-1
2.864330187E0,-4.795292020E-2,7.057784200E-1,-1.721876413E-1
2.866330187E0,-6.444628537E-2,7.033349872E-1,-1.575268805E-1
2.868330720E0,-8.093964309E-2,7.051675916E-1,-1.453095675E-1
2.870330720E0,-9.071348608E-2,7.057784200E-1,-1.385900527E-1
2.872330686E0,-1.059851199E-1,7.143305540E-1,-1.269836128E-1
2.874330652E0,-1.206458881E-1,7.241044044E-1,-1.172097698E-1
2.876330618E0,-1.310305893E-1,7.314347625E-1,-1.135445759E-1
2.878330584E0,-1.481348276E-1,7.491498590E-1,-1.086576581E-1
2.880330550E0,-1.634064466E-1,7.699192762E-1,-1.068250611E-1
2.882331383E0,-1.707368344E-1,7.815257311E-1,-1.056033298E-1
2.884332249E0,-1.860084683E-1,8.084037900E-1,-1.043815985E-1
2.886332215E0,-2.006692290E-1,8.389470577E-1,-1.037707329E-1
2.888332215E0,-2.098322064E-1,8.542186618E-1,-1.043815985E-1
2.890332248E0,-2.251038402E-1,8.853728175E-1,-1.049924642E-1
2.892332281E0,-2.415972054E-1,9.098074436E-1,-1.043815985E-1
2.894332314E0,-2.495384514E-1,9.232464433E-1,-1.056033298E-1
2.896332347E0,-2.690861523E-1,9.415724277E-1,-1.007164046E-1
2.898332380E0,-2.874121070E-1,9.556223154E-1,-9.827294946E-2
2.900332413E0,-3.100140989E-1,9.666178823E-1,-9.460775554E-2
2.902331579E0,-3.295617998E-1,9.715048075E-1,-8.483391255E-2
2.904330679E0,-3.460551500E-1,9.733374119E-1,-7.933612168E-2
2.906330645E0,-3.656028509E-1,9.757808447E-1,-7.139487565E-2
2.908330611E0,-3.778201640E-1,9.776134491E-1,-6.406449527E-2
2.910330577E0,-3.985895813E-1,9.782243371E-1,-5.184718594E-2
2.912330543E0,-4.224133193E-1,9.770026207E-1,-3.657555580E-2
2.914330509E0,-4.389066696E-1,9.751700163E-1,-2.924517356E-2
2.916330475E0,-4.584543705E-1,9.727265239E-1,-9.697485715E-3
2.918330475E0,-4.810563922E-1,9.684504867E-1,6.185010541E-3
2.920330475E0,-4.926628172E-1,9.672287703E-1,1.534798928E-2
2.922331341E0,-5.238169432E-1,9.623418450E-1,3.489567712E-2
2.924332241E0,-5.366451144E-1,9.568440318E-1,5.871942267E-2
2.926332241E0,-5.506950021E-1,9.507353902E-1,6.666067243E-2
2.928331707E0,-5.714644194E-1,9.421832561E-1,8.926268667E-2
2.930331707E0,-5.922338367E-1,9.299659729E-1,1.112538353E-1
2.932331707E0,-6.013968587E-1,9.250790477E-1,1.246928647E-1
2.934331707E0,-6.264423132E-1,9.098074436E-1,1.442405581E-1
2.936331740E0,-6.435465217E-1,8.994227052E-1,1.662317067E-1
2.938331773E0,-6.514877677E-1,8.920923471E-1,1.790598780E-1
2.940331806E0,-6.710354686E-1,8.804858923E-1,2.004401535E-1
2.942330972E0,-7.021896243E-1,8.670468330E-1,2.291508317E-1
2.944330105E0,-7.021896243E-1,8.670468330E-1,2.291508317E-1
2.946330138E0,-7.180721164E-1,8.639925122E-1,2.456441820E-1
2.948330171E0,-7.351763248E-1,8.615490794E-1,2.633592784E-1
2.950330171E0,-7.425066829E-1,8.633816838E-1,2.700788081E-1
2.952330137E0,-7.596109509E-1,8.664360046E-1,2.810743749E-1
2.954330103E0,-7.761042714E-1,8.682686090E-1,2.920699418E-1
2.956330069E0,-7.803803682E-1,8.694903255E-1,2.951242626E-1
2.958330035E0,-7.864890099E-1,8.682686090E-1,3.018437922E-1
2.960330001E0,-8.005388975E-1,8.701011539E-1,3.042872548E-1
2.962330834E0,-8.029823899E-1,8.737663627E-1,3.079524338E-1
2.964331700E0,-8.103127480E-1,8.768206835E-1,3.024546504E-1
2.966331700E0,-8.139779568E-1,8.823184967E-1,3.012329340E-1
2.968331733E0,-8.139779568E-1,8.841511011E-1,2.951242626E-1
2.970331766E0,-8.145887852E-1,8.945357800E-1,2.859613001E-1
2.972331799E0,-8.133670688E-1,9.104182720E-1,2.713005245E-1
2.974331832E0,-8.109236360E-1,9.208030105E-1,2.670244575E-1
2.976331865E0,-8.054258227E-1,9.446267486E-1,2.480876446E-1
2.978331898E0,-7.993171811E-1,9.721156955E-1,2.315942794E-1
2.980331931E0,-7.919867635E-1,9.861655831E-1,2.199878395E-1
2.982331097E0,-7.761042714E-1,1.025871873E0,1.931097806E-1
2.984330197E0,-7.632761002E-1,1.037478209E0,1.839468032E-1
2.986330197E0,-7.541131377E-1,1.047863007E0,1.772272736E-1
2.988330197E0,-7.418958545E-1,1.068632364E0,1.582904607E-1
2.990330197E0,-7.260133624E-1,1.085736632E0,1.460731477E-1
2.992330197E0,-7.192938328E-1,1.094288707E0,1.393536329E-1
2.994330197E0,-7.070765495E-1,1.107727766E0,1.283580661E-1
2.996330163E0,-6.960809231E-1,1.115669012E0,1.173624843E-1
2.998330129E0,-6.948592067E-1,1.119334221E0,1.130864322E-1
3.000330095E0,-6.869179606E-1,1.121777654E0,1.008691266E-1
3.002330928E0,-6.801984310E-1,1.124221087E0,9.109527618E-2
3.004331794E0,-6.728680730E-1,1.124832034E0,8.804095536E-2
3.006331760E0,-6.630942225E-1,1.127275467E0,8.071056753E-2
3.008331726E0,-6.514877677E-1,1.129108071E0,7.582364976E-2
3.010331692E0,-6.472117305E-1,1.128497124E0,7.154759020E-2
3.012331692E0,-6.374378800E-1,1.132162333E0,6.482807547E-2
3.014331725E0,-6.233879924E-1,1.135216713E0,5.688682571E-2
3.016331758E0,-6.154467463E-1,1.140714526E0,5.444336683E-2
3.018331791E0,-6.068946123E-1,1.142547131E0,4.833471403E-2
3.020331824E0,-5.910121202E-1,1.146823168E0,4.039346427E-2
3.022330990E0,-5.641340613E-1,1.157207847E0,3.306308016E-2
3.024330123E0,-5.641340613E-1,1.157207847E0,3.306308016E-2
3.026330156E0,-5.445863605E-1,1.165759921E0,2.817615867E-2
3.028330156E0,-5.232060552E-1,1.172479510E0,2.451096848E-2
3.030330122E0,-5.177083015E-1,1.177366376E0,2.206750773E-2
3.032330088E0,-4.993823469E-1,1.185918570E0,2.023491077E-2
3.034330054E0,-4.761694670E-1,1.198135853E0,1.962404512E-2
3.036330020E0,-4.682282209E-1,1.202411890E0,1.779145002E-2
3.038329986E0,-4.523457289E-1,1.214018345E0,1.840231568E-2
3.040329952E0,-4.285219610E-1,1.221959591E0,1.595885493E-2
3.042330785E0,-4.169155359E-1,1.221959591E0,1.534798928E-2
3.044331685E0,-3.943135142E-1,1.228068233E0,1.779145002E-2
3.046331718E0,-3.717114925E-1,1.229289889E0,1.779145002E-2
3.048331751E0,-3.649919927E-1,1.226846457E0,1.840231568E-2
3.050331784E0,-3.466660380E-1,1.225624800E0,1.779145002E-2
3.052331817E0,-3.246748745E-1,1.218905210E0,1.901318133E-2
3.054331850E0,-3.112358451E-1,1.217072606E0,2.145664208E-2
3.056331883E0,-2.922990322E-1,1.207909703E0,2.817615867E-2
3.058331916E0,-2.739730477E-1,1.198135853E0,3.306308016E-2
3.060331949E0,-2.623666227E-1,1.192638040E0,3.550654277E-2
3.062331082E0,-2.330450863E-1,1.170036077E0,5.199990422E-2
3.064330182E0,-2.214386463E-1,1.164538264E0,5.627596006E-2
3.066330182E0,-2.086104751E-1,1.155986071E0,5.994115397E-2
3.068330182E0,-1.902845204E-1,1.143768787E0,7.032585889E-2
3.070330182E0,-1.658499092E-1,1.133994937E0,8.376489580E-2
3.072330182E0,-1.566869318E-1,1.129108071E0,8.743008971E-2
3.074330148E0,-1.389718503E-1,1.127886295E0,9.903652966E-2
3.076330114E0,-1.273654103E-1,1.126664639E0,1.118647009E-1
3.078330080E0,-1.224784851E-1,1.126053691E0,1.167516187E-1
3.080330046E0,-1.053742543E-1,1.127275467E0,1.295797974E-1
3.082330879E0,-8.827003092E-2,1.119945049E0,1.405753642E-1
3.084331745E0,-8.216137439E-2,1.118723392E0,1.479057521E-1
3.086331711E0,-7.116580009E-2,1.106505990E0,1.625665128E-1
3.088331677E0,-5.833763257E-2,1.094899535E0,1.778381467E-1
3.090331677E0,-5.711590126E-2,1.086347461E0,1.821141988E-1
3.092331677E0,-4.550946131E-2,1.071075797E0,1.967749745E-1
3.094331710E0,-3.695734590E-2,1.057636857E0,2.108248621E-1
3.096331743E0,-3.329215571E-2,1.051528215E0,2.175443918E-1
3.098331776E0,-2.535090782E-2,1.041143417E0,2.303725630E-1
3.100331809E0,-2.046398632E-2,1.031369567E0,2.407572716E-1
3.102330975E0,2.748893574E-3,1.016098022E0,2.541962862E-1
3.104330108E0,2.748893574E-3,1.016098022E0,2.541962862E-1
3.106330108E0,1.069014147E-2,1.007545829E0,2.627484202E-1
3.108330074E0,1.740965992E-2,1.004491568E0,2.645809948E-1
3.110330040E0,2.718350291E-2,9.947177172E-1,2.706896663E-1
3.112330006E0,4.062253982E-2,9.867764711E-1,2.767983079E-1
3.114329972E0,4.245513305E-2,9.818895459E-1,2.786309123E-1
3.116329938E0,5.222897977E-2,9.690613747E-1,2.829069793E-1
3.118329904E0,6.444628537E-2,9.617309570E-1,2.871830165E-1
3.120329870E0,6.566801667E-2,9.550114274E-1,2.877938747E-1
3.122330736E0,7.360926270E-2,9.446267486E-1,2.877938747E-1
3.124331669E0,8.460483700E-2,9.379072189E-1,2.877938747E-1
3.126331702E0,8.827003092E-2,9.391289353E-1,2.841286957E-1
3.128331735E0,8.521570265E-2,9.660070539E-1,2.847395539E-1
3.130331768E0,8.216137439E-2,9.971611500E-1,2.658027411E-1
3.132331801E0,8.827003092E-2,1.006324172E0,2.529745698E-1
3.134331834E0,1.102611795E-1,9.971611500E-1,2.230421752E-1
3.136331867E0,1.365283877E-1,9.696722031E-1,1.955532432E-1
3.138331900E0,1.579086632E-1,9.427941442E-1,1.772272736E-1
3.140331900E0,1.670716405E-1,9.336311817E-1,1.747838110E-1
3.142331033E0,1.676825136E-1,9.140834808E-1,1.735620946E-1
3.144330233E0,1.676825136E-1,9.140834808E-1,1.735620946E-1
3.146329933E0,1.566869318E-1,8.975901008E-1,1.766164154E-1
3.148329933E0,1.487456858E-1,8.762098551E-1,1.723403633E-1
3.150329933E0,1.444696337E-1,8.481100202E-1,1.698969007E-1
3.152329933E0,1.444696337E-1,8.334492445E-1,1.680642962E-1
3.154329899E0,1.438587606E-1,8.016842604E-1,1.589013189E-1
3.156329865E0,1.444696337E-1,7.674758434E-1,1.479057521E-1
3.158329831E0,1.469130963E-1,7.503715754E-1,1.362993121E-1
3.160329797E0,1.511891484E-1,7.228826880E-1,1.216385439E-1
3.162330630E0,1.579086632E-1,7.027240992E-1,1.008691266E-1
3.164331496E0,1.621847153E-1,6.935611367E-1,8.926268667E-2
3.166331462E0,1.658499092E-1,6.825655699E-1,6.482807547E-2
3.168331462E0,1.689042449E-1,6.758460402E-1,4.344778880E-2
3.170331462E0,1.768454909E-1,6.752351522E-1,3.061962128E-2
3.172331495E0,1.798998117E-1,6.709591150E-1,8.017606102E-3
3.174331528E0,1.823432744E-1,6.691265106E-1,-1.580613852E-2
3.176331561E0,1.872301996E-1,6.703482270E-1,-2.741257846E-2
3.178331594E0,1.951714456E-1,6.697373986E-1,-4.940372705E-2
3.180331627E0,2.049452960E-1,6.715700030E-1,-7.017314434E-2
3.182330793E0,2.183843255E-1,6.715700030E-1,-1.019381359E-1
3.184330826E0,2.183843255E-1,6.715700030E-1,-1.019381359E-1
3.186330792E0,2.281581759E-1,6.746243238E-1,-1.184315011E-1
3.188330758E0,2.342668176E-1,6.740134358E-1,-1.282053441E-1
3.190330724E0,2.464841306E-1,6.727917194E-1,-1.416443735E-1
3.192330690E0,2.635883391E-1,6.679047942E-1,-1.575268805E-1
3.194330656E0,2.715296149E-1,6.648504734E-1,-1.642463952E-1
3.196330622E0,2.886338234E-1,6.599635482E-1,-1.746311039E-1
3.198330588E0,3.124575615E-1,6.538549066E-1,-1.850158125E-1
3.200330588E0,3.295617998E-1,6.532440186E-1,-1.892918646E-1
3.202331488E0,3.521638215E-1,6.538549066E-1,-1.966222525E-1
3.204332321E0,3.979786932E-1,6.532440186E-1,-2.051743716E-1
3.206332654E0,4.022547603E-1,6.605743766E-1,-2.082286924E-1
3.208332687E0,4.358523488E-1,6.727917194E-1,-2.173916698E-1
3.210332720E0,4.718934000E-1,6.898959279E-1,-2.277763784E-1
3.212332753E0,4.920519590E-1,6.996697783E-1,-2.326633036E-1
3.214332786E0,5.335907936E-1,7.222718000E-1,-2.406045496E-1
3.216332819E0,5.781839490E-1,7.460955381E-1,-2.497675270E-1
3.218332819E0,6.026185751E-1,7.589237094E-1,-2.552653253E-1
3.220332819E0,6.514877677E-1,7.864126563E-1,-2.632065713E-1
3.222331952E0,7.290676832E-1,8.383361697E-1,-2.625956833E-1
3.224331052E0,7.290676832E-1,8.383361697E-1,-2.625956833E-1
3.226331052E0,8.304712772E-1,9.091965556E-1,-2.283872366E-1
3.228331052E0,9.593638778E-1,9.562332034E-1,-1.673007160E-1
3.230331052E0,1.030224204E0,9.623418450E-1,-1.324813962E-1
3.232331018E0,1.184162259E0,9.397398233E-1,-5.673411116E-2
3.234330984E0,1.355204582E0,8.621599078E-1,3.733913973E-2
3.236330950E0,1.432784438E0,8.365035653E-1,9.170614183E-2
3.238330916E0,1.563509583E0,7.888560891E-1,2.059379518E-1
3.240330882E0,1.652695894E0,7.424303293E-1,3.262783885E-1
3.242331715E0,1.682017446E0,7.204391956E-1,3.843106031E-1
3.244331648E0,1.711338997E0,6.801220775E-1,4.857142270E-1
3.246331648E0,1.716225863E0,6.630178690E-1,5.596289039E-1
3.248331648E0,1.712560773E0,6.593526602E-1,5.877287388E-1
3.250332981E0,1.702786922E0,6.569092274E-1,6.286566854E-1
3.252333014E0,1.685071826E0,6.605743766E-1,6.488152742E-1
3.254333047E0,1.673465371E0,6.624069810E-1,6.561456323E-1
3.256333080E0,1.649030685E0,6.624069810E-1,6.591999531E-1
3.258333113E0,1.613600492E0,6.599635482E-1,6.512587070E-1
3.260333146E0,1.583668113E0,6.624069810E-1,6.378196478E-1
3.262332279E0,1.535409808E0,6.575200558E-1,6.219371557E-1
3.264331379E0,1.535409808E0,6.575200558E-1,6.219371557E-1
3.266331345E0,1.506699085E0,6.501896977E-1,6.170502305E-1
3.268331311E0,1.491427541E0,6.416375637E-1,6.170502305E-1
3.270331277E0,1.463938594E0,6.233116388E-1,6.201046109E-1
3.272331243E0,1.443169117E0,5.988770127E-1,6.268240809E-1
3.274331209E0,1.432784438E0,5.817728043E-1,6.304892898E-1
3.276331175E0,1.416901946E0,5.506186485E-1,6.390414238E-1
3.278331175E0,1.403462887E0,5.115233064E-1,6.506478190E-1
3.280331208E0,1.391856432E0,4.901430011E-1,6.512587070E-1
3.282332108E0,1.379639149E0,4.479933083E-1,6.634759903E-1
3.284333041E0,1.368643522E0,4.156174362E-1,6.775259376E-1
3.286333074E0,1.361313224E0,4.088979363E-1,6.842454076E-1
3.288333107E0,1.352761030E0,4.003458023E-1,7.013496757E-1
3.290333140E0,1.347263336E0,3.948480189E-1,7.141778469E-1
3.292333173E0,1.344819784E0,3.887393773E-1,7.196756005E-1
3.294333206E0,1.331380844E0,3.875176311E-1,7.306711674E-1
3.296333206E0,1.320996046E0,3.887393773E-1,7.386124134E-1
3.298333206E0,1.317941785E0,3.875176311E-1,7.410559058E-1
3.300333206E0,1.304502726E0,3.887393773E-1,7.477754354E-1
3.302332339E0,1.288009405E0,4.119522572E-1,7.587710023E-1
3.304331439E0,1.288009405E0,4.119522572E-1,7.587710023E-1
3.306331439E0,1.284344196E0,4.479933083E-1,7.667122483E-1
3.308331439E0,1.275792122E0,4.675409794E-1,7.654905319E-1
3.310330105E0,1.272737741E0,4.699844420E-1,7.654905319E-1
3.312330071E0,1.260520458E0,4.742605090E-1,7.618253231E-1
3.314330037E0,1.240972757E0,4.675409794E-1,7.557166815E-1
3.316330003E0,1.234253287E0,4.626540542E-1,7.477754354E-1
3.318329969E0,1.211040378E0,4.577671289E-1,7.386124134E-1
3.320329935E0,1.191492677E0,4.522693455E-1,7.257842422E-1
3.322330768E0,1.178053617E0,4.461607039E-1,7.190647721E-1
3.324331634E0,1.157895088E0,4.278347492E-1,7.086800337E-1
3.326331634E0,1.140790820E0,4.113413990E-1,6.927975416E-1
3.328331667E0,1.126130104E0,4.021784067E-1,6.866889000E-1
3.330331700E0,1.100473762E0,3.936263025E-1,6.738607287E-1
3.332331733E0,1.072373986E0,3.924045563E-1,6.634759903E-1
3.334331766E0,1.062600136E0,3.924045563E-1,6.555347443E-1
3.336331799E0,1.035111189E0,3.966806233E-1,6.433174610E-1
3.338331832E0,1.008233070E0,4.082870483E-1,6.317110062E-1
3.340331832E0,9.941831827E-1,4.137848318E-1,6.249914765E-1
3.342330965E0,9.593638778E-1,4.333325326E-1,6.036112309E-1
3.344330031E0,9.489791393E-1,4.406629205E-1,5.950590968E-1
3.346329997E0,9.392052889E-1,4.486041665E-1,5.865070224E-1
3.348329963E0,9.239336848E-1,4.632649422E-1,5.694027543E-1
3.350329929E0,9.049968719E-1,4.724279046E-1,5.486333370E-1
3.352329895E0,8.976664543E-1,4.712061882E-1,5.388594866E-1
3.354329861E0,8.793405294E-1,4.675409794E-1,5.180900693E-1
3.356329861E0,8.634580374E-1,4.620431960E-1,4.936554730E-1
3.358329894E0,8.549059033E-1,4.571562707E-1,4.838816226E-1
3.360329927E0,8.347473741E-1,4.412737787E-1,4.582252800E-1
3.362330827E0,8.139779568E-1,4.290564656E-1,4.337906837E-1
3.364331760E0,8.072584271E-1,4.247804284E-1,4.197407961E-1
3.366331793E0,7.883216143E-1,4.150065780E-1,3.934735656E-1
3.368331826E0,7.736608386E-1,4.021784067E-1,3.665955067E-1
3.370331859E0,7.687739134E-1,3.997349441E-1,3.507130146E-1
3.372331892E0,7.626652718E-1,3.979023397E-1,3.232240677E-1
3.374331892E0,7.504479289E-1,4.034001231E-1,2.926808000E-1
3.376331892E0,7.455610037E-1,4.247804284E-1,2.780200541E-1
3.378331892E0,7.418958545E-1,4.412737787E-1,2.566397488E-1
3.380331892E0,7.370089293E-1,4.846452177E-1,2.499202490E-1
3.382331025E0,7.082982659E-1,5.127450228E-1,2.108248621E-1
3.384330458E0,7.082982659E-1,5.127450228E-1,2.108248621E-1
3.386330458E0,6.985244155E-1,5.084689856E-1,1.662317067E-1
3.388330424E0,6.869179606E-1,5.005277395E-1,1.149190217E-1
3.390330390E0,6.863071322E-1,5.005277395E-1,9.292787313E-2
3.392330356E0,6.844745278E-1,5.072472095E-1,4.344778880E-2
3.394330322E0,6.893614531E-1,5.121341348E-1,-2.977967961E-3
3.396330288E0,6.911939979E-1,5.139667392E-1,-2.924517356E-2
3.398330254E0,6.954700947E-1,5.206862688E-1,-7.689265907E-2
3.400330220E0,7.076873779E-1,5.341253281E-1,-1.288162023E-1
3.402331053E0,7.082982659E-1,5.396230817E-1,-1.520290822E-1
3.404331953E0,7.119634151E-1,5.548947453E-1,-1.941787899E-1
3.406331986E0,7.211264372E-1,5.829945207E-1,-2.332741618E-1
3.408332019E0,7.211264372E-1,5.970444083E-1,-2.528218627E-1
3.410332052E0,7.321220040E-1,6.239224672E-1,-2.955824137E-1
3.412332085E0,7.406741381E-1,6.465244889E-1,-3.383429945E-1
3.414332118E0,7.467827797E-1,6.562983394E-1,-3.578906655E-1
3.416332151E0,7.596109509E-1,6.721808314E-1,-3.939317167E-1
3.418332151E0,7.834346890E-1,6.831763983E-1,-4.244749844E-1
3.420332151E0,7.901542187E-1,6.825655699E-1,-4.379140139E-1
3.422331251E0,8.054258227E-1,6.679047942E-1,-4.599051774E-1
3.424330317E0,8.048149347E-1,6.624069810E-1,-4.611268938E-1
3.426330283E0,8.090910316E-1,6.501896977E-1,-4.629594982E-1
3.428330249E0,8.090910316E-1,6.141486168E-1,-4.537965059E-1
3.430330215E0,8.109236360E-1,5.671120286E-1,-4.318053722E-1
3.432330181E0,8.109236360E-1,5.365687609E-1,-4.134794176E-1
3.434330181E0,7.962628603E-1,4.693735838E-1,-3.847687542E-1
3.436330214E0,7.809911966E-1,3.991240859E-1,-3.585015535E-1
3.438330247E0,7.718282342E-1,3.655264974E-1,-3.462842405E-1
3.440330280E0,7.626652718E-1,3.056617081E-1,-3.151301146E-1
3.442331180E0,7.626652718E-1,2.567924857E-1,-2.790890634E-1
3.444331780E0,7.590000629E-1,2.366339266E-1,-2.632065713E-1
3.446331813E0,7.345654368E-1,1.999820024E-1,-2.344958931E-1
3.448331846E0,7.052439451E-1,1.669952869E-1,-2.118938863E-1
3.450331879E0,6.924157739E-1,1.517236531E-1,-2.008983046E-1
3.452331879E0,6.630942225E-1,1.236238554E-1,-1.752419621E-1
3.454331879E0,6.337726712E-1,1.065196246E-1,-1.593594700E-1
3.456331879E0,6.191119552E-1,9.613491595E-2,-1.556942761E-1
3.458331879E0,5.940664411E-1,9.369145334E-2,-1.575268805E-1
3.460331879E0,5.763513446E-1,1.046870351E-1,-1.703550518E-1
3.462331012E0,5.696318150E-1,1.333976984E-1,-2.045634985E-1
3.464330112E0,5.696318150E-1,1.333976984E-1,-2.045634985E-1
3.466330078E0,5.665774941E-1,1.578323096E-1,-2.412154078E-1
3.468330044E0,5.659666657E-1,1.663844138E-1,-2.583196461E-1
3.470330010E0,5.800165534E-1,1.822669208E-1,-2.937498391E-1
3.472329976E0,5.891795158E-1,1.871538460E-1,-3.151301146E-1
3.474329942E0,5.940664411E-1,1.883755773E-1,-3.267365396E-1
3.476329908E0,5.989533663E-1,1.883755773E-1,-3.505602777E-1
3.478329874E0,6.099489331E-1,1.749365330E-1,-3.811035454E-1
3.480329840E0,6.270532012E-1,1.724930704E-1,-3.963751793E-1
3.482330706E0,6.630942225E-1,1.651626974E-1,-4.238641262E-1
3.484331639E0,7.064656615E-1,1.590540409E-1,-4.434117973E-1
3.486331672E0,7.174612284E-1,1.480584592E-1,-4.452444017E-1
3.488331705E0,7.675521970E-1,1.657735556E-1,-4.452444017E-1
3.490331738E0,8.121453524E-1,1.639409661E-1,-4.434117973E-1
3.492331771E0,8.316930532E-1,1.584431678E-1,-4.397466183E-1
3.494331804E0,8.878926635E-1,1.376737505E-1,-4.281401932E-1
3.496331804E0,9.379835725E-1,1.297325045E-1,-4.165337384E-1
3.498331804E0,9.691377282E-1,1.474476010E-1,-4.128685594E-1
3.500331770E0,9.892962575E-1,1.584431678E-1,-4.098142087E-1
3.502330870E0,1.033889413E0,1.547779888E-1,-4.201989174E-1
3.504330070E0,1.033889413E0,1.547779888E-1,-4.201989174E-1
3.506330036E0,1.057102323E0,1.376737505E-1,-4.379140139E-1
3.508330002E0,1.062600136E0,1.199586615E-1,-4.617377818E-1
3.510329968E0,1.061378360E0,1.004109755E-1,-4.715116024E-1
3.512329968E0,1.059545755E0,9.124799818E-2,-4.721224904E-1
3.514330001E0,1.041219831E0,7.353290170E-2,-4.647921026E-1
3.516330034E0,1.007011414E0,4.604396969E-2,-4.574617147E-1
3.518330067E0,9.954048991E-1,2.649627998E-2,-4.556291103E-1
3.520330100E0,9.801332951E-1,-2.115120925E-2,-4.482987225E-1
3.522331000E0,9.666942358E-1,-6.757696718E-2,-4.421900809E-1
3.524331933E0,9.544769526E-1,-7.857254148E-2,-4.391357601E-1
3.526331966E0,9.062185884E-1,-9.750936180E-2,-4.311945140E-1
3.528331999E0,8.549059033E-1,-1.188896447E-1,-4.165337384E-1
3.530331999E0,8.249735236E-1,-1.219439730E-1,-3.994295001E-1
3.532331999E0,7.718282342E-1,-1.091158018E-1,-3.511711657E-1
3.534331999E0,7.290676832E-1,-9.140071273E-2,-3.084105849E-1
3.536331999E0,7.113525867E-1,-9.567677230E-2,-2.906954885E-1
3.538331999E0,6.557638645E-1,-1.158353239E-1,-2.534327209E-1
3.540331999E0,5.671883821E-1,-1.604284793E-1,-2.070069611E-1
3.542331132E0,4.608978331E-1,-1.805870384E-1,-1.416443735E-1
3.544330198E0,4.608978331E-1,-1.805870384E-1,-1.416443735E-1
3.546330164E0,4.260784984E-1,-1.647045463E-1,-1.282053441E-1
3.548330130E0,4.193589985E-1,-1.598176211E-1,-1.263727546E-1
3.550330096E0,3.778201640E-1,-1.824196279E-1,-1.202640980E-1
3.552330062E0,3.552181423E-1,-1.549306959E-1,-1.349248588E-1
3.554330028E0,3.588833213E-1,-1.176679209E-1,-1.587486118E-1
3.556329994E0,3.582724631E-1,-7.307475805E-2,-2.070069611E-1
3.558329960E0,3.521638215E-1,-3.886630014E-2,-2.491566688E-1
3.560329960E0,3.423899710E-1,-1.809688285E-2,-2.717586756E-1
3.562330860E0,3.191770911E-1,8.781188168E-3,-3.181844354E-1
3.564331660E0,2.800817192E-1,1.427897532E-2,-3.505602777E-1
3.566331693E0,2.513710558E-1,8.781188168E-3,-3.603341281E-1
3.568331726E0,1.878410578E-1,-2.825251780E-3,-3.352886736E-1
3.570331759E0,1.322523206E-1,-1.748601720E-2,-2.656500340E-1
3.572331792E0,1.041525230E-1,-2.542726509E-2,-2.222785950E-1
3.574331792E0,4.001167417E-2,-6.207918003E-2,-1.367574632E-1
3.576331792E0,-2.138028387E-3,-1.158353239E-1,-6.284276396E-2
3.578331758E0,-2.474004216E-2,-1.396590620E-1,-3.107776865E-2
3.580331724E0,-7.116580009E-2,-1.903608888E-1,1.595885493E-2
3.582330824E0,-1.408044398E-1,-2.496148050E-1,6.177374721E-2
3.584329924E0,-1.408044398E-1,-2.496148050E-1,6.177374721E-2
3.586329890E0,-1.945605874E-1,-2.813797891E-1,7.765624672E-2
3.588329856E0,-2.428189367E-1,-2.990948856E-1,8.620835841E-2
3.590329456E0,-2.666426897E-1,-3.070361316E-1,8.743008971E-2
3.592329456E0,-3.100140989E-1,-3.143665195E-1,8.987355232E-2
3.594329489E0,-3.399465084E-1,-3.180317283E-1,8.804095536E-2
3.596329522E0,-3.533855379E-1,-3.186425865E-1,8.559749275E-2
3.598329555E0,-3.662137091E-1,-3.198643029E-1,8.071056753E-2
3.600329588E0,-3.717114925E-1,-3.210860491E-1,8.193229884E-2
3.602330488E0,-3.674354553E-1,-3.198643029E-1,8.193229884E-2
3.604331421E0,-3.613267839E-1,-3.149773777E-1,8.254316449E-2
3.606331454E0,-3.491095006E-1,-3.125339448E-1,8.681922406E-2
3.608331454E0,-3.381139040E-1,-3.137556612E-1,8.865182102E-2
3.610331454E0,-3.246748745E-1,-3.131448030E-1,9.231700748E-2
3.612331454E0,-3.008511364E-1,-3.247512281E-1,1.002582610E-1
3.614331454E0,-2.910772860E-1,-3.253620863E-1,1.039234474E-1
3.616331454E0,-2.660318017E-1,-3.278055489E-1,1.088103727E-1
3.618331454E0,-2.422080636E-1,-3.320816159E-1,1.118647009E-1
3.620331454E0,-2.116648108E-1,-3.345250785E-1,1.161407530E-1
3.622330554E0,-1.719585657E-1,-3.326924741E-1,1.179733500E-1
3.624329620E0,-1.719585657E-1,-3.326924741E-1,1.179733500E-1
3.626329586E0,-1.420261711E-1,-3.314707577E-1,1.198059469E-1
3.628329552E0,-1.279762685E-1,-3.290272951E-1,1.210276783E-1
3.630329518E0,-1.004873365E-1,-3.223077655E-1,1.234711409E-1
3.632329484E0,-7.971791178E-2,-3.180317283E-1,1.277471930E-1
3.634329450E0,-6.872233748E-2,-3.143665195E-1,1.326341182E-1
3.636329416E0,-5.161811411E-2,-3.052035570E-1,1.399645060E-1
3.638329416E0,-3.512475267E-2,-2.990948856E-1,1.472948790E-1
3.640329449E0,-2.657263726E-2,-2.966514230E-1,1.509600729E-1
3.642330349E0,-8.246680722E-3,-2.923753858E-1,1.613447815E-1
3.644331249E0,7.024950348E-3,-2.880993187E-1,1.723403633E-1
3.646331282E0,1.313360315E-2,-2.868776023E-1,1.766164154E-1
3.648331315E0,2.657263726E-2,-2.819906771E-1,1.894445866E-1
3.650331748E0,3.207042441E-2,-2.734385431E-1,2.022727579E-1
3.652331781E0,3.512475267E-2,-2.709950805E-1,2.077705413E-1
3.654331781E0,4.367686436E-2,-2.648864388E-1,2.132683247E-1
3.656331747E0,6.139195710E-2,-2.483930737E-1,2.181552500E-1
3.658331713E0,8.460483700E-2,-2.166280895E-1,2.260964960E-1
3.660331679E0,1.041525230E-1,-1.952477992E-1,2.260964960E-1
3.662330779E0,1.139263660E-1,-2.196824104E-1,2.205987126E-1
3.664331879E0,1.139263660E-1,-2.196824104E-1,2.205987126E-1
3.666331845E0,1.127046347E-1,-2.343431860E-1,2.126574665E-1
3.668331845E0,1.163698286E-1,-2.392300963E-1,2.041053474E-1
3.670331845E0,1.157589629E-1,-2.398409694E-1,2.053270787E-1
3.672331845E0,1.243110746E-1,-2.441170216E-1,1.986075640E-1
3.674331845E0,1.255328059E-1,-2.459496260E-1,2.010510266E-1
3.676331845E0,1.279762685E-1,-2.459496260E-1,1.979966909E-1
3.678331845E0,1.243110746E-1,-2.502256632E-1,1.967749745E-1
3.680331845E0,1.212567538E-1,-2.551125884E-1,1.967749745E-1
3.682332711E0,1.182024255E-1,-2.538908720E-1,1.998292953E-1
3.684333611E0,1.114829108E-1,-2.569451928E-1,1.986075640E-1
3.686333644E0,1.114829108E-1,-2.532800138E-1,1.998292953E-1
3.688333677E0,1.078177169E-1,-2.471713424E-1,1.986075640E-1
3.690333710E0,1.041525230E-1,-2.318997234E-1,1.979966909E-1
3.692333743E0,9.865473956E-2,-2.074651122E-1,1.924989074E-1
3.694333776E0,9.621127695E-2,-1.952477992E-1,1.918880492E-1
3.696333809E0,9.010262042E-2,-1.671480089E-1,1.870011240E-1
3.698333842E0,8.704829961E-2,-1.414916664E-1,1.851685345E-1
3.700333842E0,8.888089657E-2,-1.311069578E-1,1.839468032E-1
3.702332942E0,8.399397135E-2,-9.750936180E-2,1.808924675E-1
3.704332008E0,8.093964309E-2,-8.895725012E-2,1.802816093E-1
3.706331974E0,8.460483700E-2,-7.918340713E-2,1.815033406E-1
3.708331940E0,7.727445662E-2,-5.780312419E-2,1.808924675E-1
3.710331906E0,7.177666575E-2,-4.253149405E-2,1.766164154E-1
3.712331872E0,7.544185966E-2,-3.642284125E-2,1.705077589E-1
3.714331838E0,7.238753140E-2,-2.054034360E-2,1.650099754E-1
3.716331838E0,7.116580009E-2,-5.268712528E-3,1.564578563E-1
3.718331871E0,7.299839705E-2,-1.603521290E-3,1.527926624E-1
3.720331904E0,7.238753140E-2,7.559457328E-3,1.424079537E-1
3.722332804E0,7.483099401E-2,1.244637929E-2,1.362993121E-1
3.724331704E0,7.422012836E-2,1.244637929E-2,1.301906556E-1
3.726331737E0,7.727445662E-2,1.183551457E-2,1.271363348E-1
3.728331770E0,8.032877743E-2,9.392052889E-3,1.179733500E-1
3.730331803E0,7.910704613E-2,6.948592141E-3,1.124755666E-1
3.732331836E0,8.155050874E-2,8.399396902E-4,1.002582610E-1
3.734331836E0,9.071348608E-2,-3.436116967E-3,9.231700748E-2
3.736331836E0,9.804387391E-2,2.672535367E-3,8.926268667E-2
3.738331836E0,9.987647086E-2,5.726861767E-3,7.765624672E-2
3.740331836E0,1.139263660E-1,1.061378326E-2,6.604980677E-2
3.742330969E0,1.285871267E-1,1.122464892E-2,4.711298272E-2
3.744330069E0,1.285871267E-1,1.122464892E-2,4.711298272E-2
3.746330035E0,1.340849251E-1,1.061378326E-2,4.344778880E-2
3.748330001E0,1.395827085E-1,2.061670180E-3,4.528038576E-2
3.750329967E0,1.438587606E-1,-1.603521290E-3,4.833471403E-2
3.752329933E0,1.432479024E-1,-1.382082608E-2,5.383250117E-2
3.754329899E0,1.487456858E-1,-3.092505224E-2,5.810855702E-2
3.756329865E0,1.554652005E-1,-4.069889709E-2,6.177374721E-2
3.758329831E0,1.518000066E-1,-5.352706835E-2,6.727153808E-2
3.760329797E0,1.542434692E-1,-6.330090761E-2,7.399105281E-2
3.762330663E0,1.505782902E-1,-6.818783283E-2,7.765624672E-2
3.764331596E0,1.420261711E-1,-7.979427278E-2,8.620835841E-2
3.766331629E0,1.395827085E-1,-8.284860104E-2,9.353873879E-2
3.768331662E0,1.377501190E-1,-8.651378751E-2,9.476047009E-2
3.770331695E0,1.426370293E-1,-9.567677230E-2,1.008691266E-1
3.772331728E0,1.395827085E-1,-1.066723466E-1,1.124755666E-1
3.774331761E0,1.395827085E-1,-1.072832122E-1,1.161407530E-1
3.776331794E0,1.371392459E-1,-1.072832122E-1,1.246928647E-1
3.778331794E0,1.359175146E-1,-1.023962870E-1,1.289689243E-1
3.780331760E0,1.377501190E-1,-9.628763795E-2,1.289689243E-1
3.782330860E0,1.493565589E-1,-7.612907887E-2,1.149190217E-1
3.784329926E0,1.548543423E-1,-6.574437022E-2,1.039234474E-1
3.786329892E0,1.585195363E-1,-5.963572115E-2,9.292787313E-2
3.788329858E0,1.737911552E-1,-4.619668424E-2,7.154759020E-2
3.790329824E0,1.915062517E-1,-3.397937864E-2,5.138903856E-2
3.792329790E0,2.043344229E-1,-2.909245715E-2,4.161519557E-2
3.794329790E0,2.232712507E-1,-2.115120925E-2,2.634356357E-2
3.796329823E0,2.458732575E-1,-1.565342210E-2,1.473712362E-2
3.798329856E0,2.544253767E-1,-1.259909570E-2,6.185010541E-3
3.800329889E0,2.678644061E-1,5.726861767E-3,-1.153008174E-2
3.802330789E0,2.800817192E-1,2.588541433E-2,-3.413209692E-2
3.804331722E0,2.874121070E-1,3.810271993E-2,-4.757113010E-2
3.806331755E0,2.868012190E-1,6.375905871E-2,-7.506006956E-2
3.808331788E0,2.874121070E-1,9.308059514E-2,-1.068250611E-1
3.810331821E0,2.855795026E-1,1.077413559E-1,-1.202640980E-1
3.812331821E0,2.696970105E-1,1.346194297E-1,-1.434769779E-1
3.814331821E0,2.538145185E-1,1.645518243E-1,-1.587486118E-1
3.816331821E0,2.483167201E-1,1.773799956E-1,-1.673007160E-1
3.818331821E0,2.385428846E-1,2.005928755E-1,-1.825723499E-1
3.820331821E0,2.299907655E-1,2.201405615E-1,-1.990657151E-1
3.822330954E0,2.141082734E-1,2.445751727E-1,-2.149482071E-1
3.824330020E0,2.141082734E-1,2.445751727E-1,-2.149482071E-1
3.826329986E0,2.031126916E-1,2.537381649E-1,-2.235003263E-1
3.828329952E0,1.951714456E-1,2.567924857E-1,-2.271655202E-1
3.830329918E0,1.860084683E-1,2.586250603E-1,-2.314415723E-1
3.832329884E0,1.744020283E-1,2.574033439E-1,-2.296089679E-1
3.834329850E0,1.689042449E-1,2.561815977E-1,-2.296089679E-1
3.836329816E0,1.640173197E-1,2.512947023E-1,-2.308306992E-1
3.838329549E0,1.646281779E-1,2.415208519E-1,-2.314415723E-1
3.840329549E0,1.585195363E-1,2.354121953E-1,-2.326633036E-1
3.842330415E0,1.548543423E-1,2.213622928E-1,-2.277763784E-1
3.844331348E0,1.487456858E-1,2.103667259E-1,-2.253329158E-1
3.846331381E0,1.450804919E-1,2.042580694E-1,-2.204459906E-1
3.848331414E0,1.395827085E-1,1.895972937E-1,-2.155590802E-1
3.850331447E0,1.353066564E-1,1.749365330E-1,-2.106721550E-1
3.852331480E0,1.322523206E-1,1.682170182E-1,-2.088395506E-1
3.854331513E0,1.267545372E-1,1.566105783E-1,-2.039526403E-1
3.856331113E0,1.157589629E-1,1.425606757E-1,-1.978439838E-1
3.858331079E0,1.188132912E-1,1.291216463E-1,-1.947896481E-1
3.860331045E0,1.267545372E-1,1.162934676E-1,-1.886810064E-1
3.862330145E0,1.212567538E-1,8.575020730E-2,-1.752419621E-1
3.864329245E0,1.212567538E-1,8.575020730E-2,-1.752419621E-1
3.866329211E0,1.273654103E-1,5.765040591E-2,-1.654681265E-1
3.868329177E0,1.316414624E-1,3.260493279E-2,-1.581377387E-1
3.870329143E0,1.285871267E-1,3.283400787E-3,-1.459204406E-1
3.872329143E0,1.273654103E-1,-7.712173741E-3,-1.398117840E-1
3.874329176E0,1.249219403E-1,-2.725986205E-2,-1.269836128E-1
3.876329209E0,1.243110746E-1,-3.947716579E-2,-1.141554415E-1
3.878329242E0,1.243110746E-1,-4.619668424E-2,-1.068250611E-1
3.880329275E0,1.267545372E-1,-4.619668424E-2,-9.705121815E-2
3.882330175E0,1.291979998E-1,-3.886630014E-2,-8.727737516E-2
3.884331108E0,1.346957833E-1,-3.397937864E-2,-8.483391255E-2
3.886331141E0,1.383609772E-1,-2.603813075E-2,-8.300131559E-2
3.888331174E0,1.408044398E-1,-1.626428775E-2,-7.994698733E-2
3.890331174E0,1.426370293E-1,-1.504255645E-2,-7.933612168E-2
3.892331174E0,1.524108797E-1,-8.933904581E-3,-7.689265907E-2
3.894331174E0,1.560760736E-1,-4.657847341E-3,-7.689265907E-2
3.896331174E0,1.627955884E-1,-5.268712528E-3,-7.750352472E-2
3.898331407E0,1.707368344E-1,-4.046982154E-3,-7.383833826E-2
3.900331407E0,1.786780804E-1,-4.657847341E-3,-7.567093521E-2
3.902330540E0,2.000583708E-1,-7.101308554E-3,-7.689265907E-2
3.904329706E0,2.000583708E-1,-7.101308554E-3,-7.689265907E-2
3.906329672E0,2.134974003E-1,-1.259909570E-2,-7.689265907E-2
3.908329638E0,2.287690341E-1,-1.382082608E-2,-7.628180087E-2
3.910329604E0,2.483167201E-1,-2.176207490E-2,-7.750352472E-2
3.912329570E0,2.690861523E-1,-3.214678168E-2,-7.811439037E-2
3.914329536E0,2.819143236E-1,-3.642284125E-2,-8.055785298E-2
3.916329902E0,3.057380617E-1,-4.558581859E-2,-8.422304690E-2
3.918329902E0,3.338378668E-1,-5.230533704E-2,-8.849909902E-2
3.920329902E0,3.466660380E-1,-5.597052723E-2,-9.033169597E-2
3.922330802E0,3.692680299E-1,-6.207918003E-2,-9.521862119E-2
3.924331702E0,3.906483352E-1,-6.879869848E-2,-1.013272703E-1
3.926331735E0,4.034765065E-1,-6.635523587E-2,-1.049924642E-1
3.928331768E0,4.285219610E-1,-7.063129544E-2,-1.159880385E-1
3.930331801E0,4.596760869E-1,-6.757696718E-2,-1.294270754E-1
3.932331834E0,4.682282209E-1,-6.696610153E-2,-1.349248588E-1
3.934331834E0,4.938845634E-1,-6.085744873E-2,-1.465312988E-1
3.936331800E0,5.177083015E-1,-4.986187443E-2,-1.611920595E-1
3.938331766E0,5.317581892E-1,-4.130976275E-2,-1.666898578E-1
3.940331732E0,5.531384945E-1,-2.298380435E-2,-1.801288873E-1
3.942330832E0,5.916230083E-1,3.283400787E-3,-1.905135959E-1
3.944329898E0,5.916230083E-1,3.283400787E-3,-1.905135959E-1
3.946329864E0,6.117815375E-1,1.794416644E-2,-1.947896481E-1
3.948329830E0,6.282749176E-1,2.771801129E-2,-2.008983046E-1
3.950329830E0,6.362161636E-1,2.955060638E-2,-2.070069611E-1
3.952329863E0,6.478226185E-1,2.893974073E-2,-2.143373489E-1
3.954329896E0,6.637051105E-1,2.405281924E-2,-2.253329158E-1
3.956329929E0,6.716463566E-1,2.099849284E-2,-2.320524305E-1
3.958329762E0,6.728680730E-1,1.733330078E-2,-2.448806018E-1
3.960329795E0,6.814202070E-1,1.672243699E-2,-2.589305043E-1
3.962330695E0,6.856962442E-1,2.160935849E-2,-2.662608922E-1
3.964331528E0,6.887505651E-1,3.443752974E-2,-2.772564590E-1
3.966331561E0,7.082982659E-1,6.864598393E-2,-2.943606973E-1
3.968331561E0,7.272350788E-1,9.857837856E-2,-2.986367345E-1
3.970331561E0,7.919867635E-1,2.335795909E-1,-2.906954885E-1
3.972331561E0,8.213083148E-1,2.702315152E-1,-2.931389511E-1
3.974331561E0,8.200865984E-1,2.757292986E-1,-2.986367345E-1
3.976331561E0,8.194757104E-1,2.763401568E-1,-3.139083683E-1
3.978331561E0,8.048149347E-1,2.952769995E-1,-3.279582858E-1
3.980331561E0,7.907650471E-1,3.258202374E-1,-3.249039650E-1
3.982330661E0,7.663304210E-1,3.649156392E-1,-3.096323311E-1
3.984330127E0,7.663304210E-1,3.649156392E-1,-3.096323311E-1
3.986330093E0,7.528914213E-1,3.795763850E-1,-2.882520258E-1
3.988330059E0,7.394523621E-1,3.869067729E-1,-2.772564590E-1
3.990330025E0,7.131851912E-1,4.052327275E-1,-2.540435791E-1
3.992329991E0,6.826419234E-1,4.260021448E-1,-2.271655202E-1
3.994329957E0,6.618725061E-1,4.357759953E-1,-2.137264758E-1
3.996329957E0,6.239988208E-1,4.528802335E-1,-1.789071560E-1
3.998329957E0,5.818491578E-1,4.644866586E-1,-1.343140006E-1
4.000329990E0,5.616905689E-1,4.687627256E-1,-1.159880385E-1
4.002330890E0,5.103778839E-1,4.602105916E-1,-7.628180087E-2
4.004331823E0,4.602869749E-1,4.455498457E-1,-4.085161164E-2
4.006331856E0,4.407392740E-1,4.431063831E-1,-2.069306001E-2
4.008331889E0,3.888157308E-1,4.357759953E-1,2.878702432E-2
4.010331922E0,3.277291954E-1,4.131739736E-1,6.849326193E-2
4.012331922E0,2.977968156E-1,4.082870483E-1,8.865182102E-2
4.014331888E0,2.367102802E-1,3.905719519E-1,1.344667077E-1
4.016331854E0,1.798998117E-1,3.838524520E-1,1.717294902E-1
4.018332020E0,1.499674171E-1,3.777438104E-1,1.967749745E-1
4.020331986E0,8.277224004E-2,3.526983261E-1,2.401463985E-1
4.022331086E0,-1.557706390E-2,3.349832296E-1,3.012329340E-1
4.024330152E0,-1.557706390E-2,3.349832296E-1,3.012329340E-1
4.026330118E0,-8.643743396E-2,3.313180506E-1,3.507130146E-1
4.028330118E0,-1.566869318E-1,3.319289088E-1,4.026365578E-1
4.030330151E0,-1.798998117E-1,3.227659166E-1,4.295146167E-1
4.032330184E0,-2.550362349E-1,2.885574698E-1,4.930446148E-1
4.034330217E0,-3.228422701E-1,2.476294935E-1,5.498550534E-1
4.036330250E0,-3.515529633E-1,2.280818075E-1,5.755113959E-1
4.038330283E0,-4.046982229E-1,1.828777790E-1,6.237697601E-1
4.040330316E0,-4.517348409E-1,1.382846236E-1,6.732498407E-1
4.042331216E0,-4.755585790E-1,1.150717437E-1,6.927975416E-1
4.044331749E0,-5.115996599E-1,6.620252132E-2,7.294494510E-1
4.046331749E0,-5.396994352E-1,1.916589774E-2,7.551057935E-1
4.048331749E0,-5.488623977E-1,-4.046982154E-3,7.661013603E-1
4.050331749E0,-5.592471361E-1,-4.558581859E-2,7.758752108E-1
4.052331749E0,-5.568036437E-1,-8.101600409E-2,7.740426064E-1
4.054331749E0,-5.574145317E-1,-9.689849615E-2,7.673230767E-1
4.056331749E0,-5.348125100E-1,-1.231657043E-1,7.496080399E-1
4.058331749E0,-5.109887719E-1,-1.439351290E-1,7.208973765E-1
4.060331715E0,-4.944954216E-1,-1.506546438E-1,7.019605041E-1
4.062330815E0,-4.230241776E-1,-1.445459872E-1,6.335436106E-1
4.064329881E0,-3.992004395E-1,-1.372155994E-1,6.091089845E-1
4.066329847E0,-3.680463135E-1,-1.311069578E-1,5.810092092E-1
4.068329813E0,-3.100140989E-1,-1.225548387E-1,5.241987109E-1
4.070329779E0,-2.422080636E-1,-1.127809957E-1,4.600578845E-1
4.072329745E0,-2.067778856E-1,-1.091158018E-1,4.325689375E-1
4.074329745E0,-1.499674171E-1,-1.011745557E-1,3.788128197E-1
4.076329745E0,-9.926560521E-2,-9.445504099E-2,3.384957016E-1
4.078329778E0,-8.582656831E-2,-9.140071273E-2,3.262783885E-1
4.080329811E0,-6.811147183E-2,-9.017898142E-2,3.091741800E-1
4.082330711E0,-6.505715102E-2,-9.689849615E-2,3.079524338E-1
4.084331644E0,-6.933320314E-2,-1.054506153E-1,3.091741800E-1
4.086331677E0,-7.971791178E-2,-1.213331074E-1,3.165045679E-1
4.088331710E0,-9.498954564E-2,-1.335504204E-1,3.250566721E-1
4.090331710E0,-1.065959856E-1,-1.366047412E-1,3.287218511E-1
4.092331710E0,-1.328631938E-1,-1.427133977E-1,3.336087763E-1
4.094331676E0,-1.603521258E-1,-1.463785917E-1,3.342196345E-1
4.096331642E0,-1.970040351E-1,-1.494329125E-1,3.348305225E-1
4.098331608E0,-2.086104751E-1,-1.500437707E-1,3.323870599E-1
4.100331574E0,-2.391537428E-1,-1.512655020E-1,3.305544555E-1
4.102330674E0,-2.813034356E-1,-1.439351290E-1,3.311653137E-1
4.104330140E0,-2.813034356E-1,-1.439351290E-1,3.311653137E-1
4.106330140E0,-3.094032407E-1,-1.439351290E-1,3.268892765E-1
4.108330173E0,-3.295617998E-1,-1.408807933E-1,3.226132095E-1
4.110330206E0,-3.436116874E-1,-1.384373307E-1,3.177262843E-1
4.112330239E0,-3.588833213E-1,-1.329395473E-1,3.152828217E-1
4.114330272E0,-3.747658134E-1,-1.359938681E-1,3.134502172E-1
4.116330305E0,-3.747658134E-1,-1.359938681E-1,3.152828217E-1
4.118330338E0,-3.802636266E-1,-1.396590620E-1,3.177262843E-1
4.120330371E0,-3.784310222E-1,-1.451568604E-1,3.165045679E-1
4.122331271E0,-3.772092760E-1,-1.488220394E-1,3.171154261E-1
4.124332171E0,-3.680463135E-1,-1.585958898E-1,3.171154261E-1
4.126332171E0,-3.509420753E-1,-1.683697402E-1,3.158936799E-1
4.128332171E0,-3.423899710E-1,-1.732566506E-1,3.158936799E-1
4.130332171E0,-3.173444867E-1,-1.854739636E-1,3.171154261E-1
4.132332171E0,-2.868012190E-1,-2.019673288E-1,3.238349259E-1
4.134332171E0,-2.794708610E-1,-2.092977017E-1,3.256675303E-1
4.136332171E0,-2.501493096E-1,-2.221258730E-1,3.342196345E-1
4.138332137E0,-2.196060568E-1,-2.392300963E-1,3.433826268E-1
4.140332103E0,-2.110539377E-1,-2.496148050E-1,3.464369476E-1
4.142331203E0,-1.798998117E-1,-2.716059685E-1,3.696498275E-1
4.144332303E0,-1.823432744E-1,-2.801580727E-1,3.769802153E-1
4.146332269E0,-1.841758788E-1,-2.850449979E-1,3.843106031E-1
4.148332235E0,-1.768454909E-1,-2.826015353E-1,3.812562823E-1
4.150332201E0,-1.603521258E-1,-2.593886554E-1,3.580434024E-1
4.152332167E0,-1.426370293E-1,-2.380083650E-1,3.501021564E-1
4.154332167E0,-1.194241568E-1,-1.903608888E-1,3.262783885E-1
4.156332200E0,-1.029307917E-1,-1.518763751E-1,3.195588887E-1
4.158332233E0,-9.437867999E-2,-1.396590620E-1,3.201697469E-1
4.160332266E0,-9.376781434E-2,-1.237765700E-1,3.250566721E-1
4.162333166E0,-9.804387391E-2,-1.268308908E-1,3.329979181E-1
4.164333699E0,-1.029307917E-1,-1.304960847E-1,3.372739851E-1
4.166333732E0,-1.096503139E-1,-1.488220394E-1,3.488804102E-1
4.168333732E0,-1.194241568E-1,-1.659262776E-1,3.702606857E-1
4.170333732E0,-1.298088580E-1,-1.787544489E-1,3.836997449E-1
4.172333698E0,-1.450804919E-1,-1.958586723E-1,4.081343412E-1
4.174333664E0,-1.634064466E-1,-2.147954851E-1,4.368450046E-1
4.176333630E0,-1.719585657E-1,-2.209041417E-1,4.527274966E-1
4.178333596E0,-1.945605874E-1,-2.349540442E-1,4.771621227E-1
4.180333562E0,-2.134974003E-1,-2.465604842E-1,4.948772192E-1
4.182332662E0,-2.318233550E-1,-2.630538344E-1,5.052618980E-1
4.184331762E0,-2.318233550E-1,-2.630538344E-1,5.052618980E-1
4.186331795E0,-2.360994220E-1,-2.630538344E-1,5.077053905E-1
4.188331828E0,-2.397646159E-1,-2.624429762E-1,5.070945024E-1
4.190331861E0,-2.477058619E-1,-2.606103718E-1,4.973206818E-1
4.192331894E0,-2.470949888E-1,-2.447278947E-1,4.893794060E-1
4.194331927E0,-2.440406680E-1,-2.373975068E-1,4.851033688E-1
4.196331960E0,-2.360994220E-1,-2.282345295E-1,4.789946973E-1
4.198331993E0,-2.251038402E-1,-2.209041417E-1,4.649448097E-1
4.200332026E0,-2.183843255E-1,-2.178498209E-1,4.606687427E-1
4.202332892E0,-1.982257664E-1,-2.141846269E-1,4.447862506E-1
4.204331758E0,-1.835650057E-1,-2.105194330E-1,4.331798255E-1
4.206331758E0,-1.695151031E-1,-2.129628956E-1,4.252385795E-1
4.208331758E0,-1.536326110E-1,-2.123520374E-1,4.099669456E-1
4.210331758E0,-1.322523206E-1,-2.190715522E-1,3.898083866E-1
4.212331758E0,-1.169806942E-1,-2.178498209E-1,3.788128197E-1
4.214331758E0,-9.682214260E-2,-2.166280895E-1,3.610977232E-1
4.216331724E0,-7.360926270E-2,-2.245693356E-1,3.482695520E-1
4.218331690E0,-5.039638281E-2,-2.288453877E-1,3.299435973E-1
4.220331656E0,-3.695734590E-2,-2.294562608E-1,3.165045679E-1
4.222330756E0,-3.054326226E-4,-2.239584774E-1,2.835178375E-1
4.224329856E0,-3.054326226E-4,-2.239584774E-1,2.835178375E-1
4.226329822E0,2.535090782E-2,-2.233476043E-1,2.609158158E-1
4.228329788E0,5.467243865E-2,-2.190715522E-1,2.395355403E-1
4.230329754E0,7.544185966E-2,-2.123520374E-1,2.126574665E-1
4.232329754E0,8.949175477E-2,-2.074651122E-1,2.010510266E-1
4.234329787E0,1.090394482E-1,-1.964695305E-1,1.753946841E-1
4.236329820E0,1.383609772E-1,-1.811978966E-1,1.521818042E-1
4.238329853E0,1.475239545E-1,-1.763109863E-1,1.375210434E-1
4.240329886E0,1.756237596E-1,-1.543198377E-1,1.130864322E-1
4.242330786E0,1.927279830E-1,-1.286634952E-1,8.743008971E-2
4.244331719E0,2.098322064E-1,-1.188896447E-1,7.643451542E-2
4.246331719E0,2.360994220E-1,-9.628763795E-2,4.466952011E-2
4.248331719E0,2.587014437E-1,-7.735081017E-2,1.229366288E-2
4.250331685E0,2.654209435E-1,-6.574437022E-2,-6.032294128E-3
4.252331651E0,2.904664278E-1,-4.802928120E-2,-4.024074972E-2
4.254331617E0,3.338378668E-1,-2.848159149E-2,-7.811439037E-2
4.256331583E0,3.509420753E-1,-1.443169173E-2,-1.037707329E-1
4.258331549E0,3.729332387E-1,1.550070569E-2,-1.550834179E-1
4.260331515E0,3.985895813E-1,4.726569727E-2,-2.131156176E-1
4.262330648E0,4.413501322E-1,1.004109755E-1,-3.016910851E-1
4.264329781E0,4.413501322E-1,1.004109755E-1,-3.016910851E-1
4.266329814E0,4.596760869E-1,1.413389444E-1,-3.615558743E-1
4.268329847E0,4.651738703E-1,1.639409661E-1,-3.939317167E-1
4.270329880E0,4.810563922E-1,2.097558528E-1,-4.519639313E-1
4.272329913E0,4.926628172E-1,2.555707395E-1,-5.118287206E-1
4.274329946E0,4.987714589E-1,2.806162238E-1,-5.399284959E-1
4.276329979E0,5.109887719E-1,3.313180506E-1,-5.906303525E-1
4.278330012E0,5.012149215E-1,3.869067729E-1,-6.285039783E-1
4.280330012E0,4.981606007E-1,4.131739736E-1,-6.431647539E-1
4.282330878E0,4.743368626E-1,4.632649422E-1,-6.608798504E-1
4.284331744E0,4.334088862E-1,5.084689856E-1,-6.853144765E-1
4.286331744E0,4.163046777E-1,5.341253281E-1,-6.926448345E-1
4.288331744E0,3.472768962E-1,5.817728043E-1,-7.054730058E-1
4.290331744E0,3.136793077E-1,6.233116388E-1,-7.158576846E-1
4.292331744E0,3.032945991E-1,6.428593397E-1,-7.213554978E-1
4.294331710E0,3.002402782E-1,6.862307191E-1,-7.482335567E-1
4.296331676E0,3.057380617E-1,7.173848748E-1,-7.598400116E-1
4.298331642E0,3.112358451E-1,7.302130461E-1,-7.598400116E-1
4.300333075E0,3.106249869E-1,7.399868965E-1,-7.573965192E-1
4.302332175E0,3.142901659E-1,7.485389709E-1,-7.402923107E-1
4.304331441E0,3.142901659E-1,7.485389709E-1,-7.402923107E-1
4.306331407E0,3.149010241E-1,7.583128214E-1,-7.225772142E-1
4.308331373E0,3.216205537E-1,7.613671422E-1,-7.079164386E-1
4.310331373E0,3.252857327E-1,7.564802766E-1,-6.993643641E-1
4.312331406E0,3.142901659E-1,7.418195009E-1,-6.785949469E-1
4.314331439E0,3.039054573E-1,7.265478373E-1,-6.645449996E-1
4.316331472E0,3.014619946E-1,7.179957628E-1,-6.578255296E-1
4.318331505E0,2.947424948E-1,6.996697783E-1,-6.468299627E-1
4.320331538E0,2.935207486E-1,6.764569283E-1,-6.376669407E-1
4.322332438E0,2.935207486E-1,6.709591150E-1,-6.346126199E-1
4.324333338E0,2.874121070E-1,6.532440186E-1,-6.266713738E-1
4.326333338E0,2.745839357E-1,6.422484517E-1,-6.217844486E-1
4.328333304E0,2.831360400E-1,6.373615265E-1,-6.175084114E-1
4.330333270E0,2.733621895E-1,6.343072057E-1,-6.138432026E-1
4.332333236E0,2.892446816E-1,6.239224672E-1,-6.089562774E-1
4.334333202E0,2.855795026E-1,6.208681464E-1,-6.083454490E-1
4.336333168E0,2.849686444E-1,6.123160720E-1,-6.028476357E-1
4.338333134E0,2.880229652E-1,5.946009755E-1,-5.906303525E-1
4.340333134E0,2.886338234E-1,5.829945207E-1,-5.729152560E-1
4.342332267E0,3.094032407E-1,5.555055737E-1,-5.380959511E-1
4.344331400E0,3.094032407E-1,5.555055737E-1,-5.380959511E-1
4.346331433E0,2.984076738E-1,5.359578729E-1,-5.093852282E-1
4.348331466E0,3.032945991E-1,5.267949104E-1,-4.983896911E-1
4.350331499E0,2.984076738E-1,5.054146051E-1,-4.721224904E-1
4.352331532E0,2.935207486E-1,4.895321429E-1,-4.476878643E-1
4.354331565E0,2.849686444E-1,4.797582924E-1,-4.391357601E-1
4.356331598E0,2.800817192E-1,4.595997334E-1,-4.250858426E-1
4.358331598E0,2.733621895E-1,4.424955249E-1,-4.122576714E-1
4.360330131E0,2.635883391E-1,4.357759953E-1,-4.043164253E-1
4.362330997E0,2.599231601E-1,4.211152196E-1,-3.945426047E-1
4.364331697E0,2.519819140E-1,4.143957198E-1,-3.811035454E-1
4.366331697E0,2.495384514E-1,4.082870483E-1,-3.762166202E-1
4.368331697E0,2.269364446E-1,3.979023397E-1,-3.615558743E-1
4.370331697E0,2.153300047E-1,3.850741684E-1,-3.481168449E-1
4.372331663E0,2.171625942E-1,3.777438104E-1,-3.426190317E-1
4.374331629E0,1.890627891E-1,3.661373556E-1,-3.310126066E-1
4.376331595E0,1.860084683E-1,3.539200425E-1,-3.157409728E-1
4.378331561E0,1.786780804E-1,3.472005427E-1,-3.071888685E-1
4.380331527E0,1.627955884E-1,3.325397670E-1,-2.906954885E-1
4.382330627E0,1.450804919E-1,3.062725663E-1,-2.638174295E-1
4.384329727E0,1.450804919E-1,3.062725663E-1,-2.638174295E-1
4.386329693E0,1.475239545E-1,2.842814028E-1,-2.467132062E-1
4.388329693E0,1.383609772E-1,2.592359483E-1,-2.235003263E-1
4.390329726E0,1.255328059E-1,2.427425832E-1,-2.112830132E-1
4.392329759E0,1.175915599E-1,2.134210467E-1,-1.874592751E-1
4.394329792E0,1.102611795E-1,1.810451895E-1,-1.654681265E-1
4.396329825E0,1.102611795E-1,1.700496078E-1,-1.526399553E-1
4.398329858E0,1.096503139E-1,1.370628923E-1,-1.257618815E-1
4.400329891E0,1.017090604E-1,1.101848185E-1,-1.019381359E-1
4.402330791E0,9.498954564E-2,9.918924421E-2,-8.972083032E-2
4.404331691E0,9.254608303E-2,7.475463301E-2,-6.650795043E-2
4.406331657E0,8.643743396E-2,5.154175684E-2,-4.024074972E-2
4.408331623E0,7.849618047E-2,4.237877578E-2,-2.802344225E-2
4.410331589E0,7.605272532E-2,2.283108793E-2,-4.810563754E-3
4.412331555E0,8.460483700E-2,1.000291854E-2,1.473712362E-2
4.414331521E0,8.216137439E-2,2.061670180E-3,2.512183413E-2
4.416331487E0,9.376781434E-2,-1.015563495E-2,4.100432992E-2
4.418331087E0,9.621127695E-2,-2.176207490E-2,5.994115397E-2
4.420331087E0,1.029307917E-1,-2.298380435E-2,6.849326193E-2
4.422330253E0,1.108720452E-1,-2.359467000E-2,8.987355232E-2
4.424329386E0,1.163698286E-1,-2.359467000E-2,9.659306705E-2
4.426329419E0,1.273654103E-1,-1.992947794E-2,1.057560444E-1
4.428329452E0,1.261436790E-1,-1.626428775E-2,1.179733500E-1
4.430329485E0,1.334740520E-1,-1.565342210E-2,1.301906556E-1
4.432329518E0,1.444696337E-1,-1.748601720E-2,1.362993121E-1
4.434329551E0,1.542434692E-1,-1.992947794E-2,1.534035355E-1
4.436329551E0,1.719585657E-1,-2.481640130E-2,1.607339233E-1
4.438329551E0,1.750128865E-1,-2.725986205E-2,1.680642962E-1
4.440329551E0,1.902845204E-1,-3.275764734E-2,1.772272736E-1
4.442330417E0,2.067778856E-1,-3.947716579E-2,1.894445866E-1
4.444331283E0,2.104430795E-1,-4.497495294E-2,1.924989074E-1
4.446331283E0,2.257147133E-1,-5.047274008E-2,2.010510266E-1
4.448331283E0,2.409863323E-1,-5.780312419E-2,2.065488100E-1
4.450331249E0,2.477058619E-1,-6.146831438E-2,2.096031308E-1
4.452331215E0,2.672535479E-1,-6.207918003E-2,2.151009291E-1
4.454331181E0,2.861903608E-1,-5.841398984E-2,2.199878395E-1
4.456331147E0,3.032945991E-1,-5.841398984E-2,2.230421752E-1
4.458331113E0,3.155119121E-1,-5.108360574E-2,2.328160107E-1
4.460331079E0,3.399465084E-1,-4.680754989E-2,2.419789881E-1
4.462330179E0,3.765984178E-1,-3.825543448E-2,2.578614950E-1
4.464329245E0,3.765984178E-1,-3.825543448E-2,2.578614950E-1
4.466329245E0,4.071416855E-1,-2.848159149E-2,2.694679201E-1
4.468329278E0,4.254676402E-1,-1.870774850E-2,2.853504419E-1
4.470329311E0,4.413501322E-1,-1.443169173E-2,2.939025462E-1
4.472329344E0,4.645630121E-1,-6.490443368E-3,3.140611053E-1
4.474329377E0,4.951062799E-1,-1.198823005E-2,3.360522389E-1
4.476329410E0,5.085453391E-1,-1.320996135E-2,3.458260894E-1
4.478329843E0,5.372560024E-1,-2.237293869E-2,3.690389693E-1
4.480329876E0,5.647448897E-1,-2.542726509E-2,3.959170282E-1
4.482330742E0,5.800165534E-1,-2.664899640E-2,4.124104083E-1
4.484331608E0,6.099489331E-1,-4.192062840E-2,4.453971088E-1
4.486331574E0,6.374378800E-1,-5.719225854E-2,4.789946973E-1
4.488331540E0,6.520986557E-1,-7.002042979E-2,5.003749728E-1
4.490331506E0,6.838636398E-1,-9.445504099E-2,5.413029790E-1
4.492331472E0,7.064656615E-1,-1.231657043E-1,5.846744180E-1
4.494331438E0,7.180721164E-1,-1.433242559E-1,6.103307605E-1
4.496331438E0,7.431175709E-1,-1.793653071E-1,6.610325575E-1
4.498331438E0,7.614435554E-1,-2.166280895E-1,7.135669589E-1
4.500331438E0,7.767151594E-1,-2.349540442E-1,7.434993386E-1
4.502330571E0,8.060367107E-1,-2.856558561E-1,8.277987838E-1
4.504329671E0,8.078693151E-1,-3.009274900E-1,8.546768427E-1
4.506329671E0,8.158105612E-1,-3.161991239E-1,8.839983940E-1
4.508329671E0,8.206974864E-1,-3.430771828E-1,9.353110194E-1
4.510329671E0,8.243626356E-1,-3.723987341E-1,9.847911596E-1
4.512329671E0,8.213083148E-1,-3.827834427E-1,1.009836555E0
4.514329704E0,8.090910316E-1,-4.157701433E-1,1.050153732E0
4.516329737E0,7.968736887E-1,-4.365395904E-1,1.080086112E0
4.518329770E0,7.932085395E-1,-4.469242990E-1,1.094136000E0
4.520329803E0,7.773260474E-1,-4.585307240E-1,1.109407663E0
4.522330703E0,7.602217793E-1,-4.463134110E-1,1.119792342E0
4.524331636E0,7.473936081E-1,-4.444808364E-1,1.116127133E0
4.526331669E0,7.192938328E-1,-4.457025528E-1,1.093525171E0
4.528331669E0,7.064656615E-1,-4.059963226E-1,1.062981844E0
4.530331635E0,7.064656615E-1,-3.785073757E-1,1.044655919E0
4.532331601E0,7.058547735E-1,-3.247512281E-1,1.002506256E0
4.534331567E0,6.948592067E-1,-2.783254683E-1,9.499717951E-1
4.536331533E0,6.899722815E-1,-2.545017302E-1,9.188176990E-1
4.538331499E0,6.704245806E-1,-1.799761802E-1,8.595637679E-1
4.540331465E0,6.221662760E-1,-7.002042979E-2,7.966446280E-1
4.542330565E0,6.148358583E-1,5.032002553E-2,7.147886753E-1
4.544329665E0,6.148358583E-1,5.032002553E-2,7.147886753E-1
4.546329698E0,6.539312601E-1,6.742425263E-2,6.726390123E-1
4.548329731E0,6.692028642E-1,6.986771524E-2,6.530913115E-1
4.550329764E0,6.893614531E-1,7.841982692E-2,6.048329473E-1
4.552329797E0,6.887505651E-1,1.059087589E-1,5.614615083E-1
4.554329830E0,6.832527518E-1,1.254564524E-1,5.443572998E-1
4.556329863E0,6.753115058E-1,1.700496078E-1,5.095379949E-1
4.558329896E0,6.777549982E-1,1.975385547E-1,4.863250852E-1
4.560329929E0,6.838636398E-1,2.109775841E-1,4.777729809E-1
4.562330795E0,6.875288486E-1,2.219731659E-1,4.631122053E-1
4.564331695E0,6.948592067E-1,2.329687327E-1,4.521166384E-1
4.566331695E0,6.954700947E-1,2.378556579E-1,4.496731758E-1
4.568331695E0,6.960809231E-1,2.451860309E-1,4.374558628E-1
4.570331695E0,6.881396770E-1,2.622902691E-1,4.264602959E-1
4.572331695E0,6.887505651E-1,2.732858360E-1,4.227951169E-1
4.574331661E0,6.850853562E-1,3.105486333E-1,4.111886621E-1
4.576331627E0,6.918048859E-1,3.441462219E-1,4.001930952E-1
4.578331593E0,6.948592067E-1,3.704134226E-1,3.885866404E-1
4.580331559E0,6.942483783E-1,3.789655268E-1,3.812562823E-1
4.582330659E0,6.979135275E-1,4.241695404E-1,3.635411859E-1
4.584329859E0,6.979135275E-1,4.241695404E-1,3.635411859E-1
4.586329825E0,7.009678483E-1,4.412737787E-1,3.537673354E-1
4.588329791E0,6.985244155E-1,4.504367709E-1,3.433826268E-1
4.590329791E0,6.893614531E-1,4.620431960E-1,3.403283060E-1
4.592329791E0,6.911939979E-1,4.687627256E-1,3.421608806E-1
4.594329824E0,6.795876026E-1,4.773148298E-1,3.446043432E-1
4.596329857E0,6.673702598E-1,4.815908968E-1,3.519347310E-1
4.598329890E0,6.612616181E-1,4.809800088E-1,3.574325144E-1
4.600329923E0,6.502660513E-1,4.773148298E-1,3.720932901E-1
4.602330823E0,6.307183504E-1,4.681518376E-1,3.891975284E-1
4.604331756E0,6.160575747E-1,4.650975168E-1,4.008039534E-1
4.606331756E0,5.983424783E-1,4.449389875E-1,4.160755873E-1
4.608331722E0,5.794056654E-1,4.266130030E-1,4.398993254E-1
4.610331688E0,5.659666657E-1,4.162282944E-1,4.508949220E-1
4.612331654E0,5.421429276E-1,3.869067729E-1,4.734969139E-1
4.614331620E0,5.073235631E-1,3.618612885E-1,4.936554730E-1
4.616331586E0,4.902193546E-1,3.435353339E-1,5.052618980E-1
4.618331552E0,4.535674453E-1,3.178789914E-1,5.235878825E-1
4.620331518E0,4.193589985E-1,2.916117907E-1,5.376377702E-1
4.622330651E0,3.723223805E-1,2.512947023E-1,5.480225086E-1
4.624330851E0,3.723223805E-1,2.512947023E-1,5.480225086E-1
4.626330884E0,3.484986126E-1,2.293035388E-1,5.492442250E-1
4.628330917E0,3.368921876E-1,2.134210467E-1,5.468007326E-1
4.630330950E0,3.216205537E-1,1.889864355E-1,5.394703746E-1
4.632330983E0,2.965750694E-1,1.810451895E-1,5.296965241E-1
4.634331016E0,2.800817192E-1,1.804343164E-1,5.217552781E-1
4.636331049E0,2.507601976E-1,1.950950921E-1,5.009858608E-1
4.638331082E0,2.196060568E-1,2.152536362E-1,4.820490479E-1
4.640331082E0,2.067778856E-1,2.152536362E-1,4.728860557E-1
4.642331815E0,1.939497143E-1,2.189188302E-1,4.496731758E-1
4.644332581E0,1.817324162E-1,2.146427780E-1,4.295146167E-1
4.646332581E0,1.744020283E-1,2.140319049E-1,4.203516543E-1
4.648332581E0,1.554652005E-1,2.079232633E-1,4.056908786E-1
4.650332581E0,1.401935667E-1,2.018146068E-1,3.922518492E-1
4.652332581E0,1.291979998E-1,1.981494129E-1,3.904192448E-1
4.654332547E0,1.035416573E-1,1.938733608E-1,3.855323195E-1
4.656332513E0,8.399397135E-2,1.932624876E-1,3.824779987E-1
4.658332479E0,7.177666575E-2,1.859321147E-1,3.830888569E-1
4.660332445E0,4.245513305E-2,1.743256748E-1,3.843106031E-1
4.662331545E0,-5.803219974E-3,1.657735556E-1,3.885866404E-1
4.664330611E0,-5.803219974E-3,1.657735556E-1,3.885866404E-1
4.666330577E0,-3.023782931E-2,1.584431678E-1,3.953061700E-1
4.668330577E0,-4.489859566E-2,1.425606757E-1,3.983604908E-1
4.670330577E0,-5.222897977E-2,1.321759671E-1,3.971387744E-1
4.672330610E0,-6.322455406E-2,1.199586615E-1,3.989713490E-1
4.674330643E0,-6.872233748E-2,1.107956842E-1,4.014148116E-1
4.676330676E0,-7.238753140E-2,1.107956842E-1,4.020256996E-1
4.678330709E0,-7.666359097E-2,1.040761694E-1,4.008039534E-1
4.680330742E0,-7.116580009E-2,1.028544381E-1,4.001930952E-1
4.682331642E0,-6.994406879E-2,1.065196246E-1,3.995822370E-1
4.684331475E0,-6.566801667E-2,1.059087589E-1,3.843106031E-1
4.686331441E0,-4.795292020E-2,1.101848185E-1,3.537673354E-1
4.688331407E0,-3.756821156E-2,1.089630872E-1,3.348305225E-1
4.690331373E0,-1.679879427E-2,9.918924421E-2,2.981785834E-1
4.692331339E0,-9.162978968E-4,8.758280426E-2,2.767983079E-1
4.694331305E0,-1.527163084E-3,8.208502084E-2,2.725222707E-1
4.696331271E0,-2.748893574E-3,6.559165567E-2,2.658027411E-1
4.698331237E0,1.527163084E-3,4.421137273E-2,2.517528534E-1
4.700331237E0,1.313360315E-2,2.222022414E-2,2.297616899E-1
4.702330537E0,3.695734590E-2,2.672535367E-3,2.016618848E-1
4.704330537E0,3.695734590E-2,2.672535367E-3,2.016618848E-1
4.706330570E0,4.489859566E-2,-3.817907709E-4,1.845576614E-1
4.708330603E0,5.528330430E-2,-9.926559869E-4,1.741729528E-1
4.710330636E0,7.177666575E-2,-3.436116967E-3,1.570687294E-1
4.712330669E0,1.041525230E-1,-3.436116967E-3,1.362993121E-1
4.714330702E0,1.169806942E-1,3.894265974E-3,1.259146035E-1
4.716330735E0,1.487456858E-1,1.794416644E-2,1.094212383E-1
4.718330735E0,1.737911552E-1,2.588541433E-2,1.057560444E-1
4.720330735E0,1.853975952E-1,3.260493279E-2,1.033125818E-1
4.722331601E0,2.061670274E-1,3.993531689E-2,1.051451787E-1
4.724332501E0,2.251038402E-1,4.421137273E-2,1.130864322E-1
4.726332501E0,2.360994220E-1,4.726569727E-2,1.155298874E-1
4.728332501E0,2.532036304E-1,5.765040591E-2,1.027017161E-1
4.730332501E0,2.629774809E-1,6.925684959E-2,9.414960444E-2
4.732332467E0,2.721404731E-1,7.719809562E-2,9.353873879E-2
4.734332433E0,2.898555696E-1,9.063713253E-2,9.048441797E-2
4.736332399E0,3.075706363E-1,1.034653038E-1,9.476047009E-2
4.738332365E0,3.112358451E-1,1.059087589E-1,9.842566401E-2
4.740332331E0,3.063489199E-1,1.083522215E-1,1.063669100E-1
4.742331431E0,2.990185320E-1,1.138500124E-1,1.198059469E-1
4.744330497E0,2.990185320E-1,1.138500124E-1,1.198059469E-1
4.746330497E0,2.935207486E-1,1.205695271E-1,1.228602752E-1
4.748330497E0,2.990185320E-1,1.278999150E-1,1.259146035E-1
4.750330530E0,2.977968156E-1,1.327868253E-1,1.277471930E-1
4.752330563E0,3.045163155E-1,1.480584592E-1,1.222494096E-1
4.754330596E0,3.094032407E-1,1.645518243E-1,1.198059469E-1
4.756330629E0,3.167336285E-1,1.700496078E-1,1.210276783E-1
4.758330662E0,3.283400834E-1,1.889864355E-1,1.185842156E-1
4.760330695E0,3.381139040E-1,1.993711442E-1,1.130864322E-1
4.762331561E0,3.448334336E-1,2.036471963E-1,1.094212383E-1
4.764331561E0,3.497203588E-1,2.060906589E-1,1.045343131E-1
4.766331527E0,3.539963961E-1,2.024254650E-1,1.045343131E-1
4.768331493E0,3.521638215E-1,1.969276816E-1,1.008691266E-1
4.770331459E0,3.460551500E-1,1.865429729E-1,1.002582610E-1
4.772331425E0,3.362813294E-1,1.694387496E-1,9.720393270E-2
4.774331391E0,3.252857327E-1,1.627192348E-1,9.598220140E-2
4.776331357E0,3.100140989E-1,1.462258697E-1,9.720393270E-2
4.778331357E0,2.898555696E-1,1.291216463E-1,9.659306705E-2
4.780331390E0,2.788599730E-1,1.217912585E-1,9.659306705E-2
4.782330556E0,2.458732575E-1,9.674578160E-2,9.353873879E-2
4.784329689E0,2.336559594E-1,8.880453557E-2,9.048441797E-2
4.786329722E0,2.281581759E-1,8.269587904E-2,9.353873879E-2
4.788329755E0,2.134974003E-1,6.742425263E-2,9.598220140E-2
4.790329788E0,1.982257664E-1,5.520694703E-2,9.414960444E-2
4.792329821E0,1.921171248E-1,4.848742858E-2,9.476047009E-2
4.794329854E0,1.762346178E-1,3.688098863E-2,9.720393270E-2
4.796329854E0,1.603521258E-1,2.466368489E-2,9.781479836E-2
4.798329854E0,1.524108797E-1,2.038762718E-2,9.842566401E-2
4.800329854E0,1.438587606E-1,1.366810966E-2,9.781479836E-2
4.802330720E0,1.334740520E-1,7.559457328E-3,9.903652966E-2
4.804331620E0,1.322523206E-1,3.894265974E-3,9.903652966E-2
4.806331620E0,1.249219403E-1,-1.603521290E-3,9.781479836E-2
4.808331620E0,1.108720452E-1,-1.504255645E-2,9.781479836E-2
4.810331586E0,1.041525230E-1,-2.237293869E-2,9.720393270E-2
4.812331552E0,9.254608303E-2,-3.336851299E-2,9.598220140E-2
4.814331518E0,8.277224004E-2,-4.192062840E-2,9.659306705E-2
4.816331484E0,7.971791178E-2,-4.619668424E-2,9.720393270E-2
4.818331450E0,6.750060618E-2,-5.902485549E-2,9.598220140E-2
4.820331416E0,6.261368841E-2,-6.879869848E-2,9.903652966E-2
4.822330516E0,5.161811411E-2,-8.651378751E-2,1.033125818E-1
4.824329682E0,5.161811411E-2,-8.651378751E-2,1.033125818E-1
4.826329682E0,3.756821156E-2,-9.628763795E-2,1.112538353E-1
4.828329715E0,3.512475267E-2,-1.036180183E-1,1.204168126E-1
4.830329748E0,3.023782931E-2,-1.085049361E-1,1.240820065E-1
4.832329781E0,3.023782931E-2,-1.127809957E-1,1.332449764E-1
4.834329814E0,3.023782931E-2,-1.127809957E-1,1.417970955E-1
4.836329847E0,3.084869497E-2,-1.127809957E-1,1.472948790E-1
4.838329880E0,2.962696366E-2,-1.085049361E-1,1.564578563E-1
4.840329880E0,3.512475267E-2,-9.995282441E-2,1.668425649E-1
4.842330746E0,3.573561832E-2,-9.812022746E-2,1.717294902E-1
4.844331612E0,4.062253982E-2,-8.895725012E-2,1.766164154E-1
4.846331578E0,4.612032697E-2,-8.040513843E-2,1.808924675E-1
4.848331544E0,5.222897977E-2,-7.246389240E-2,1.851685345E-1
4.850331510E0,5.650503561E-2,-5.902485549E-2,1.900554448E-1
4.852331476E0,6.627888232E-2,-3.825543448E-2,1.937206388E-1
4.854331442E0,6.933320314E-2,-3.092505224E-2,1.943315119E-1
4.856331442E0,7.544185966E-2,-1.443169173E-2,1.986075640E-1
4.858331475E0,8.521570265E-2,1.450804994E-3,2.047162205E-1
4.860331508E0,9.437867999E-2,6.337726954E-3,2.022727579E-1
4.862330674E0,1.078177169E-1,2.649627998E-2,2.114357352E-1
4.864329840E0,1.151480973E-1,3.138320148E-2,2.132683247E-1
4.866329873E0,1.200350225E-1,3.993531689E-2,2.157117873E-1
4.868329906E0,1.346957833E-1,5.520694703E-2,2.205987126E-1
4.870329939E0,1.463022232E-1,6.009386852E-2,2.279291004E-1
4.872329972E0,1.542434692E-1,6.375905871E-2,2.328160107E-1
4.874329972E0,1.597412676E-1,6.742425263E-2,2.383138090E-1
4.876329972E0,1.621847153E-1,6.986771524E-2,2.407572716E-1
4.878329172E0,1.646281779E-1,7.170030475E-2,2.413681298E-1
4.880329172E0,1.750128865E-1,7.719809562E-2,2.383138090E-1
4.882330038E0,1.737911552E-1,8.025242388E-2,2.340377420E-1
4.884330871E0,1.627955884E-1,7.658722997E-2,2.328160107E-1
4.886330871E0,1.579086632E-1,7.536549866E-2,2.248747647E-1
4.888330837E0,1.542434692E-1,7.964155823E-2,2.151009291E-1
4.890330803E0,1.487456858E-1,8.147415519E-2,2.126574665E-1
4.892330769E0,1.401935667E-1,8.941540122E-2,2.047162205E-1
4.894330735E0,1.328631938E-1,9.613491595E-2,1.931097806E-1
4.896330701E0,1.279762685E-1,9.857837856E-2,1.876119822E-1
4.898330667E0,1.175915599E-1,9.430231899E-2,1.784490049E-1
4.900330633E0,1.047633886E-1,8.880453557E-2,1.650099754E-1
4.902329733E0,8.643743396E-2,7.964155823E-2,1.521818042E-1
4.904328833E0,8.643743396E-2,7.964155823E-2,1.521818042E-1
4.906328866E0,7.788532227E-2,7.231117040E-2,1.454622895E-1
4.908328899E0,7.055493444E-2,6.925684959E-2,1.405753642E-1
4.910328932E0,5.711590126E-2,6.192646548E-2,1.338558495E-1
4.912328965E0,4.367686436E-2,5.765040591E-2,1.283580661E-1
4.914328998E0,3.634648025E-2,5.581781268E-2,1.246928647E-1
4.916329031E0,2.474004216E-2,5.276348442E-2,1.179733500E-1
4.918329031E0,1.740965992E-2,5.703954399E-2,1.149190217E-1
4.920329031E0,1.740965992E-2,5.459608138E-2,1.112538353E-1
4.922329864E0,8.857546374E-3,5.154175684E-2,1.118647009E-1
4.924330697E0,5.803219974E-3,5.032002553E-2,1.063669100E-1
4.926330663E0,-3.970623948E-3,4.787656292E-2,1.039234474E-1
4.928330629E0,-1.252273750E-2,4.054617882E-2,9.476047009E-2
4.930330595E0,-2.840523422E-2,3.749185428E-2,8.254316449E-2
4.932330561E0,-3.451388702E-2,3.138320148E-2,7.582364976E-2
4.934330561E0,-4.306599870E-2,2.893974073E-2,6.910412759E-2
4.936330594E0,-4.978551716E-2,2.527454868E-2,6.055201590E-2
4.938331427E0,-5.833763257E-2,2.222022414E-2,5.261076987E-2
4.940331460E0,-5.894849449E-2,1.794416644E-2,5.077817291E-2
4.942330626E0,-7.055493444E-2,7.559457328E-3,3.733913973E-2
4.944329859E0,-7.055493444E-2,7.559457328E-3,3.733913973E-2
4.946329892E0,-8.338310570E-2,-3.436116967E-3,2.573269792E-2
4.948329925E0,-1.017090604E-1,-1.382082608E-2,1.046106778E-2
4.950329958E0,-1.182024255E-1,-1.870774850E-2,-8.475755341E-3
4.952329958E0,-1.267545372E-1,-1.992947794E-2,-1.519527286E-2
4.954329958E0,-1.334740520E-1,-1.015563495E-2,-1.824959926E-2
4.956329958E0,-1.328631938E-1,-1.137736533E-2,-1.580613852E-2
4.958329958E0,-1.298088580E-1,-1.015563495E-2,-1.947133057E-2
4.960329958E0,-1.298088580E-1,-7.712173741E-3,-3.168863431E-2
4.962330824E0,-1.285871267E-1,-7.101308554E-3,-4.634939879E-2
4.964331724E0,-1.230893433E-1,8.399396902E-4,-4.757113010E-2
4.966331690E0,-1.114829108E-1,1.244637929E-2,-5.490151420E-2
4.968331656E0,-1.010981947E-1,2.588541433E-2,-5.978843570E-2
4.970331622E0,-9.560041130E-2,2.955060638E-2,-6.528622657E-2
4.972331588E0,-9.071348608E-2,3.565925732E-2,-7.383833826E-2
4.974331554E0,-8.460483700E-2,4.054617882E-2,-8.544477820E-2
4.976331520E0,-8.338310570E-2,3.932445124E-2,-9.216429293E-2
4.978331486E0,-7.727445662E-2,3.993531689E-2,-1.013272703E-1
4.980331452E0,-6.566801667E-2,4.298964143E-2,-1.056033298E-1
4.982330585E0,-5.711590126E-2,3.504839167E-2,-1.086576581E-1
4.984329718E0,-5.711590126E-2,3.504839167E-2,-1.086576581E-1
4.986329751E0,-5.711590126E-2,3.077233583E-2,-1.068250611E-1
4.988329784E0,-5.345070735E-2,2.955060638E-2,-1.062141955E-1
4.990329817E0,-5.406157300E-2,2.527454868E-2,-1.062141955E-1
4.992329850E0,-5.283984542E-2,2.344195358E-2,-1.043815985E-1
4.994329883E0,-5.711590126E-2,1.855503209E-2,-1.025490016E-1
4.996329883E0,-6.139195710E-2,1.977676153E-2,-9.827294946E-2
4.998329883E0,-6.444628537E-2,2.160935849E-2,-9.155342728E-2
5.000329849E0,-6.383541971E-2,2.466368489E-2,-9.033169597E-2
5.002330682E0,-6.383541971E-2,2.527454868E-2,-8.910996467E-2
5.004331448E0,-6.383541971E-2,2.710714564E-2,-8.727737516E-2
5.006331414E0,-6.811147183E-2,2.955060638E-2,-8.361218125E-2
5.008331380E0,-7.666359097E-2,3.199406713E-2,-7.689265907E-2
5.010331346E0,-7.727445662E-2,2.893974073E-2,-6.650795043E-2
5.012331346E0,-7.605272532E-2,2.466368489E-2,-6.406449527E-2
5.014331379E0,-8.582656831E-2,2.160935849E-2,-4.879286140E-2
5.016331412E0,-9.254608303E-2,1.733330078E-2,-2.680171281E-2
5.018331445E0,-9.865473956E-2,1.488984004E-2,-1.275181212E-2
5.020331478E0,-1.127046347E-1,1.122464892E-2,8.628471754E-3
5.022330644E0,-1.273654103E-1,8.781188168E-3,2.939788997E-2
5.024329777E0,-1.273654103E-1,8.781188168E-3,2.939788997E-2
5.026329810E0,-1.377501190E-1,8.399396902E-4,4.405865446E-2
5.028329843E0,-1.499674171E-1,-2.825251780E-3,5.261076987E-2
5.030329843E0,-1.572978050E-1,-7.712173741E-3,5.994115397E-2
5.032329843E0,-1.701259762E-1,-1.504255645E-2,6.666067243E-2
5.034329843E0,-1.811215430E-1,-1.748601720E-2,7.215845585E-2
5.036329843E0,-1.872301996E-1,-1.504255645E-2,6.971499324E-2
5.038329843E0,-1.908953935E-1,-1.603521290E-3,6.543894112E-2
5.040329843E0,-1.792889535E-1,1.122464892E-2,5.261076987E-2
5.042330709E0,-1.762346178E-1,2.099849284E-2,4.833471403E-2
5.044330675E0,-1.676825136E-1,3.993531689E-2,4.466952011E-2
5.046330641E0,-1.725694388E-1,4.237877578E-2,4.222606122E-2
5.048330607E0,-1.701259762E-1,4.237877578E-2,3.672827408E-2
5.050330573E0,-1.731802970E-1,3.504839167E-2,2.451096848E-2
5.052330539E0,-1.774563491E-1,2.955060638E-2,1.901318133E-2
5.054330505E0,-1.841758788E-1,2.649627998E-2,2.023491077E-2
5.056330471E0,-1.921171248E-1,2.160935849E-2,2.817615867E-2
5.058330437E0,-2.000583708E-1,2.283108793E-2,3.672827408E-2
5.060330437E0,-2.086104751E-1,3.138320148E-2,4.222606122E-2
5.062329603E0,-2.275473028E-1,3.382666409E-2,4.650211707E-2
5.064328836E0,-2.275473028E-1,3.382666409E-2,4.650211707E-2
5.066328869E0,-2.422080636E-1,4.115704447E-2,5.566509441E-2
5.068328902E0,-2.415972054E-1,4.298964143E-2,5.749769136E-2
5.070328935E0,-2.477058619E-1,5.337435007E-2,5.994115397E-2
5.072328968E0,-2.617557645E-1,6.986771524E-2,6.299547851E-2
5.074328968E0,-2.641992271E-1,7.353290170E-2,6.543894112E-2
5.076328968E0,-2.690861523E-1,7.231117040E-2,7.338018715E-2
5.078328934E0,-2.715296149E-1,6.986771524E-2,8.681922406E-2
5.080328900E0,-2.690861523E-1,6.498079002E-2,9.842566401E-2
5.082329733E0,-2.764165103E-1,6.986771524E-2,1.246928647E-1
5.084330599E0,-2.666426897E-1,6.192646548E-2,1.411862224E-1
5.086330565E0,-2.623666227E-1,6.253732741E-2,1.460731477E-1
5.088330531E0,-2.727513313E-1,7.475463301E-2,1.546252668E-1
5.090330531E0,-2.758056521E-1,8.025242388E-2,1.570687294E-1
5.092330531E0,-2.739730477E-1,8.391761035E-2,1.540143937E-1
5.094330564E0,-2.874121070E-1,9.430231899E-2,1.534035355E-1
5.096330597E0,-3.081815243E-1,1.187369302E-1,1.503492147E-1
5.098330630E0,-3.179553747E-1,1.364520192E-1,1.472948790E-1
5.100330663E0,-3.448334336E-1,1.572214365E-1,1.424079537E-1
5.102329829E0,-3.723223805E-1,1.657735556E-1,1.424079537E-1
5.104331862E0,-3.723223805E-1,1.657735556E-1,1.424079537E-1
5.106331895E0,-3.882048726E-1,1.547779888E-1,1.589013189E-1
5.108331895E0,-4.004221559E-1,1.388954818E-1,1.790598780E-1
5.110331895E0,-4.016439021E-1,1.340085566E-1,1.863902509E-1
5.112331895E0,-4.028656185E-1,1.358411610E-1,1.912771761E-1
5.114331895E0,-3.955352604E-1,1.382846236E-1,1.961641014E-1
5.116331895E0,-3.912591934E-1,1.388954818E-1,1.973858327E-1
5.118331895E0,-3.839288056E-1,1.340085566E-1,2.028836161E-1
5.120331895E0,-3.704897761E-1,1.236238554E-1,2.053270787E-1
5.122332728E0,-3.649919927E-1,1.144608781E-1,2.065488100E-1
5.124333494E0,-3.552181423E-1,1.071304902E-1,2.059379518E-1
5.126333460E0,-3.442225754E-1,1.046870351E-1,1.961641014E-1
5.128333426E0,-3.277291954E-1,1.028544381E-1,1.882228553E-1
5.130333392E0,-3.032945991E-1,1.046870351E-1,1.747838110E-1
5.132333358E0,-2.819143236E-1,9.980010986E-2,1.631773859E-1
5.134333324E0,-2.739730477E-1,1.010218412E-1,1.607339233E-1
5.136333290E0,-2.562579811E-1,9.002626687E-2,1.601230502E-1
5.138333290E0,-2.501493096E-1,8.147415519E-2,1.631773859E-1
5.140333323E0,-2.483167201E-1,7.964155823E-2,1.674534380E-1
5.142332489E0,-2.403754741E-1,7.719809562E-2,1.686751693E-1
5.144331622E0,-2.379320115E-1,7.719809562E-2,1.680642962E-1
5.146331655E0,-2.342668176E-1,8.025242388E-2,1.656208336E-1
5.148331688E0,-2.312124968E-1,9.002626687E-2,1.619556546E-1
5.150331721E0,-2.312124968E-1,9.857837856E-2,1.595121920E-1
5.152331754E0,-2.342668176E-1,1.016327068E-1,1.582904607E-1
5.154331754E0,-2.452623993E-1,1.059087589E-1,1.595121920E-1
5.156331320E0,-2.605340183E-1,1.052978933E-1,1.582904607E-1
5.158331286E0,-2.617557645E-1,1.065196246E-1,1.619556546E-1
5.160331252E0,-2.770273983E-1,1.059087589E-1,1.680642962E-1
5.162332085E0,-2.898555696E-1,1.071304902E-1,1.815033406E-1
5.164330951E0,-2.916881442E-1,1.077413559E-1,1.870011240E-1
5.166330784E0,-3.026837409E-1,1.089630872E-1,2.016618848E-1
5.168330784E0,-3.118467033E-1,1.095739529E-1,2.193769813E-1
5.170330784E0,-3.240640163E-1,1.138500124E-1,2.242639065E-1
5.172330784E0,-3.393356502E-1,1.028544381E-1,2.432007194E-1
5.174330784E0,-3.668245673E-1,9.246972948E-2,2.639701366E-1
5.176330784E0,-3.717114925E-1,8.880453557E-2,2.713005245E-1
5.178330784E0,-3.869831264E-1,7.780896127E-2,2.792417705E-1
5.180330784E0,-3.747658134E-1,8.819366992E-2,2.877938747E-1
5.182329917E0,-3.607159257E-1,1.040761694E-1,2.920699418E-1
5.184329117E0,-3.607159257E-1,1.040761694E-1,2.920699418E-1
5.186329150E0,-3.564398587E-1,1.181260645E-1,2.932916880E-1
5.188329183E0,-3.637702465E-1,1.254564524E-1,3.024546504E-1
5.190329216E0,-3.613267839E-1,1.266781837E-1,3.048981130E-1
5.192329249E0,-3.625485301E-1,1.211803928E-1,3.177262843E-1
5.194329282E0,-3.662137091E-1,1.114065498E-1,3.311653137E-1
5.196329315E0,-3.637702465E-1,1.052978933E-1,3.403283060E-1
5.198329348E0,-3.759875596E-1,9.735664725E-2,3.531564772E-1
5.200329348E0,-3.888157308E-1,9.857837856E-2,3.659846485E-1
5.202330181E0,-3.992004395E-1,1.040761694E-1,3.782019317E-1
5.204331047E0,-4.230241776E-1,1.217912585E-1,3.953061700E-1
5.206331013E0,-4.621195495E-1,1.431715488E-1,4.185190499E-1
5.208330979E0,-4.816672504E-1,1.584431678E-1,4.319580793E-1
5.210330945E0,-5.409211516E-1,1.816560477E-1,4.618904889E-1
5.212330911E0,-5.812382698E-1,1.676061451E-1,4.844925106E-1
5.214330877E0,-6.007859707E-1,1.614975035E-1,4.954880774E-1
5.216331277E0,-6.209445000E-1,1.407280862E-1,5.070945024E-1
5.218331310E0,-6.264423132E-1,1.150717437E-1,5.138140321E-1
5.220331343E0,-6.301075220E-1,9.980010986E-2,5.180900693E-1
5.222330509E0,-6.032294035E-1,7.353290170E-2,5.284748077E-1
5.224329642E0,-5.702427030E-1,6.864598393E-2,5.223661661E-1
5.226329808E0,-5.323690772E-1,6.925684959E-2,5.089271069E-1
5.228329841E0,-4.749477208E-1,8.697193861E-2,4.734969139E-1
5.230330774E0,-4.120286107E-1,1.010218412E-1,4.295146167E-1
5.232330807E0,-3.704897761E-1,1.016327068E-1,4.044691622E-1
5.234330807E0,-2.929098904E-1,8.880453557E-2,3.482695520E-1
5.236330807E0,-2.226603776E-1,7.170030475E-2,2.932916880E-1
5.238330807E0,-1.945605874E-1,6.375905871E-2,2.694679201E-1
5.240330807E0,-1.463022232E-1,3.810271993E-2,2.254856378E-1
5.242332673E0,-9.437867999E-2,9.392052889E-3,1.790598780E-1
5.244333473E0,-6.566801667E-2,5.115996581E-3,1.582904607E-1
5.246333439E0,-2.168571576E-2,3.894265974E-3,1.246928647E-1
5.248333405E0,-9.162978968E-4,3.283400787E-3,9.353873879E-2
5.250333371E0,-2.351831272E-2,-2.825251780E-3,8.498662710E-2
5.252333337E0,7.635815535E-3,-1.992947794E-2,7.826711237E-2
5.254333303E0,7.483099401E-2,-1.809688285E-2,8.620835841E-2
5.256333269E0,1.059851199E-1,-6.490443368E-3,8.437576145E-2
5.258333235E0,1.511891484E-1,2.771801129E-2,7.215845585E-2
5.260333201E0,1.927279830E-1,7.414376736E-2,5.322163552E-2
5.262332334E0,2.464841306E-1,1.217912585E-1,2.939788997E-2
5.264331467E0,2.464841306E-1,1.217912585E-1,2.939788997E-2
5.266331500E0,2.678644061E-1,1.425606757E-1,1.718058437E-2
5.268331533E0,2.764165103E-1,1.486693323E-1,1.595885493E-2
5.270331566E0,2.837468982E-1,1.541671157E-1,-5.345070967E-4
5.272331599E0,2.874121070E-1,1.614975035E-1,-1.580613852E-2
5.274331632E0,2.880229652E-1,1.645518243E-1,-2.130392566E-2
5.276331665E0,2.855795026E-1,1.743256748E-1,-2.680171281E-2
5.278331665E0,2.794708610E-1,1.798234582E-1,-3.168863431E-2
5.280331631E0,2.764165103E-1,1.834886521E-1,-3.718642145E-2
5.282332464E0,2.715296149E-1,1.895972937E-1,-3.718642145E-2
5.284333330E0,2.666426897E-1,1.932624876E-1,-3.474296257E-2
5.286333296E0,2.617557645E-1,1.957059503E-1,-3.291036561E-2
5.288333262E0,2.483167201E-1,1.920407563E-1,-2.741257846E-2
5.290332328E0,2.373211533E-1,1.840995103E-1,-2.374738641E-2
5.292332294E0,2.299907655E-1,1.822669208E-1,-2.191479132E-2
5.294332294E0,2.208277881E-1,1.792125851E-1,-1.824959926E-2
5.296332327E0,2.122756690E-1,1.743256748E-1,-1.641700417E-2
5.298332360E0,2.037235647E-1,1.724930704E-1,-1.641700417E-2
5.300332393E0,1.957823038E-1,1.700496078E-1,-1.580613852E-2
5.302330559E0,1.670716405E-1,1.663844138E-1,-2.863430791E-2
5.304330092E0,1.670716405E-1,1.663844138E-1,-2.863430791E-2
5.306330125E0,1.597412676E-1,1.621083617E-1,-3.474296257E-2
5.308330158E0,1.548543423E-1,1.553888470E-1,-4.268420860E-2
5.310330191E0,1.414152980E-1,1.541671157E-1,-5.306891724E-2
5.312330191E0,1.401935667E-1,1.523345262E-1,-5.795583874E-2
5.314330557E0,1.212567538E-1,1.474476010E-1,-7.078400999E-2
5.316330557E0,1.224784851E-1,1.419498175E-1,-8.177958429E-2
5.318330557E0,1.053742543E-1,1.395063549E-1,-9.094256163E-2
5.320330557E0,9.254608303E-2,1.346194297E-1,-1.001055390E-1
5.322331423E0,8.216137439E-2,1.248455867E-1,-1.098793894E-1
5.324332289E0,7.727445662E-2,1.205695271E-1,-1.141554415E-1
5.326332255E0,6.750060618E-2,1.095739529E-1,-1.208749637E-1
5.328332221E0,6.139195710E-2,8.941540122E-2,-1.202640980E-1
5.330332187E0,5.039638281E-2,8.208502084E-2,-1.251510233E-1
5.332332153E0,4.306599870E-2,6.681338698E-2,-1.275944710E-1
5.334332119E0,3.145955876E-2,5.398521572E-2,-1.251510233E-1
5.336332085E0,2.168571576E-2,4.787656292E-2,-1.257618815E-1
5.338332051E0,3.084869497E-2,3.504839167E-2,-1.227075532E-1
5.340332051E0,2.596177347E-2,2.466368489E-2,-1.196532324E-1
5.342331184E0,1.374446787E-2,1.733330078E-2,-1.202640980E-1
5.344330317E0,1.374446787E-2,1.733330078E-2,-1.202640980E-1
5.346330350E0,1.069014147E-2,1.733330078E-2,-1.165989041E-1
5.348330383E0,1.191187184E-2,2.160935849E-2,-1.153771728E-1
5.350330416E0,1.252273750E-2,2.405281924E-2,-1.098793894E-1
5.352330449E0,2.718350291E-2,2.771801129E-2,-1.062141955E-1
5.354330482E0,2.229658142E-2,3.077233583E-2,-1.043815985E-1
5.356330482E0,3.329215571E-2,3.871358559E-2,-1.025490016E-1
5.358330448E0,4.123340547E-2,4.482223839E-2,-9.888381511E-2
5.360330414E0,4.978551716E-2,4.848742858E-2,-9.644035250E-2
5.362331247E0,6.933320314E-2,5.581781268E-2,-9.338602424E-2
5.364331713E0,7.116580009E-2,6.131559983E-2,-8.849909902E-2
5.366331679E0,9.071348608E-2,6.559165567E-2,-8.972083032E-2
5.368331645E0,1.047633886E-1,7.047858089E-2,-8.849909902E-2
5.370331611E0,1.194241568E-1,7.353290170E-2,-7.567093521E-2
5.372331611E0,1.157589629E-1,7.719809562E-2,-6.467536092E-2
5.374331244E0,1.383609772E-1,7.903069258E-2,-4.879286140E-2
5.376331244E0,1.554652005E-1,8.391761035E-2,-3.535382450E-2
5.378331244E0,1.554652005E-1,9.185886383E-2,-3.168863431E-2
5.380331244E0,1.744020283E-1,1.010218412E-1,-3.588833380E-3
5.382330377E0,2.037235647E-1,1.193477958E-1,1.840231568E-2
5.384331377E0,2.037235647E-1,1.193477958E-1,1.840231568E-2
5.386331377E0,2.360994220E-1,1.450041384E-1,-2.008219436E-2
5.388331377E0,2.654209435E-1,1.798234582E-1,-5.734497309E-2
5.390331410E0,2.770273983E-1,1.902081668E-1,-7.139487565E-2
5.392331443E0,2.727513313E-1,1.944842190E-1,-8.605564386E-2
5.394331476E0,2.574796975E-1,1.822669208E-1,-8.849909902E-2
5.396331509E0,2.507601976E-1,1.676061451E-1,-8.055785298E-2
5.398331542E0,2.281581759E-1,1.376737505E-1,-7.994698733E-2
5.400331575E0,2.153300047E-1,1.193477958E-1,-1.007164046E-1
5.402332475E0,2.141082734E-1,1.193477958E-1,-1.111011133E-1
5.404333375E0,2.165517360E-1,1.291216463E-1,-1.294270754E-1
5.406333341E0,2.147191316E-1,1.370628923E-1,-1.398117840E-1
5.408333307E0,2.092213482E-1,1.376737505E-1,-1.416443735E-1
5.410333273E0,1.353066564E-1,1.205695271E-1,-5.856670439E-2
5.412333239E0,-6.444628537E-2,6.314819306E-2,6.666067243E-2
5.414333205E0,-6.688974798E-2,1.244637929E-2,9.842566401E-2
5.416333171E0,7.299839705E-2,-3.459024429E-2,1.179733500E-1
5.418333171E0,1.890627891E-1,6.375905871E-2,1.411862224E-1
5.420333171E0,2.000583708E-1,1.981494129E-1,1.521818042E-1
5.422332337E0,2.379320115E-1,2.653445899E-1,1.332449764E-1
5.424331503E0,2.379320115E-1,2.653445899E-1,1.332449764E-1
5.426331536E0,2.660318017E-1,2.531272769E-1,1.039234474E-1
5.428331569E0,2.672535479E-1,2.427425832E-1,8.926268667E-2
5.430331602E0,2.538145185E-1,2.018146068E-1,5.749769136E-2
5.432331635E0,2.299907655E-1,1.718822122E-1,2.573269792E-2
5.434331668E0,2.147191316E-1,1.559997052E-1,1.107193250E-2
5.436331668E0,1.750128865E-1,1.340085566E-1,-1.153008174E-2
5.438331668E0,1.328631938E-1,1.169043332E-1,-2.924517356E-2
5.440331668E0,1.169806942E-1,1.071304902E-1,-3.535382450E-2
5.442332534E0,7.849618047E-2,7.841982692E-2,-4.207334295E-2
5.444331534E0,4.428773001E-2,5.093089119E-2,-4.512767121E-2
5.446331534E0,3.084869497E-2,4.176791012E-2,-4.573853686E-2
5.448331534E0,-9.162978968E-4,2.527454868E-2,-3.840815276E-2
5.450331500E0,-2.840523422E-2,1.672243699E-2,-2.496911772E-2
5.452331466E0,-3.878994286E-2,1.550070569E-2,-1.763873361E-2
5.454331432E0,-5.222897977E-2,1.366810966E-2,-2.977967961E-3
5.456331398E0,-5.467243865E-2,1.977676153E-2,1.229366288E-2
5.458331364E0,-5.528330430E-2,2.344195358E-2,1.595885493E-2
5.460331330E0,-4.856378585E-2,3.749185428E-2,2.328923717E-2
5.462330430E0,-4.489859566E-2,6.314819306E-2,3.123048507E-2
5.464329496E0,-4.489859566E-2,6.314819306E-2,3.123048507E-2
5.466329496E0,-4.856378585E-2,7.903069258E-2,3.123048507E-2
5.468329529E0,-6.505715102E-2,8.880453557E-2,2.878702432E-2
5.470329562E0,-7.788532227E-2,9.002626687E-2,3.061962128E-2
5.472329595E0,-9.804387391E-2,8.880453557E-2,2.939788997E-2
5.474329628E0,-1.261436790E-1,8.330674469E-2,2.695442922E-2
5.476329661E0,-1.346957833E-1,8.086328954E-2,2.878702432E-2
5.478329694E0,-1.548543423E-1,7.597636431E-2,2.939788997E-2
5.480329727E0,-1.664607823E-1,7.414376736E-2,3.550654277E-2
5.482330593E0,-1.627955884E-1,6.986771524E-2,3.856086731E-2
5.484331426E0,-1.817324162E-1,6.925684959E-2,4.528038576E-2
5.486331392E0,-1.676825136E-1,6.498079002E-2,5.261076987E-2
5.488331358E0,-1.847867370E-1,6.681338698E-2,5.505422875E-2
5.490331324E0,-1.841758788E-1,6.864598393E-2,5.994115397E-2
5.492331290E0,-1.835650057E-1,6.803511828E-2,6.788240373E-2
5.494331256E0,-1.927279830E-1,6.559165567E-2,7.215845585E-2
5.496331256E0,-1.970040351E-1,6.742425263E-2,8.071056753E-2
5.498331256E0,-2.018909603E-1,6.864598393E-2,8.865182102E-2
5.500331256E0,-2.012801021E-1,6.681338698E-2,9.353873879E-2
5.502330389E0,-2.073887438E-1,6.192646548E-2,1.045343131E-1
5.504329489E0,-2.116648108E-1,6.375905871E-2,1.088103727E-1
5.506329489E0,-2.055561543E-1,6.314819306E-2,1.094212383E-1
5.508329389E0,-2.183843255E-1,6.559165567E-2,1.185842156E-1
5.510329389E0,-2.257147133E-1,5.948300287E-2,1.216385439E-1
5.512329389E0,-2.257147133E-1,5.948300287E-2,1.265254617E-1
5.514329422E0,-2.275473028E-1,5.398521572E-2,1.338558495E-1
5.516329455E0,-2.348776907E-1,4.726569727E-2,1.375210434E-1
5.518329488E0,-2.409863323E-1,4.482223839E-2,1.399645060E-1
5.520329521E0,-2.422080636E-1,3.138320148E-2,1.479057521E-1
5.522330421E0,-2.525927722E-1,2.222022414E-2,1.509600729E-1
5.524331354E0,-2.525927722E-1,1.488984004E-2,1.515709460E-1
5.526331854E0,-2.532036304E-1,4.505131394E-3,1.552361250E-1
5.528331854E0,-2.635883391E-1,-8.323038928E-3,1.576795876E-1
5.530331820E0,-2.684752643E-1,-1.443169173E-2,1.595121920E-1
5.532331786E0,-2.855795026E-1,-2.664899640E-2,1.576795876E-1
5.534331752E0,-2.904664278E-1,-4.069889709E-2,1.527926624E-1
5.536331718E0,-2.977968156E-1,-4.864014685E-2,1.485166103E-1
5.538331684E0,-3.094032407E-1,-5.169447139E-2,1.564578563E-1
5.540331650E0,-2.971859276E-1,-4.864014685E-2,1.747838110E-1
5.542330750E0,-2.696970105E-1,-4.192062840E-2,1.698969007E-1
5.544329950E0,-2.696970105E-1,-4.192062840E-2,1.698969007E-1
5.546329983E0,-2.507601976E-1,-3.459024429E-2,1.515709460E-1
5.548329116E0,-2.434297949E-1,-2.848159149E-2,1.430188268E-1
5.550329149E0,-2.269364446E-1,-1.809688285E-2,1.338558495E-1
5.552329182E0,-2.226603776E-1,-1.259909570E-2,1.326341182E-1
5.554329215E0,-2.122756690E-1,-7.101308554E-3,1.308015138E-1
5.556329248E0,-2.073887438E-1,-4.657847341E-3,1.308015138E-1
5.558329281E0,-1.982257664E-1,-3.817907709E-4,1.283580661E-1
5.560329214E0,-1.994474977E-1,9.392052889E-3,1.204168126E-1
5.562330080E0,-1.957823038E-1,1.672243699E-2,1.173624843E-1
5.564330980E0,-1.853975952E-1,2.588541433E-2,1.094212383E-1
5.566330980E0,-1.811215430E-1,3.077233583E-2,1.039234474E-1
5.568331080E0,-1.737911552E-1,2.955060638E-2,9.903652966E-2
5.570331080E0,-1.786780804E-1,3.627012298E-2,9.109527618E-2
5.572331080E0,-1.597412676E-1,3.565925732E-2,8.620835841E-2
5.574331046E0,-1.554652005E-1,3.749185428E-2,8.376489580E-2
5.576331012E0,-1.530217379E-1,4.237877578E-2,7.948884368E-2
5.578330978E0,-1.420261711E-1,4.176791012E-2,7.582364976E-2
5.580330944E0,-1.389718503E-1,4.237877578E-2,7.765624672E-2
5.582330044E0,-1.310305893E-1,3.627012298E-2,7.521278411E-2
5.584329110E0,-1.261436790E-1,3.443752974E-2,7.399105281E-2
5.586328610E0,-1.218676195E-1,3.199406713E-2,7.215845585E-2
5.588328576E0,-1.157589629E-1,3.016147204E-2,6.971499324E-2
5.590328576E0,-1.163698286E-1,2.710714564E-2,6.482807547E-2
5.592328576E0,-1.139263660E-1,2.832887508E-2,6.238461286E-2
5.594328609E0,-1.127046347E-1,3.016147204E-2,5.566509441E-2
5.596328642E0,-1.108720452E-1,3.627012298E-2,5.322163552E-2
5.598328675E0,-1.102611795E-1,4.115704447E-2,4.894557595E-2
5.600328708E0,-1.035416573E-1,5.154175684E-2,4.528038576E-2
5.602329608E0,-9.865473956E-2,6.314819306E-2,3.917173296E-2
5.604330441E0,-1.017090604E-1,6.986771524E-2,3.611740842E-2
5.606330441E0,-9.865473956E-2,7.964155823E-2,2.939788997E-2
5.608331307E0,-8.704829961E-2,8.941540122E-2,2.512183413E-2
5.610331273E0,-8.643743396E-2,9.246972948E-2,2.634356357E-2
5.612331239E0,-7.605272532E-2,9.552405030E-2,2.451096848E-2
5.614331205E0,-7.299839705E-2,9.613491595E-2,2.695442922E-2
5.616331171E0,-6.933320314E-2,9.613491595E-2,2.878702432E-2
5.618331137E0,-6.627888232E-2,9.369145334E-2,3.123048507E-2
5.620331203E0,-5.222897977E-2,9.063713253E-2,3.733913973E-2
5.622330336E0,-5.345070735E-2,8.758280426E-2,4.222606122E-2
5.624331536E0,-5.345070735E-2,8.758280426E-2,4.222606122E-2
5.626331569E0,-3.940080851E-2,8.819366992E-2,4.161519557E-2
5.628331602E0,-3.756821156E-2,8.575020730E-2,4.283692688E-2
5.630331635E0,-2.840523422E-2,8.758280426E-2,4.283692688E-2
5.632331668E0,-2.535090782E-2,8.636107296E-2,4.405865446E-2
5.634331701E0,-1.985312067E-2,8.880453557E-2,4.772384837E-2
5.636331734E0,-1.374446787E-2,8.941540122E-2,4.894557595E-2
5.638331767E0,-8.857546374E-3,9.308059514E-2,5.444336683E-2
5.640331767E0,-8.857546374E-3,9.369145334E-2,5.749769136E-2
5.642332633E0,-2.748893574E-3,9.735664725E-2,6.482807547E-2
5.644333533E0,9.162978968E-4,9.552405030E-2,7.460191846E-2
5.646333533E0,3.359758761E-3,9.430231899E-2,8.193229884E-2
5.648333533E0,3.970623948E-3,8.819366992E-2,9.353873879E-2
5.650333533E0,8.246680722E-3,7.597636431E-2,1.106429696E-1
5.652333533E0,9.162978968E-4,6.803511828E-2,1.191950813E-1
5.654333499E0,-6.414085161E-3,5.520694703E-2,1.320232451E-1
5.656333465E0,-1.069014147E-2,4.604396969E-2,1.460731477E-1
5.658333431E0,4.581489135E-3,3.016147204E-2,1.534035355E-1
5.660333397E0,-5.192354787E-3,2.893974073E-2,1.625665128E-1
5.662332497E0,-1.374446787E-2,2.222022414E-2,1.741729528E-1
5.664331663E0,-1.374446787E-2,2.222022414E-2,1.741729528E-1
5.666331629E0,-8.246680722E-3,2.160935849E-2,1.772272736E-1
5.668331629E0,-1.435533352E-2,1.977676153E-2,1.815033406E-1
5.670331629E0,-1.740965992E-2,1.611157134E-2,1.857793927E-1
5.672331662E0,-2.046398632E-2,1.122464892E-2,1.937206388E-1
5.674331695E0,-3.329215571E-2,6.337726954E-3,2.004401535E-1
5.676331728E0,-3.756821156E-2,-9.926559869E-4,2.077705413E-1
5.678331761E0,-3.878994286E-2,-1.603521290E-3,2.089922726E-1
5.680331794E0,-3.451388702E-2,-7.712173741E-3,2.102140039E-1
5.682332694E0,-2.596177347E-2,-6.490443368E-3,2.065488100E-1
5.684331527E0,-2.046398632E-2,-8.323038928E-3,2.059379518E-1
5.686331493E0,-1.557706390E-2,-7.712173741E-3,1.979966909E-1
5.688331459E0,-3.054326226E-4,-3.436116967E-3,1.918880492E-1
5.690331425E0,5.803219974E-3,-5.879578181E-3,1.876119822E-1
5.692331391E0,4.581489135E-3,8.399396902E-4,1.802816093E-1
5.694331357E0,1.924225502E-2,-6.490443368E-3,1.717294902E-1
5.696331323E0,1.557706390E-2,-1.603521290E-3,1.686751693E-1
5.698331289E0,2.901609987E-2,-2.825251780E-3,1.540143937E-1
5.700331289E0,4.062253982E-2,-1.603521290E-3,1.436296850E-1
5.702330422E0,6.627888232E-2,6.337726954E-3,1.185842156E-1
5.704329522E0,6.627888232E-2,6.337726954E-3,1.185842156E-1
5.706329522E0,8.155050874E-2,1.427897532E-2,1.020908505E-1
5.708329522E0,8.765916526E-2,2.038762718E-2,9.476047009E-2
5.710329522E0,1.096503139E-1,2.527454868E-2,7.643451542E-2
5.712329522E0,1.249219403E-1,3.138320148E-2,5.383250117E-2
5.714329522E0,1.261436790E-1,3.810271993E-2,4.528038576E-2
5.716329522E0,1.383609772E-1,5.337435007E-2,2.451096848E-2
5.718329555E0,1.603521258E-1,7.292203605E-2,2.519819187E-3
5.720329588E0,1.646281779E-1,8.452847600E-2,-4.199698567E-3
5.722330488E0,1.792889535E-1,1.034653038E-1,-1.886046492E-2
5.724331321E0,1.860084683E-1,1.211803928E-1,-3.168863431E-2
5.726331354E0,1.982257664E-1,1.309542358E-1,-3.901901841E-2
5.728331387E0,2.061670274E-1,1.456149966E-1,-4.451680556E-2
5.730332420E0,2.079996169E-1,1.566105783E-1,-5.001459271E-2
5.732332420E0,2.110539377E-1,1.578323096E-1,-5.429064855E-2
5.734332386E0,2.147191316E-1,1.663844138E-1,-6.345362961E-2
5.736332352E0,2.257147133E-1,1.792125851E-1,-6.895141304E-2
5.738332318E0,2.318233550E-1,1.859321147E-1,-7.017314434E-2
5.740332284E0,2.373211533E-1,2.042580694E-1,-7.750352472E-2
5.742331384E0,2.483167201E-1,2.293035388E-1,-9.399688989E-2
5.744330450E0,2.483167201E-1,2.293035388E-1,-9.399688989E-2
5.746330450E0,2.587014437E-1,2.415208519E-1,-1.019381359E-1
5.748330450E0,2.696970105E-1,2.476294935E-1,-1.068250611E-1
5.750330483E0,2.739730477E-1,2.525164187E-1,-1.092685238E-1
5.752330516E0,2.825251818E-1,2.598468065E-1,-1.111011133E-1
5.754330549E0,2.861903608E-1,2.555707395E-1,-1.037707329E-1
5.756330582E0,2.874121070E-1,2.525164187E-1,-1.013272703E-1
5.758330615E0,2.849686444E-1,2.494620979E-1,-9.277515858E-2
5.760330648E0,2.868012190E-1,2.402991205E-1,-7.811439037E-2
5.762331548E0,2.874121070E-1,2.311361432E-1,-7.017314434E-2
5.764332448E0,2.843577862E-1,2.158645093E-1,-6.101016700E-2
5.766332448E0,2.819143236E-1,2.036471963E-1,-5.367978290E-2
5.768332448E0,2.800817192E-1,1.969276816E-1,-5.551237985E-2
5.770332448E0,2.800817192E-1,1.847103834E-1,-4.573853686E-2
5.772332448E0,2.800817192E-1,1.731039435E-1,-3.901901841E-2
5.774332448E0,2.745839357E-1,1.651626974E-1,-3.535382450E-2
5.776332448E0,2.758056521E-1,1.523345262E-1,-3.168863431E-2
5.778332414E0,2.739730477E-1,1.431715488E-1,-2.680171281E-2
5.780332380E0,2.751947939E-1,1.340085566E-1,-2.435825206E-2
5.782331480E0,2.764165103E-1,1.346194297E-1,-2.313652076E-2
5.784330613E0,2.764165103E-1,1.346194297E-1,-2.313652076E-2
5.786330579E0,2.849686444E-1,1.364520192E-1,-1.947133057E-2
5.788330545E0,2.880229652E-1,1.370628923E-1,-1.886046492E-2
5.790329511E0,2.953533530E-1,1.395063549E-1,-1.947133057E-2
5.792329477E0,2.984076738E-1,1.333976984E-1,-1.702786796E-2
5.794329477E0,2.977968156E-1,1.327868253E-1,-1.580613852E-2
5.796329510E0,2.971859276E-1,1.205695271E-1,-9.697485715E-3
5.798329543E0,2.971859276E-1,1.071304902E-1,-6.643159315E-3
5.800329576E0,2.984076738E-1,9.796751291E-2,-2.367102774E-3
5.802330476E0,2.892446816E-1,8.330674469E-2,1.908953884E-3
5.804331409E0,2.855795026E-1,6.375905871E-2,1.298088697E-3
5.806331442E0,2.806925774E-1,5.826127157E-2,-1.145372284E-3
5.808331475E0,2.764165103E-1,4.848742858E-2,-7.254024968E-3
5.810331475E0,2.641992271E-1,4.482223839E-2,-1.519527286E-2
5.812331441E0,2.654209435E-1,4.604396969E-2,-1.763873361E-2
5.814331407E0,2.574796975E-1,5.520694703E-2,-2.985603921E-2
5.816331373E0,2.556470931E-1,6.314819306E-2,-3.718642145E-2
5.818331339E0,2.617557645E-1,6.681338698E-2,-4.207334295E-2
5.820331305E0,2.648100853E-1,7.047858089E-2,-4.940372705E-2
5.822330405E0,2.611449063E-1,7.903069258E-2,-6.039930135E-2
5.824329505E0,2.611449063E-1,7.903069258E-2,-6.039930135E-2
5.826329505E0,2.751947939E-1,8.636107296E-2,-6.895141304E-2
5.828329505E0,2.922990322E-1,9.185886383E-2,-7.139487565E-2
5.830329505E0,3.020728528E-1,9.002626687E-2,-7.078400999E-2
5.832329505E0,3.301726580E-1,9.491318464E-2,-7.017314434E-2
5.834329505E0,3.423899710E-1,1.162934676E-1,-7.567093521E-2
5.836329505E0,3.582724631E-1,1.303433776E-1,-7.994698733E-2
5.838329505E0,3.863722682E-1,1.486693323E-1,-9.155342728E-2
5.840329505E0,4.181372523E-1,1.682170182E-1,-1.062141955E-1
5.842330371E0,4.364632070E-1,1.737148017E-1,-1.135445759E-1
5.844331237E0,4.621195495E-1,1.822669208E-1,-1.220966876E-1
5.846331270E0,4.951062799E-1,1.957059503E-1,-1.263727546E-1
5.848331303E0,5.164865851E-1,2.085341215E-1,-1.324813962E-1
5.850331336E0,5.488623977E-1,2.293035388E-1,-1.422552466E-1
5.852331369E0,6.001750827E-1,2.470186353E-1,-1.569160074E-1
5.854331402E0,6.123924255E-1,2.580142021E-1,-1.654681265E-1
5.856331402E0,6.484334469E-1,2.653445899E-1,-1.770745665E-1
5.858331368E0,6.856962442E-1,2.781727612E-1,-1.892918646E-1
5.860331334E0,6.997461319E-1,2.848922908E-1,-1.947896481E-1
5.862330434E0,7.260133624E-1,2.757292986E-1,-1.996765733E-1
5.864331400E0,7.577783465E-1,2.964987159E-1,-2.039526403E-1
5.866331366E0,7.791585922E-1,3.325397670E-1,-2.186134011E-1
5.868331332E0,8.487972617E-1,3.893502355E-1,-2.656500340E-1
5.870331298E0,9.318749309E-1,4.418846369E-1,-3.206278980E-1
5.872331298E0,9.874636531E-1,4.791474342E-1,-3.517820239E-1
5.874331331E0,1.060767531E0,5.084689856E-1,-4.079816341E-1
5.876331364E0,1.104138970E0,4.876995385E-1,-4.507421851E-1
5.878331397E0,1.110858440E0,4.712061882E-1,-4.647921026E-1
5.880331430E0,1.099251986E0,4.412737787E-1,-4.696790278E-1
5.882332330E0,1.047939301E0,4.235586822E-1,-4.489096105E-1
5.884333263E0,1.016174316E0,4.198935032E-1,-4.311945140E-1
5.886333296E0,9.697485566E-1,4.137848318E-1,-3.969860375E-1
5.888333329E0,9.202684760E-1,4.082870483E-1,-3.633884490E-1
5.890333329E0,8.964447379E-1,4.027892649E-1,-3.468950987E-1
5.892333329E0,8.353582025E-1,4.003458023E-1,-3.273474276E-1
5.894333329E0,7.907650471E-1,3.905719519E-1,-3.163518310E-1
5.896333329E0,7.614435554E-1,3.801872432E-1,-3.120757937E-1
5.898333329E0,7.156286240E-1,3.618612885E-1,-3.132975101E-1
5.900333329E0,6.673702598E-1,3.349832296E-1,-3.157409728E-1
5.902332462E0,5.928447247E-1,2.885574698E-1,-3.291800022E-1
5.904331862E0,5.928447247E-1,2.885574698E-1,-3.291800022E-1
5.906331828E0,5.543602109E-1,2.574033439E-1,-3.468950987E-1
5.908331794E0,5.348125100E-1,2.250274867E-1,-3.670536578E-1
5.910331760E0,5.256495476E-1,2.170862406E-1,-3.743840456E-1
5.912331726E0,5.122104883E-1,2.005928755E-1,-3.951534629E-1
5.914331692E0,5.103778839E-1,1.963168234E-1,-4.153120220E-1
5.916331658E0,5.207626224E-1,1.914298981E-1,-4.250858426E-1
5.918331658E0,5.323690772E-1,1.871538460E-1,-4.403574765E-1
5.920331658E0,5.549710989E-1,1.834886521E-1,-4.605160356E-1
5.922332558E0,5.794056654E-1,1.865429729E-1,-4.660138190E-1
5.924331591E0,6.068946123E-1,1.865429729E-1,-4.837289155E-1
5.926331624E0,6.417139173E-1,1.883755773E-1,-4.977788031E-1
5.928331657E0,6.624833345E-1,1.902081668E-1,-5.057200789E-1
5.930331690E0,6.985244155E-1,1.926516294E-1,-5.191590786E-1
5.932331723E0,7.541131377E-1,1.950950921E-1,-5.380959511E-1
5.934331723E0,7.846564054E-1,1.987602860E-1,-5.442045927E-1
5.936331689E0,8.292495608E-1,2.018146068E-1,-5.606979132E-1
5.938331655E0,8.732318878E-1,2.115884423E-1,-5.778021812E-1
5.940331621E0,9.031642675E-1,2.158645093E-1,-5.857434273E-1
5.942330721E0,9.666942358E-1,2.354121953E-1,-6.144540906E-1
5.944329787E0,9.831876159E-1,2.415208519E-1,-6.315582991E-1
5.946329753E0,1.011287451E0,2.464077622E-1,-6.523277164E-1
5.948329719E0,1.055269718E0,2.506838143E-1,-6.865361929E-1
5.950329719E0,1.088867307E0,2.537381649E-1,-7.231881022E-1
5.952329752E0,1.112080216E0,2.519055605E-1,-7.427358031E-1
5.954329785E0,1.155451655E0,2.561815977E-1,-7.861071825E-1
5.956329818E0,1.198212147E0,2.690097690E-1,-8.319221139E-1
5.958329851E0,1.222646832E0,2.732858360E-1,-8.600218892E-1
5.960329884E0,1.275181174E0,2.885574698E-1,-9.076694250E-1
5.962330784E0,1.341154695E0,3.001639247E-1,-9.547060132E-1
5.964331384E0,1.369865298E0,3.117703497E-1,-9.797514677E-1
5.966331417E0,1.411404133E0,3.282637000E-1,-1.031675100E0
5.968331417E0,1.455997348E0,3.484222591E-1,-1.085431218E0
5.970331417E0,1.478599310E0,3.588069677E-1,-1.111698389E0
5.972331417E0,1.539075017E0,3.832415938E-1,-1.164843678E0
5.974331417E0,1.599550605E0,4.168391824E-1,-1.223486781E0
5.976331417E0,1.635591745E0,4.302782118E-1,-1.253419161E0
5.978331417E0,1.688736916E0,4.632649422E-1,-1.321835995E0
5.980331417E0,1.736384511E0,4.864778221E-1,-1.395139813E0
5.982330517E0,1.808466554E0,5.115233064E-1,-1.495321751E0
5.984329583E0,1.808466554E0,5.115233064E-1,-1.495321751E0
5.986329549E0,1.822516441E0,5.298492312E-1,-1.561906099E0
5.988329515E0,1.795638442E0,5.512295365E-1,-1.597947121E0
5.990328748E0,1.752267003E0,5.891031623E-1,-1.646816373E0
5.992328714E0,1.766927719E0,6.031530499E-1,-1.668807507E0
5.994328680E0,1.779755950E0,6.172029972E-1,-1.674305320E0
5.996328680E0,1.798081875E0,6.324746013E-1,-1.671250939E0
5.998328680E0,1.795638442E0,6.330854893E-1,-1.670640111E0
6.000328713E0,1.768760324E0,6.404158473E-1,-1.668807507E0
6.002329613E0,1.659415483E0,6.514114141E-1,-1.654757619E0
6.004330546E0,1.568396568E0,6.263659596E-1,-1.626657844E0
6.006330579E0,1.534188032E0,5.933791995E-1,-1.604055762E0
6.008330612E0,1.513418674E0,5.151884556E-1,-1.552743077E0
6.010330645E0,1.484097123E0,4.626540542E-1,-1.500819564E0
6.012330645E0,1.463327646E0,4.369977117E-1,-1.476995826E0
6.014330611E0,1.466382027E0,3.905719519E-1,-1.442787409E0
6.016330577E0,1.422399759E0,3.869067729E-1,-1.425072312E0
6.018330543E0,1.385136962E0,3.807981312E-1,-1.428737402E0
6.020330509E0,1.383915186E0,3.771329224E-1,-1.448896050E0
6.022329609E0,1.443169117E0,3.459787965E-1,-1.504484773E0
6.024329009E0,1.443169117E0,3.459787965E-1,-1.504484773E0
6.026328975E0,1.538464069E0,3.209333420E-1,-1.551521420E0
6.028328975E0,1.592220306E0,3.777438104E-1,-1.605888367E0
6.030328975E0,1.577559471E0,4.767039716E-1,-1.692020416E0
6.032328975E0,1.546405315E0,5.384013653E-1,-1.745776534E0
6.034328975E0,1.506699085E0,6.385832429E-1,-1.864895225E0
6.036328975E0,1.518305540E0,6.978371739E-1,-2.014557123E0
6.038328975E0,1.540296674E0,7.234935164E-1,-2.098245859E0
6.040328975E0,1.612378836E0,7.760279179E-1,-2.267455339E0
6.042329841E0,1.686293483E0,8.487209082E-1,-2.407343626E0
6.044330741E0,1.719891071E0,8.896488547E-1,-2.463543177E0
6.046330774E0,1.785864592E0,9.788352251E-1,-2.557616472E0
6.048330807E0,1.853059769E0,1.094288707E0,-2.655354977E0
6.050331573E0,1.879937768E0,1.126664639E0,-2.701780558E0
6.052331606E0,1.936748266E0,1.158429623E0,-2.811125517E0
6.054331639E0,1.986839175E0,1.140103579E0,-2.903976917E0
6.056331672E0,1.994169593E0,1.132162333E0,-2.935741901E0
6.058331705E0,2.039373636E0,1.119334221E0,-2.962009192E0
6.060331705E0,2.071749449E0,1.116890788E0,-2.962620020E0
6.062330805E0,2.074193001E0,1.109560370E0,-2.927800655E0
6.064329871E0,2.074193001E0,1.109560370E0,-2.927800655E0
6.066329837E0,2.058921337E0,1.112614632E0,-2.893592358E0
6.068329803E0,2.078469038E0,1.106505990E0,-2.872823000E0
6.070329769E0,2.060753822E0,1.107727766E0,-2.818455935E0
6.072329735E0,2.039984465E0,1.089401841E0,-2.775084496E0
6.074329735E0,2.030821562E0,1.069854140E0,-2.760423660E0
6.076329735E0,1.999056458E0,1.025260925E0,-2.746373892E0
6.078329768E0,1.948354721E0,9.910525084E-1,-2.729269505E0
6.080329801E0,1.936137438E0,9.800569415E-1,-2.719495773E0
6.082330701E0,1.926974416E0,9.391289353E-1,-2.682232857E0
6.084331301E0,1.876272559E0,8.804858923E-1,-2.621757269E0
6.086331334E0,1.851227164E0,8.536078334E-1,-2.582661867E0
6.088331367E0,1.729664922E0,8.303949237E-1,-2.479425669E0
6.090331400E0,1.664302349E0,8.224536777E-1,-2.345646143E0
6.092331433E0,1.560455322E0,8.077929020E-1,-2.270509720E0
6.094331433E0,1.545794487E0,7.509824634E-1,-2.142228127E0
6.096331433E0,1.590387702E0,6.642395854E-1,-2.040824413E0
6.098331433E0,1.561066151E0,6.165921092E-1,-1.993787766E0
6.100331433E0,1.534798980E0,5.261840224E-1,-1.923538327E0
6.102330566E0,1.421788812E0,4.107305110E-1,-1.778152347E0
6.104330199E0,1.421788812E0,4.107305110E-1,-1.778152347E0
6.106330165E0,1.365589261E0,3.368158340E-1,-1.649870634E0
6.108330131E0,1.331380844E0,2.592359483E-1,-1.515480280E0
6.110330097E0,1.325272202E0,1.926516294E-1,-1.454393744E0
6.112330063E0,1.324050426E0,7.231117040E-2,-1.349324942E0
6.114330029E0,1.320996046E0,-9.017898142E-2,-1.228373647E0
6.116329995E0,1.306335330E0,-1.818087697E-1,-1.167287111E0
6.118329961E0,1.290452838E0,-3.760639131E-1,-1.045114040E0
6.120329927E0,1.256244421E0,-5.782603025E-1,-9.321039915E-1
6.122330793E0,1.245248795E0,-6.759987473E-1,-8.807913065E-1
6.124331726E0,1.212262034E0,-8.720865250E-1,-8.007679582E-1
6.126331759E0,1.190270901E0,-1.061454773E0,-7.427358031E-1
6.128331792E0,1.186605692E0,-1.145143270E0,-7.170794606E-1
6.130331825E0,1.166447163E0,-1.285031438E0,-6.798166633E-1
6.132331858E0,1.146288633E0,-1.382769823E0,-6.572146416E-1
6.134331891E0,1.131627917E0,-1.412091374E0,-6.419430375E-1
6.136331924E0,1.117577910E0,-1.456073642E0,-5.680283308E-1
6.138331924E0,1.127351761E0,-1.500666857E0,-4.079816341E-1
6.140331890E0,1.107804179E0,-1.518992782E0,-1.886810064E-1
6.142330990E0,1.071152210E0,-1.484173417E0,1.222494096E-1
6.144330090E0,1.071152210E0,-1.484173417E0,1.222494096E-1
6.146330056E0,9.709703326E-1,-1.471345305E0,2.694679201E-1
6.148330022E0,8.872817755E-1,-1.458517075E0,3.391065598E-1
6.150329988E0,7.021896243E-1,-1.318018079E0,5.205335617E-1
6.152329954E0,4.651738703E-1,-1.310076833E0,6.353762150E-1
6.154329954E0,3.436116874E-1,-1.380937219E0,6.543130279E-1
6.156329987E0,1.059851199E-1,-1.560531616E0,6.610325575E-1
6.158330020E0,-7.544185966E-2,-1.688202500E0,6.262132525E-1
6.160330053E0,-1.609629989E-1,-1.719356537E0,5.987243056E-1
6.162330953E0,-3.032945991E-1,-1.740126014E0,5.211443901E-1
6.164331353E0,-4.346306324E-1,-1.740736842E0,4.319580793E-1
6.166331386E0,-5.018258095E-1,-1.741347790E0,3.812562823E-1
6.168331419E0,-6.478226185E-1,-1.743180394E0,2.725222707E-1
6.170331452E0,-7.864890099E-1,-1.749289036E0,1.570687294E-1
6.172331452E0,-8.604037166E-1,-1.750510693E0,1.051451787E-1
6.174331452E0,-9.581421614E-1,-1.758451939E0,1.908953884E-3
6.176331452E0,-1.029002547E0,-1.765782356E0,-9.033169597E-2
6.178331452E0,-1.052215338E0,-1.768225789E0,-1.269836128E-1
6.180331452E0,-1.093754172E0,-1.783497453E0,-1.960113794E-1
6.182330585E0,-1.148732066E0,-1.818316817E0,-2.772564590E-1
6.184329651E0,-1.148732066E0,-1.818316817E0,-2.772564590E-1
6.186329617E0,-1.160338521E0,-1.845194817E0,-3.236822188E-1
6.188329583E0,-1.169501543E0,-1.894674897E0,-3.725514412E-1
6.190329549E0,-1.160338521E0,-1.920331240E0,-3.988186419E-1
6.192329515E0,-1.140179992E0,-1.964924455E0,-4.556291103E-1
6.194329481E0,-1.088256478E0,-1.986304760E0,-5.179373622E-1
6.196329447E0,-1.055880547E0,-1.992413402E0,-5.588653684E-1
6.198329413E0,-9.666942358E-1,-1.998522043E0,-6.456081867E-1
6.200329413E0,-8.451320529E-1,-1.988748193E0,-7.384597063E-1
6.202330313E0,-7.724391222E-1,-1.977752566E0,-7.836637497E-1
6.204331213E0,-5.958990455E-1,-1.953928828E0,-8.642979860E-1
6.206331246E0,-4.016439021E-1,-1.917887807E0,-9.412670135E-1
6.208331279E0,-3.045163155E-1,-1.891620636E0,-9.760863185E-1
6.210331312E0,-1.090394482E-1,-1.829312325E0,-1.036561966E0
6.212331345E0,6.383541971E-2,-1.781664848E0,-1.092150688E0
6.214331378E0,1.530217379E-1,-1.747456431E0,-1.120861411E0
6.216331378E0,3.142901659E-1,-1.710804462E0,-1.177671790E0
6.218331344E0,4.505131245E-1,-1.678428650E0,-1.230206251E0
6.220331310E0,5.103778839E-1,-1.660102606E0,-1.254029989E0
6.222330410E0,6.582072973E-1,-1.612455130E0,-1.306564450E0
6.224329476E0,6.979135275E-1,-1.604513884E0,-1.318781734E0
6.226329442E0,7.290676832E-1,-1.595350981E0,-1.331609845E0
6.228329408E0,7.693848014E-1,-1.578857541E0,-1.356044531E0
6.230329374E0,8.084801435E-1,-1.555644751E0,-1.380479097E0
6.232329374E0,8.213083148E-1,-1.526934028E0,-1.389642119E0
6.234329407E0,8.304712772E-1,-1.440191150E0,-1.400026798E0
6.236329440E0,8.323038816E-1,-1.322294235E0,-1.407968044E0
6.238329473E0,8.298604488E-1,-1.247768641E0,-1.410411477E0
6.240329506E0,8.200865984E-1,-1.081002355E0,-1.412244081E0
6.242330406E0,8.158105612E-1,-9.124035835E-1,-1.412244081E0
6.244331339E0,8.060367107E-1,-8.311585188E-1,-1.409800649E0
6.246331372E0,8.066475391E-1,-6.814965606E-1,-1.397583365E0
6.248331405E0,7.974845767E-1,-5.361106396E-1,-1.381700873E0
6.250331405E0,7.913759351E-1,-4.725806117E-1,-1.367040038E0
6.252331405E0,7.748825550E-1,-3.528510332E-1,-1.329166412E0
6.254331405E0,7.461718917E-1,-2.581669390E-1,-1.273577690E0
6.256331405E0,7.290676832E-1,-2.251801938E-1,-1.243034363E0
6.258331405E0,6.930266023E-1,-1.592067480E-1,-1.177671790E0
6.260331405E0,6.417139173E-1,-9.873109311E-2,-1.112309217E0
6.262330505E0,5.653557777E-1,-8.933904581E-3,-1.019457698E0
6.264329905E0,5.653557777E-1,-8.933904581E-3,-1.019457698E0
6.266329871E0,5.244278312E-1,5.093089119E-2,-9.693667889E-1
6.268329837E0,4.804455042E-1,1.089630872E-1,-9.229410291E-1
6.270329803E0,4.633412957E-1,1.352302879E-1,-9.064476490E-1
6.272329769E0,4.291328490E-1,1.639409661E-1,-8.807913065E-1
6.274329735E0,4.040873647E-1,1.889864355E-1,-8.545241356E-1
6.276329701E0,3.924809098E-1,1.975385547E-1,-8.435285687E-1
6.278329701E0,3.625485301E-1,2.262492180E-1,-8.129853010E-1
6.280329734E0,3.356704414E-1,2.647337317E-1,-7.757225037E-1
6.282330634E0,3.307835162E-1,2.812270820E-1,-7.598400116E-1
6.284331567E0,2.996293902E-1,3.050508201E-1,-7.231881022E-1
6.286331600E0,3.045163155E-1,2.836705446E-1,-6.981425881E-1
6.288331633E0,3.069597781E-1,2.641228735E-1,-6.785949469E-1
6.290331666E0,3.100140989E-1,2.512947023E-1,-6.168975234E-1
6.292331699E0,2.788599730E-1,3.087160289E-1,-5.399284959E-1
6.294331699E0,2.562579811E-1,3.459787965E-1,-5.057200789E-1
6.296331399E0,2.196060568E-1,4.143957198E-1,-4.336379766E-1
6.298331365E0,1.988366395E-1,4.650975168E-1,-3.768275082E-1
6.300331331E0,1.939497143E-1,4.748713672E-1,-3.462842405E-1
6.302330431E0,1.829541475E-1,4.736496508E-1,-2.699260712E-1
6.304329497E0,1.701259762E-1,4.803691506E-1,-2.430480123E-1
6.306329463E0,1.566869318E-1,4.950299263E-1,-2.247220576E-1
6.308329429E0,1.151480973E-1,5.054146051E-1,-1.929570585E-1
6.310329429E0,7.971791178E-2,5.445100069E-1,-1.434769779E-1
6.312329429E0,7.116580009E-2,5.781075954E-1,-9.705121815E-2
6.314329429E0,1.802052557E-2,6.605743766E-1,4.039346427E-2
6.316329429E0,-3.940080851E-2,7.259370089E-1,2.022727579E-1
6.318329429E0,-8.582656831E-2,7.326564789E-1,2.847395539E-1
6.320329429E0,-1.811215430E-1,6.825655699E-1,4.533383846E-1
6.322330295E0,-2.660318017E-1,5.585598946E-1,6.201046109E-1
6.324330861E0,-3.136793077E-1,4.724279046E-1,7.007387877E-1
6.326330861E0,-3.686571717E-1,3.154355288E-1,8.546768427E-1
6.328330894E0,-4.004221559E-1,1.908190250E-1,9.658542871E-1
6.330330927E0,-4.108068645E-1,1.395063549E-1,1.014112711E0
6.332330960E0,-4.071416855E-1,4.482223839E-2,1.091081738E0
6.334330993E0,-3.875939846E-1,-5.108360574E-2,1.155833364E0
6.336331026E0,-3.711006343E-1,-1.066723466E-1,1.178435445E0
6.338331059E0,-3.265074790E-1,-2.037999183E-1,1.216919899E0
6.340331059E0,-2.800817192E-1,-2.758820057E-1,1.228526354E0
6.342330192E0,-1.524108797E-1,-3.467423916E-1,1.201648355E0
6.344331192E0,-1.524108797E-1,-3.467423916E-1,1.201648355E0
6.346331158E0,-9.437867999E-2,-4.017202556E-1,1.157055140E0
6.348331124E0,-6.444628537E-2,-4.359287024E-1,1.129566193E0
6.350331090E0,-1.496619824E-2,-5.116760135E-1,1.072144866E0
6.352331056E0,1.924225502E-2,-5.782603025E-1,1.015334368E0
6.354331022E0,3.817907721E-2,-5.904776454E-1,9.902889132E-1
6.356331288E0,1.469130963E-1,-4.896848500E-1,9.524152875E-1
6.358331321E0,2.397646159E-1,-3.039818108E-1,8.943830729E-1
6.360331354E0,2.654209435E-1,-2.642755806E-1,8.662832975E-1
6.362332254E0,2.849686444E-1,-2.887101769E-1,8.216901422E-1
6.364333187E0,2.666426897E-1,-3.717878461E-1,7.942011952E-1
6.366333220E0,2.654209435E-1,-4.066071808E-1,7.801512480E-1
6.368333253E0,2.635883391E-1,-4.249331355E-1,7.502188683E-1
6.370333286E0,2.861903608E-1,-3.931681514E-1,7.123452425E-1
6.372333319E0,3.087923825E-1,-3.528510332E-1,6.995170712E-1
6.374333319E0,3.436116874E-1,-2.703842223E-1,6.854671836E-1
6.376333319E0,3.558290005E-1,-2.086868435E-1,6.738607287E-1
6.378333319E0,3.265074790E-1,-2.044107765E-1,6.634759903E-1
6.380333319E0,2.892446816E-1,-2.880993187E-1,6.598108411E-1
6.382332452E0,1.585195363E-1,-6.393468380E-1,7.288386226E-1
6.384331918E0,1.585195363E-1,-6.393468380E-1,7.288386226E-1
6.386331918E0,9.743300825E-2,-8.366563320E-1,8.253552914E-1
6.388331884E0,8.399397135E-2,-8.024478555E-1,9.414197206E-1
6.390331850E0,1.591303945E-1,-5.703190565E-1,1.037936449E0
6.392331816E0,1.805106848E-1,-4.615850449E-1,1.083751321E0
6.394331782E0,1.951714456E-1,-2.086868435E-1,1.170494199E0
6.396331748E0,1.866193265E-1,4.787656292E-2,1.249906659E0
6.398331714E0,1.756237596E-1,1.217912585E-1,1.292667270E0
6.400331680E0,1.432479024E-1,1.914298981E-1,1.380631804E0
6.402332513E0,1.157589629E-1,1.749365330E-1,1.470428944E0
6.404331479E0,9.926560521E-2,1.419498175E-1,1.513189554E0
6.406331512E0,8.765916526E-2,7.292203605E-2,1.579773903E0
6.408331545E0,9.071348608E-2,2.710714564E-2,1.635362625E0
6.410331578E0,9.987647086E-2,8.781188168E-3,1.647579908E0
6.412331611E0,9.804387391E-2,-5.902485549E-2,1.622534394E0
6.414331644E0,8.704829961E-2,-1.366047412E-1,1.579163074E0
6.416331677E0,8.338310570E-2,-1.647045463E-1,1.565724015E0
6.418331677E0,6.139195710E-2,-2.538908720E-1,1.491809249E0
6.420331677E0,8.857546374E-3,-4.004985392E-1,1.369025350E0
6.422330777E0,-5.345070735E-2,-6.216317415E-1,1.277395606E0
6.424329843E0,-5.345070735E-2,-6.216317415E-1,1.277395606E0
6.426329809E0,-6.017022580E-2,-7.065420151E-1,1.249295831E0
6.428329775E0,-5.161811411E-2,-7.303657532E-1,1.238911033E0
6.430329741E0,-3.940080851E-2,-7.450265288E-1,1.210811257E0
6.432329707E0,-3.023782931E-2,-7.297548652E-1,1.182711482E0
6.434329707E0,-2.840523422E-2,-7.157049775E-1,1.164385557E0
6.436329740E0,-2.779436857E-2,-6.900486350E-1,1.119181514E0
6.438329773E0,-1.802052557E-2,-6.613379717E-1,1.065425396E0
6.440329806E0,-1.618792862E-2,-6.460663676E-1,1.038547277E0
6.442330706E0,-7.635815535E-3,-6.246860623E-1,9.695194960E-1
6.444331272E0,1.924225502E-2,-6.277403831E-1,8.998808861E-1
6.446331305E0,2.657263726E-2,-6.289620996E-1,8.656724095E-1
6.448331338E0,5.039638281E-2,-6.216317415E-1,8.045858741E-1
6.450331371E0,8.216137439E-2,-6.026949286E-1,7.428885102E-1
6.452331371E0,9.560041130E-2,-5.935319662E-1,7.092909217E-1
6.454331371E0,1.346957833E-1,-5.666538477E-1,6.402631402E-1
6.456331371E0,1.725694388E-1,-5.342780352E-1,5.687919259E-1
6.458331371E0,1.921171248E-1,-5.159520507E-1,5.321399570E-1
6.460331371E0,2.299907655E-1,-4.817436039E-1,4.570035636E-1
6.462330504E0,2.849686444E-1,-4.255439937E-1,3.415500224E-1
6.464329604E0,2.849686444E-1,-4.255439937E-1,3.415500224E-1
6.466329570E0,3.136793077E-1,-3.742313087E-1,2.676353455E-1
6.468329536E0,3.509420753E-1,-3.033709526E-1,1.943315119E-1
6.470329502E0,3.631593883E-1,-2.728276849E-1,1.601230502E-1
6.472329468E0,3.869831264E-1,-2.190715522E-1,8.743008971E-2
6.474329434E0,4.083634019E-1,-1.665371358E-1,3.550654277E-2
6.476329400E0,4.218024611E-1,-1.347721517E-1,1.107193250E-2
6.478329366E0,4.327980280E-1,-6.696610153E-2,-1.580613852E-2
6.480329332E0,4.382958114E-1,1.916589774E-2,-3.840815276E-2
6.482330198E0,4.413501322E-1,6.436992437E-2,-4.696026444E-2
6.484331131E0,4.492913783E-1,1.395063549E-1,-5.551237985E-2
6.486331164E0,4.499022663E-1,2.054798007E-1,-4.818199575E-2
6.488331197E0,4.547891617E-1,2.348013222E-1,-4.390593991E-2
6.490331230E0,4.676173329E-1,2.879466116E-1,-2.252565511E-2
6.492331263E0,4.743368626E-1,3.343723714E-1,-1.756237587E-3
6.494331296E0,4.804455042E-1,3.526983261E-1,1.046106778E-2
6.496331296E0,4.883867502E-1,3.899610937E-1,3.306308016E-2
6.498331296E0,4.926628172E-1,4.266130030E-1,6.543894112E-2
6.500331262E0,4.932736754E-1,4.583780169E-1,1.014799923E-1
6.502330362E0,4.810563922E-1,4.907538593E-1,1.595121920E-1
6.504329862E0,4.810563922E-1,4.907538593E-1,1.595121920E-1
6.506329828E0,4.725042582E-1,5.048037767E-1,1.998292953E-1
6.508329794E0,4.627304375E-1,5.133558512E-1,2.205987126E-1
6.510329760E0,4.505131245E-1,5.286275148E-1,2.560288906E-1
6.512329760E0,4.273002446E-1,5.432882905E-1,2.853504419E-1
6.514329793E0,4.181372523E-1,5.518403649E-1,3.000111878E-1
6.516329826E0,3.875939846E-1,5.689446330E-1,3.372739851E-1
6.518329859E0,3.649919927E-1,5.994879007E-1,3.647629023E-1
6.520329892E0,3.484986126E-1,6.172029972E-1,3.800345361E-1
6.522330792E0,3.185662329E-1,6.508005857E-1,4.020256996E-1
6.524331725E0,2.929098904E-1,6.917285323E-1,4.240168333E-1
6.526331758E0,2.751947939E-1,7.100545168E-1,4.313472211E-1
6.528331791E0,2.452623993E-1,7.540367842E-1,4.429536462E-1
6.530331791E0,2.141082734E-1,7.931321859E-1,4.539492428E-1
6.532331791E0,2.000583708E-1,8.139016032E-1,4.606687427E-1
6.534331791E0,1.634064466E-1,8.505535126E-1,4.679991305E-1
6.536331791E0,1.291979998E-1,8.737663627E-1,4.698317349E-1
6.538331791E0,1.084285825E-1,8.847619295E-1,4.722751975E-1
6.540331791E0,7.177666575E-2,9.110291600E-1,4.808273017E-1
6.542330924E0,2.290744707E-2,9.641744494E-1,4.814381599E-1
6.544329990E0,2.290744707E-2,9.641744494E-1,4.814381599E-1
6.546329956E0,-6.414085161E-3,1.002048135E0,4.832707644E-1
6.548329922E0,-3.329215571E-2,1.038089156E0,4.771621227E-1
6.550329888E0,-4.612032697E-2,1.052749872E0,4.759403765E-1
6.552329854E0,-6.933320314E-2,1.083904028E0,4.704425931E-1
6.554329820E0,-8.949175477E-2,1.118723392E0,4.692208767E-1
6.556329786E0,-1.017090604E-1,1.134605885E0,4.716643393E-1
6.558329452E0,-1.175915599E-1,1.166981697E0,4.710534513E-1
6.560329452E0,-1.310305893E-1,1.189583659E0,4.734969139E-1
6.562330352E0,-1.389718503E-1,1.200579286E0,4.777729809E-1
6.564330852E0,-1.487456858E-1,1.214629173E0,4.783838391E-1
6.566330885E0,-1.554652005E-1,1.227457404E0,4.851033688E-1
6.568330918E0,-1.615738571E-1,1.234176874E0,4.906011522E-1
6.570330951E0,-1.713477075E-1,1.245172501E0,5.028184652E-1
6.572330984E0,-1.792889535E-1,1.254335403E0,5.162574649E-1
6.574330984E0,-1.860084683E-1,1.263498425E0,5.278639197E-1
6.576330984E0,-1.915062517E-1,1.278770089E0,5.449681282E-1
6.578330950E0,-1.939497143E-1,1.300761223E0,5.632941127E-1
6.580330916E0,-1.933388561E-1,1.311145902E0,5.724570751E-1
6.582330016E0,-1.988366395E-1,1.350852132E0,6.072764397E-1
6.584331049E0,-2.025018334E-1,1.362458587E0,6.158285141E-1
6.586331015E0,-2.055561543E-1,1.375286698E0,6.298784018E-1
6.588330981E0,-2.092213482E-1,1.397888780E0,6.549239159E-1
6.590330981E0,-2.147191316E-1,1.419269085E0,6.793584824E-1
6.592330981E0,-2.226603776E-1,1.429042935E0,6.903541088E-1
6.594331014E0,-2.220495194E-1,1.441871047E0,7.117343545E-1
6.596331047E0,-2.470949888E-1,1.458975315E0,7.312820554E-1
6.598331080E0,-2.409863323E-1,1.461418748E0,7.422776222E-1
6.600331113E0,-2.507601976E-1,1.469970822E0,7.551057935E-1
6.602332013E0,-2.599231601E-1,1.471192598E0,7.654905319E-1
6.604332946E0,-2.593123019E-1,1.467527390E0,7.642687559E-1
6.606332979E0,-2.660318017E-1,1.430875421E0,7.325037718E-1
6.608332979E0,-2.593123019E-1,1.239674687E0,4.093560576E-1
6.610332979E0,-2.415972054E-1,1.042365193E0,3.250566721E-1
6.612332979E0,-2.507601976E-1,7.980191112E-1,2.175443918E-1
6.614332979E0,-2.825251818E-1,7.234935164E-1,6.421720982E-2
6.616332979E0,-3.075706363E-1,7.088327408E-1,-1.214094646E-2
6.618333279E0,-3.442225754E-1,6.996697783E-1,-1.477530301E-1
6.620333279E0,-3.882048726E-1,6.960045695E-1,-2.632065713E-1
6.622332379E0,-4.291328490E-1,7.076110244E-1,-3.829361498E-1
6.624331512E0,-4.291328490E-1,7.076110244E-1,-3.829361498E-1
6.626331478E0,-4.572326243E-1,7.021132708E-1,-4.324162304E-1
6.628331444E0,-4.926628172E-1,6.880633235E-1,-4.666246772E-1
6.630331410E0,-5.103778839E-1,6.831763983E-1,-4.654029608E-1
6.632331376E0,-5.372560024E-1,6.831763983E-1,-4.629594982E-1
6.634331342E0,-5.732970238E-1,6.850090027E-1,-4.476878643E-1
6.636331308E0,-5.763513446E-1,6.837872863E-1,-4.440226853E-1
6.638331308E0,-6.081163287E-1,6.617961526E-1,-4.336379766E-1
6.640331341E0,-6.252205968E-1,6.330854893E-1,-4.311945140E-1
6.642332241E0,-6.301075220E-1,6.153703928E-1,-4.263075888E-1
6.644331207E0,-6.386595964E-1,5.884923339E-1,-4.287510514E-1
6.646331240E0,-6.417139173E-1,5.512295365E-1,-4.421900809E-1
6.648331273E0,-6.478226185E-1,5.316818357E-1,-4.550182521E-1
6.650331306E0,-6.722571850E-1,4.791474342E-1,-5.167156458E-1
6.652331339E0,-6.856962442E-1,3.789655268E-1,-6.040693521E-1
6.654331339E0,-6.930266023E-1,3.197115958E-1,-6.517168880E-1
6.656331305E0,-7.034113407E-1,2.018146068E-1,-7.390705943E-1
6.658331271E0,-6.814202070E-1,1.059087589E-1,-8.172613382E-1
6.660331237E0,-6.698137522E-1,6.742425263E-2,-8.539132476E-1
6.662330337E0,-6.154467463E-1,-8.407033235E-2,-9.400452375E-1
6.664329403E0,-5.904012322E-1,-1.408807933E-1,-9.657015800E-1
6.666329369E0,-5.604688525E-1,-2.044107765E-1,-9.864709973E-1
6.668329369E0,-5.036584139E-1,-3.565162420E-1,-1.035340190E0
6.670329369E0,-4.871650338E-1,-5.348888636E-1,-1.078711629E0
6.672329369E0,-4.608978331E-1,-6.387359500E-1,-1.097648501E0
6.674329369E0,-4.676173329E-1,-8.134434223E-1,-1.115363598E0
6.676329369E0,-4.944954216E-1,-9.252317548E-1,-1.112920165E0
6.678329369E0,-5.213735104E-1,-9.728792906E-1,-1.098870158E0
6.680329369E0,-5.708535910E-1,-1.074893713E0,-1.065272689E0
6.682330235E0,-6.185010672E-1,-1.190347314E0,-1.016403437E0
6.684331068E0,-6.319400668E-1,-1.237994790E0,-9.992991686E-1
6.686331101E0,-6.575964093E-1,-1.307633400E0,-9.608146548E-1
6.688331134E0,-6.814202070E-1,-1.365054727E0,-9.229410291E-1
6.690331167E0,-6.924157739E-1,-1.403539300E0,-8.985064030E-1
6.692331200E0,-6.942483783E-1,-1.499445081E0,-8.404742479E-1
6.694331233E0,-6.789767146E-1,-1.606957436E0,-7.781659365E-1
6.696331266E0,-6.606507897E-1,-1.668654799E0,-7.476227283E-1
6.698331299E0,-5.910121202E-1,-1.800601721E0,-6.895905137E-1
6.700331299E0,-4.963280261E-1,-1.935602903E0,-6.401104331E-1
6.702330399E0,-3.643811047E-1,-2.109088659E0,-5.674174428E-1
6.704329465E0,-3.643811047E-1,-2.109088659E0,-5.674174428E-1
6.706329431E0,-3.100140989E-1,-2.183614254E0,-4.861723781E-1
6.708329397E0,-3.057380617E-1,-2.211714029E0,-4.342488348E-1
6.710329363E0,-3.118467033E-1,-2.245922327E0,-3.090214431E-1
6.712329329E0,-3.277291954E-1,-2.244700670E0,-1.752419621E-1
6.714329295E0,-3.112358451E-1,-2.239202976E0,-1.031598672E-1
6.716329295E0,-2.587014437E-1,-2.170785904E0,1.779145002E-2
6.718329328E0,-1.982257664E-1,-2.038839102E0,1.155298874E-1
6.720329361E0,-1.621847153E-1,-1.959426641E0,1.503492147E-1
6.722330261E0,-9.132435173E-2,-1.817705870E0,1.723403633E-1
6.724331194E0,-1.618792862E-2,-1.681482911E0,1.393536329E-1
6.726331227E0,1.496619824E-2,-1.610011697E0,1.045343131E-1
6.728331260E0,8.949175477E-2,-1.467680097E0,2.084577642E-2
6.730331293E0,1.505782902E-1,-1.325959325E0,-7.750352472E-2
6.732331326E0,1.792889535E-1,-1.250212073E0,-1.233184189E-1
6.734331326E0,2.189951837E-1,-1.095663190E0,-2.125047445E-1
6.736331326E0,2.532036304E-1,-9.368382096E-1,-2.790890634E-1
6.738331326E0,2.617557645E-1,-8.507062197E-1,-3.053562641E-1
6.740331326E0,2.800817192E-1,-6.839399934E-1,-3.407864571E-1
6.742330459E0,2.715296149E-1,-4.450916946E-1,-3.658319116E-1
6.744329659E0,2.715296149E-1,-4.450916946E-1,-3.658319116E-1
6.746329625E0,2.770273983E-1,-2.911536396E-1,-3.609450161E-1
6.748329591E0,2.641992271E-1,-1.414916664E-1,-3.432299197E-1
6.750329557E0,2.446515262E-1,-1.320996135E-2,-3.175735772E-1
6.752329523E0,2.348776907E-1,4.543310404E-2,-3.041345477E-1
6.754329489E0,2.025018334E-1,1.474476010E-1,-2.845868468E-1
6.756329455E0,1.744020283E-1,2.555707395E-1,-2.625956833E-1
6.758329421E0,1.634064466E-1,3.001639247E-1,-2.418262810E-1
6.760329387E0,1.010981947E-1,3.734677434E-1,-1.972331107E-1
6.762330253E0,6.139195710E-2,4.113413990E-1,-1.446987092E-1
6.764331186E0,3.329215571E-2,4.205043614E-1,-1.196532324E-1
6.766331219E0,-1.435533352E-2,4.137848318E-1,-7.567093521E-2
6.768331252E0,-6.078109145E-2,3.979023397E-1,-3.779728711E-2
6.770331285E0,-7.666359097E-2,3.844633102E-1,-2.130392566E-2
6.772331318E0,-1.127046347E-1,3.661373556E-1,4.352414981E-3
6.774331351E0,-1.322523206E-1,3.533091843E-1,2.267837152E-2
6.776331384E0,-1.359175146E-1,3.520874679E-1,2.756529488E-2
6.778331384E0,-1.475239545E-1,3.484222591E-1,3.917173296E-2
6.780331350E0,-1.463022232E-1,3.472005427E-1,4.405865446E-2
6.782330450E0,-1.481348276E-1,3.508657217E-1,4.772384837E-2
6.784329516E0,-1.481348276E-1,3.508657217E-1,4.772384837E-2
6.786329482E0,-1.377501190E-1,3.490331173E-1,4.589125142E-2
6.788329448E0,-1.340849251E-1,3.490331173E-1,4.711298272E-2
6.790329414E0,-1.249219403E-1,3.435353339E-1,4.955644161E-2
6.792329380E0,-1.102611795E-1,3.325397670E-1,4.955644161E-2
6.794329380E0,-1.078177169E-1,3.258202374E-1,5.199990422E-2
6.796329413E0,-9.376781434E-2,3.148246706E-1,5.505422875E-2
6.798329446E0,-8.032877743E-2,2.971095741E-1,5.871942267E-2
6.800329479E0,-6.872233748E-2,2.903900743E-1,5.810855702E-2
6.802330379E0,-5.772676691E-2,2.745075822E-1,6.604980677E-2
6.804331212E0,-4.367686436E-2,2.531272769E-1,7.215845585E-2
6.806331245E0,-3.390302137E-2,2.415208519E-1,7.826711237E-2
6.808331278E0,-2.107485011E-2,2.225840241E-1,8.315403014E-2
6.810331311E0,-8.857546374E-3,2.018146068E-1,8.804095536E-2
6.812331311E0,4.581489135E-3,1.895972937E-1,9.353873879E-2
6.814331311E0,1.191187184E-2,1.737148017E-1,9.903652966E-2
6.816331311E0,2.046398632E-2,1.584431678E-1,1.020908505E-1
6.818331311E0,3.145955876E-2,1.547779888E-1,1.045343131E-1
6.820331311E0,4.184427112E-2,1.450041384E-1,1.039234474E-1
6.822330444E0,5.589416996E-2,1.352302879E-1,1.002582610E-1
6.824331444E0,5.589416996E-2,1.352302879E-1,1.002582610E-1
6.826331410E0,6.872233748E-2,1.254564524E-1,9.842566401E-2
6.828331376E0,5.467243865E-2,1.187369302E-1,9.598220140E-2
6.830331342E0,6.322455406E-2,1.132391468E-1,9.353873879E-2
6.832331308E0,6.811147183E-2,1.046870351E-1,8.743008971E-2
6.834331274E0,6.566801667E-2,9.613491595E-2,7.948884368E-2
6.836331240E0,6.322455406E-2,9.124799818E-2,7.704538107E-2
6.838331206E0,5.589416996E-2,8.147415519E-2,6.910412759E-2
6.840331206E0,5.711590126E-2,7.047858089E-2,6.116288155E-2
6.842332072E0,4.612032697E-2,6.803511828E-2,5.810855702E-2
6.844333005E0,4.062253982E-2,5.703954399E-2,5.016730726E-2
6.846333038E0,3.390302137E-2,4.726569727E-2,4.222606122E-2
6.848333071E0,2.596177347E-2,4.421137273E-2,3.917173296E-2
6.850333104E0,1.863138936E-2,3.749185428E-2,3.061962128E-2
6.852333137E0,8.857546374E-3,3.382666409E-2,2.328923717E-2
6.854333170E0,5.192354787E-3,3.077233583E-2,2.084577642E-2
6.856333170E0,-3.054326226E-4,2.893974073E-2,1.534798928E-2
6.858333136E0,-1.435533352E-2,2.527454868E-2,5.574145354E-3
6.860333102E0,-1.740965992E-2,2.283108793E-2,3.741549561E-3
6.862332202E0,-2.596177347E-2,1.977676153E-2,-6.643159315E-3
6.864331368E0,-2.596177347E-2,1.977676153E-2,-6.643159315E-3
6.866331334E0,-2.351831272E-2,2.038762718E-2,-5.421428941E-3
6.868331300E0,-2.535090782E-2,1.977676153E-2,-9.697485715E-3
6.870331266E0,-2.535090782E-2,1.794416644E-2,-1.153008174E-2
6.872331266E0,-3.084869497E-2,1.672243699E-2,-1.397354249E-2
6.874331299E0,-2.596177347E-2,1.488984004E-2,-1.214094646E-2
6.876331332E0,-1.985312067E-2,1.305724494E-2,-1.641700417E-2
6.878331365E0,-2.351831272E-2,1.550070569E-2,-1.580613852E-2
6.880331398E0,-2.657263726E-2,1.305724494E-2,-1.763873361E-2
6.882332298E0,-2.596177347E-2,1.183551457E-2,-1.763873361E-2
6.884331298E0,-2.535090782E-2,1.244637929E-2,-1.763873361E-2
6.886331331E0,-2.657263726E-2,1.244637929E-2,-1.763873361E-2
6.888331364E0,-2.840523422E-2,1.244637929E-2,-1.947133057E-2
6.890331364E0,-2.412917651E-2,1.427897532E-2,-1.763873361E-2
6.892331364E0,-2.229658142E-2,1.366810966E-2,-1.763873361E-2
6.894331364E0,-2.168571576E-2,1.366810966E-2,-1.641700417E-2
6.896331364E0,-1.924225502E-2,1.183551457E-2,-1.886046492E-2
6.898331364E0,-2.229658142E-2,1.672243699E-2,-1.763873361E-2
6.900331364E0,-2.901609987E-2,1.672243699E-2,-1.947133057E-2
6.902330497E0,-2.596177347E-2,1.733330078E-2,-1.763873361E-2
6.904329563E0,-2.596177347E-2,1.733330078E-2,-1.763873361E-2
6.906329529E0,-2.596177347E-2,2.038762718E-2,-1.519527286E-2
6.908329495E0,-2.657263726E-2,2.038762718E-2,-1.458440814E-2
6.910329461E0,-3.207042441E-2,2.160935849E-2,-1.336267684E-2
6.912329427E0,-2.596177347E-2,2.222022414E-2,-1.275181212E-2
6.914329393E0,-2.657263726E-2,2.405281924E-2,-1.214094646E-2
6.916329359E0,-2.840523422E-2,2.649627998E-2,-1.214094646E-2
6.918329359E0,-3.329215571E-2,2.832887508E-2,-1.153008174E-2
6.920329359E0,-3.145955876E-2,2.832887508E-2,-8.475755341E-3
6.922330259E0,-3.145955876E-2,2.893974073E-2,-7.864889689E-3
6.924331092E0,-2.962696366E-2,2.955060638E-2,-7.254024968E-3
6.926331125E0,-2.779436857E-2,3.077233583E-2,-6.032294128E-3
6.928331158E0,-3.145955876E-2,3.199406713E-2,-6.643159315E-3
6.930331191E0,-3.084869497E-2,3.199406713E-2,-4.199698567E-3
6.932331224E0,-2.962696366E-2,3.321579844E-2,-1.756237587E-3
6.934331224E0,-2.901609987E-2,3.504839167E-2,-1.145372284E-3
6.936331190E0,-2.840523422E-2,3.504839167E-2,-1.145372284E-3
6.938331156E0,-2.351831272E-2,3.504839167E-2,7.635815564E-5
6.940331122E0,-2.168571576E-2,3.627012298E-2,1.908953884E-3
6.942330222E0,-1.985312067E-2,3.565925732E-2,4.963280167E-3
6.944329288E0,-2.107485011E-2,3.688098863E-2,4.352414981E-3
6.946329254E0,-1.802052557E-2,3.565925732E-2,5.574145354E-3
6.948329220E0,-1.496619824E-2,3.565925732E-2,7.406740915E-3
6.950329220E0,-1.191187184E-2,3.504839167E-2,9.239336476E-3
6.952329220E0,-8.246680722E-3,3.565925732E-2,8.628471754E-3
6.954329220E0,-6.414085161E-3,3.382666409E-2,1.290452853E-2
6.956329220E0,-5.803219974E-3,3.504839167E-2,1.290452853E-2
6.958329220E0,3.054326226E-4,3.321579844E-2,1.229366288E-2
6.960329220E0,2.138028387E-3,3.260493279E-2,1.168279815E-2
6.962330086E0,4.581489135E-3,3.443752974E-2,1.351539325E-2
6.964330986E0,3.359758761E-3,3.260493279E-2,1.534798928E-2
6.966330986E0,8.857546374E-3,3.199406713E-2,1.595885493E-2
6.968331019E0,1.069014147E-2,3.260493279E-2,1.595885493E-2
6.970331052E0,1.496619824E-2,3.016147204E-2,1.656972058E-2
6.972331085E0,1.557706390E-2,3.077233583E-2,1.901318133E-2
6.974331118E0,1.618792862E-2,2.710714564E-2,1.656972058E-2
6.976331151E0,1.985312067E-2,2.955060638E-2,1.840231568E-2
6.978331184E0,2.107485011E-2,2.955060638E-2,2.023491077E-2
6.980331217E0,2.351831272E-2,2.955060638E-2,2.023491077E-2
6.982330350E0,2.474004216E-2,2.649627998E-2,1.962404512E-2
6.984329450E0,2.474004216E-2,2.649627998E-2,1.962404512E-2
6.986329416E0,2.535090782E-2,2.588541433E-2,1.718058437E-2
6.988329382E0,2.657263726E-2,2.588541433E-2,1.962404512E-2
6.990329348E0,2.657263726E-2,2.466368489E-2,1.779145002E-2
6.992329314E0,2.535090782E-2,2.466368489E-2,2.206750773E-2
6.994329280E0,2.657263726E-2,2.405281924E-2,1.779145002E-2
6.996329280E0,2.840523422E-2,2.283108793E-2,1.779145002E-2
6.998329280E0,2.412917651E-2,2.283108793E-2,1.534798928E-2
7.000329313E0,2.779436857E-2,2.038762718E-2,1.534798928E-2
7.002330213E0,2.412917651E-2,2.099849284E-2,1.351539325E-2
7.004331146E0,2.290744707E-2,1.916589774E-2,1.290452853E-2
7.006331179E0,2.351831272E-2,1.855503209E-2,1.168279815E-2
7.008331212E0,2.229658142E-2,1.794416644E-2,1.290452853E-2
7.010331245E0,2.474004216E-2,1.672243699E-2,1.351539325E-2
7.012331278E0,1.740965992E-2,1.611157134E-2,9.850202128E-3
7.014331278E0,1.863138936E-2,1.550070569E-2,1.046106778E-2
7.016331278E0,1.557706390E-2,1.427897532E-2,8.628471754E-3
7.018331278E0,1.252273750E-2,1.305724494E-2,8.628471754E-3
7.020331278E0,1.130100712E-2,1.183551457E-2,6.185010541E-3
7.022330411E0,8.857546374E-3,1.000291854E-2,8.017606102E-3
7.024329511E0,9.468411095E-3,9.392052889E-3,6.185010541E-3
7.026329511E0,1.007927675E-2,9.392052889E-3,5.574145354E-3
7.028329477E0,8.246680722E-3,6.337726954E-3,6.795875728E-3
7.030329443E0,8.246680722E-3,6.337726954E-3,4.963280167E-3
7.032329409E0,7.024950348E-3,3.283400787E-3,4.963280167E-3
7.034329375E0,5.803219974E-3,3.894265974E-3,6.185010541E-3
7.036329341E0,3.970623948E-3,2.672535367E-3,8.017606102E-3
7.038329307E0,5.192354787E-3,2.672535367E-3,8.017606102E-3
7.040329273E0,3.970623948E-3,2.290744742E-4,8.017606102E-3
7.042330106E0,3.970623948E-3,-2.214386594E-3,6.185010541E-3
7.044330972E0,2.748893574E-3,-2.825251780E-3,8.628471754E-3
7.046331005E0,3.054326226E-4,-3.436116967E-3,7.406740915E-3
7.048331038E0,-3.054326226E-4,-6.490443368E-3,8.017606102E-3
7.050331071E0,3.054326226E-4,-4.657847341E-3,8.017606102E-3
7.052331104E0,-5.192354787E-3,-9.544769302E-3,6.795875728E-3
7.054331137E0,-1.527163084E-3,-1.076649968E-2,7.406740915E-3
7.056331170E0,-3.359758761E-3,-1.137736533E-2,6.795875728E-3
7.058331203E0,-1.527163084E-3,-1.443169173E-2,8.628471754E-3
7.060331203E0,-3.970623948E-3,-1.504255645E-2,9.239336476E-3
7.062330303E0,-9.162978968E-4,-1.809688285E-2,6.185010541E-3
7.064331303E0,-9.162978968E-4,-1.809688285E-2,6.185010541E-3
7.066331269E0,-3.359758761E-3,-1.931861416E-2,5.574145354E-3
7.068331235E0,-5.192354787E-3,-1.687515154E-2,7.406740915E-3
7.070331201E0,-4.581489135E-3,-1.809688285E-2,6.185010541E-3
7.072331167E0,-4.581489135E-3,-1.992947794E-2,6.185010541E-3
7.074331167E0,-6.414085161E-3,-1.992947794E-2,5.574145354E-3
7.076331167E0,-2.138028387E-3,-2.115120925E-2,5.574145354E-3
7.078331200E0,-7.635815535E-3,-2.176207490E-2,6.185010541E-3
7.080331233E0,-3.970623948E-3,-2.237293869E-2,6.185010541E-3
7.082332133E0,-7.024950348E-3,-1.992947794E-2,5.574145354E-3
7.084333066E0,-5.803219974E-3,-1.992947794E-2,4.352414981E-3
7.086333099E0,-5.803219974E-3,-2.054034360E-2,2.519819187E-3
7.088333132E0,-3.970623948E-3,-1.870774850E-2,4.352414981E-3
7.090333165E0,-3.970623948E-3,-1.504255645E-2,4.352414981E-3
7.092333198E0,-3.359758761E-3,-1.382082608E-2,5.574145354E-3
7.094333198E0,-3.359758761E-3,-1.320996135E-2,6.185010541E-3
7.096333198E0,-3.970623948E-3,-1.259909570E-2,4.352414981E-3
7.098333198E0,-4.581489135E-3,-1.137736533E-2,4.352414981E-3
7.100333198E0,-3.359758761E-3,-7.101308554E-3,4.963280167E-3
7.102332331E0,-2.138028387E-3,-5.879578181E-3,3.130684374E-3
7.104331531E0,-2.138028387E-3,-5.879578181E-3,3.130684374E-3
7.106331497E0,-4.581489135E-3,-4.046982154E-3,2.519819187E-3
7.108331463E0,-6.414085161E-3,-2.214386594E-3,1.908953884E-3
7.110331429E0,-3.970623948E-3,-9.926559869E-4,3.741549561E-3
7.112331395E0,-5.192354787E-3,2.290744742E-4,6.872233935E-4
7.114331361E0,-2.138028387E-3,8.399396902E-4,4.352414981E-3
7.116331327E0,-8.246680722E-3,3.283400787E-3,6.872233935E-4
7.118331293E0,-8.857546374E-3,4.505131394E-3,-1.756237587E-3
7.120331259E0,-7.635815535E-3,2.672535367E-3,7.635815564E-5
7.122332125E0,-3.359758761E-3,2.672535367E-3,7.635815564E-5
7.124331125E0,-7.635815535E-3,5.726861767E-3,7.635815564E-5
7.126331158E0,-7.024950348E-3,5.115996581E-3,1.298088697E-3
7.128331191E0,-4.581489135E-3,6.337726954E-3,6.872233935E-4
7.130331224E0,-8.857546374E-3,6.337726954E-3,1.298088697E-3
7.132331257E0,-8.246680722E-3,8.170322515E-3,1.908953884E-3
7.134331290E0,-8.246680722E-3,8.170322515E-3,-5.345070967E-4
7.136331323E0,-7.024950348E-3,6.337726954E-3,7.635815564E-5
7.138331323E0,-5.192354787E-3,8.170322515E-3,1.908953884E-3
7.140331289E0,-3.054326226E-4,9.392052889E-3,1.908953884E-3
7.142330389E0,-4.581489135E-3,8.781188168E-3,1.908953884E-3
7.144329455E0,-4.581489135E-3,8.781188168E-3,1.908953884E-3
7.146329421E0,-7.635815535E-3,8.781188168E-3,2.519819187E-3
7.148329387E0,1.527163084E-3,1.000291854E-2,6.872233935E-4
7.150329353E0,-3.970623948E-3,1.122464892E-2,1.298088697E-3
7.152329319E0,9.162978968E-4,8.781188168E-3,-1.145372284E-3
7.154329319E0,-3.970623948E-3,1.000291854E-2,6.872233935E-4
7.156329352E0,-9.162978968E-4,1.183551457E-2,7.635815564E-5
7.158329385E0,-6.414085161E-3,1.122464892E-2,1.298088697E-3
7.160329418E0,-1.527163084E-3,1.305724494E-2,7.635815564E-5
7.162330318E0,3.054326226E-4,1.122464892E-2,7.635815564E-5
7.164331151E0,9.162978968E-4,1.244637929E-2,6.872233935E-4
7.166331184E0,-2.748893574E-3,1.305724494E-2,1.908953884E-3
7.168331217E0,-2.748893574E-3,1.488984004E-2,6.872233935E-4
7.170331250E0,-2.138028387E-3,1.733330078E-2,3.130684374E-3
7.172331250E0,-3.359758761E-3,1.794416644E-2,3.741549561E-3
7.174331250E0,-5.192354787E-3,1.855503209E-2,4.352414981E-3
7.176331250E0,-3.359758761E-3,1.916589774E-2,3.130684374E-3
7.178331250E0,-7.024950348E-3,2.344195358E-2,3.741549561E-3
7.180331250E0,-5.803219974E-3,2.527454868E-2,7.406740915E-3
7.182330383E0,-2.748893574E-3,2.588541433E-2,6.795875728E-3
7.184329449E0,-2.748893574E-3,2.588541433E-2,6.795875728E-3
7.186329415E0,-4.581489135E-3,2.955060638E-2,8.628471754E-3
7.188329381E0,-9.468411095E-3,3.260493279E-2,8.628471754E-3
7.190329347E0,-5.192354787E-3,3.199406713E-2,9.850202128E-3
7.192329313E0,-5.803219974E-3,3.504839167E-2,1.290452853E-2
7.194329279E0,-8.857546374E-3,3.688098863E-2,1.351539325E-2
7.196329245E0,-2.748893574E-3,3.688098863E-2,1.290452853E-2
7.198329211E0,-6.414085161E-3,4.054617882E-2,1.351539325E-2
7.200329211E0,-7.024950348E-3,3.993531689E-2,1.351539325E-2
7.202330111E0,-7.024950348E-3,4.298964143E-2,1.595885493E-2
7.204331044E0,-7.635815535E-3,4.421137273E-2,1.595885493E-2
7.206331077E0,-1.130100712E-2,4.543310404E-2,1.595885493E-2
7.208331110E0,-1.007927675E-2,4.604396969E-2,1.718058437E-2
7.210331143E0,-7.635815535E-3,4.848742858E-2,1.534798928E-2
7.212331176E0,-1.374446787E-2,4.970915988E-2,1.534798928E-2
7.214331209E0,-1.130100712E-2,5.032002553E-2,1.595885493E-2
7.216331209E0,-1.313360315E-2,5.337435007E-2,1.656972058E-2
7.218331175E0,-1.252273750E-2,5.337435007E-2,1.718058437E-2
7.220331141E0,-1.313360315E-2,5.642867833E-2,1.595885493E-2
7.222330241E0,-1.740965992E-2,5.826127157E-2,1.473712362E-2
7.224329341E0,-1.740965992E-2,5.826127157E-2,1.473712362E-2
7.226329307E0,-1.252273750E-2,6.009386852E-2,1.656972058E-2
7.228329273E0,-1.252273750E-2,5.948300287E-2,1.473712362E-2
7.230329239E0,-1.313360315E-2,6.070473418E-2,1.840231568E-2
7.232329239E0,-1.252273750E-2,6.131559983E-2,2.023491077E-2
7.234329239E0,-1.435533352E-2,5.948300287E-2,1.718058437E-2
7.236329239E0,-1.191187184E-2,6.314819306E-2,2.084577642E-2
7.238329239E0,-1.130100712E-2,6.192646548E-2,1.901318133E-2
7.240329239E0,-8.246680722E-3,6.375905871E-2,2.267837152E-2
7.242330105E0,9.162978968E-4,6.559165567E-2,2.206750773E-2
7.244331005E0,-4.581489135E-3,6.864598393E-2,2.573269792E-2
7.246331005E0,-1.007927675E-2,6.925684959E-2,2.634356357E-2
7.248331005E0,-5.803219974E-3,7.170030475E-2,2.573269792E-2
7.250331038E0,-7.024950348E-3,7.047858089E-2,2.878702432E-2
7.252331071E0,-4.581489135E-3,7.108944654E-2,2.817615867E-2
7.254331104E0,9.162978968E-4,7.231117040E-2,3.245221451E-2
7.256331137E0,-1.527163084E-3,7.353290170E-2,3.184135258E-2
7.258331170E0,9.162978968E-4,7.414376736E-2,3.061962128E-2
7.260331203E0,-3.054326226E-4,7.414376736E-2,3.611740842E-2
7.262330336E0,3.054326226E-4,7.719809562E-2,3.550654277E-2
7.264329402E0,3.054326226E-4,7.719809562E-2,3.550654277E-2
7.266329368E0,3.054326226E-4,7.414376736E-2,3.489567712E-2
7.268329334E0,8.246680722E-3,7.536549866E-2,3.550654277E-2
7.270329300E0,2.748893574E-3,7.536549866E-2,3.428481147E-2
7.272329266E0,5.192354787E-3,7.475463301E-2,3.611740842E-2
7.274329232E0,-9.162978968E-4,7.719809562E-2,3.550654277E-2
7.276329198E0,9.162978968E-4,7.536549866E-2,3.733913973E-2
7.278329198E0,7.635815535E-3,7.353290170E-2,3.733913973E-2
7.280329231E0,3.970623948E-3,7.536549866E-2,3.856086731E-2
7.282330131E0,1.069014147E-2,7.475463301E-2,3.672827408E-2
7.284331031E0,7.635815535E-3,7.292203605E-2,3.917173296E-2
7.286331064E0,1.252273750E-2,7.536549866E-2,3.795000166E-2
7.288331097E0,1.191187184E-2,7.536549866E-2,3.978259861E-2
7.290331130E0,1.069014147E-2,7.597636431E-2,3.795000166E-2
7.292331163E0,1.130100712E-2,7.536549866E-2,3.856086731E-2
7.294331196E0,1.374446787E-2,7.475463301E-2,3.856086731E-2
7.296331196E0,1.557706390E-2,7.536549866E-2,3.795000166E-2
7.298331196E0,1.496619824E-2,7.475463301E-2,3.856086731E-2
7.300331196E0,1.740965992E-2,7.353290170E-2,3.978259861E-2
7.302330329E0,1.740965992E-2,7.353290170E-2,3.672827408E-2
7.304331329E0,1.496619824E-2,7.414376736E-2,3.978259861E-2
7.306331329E0,1.924225502E-2,7.231117040E-2,3.856086731E-2
7.308331329E0,1.924225502E-2,7.292203605E-2,3.917173296E-2
7.310331295E0,1.924225502E-2,7.170030475E-2,3.856086731E-2
7.312331261E0,1.679879427E-2,7.108944654E-2,4.039346427E-2
7.314331227E0,1.618792862E-2,6.925684959E-2,3.856086731E-2
7.316331193E0,2.107485011E-2,6.925684959E-2,3.733913973E-2
7.318331159E0,1.985312067E-2,7.047858089E-2,3.795000166E-2
7.320331125E0,2.107485011E-2,6.803511828E-2,3.856086731E-2
7.322331958E0,1.740965992E-2,6.620252132E-2,3.611740842E-2
7.324332858E0,2.290744707E-2,6.681338698E-2,3.672827408E-2
7.326332858E0,2.107485011E-2,6.498079002E-2,3.733913973E-2
7.328332891E0,2.168571576E-2,6.436992437E-2,3.733913973E-2
7.330332924E0,1.924225502E-2,6.375905871E-2,3.611740842E-2
7.332332957E0,1.802052557E-2,6.253732741E-2,3.611740842E-2
7.334332990E0,2.290744707E-2,6.192646548E-2,3.672827408E-2
7.336333023E0,1.863138936E-2,6.070473418E-2,3.856086731E-2
7.338333056E0,1.557706390E-2,5.765040591E-2,3.611740842E-2
7.340333056E0,1.618792862E-2,5.948300287E-2,3.550654277E-2
7.342332189E0,1.374446787E-2,5.581781268E-2,3.611740842E-2
7.344331289E0,1.374446787E-2,5.581781268E-2,3.611740842E-2
7.346331255E0,1.313360315E-2,5.581781268E-2,3.489567712E-2
7.348331221E0,1.191187184E-2,5.703954399E-2,3.733913973E-2
7.350331187E0,1.679879427E-2,5.398521572E-2,3.795000166E-2
7.352331153E0,1.863138936E-2,5.154175684E-2,3.428481147E-2
7.354331119E0,1.924225502E-2,4.970915988E-2,3.428481147E-2
7.356331119E0,1.924225502E-2,4.787656292E-2,3.306308016E-2
7.358331152E0,1.252273750E-2,4.482223839E-2,3.306308016E-2
7.360331185E0,1.496619824E-2,4.421137273E-2,3.061962128E-2
7.362332085E0,1.313360315E-2,4.054617882E-2,3.061962128E-2
7.364331118E0,1.435533352E-2,3.871358559E-2,2.817615867E-2
7.366330751E0,1.313360315E-2,3.688098863E-2,2.817615867E-2
7.368330784E0,1.252273750E-2,3.443752974E-2,2.939788997E-2
7.370330817E0,1.191187184E-2,3.199406713E-2,2.634356357E-2
7.372330850E0,1.313360315E-2,2.955060638E-2,2.695442922E-2
7.374330850E0,1.740965992E-2,2.710714564E-2,2.634356357E-2
7.376330850E0,1.985312067E-2,2.588541433E-2,2.390010282E-2
7.378330850E0,1.557706390E-2,2.405281924E-2,2.573269792E-2
7.380330850E0,8.246680722E-3,2.283108793E-2,2.206750773E-2
7.382329983E0,1.313360315E-2,2.222022414E-2,2.451096848E-2
7.384329083E0,1.252273750E-2,2.099849284E-2,2.206750773E-2
7.386329083E0,1.252273750E-2,1.977676153E-2,2.145664208E-2
7.388329049E0,1.679879427E-2,1.733330078E-2,2.206750773E-2
7.390329015E0,1.252273750E-2,1.488984004E-2,2.023491077E-2
7.392328981E0,1.496619824E-2,1.427897532E-2,2.145664208E-2
7.394328947E0,1.191187184E-2,1.305724494E-2,2.023491077E-2
7.396328913E0,1.679879427E-2,1.183551457E-2,2.023491077E-2
7.398328879E0,1.496619824E-2,1.000291854E-2,1.962404512E-2
7.400328845E0,1.252273750E-2,1.000291854E-2,1.962404512E-2
7.402329678E0,1.435533352E-2,1.061378326E-2,1.901318133E-2
7.404330544E0,1.374446787E-2,1.000291854E-2,1.840231568E-2
7.406330577E0,1.802052557E-2,9.392052889E-3,1.656972058E-2
7.408330610E0,1.740965992E-2,6.337726954E-3,1.779145002E-2
7.410330643E0,1.191187184E-2,8.170322515E-3,1.595885493E-2
7.412330676E0,1.496619824E-2,6.948592141E-3,1.656972058E-2
7.414330709E0,1.740965992E-2,6.337726954E-3,1.473712362E-2
7.416330742E0,8.246680722E-3,8.170322515E-3,1.534798928E-2
7.418330742E0,1.618792862E-2,6.948592141E-3,1.473712362E-2
7.420330742E0,1.130100712E-2,7.559457328E-3,1.290452853E-2
7.422329842E0,9.468411095E-3,6.337726954E-3,1.351539325E-2
7.424329008E0,9.468411095E-3,6.337726954E-3,1.351539325E-2
7.426329374E0,1.252273750E-2,5.115996581E-3,1.290452853E-2
7.428329340E0,1.252273750E-2,7.559457328E-3,1.351539325E-2
7.430329306E0,9.468411095E-3,5.726861767E-3,1.168279815E-2
7.432329272E0,1.191187184E-2,8.170322515E-3,1.229366288E-2
7.434329272E0,2.138028387E-3,6.337726954E-3,1.107193250E-2
7.436329272E0,6.414085161E-3,8.170322515E-3,1.107193250E-2
7.438329272E0,4.581489135E-3,9.392052889E-3,1.168279815E-2
7.440329272E0,4.581489135E-3,7.559457328E-3,1.229366288E-2
7.442330138E0,7.024950348E-3,8.781188168E-3,1.168279815E-2
7.444331038E0,6.414085161E-3,6.948592141E-3,9.850202128E-3
7.446330138E0,4.581489135E-3,8.170322515E-3,1.168279815E-2
7.448330138E0,3.054326226E-4,1.183551457E-2,1.107193250E-2
7.450330138E0,9.162978968E-4,1.061378326E-2,8.628471754E-3
7.452330171E0,-1.527163084E-3,1.122464892E-2,8.017606102E-3
7.454330204E0,-2.748893574E-3,1.183551457E-2,9.850202128E-3
7.456330237E0,-2.748893574E-3,1.244637929E-2,9.239336476E-3
7.458330270E0,-2.138028387E-3,1.366810966E-2,1.107193250E-2
7.460330303E0,-9.162978968E-4,1.305724494E-2,8.017606102E-3
7.462329469E0,-2.748893574E-3,1.488984004E-2,1.107193250E-2
7.464328669E0,-2.748893574E-3,1.488984004E-2,1.107193250E-2
7.466328669E0,-3.054326226E-4,1.366810966E-2,1.046106778E-2
7.468328635E0,-3.359758761E-3,1.794416644E-2,1.168279815E-2
7.470328601E0,-5.192354787E-3,1.733330078E-2,1.229366288E-2
7.472328567E0,-9.162978968E-4,1.611157134E-2,1.046106778E-2
7.474328167E0,-6.414085161E-3,1.611157134E-2,1.229366288E-2
7.476328133E0,-3.359758761E-3,1.855503209E-2,9.850202128E-3
7.478328099E0,-3.054326226E-4,1.855503209E-2,1.107193250E-2
7.480328065E0,-4.581489135E-3,1.794416644E-2,1.229366288E-2
7.482328931E0,3.054326226E-4,1.550070569E-2,1.168279815E-2
7.484329764E0,-2.138028387E-3,1.916589774E-2,1.229366288E-2
7.486329797E0,1.527163084E-3,2.038762718E-2,1.107193250E-2
7.488329830E0,-2.138028387E-3,1.855503209E-2,1.290452853E-2
7.490329863E0,3.359758761E-3,1.794416644E-2,1.229366288E-2
7.492329896E0,-1.527163084E-3,1.977676153E-2,1.290452853E-2
7.494329929E0,-3.970623948E-3,1.855503209E-2,1.290452853E-2
7.496329962E0,2.748893574E-3,2.160935849E-2,1.107193250E-2
7.498329995E0,-9.162978968E-4,1.916589774E-2,1.168279815E-2
7.500329995E0,1.527163084E-3,2.099849284E-2,1.168279815E-2
7.502329128E0,2.138028387E-3,1.977676153E-2,1.351539325E-2
7.504328228E0,2.138028387E-3,1.977676153E-2,1.351539325E-2
7.506329128E0,6.414085161E-3,1.916589774E-2,1.595885493E-2
7.508329128E0,5.803219974E-3,1.916589774E-2,1.412625890E-2
7.510329128E0,3.359758761E-3,1.794416644E-2,1.473712362E-2
7.512329094E0,4.581489135E-3,1.977676153E-2,1.412625890E-2
7.514329060E0,4.581489135E-3,1.977676153E-2,1.595885493E-2
7.516329026E0,5.192354787E-3,1.855503209E-2,1.473712362E-2
7.518328992E0,2.138028387E-3,1.855503209E-2,1.473712362E-2
7.520328958E0,5.803219974E-3,1.794416644E-2,1.473712362E-2
7.522329791E0,5.803219974E-3,1.916589774E-2,1.595885493E-2
7.524330591E0,7.635815535E-3,2.038762718E-2,1.412625890E-2
7.526330557E0,3.970623948E-3,2.405281924E-2,1.962404512E-2
7.528330557E0,5.192354787E-3,2.222022414E-2,1.656972058E-2
7.530330590E0,8.246680722E-3,2.405281924E-2,1.901318133E-2
7.532330623E0,1.252273750E-2,2.283108793E-2,1.962404512E-2
7.534331023E0,6.414085161E-3,2.405281924E-2,1.840231568E-2
7.536331056E0,7.635815535E-3,2.771801129E-2,1.962404512E-2
7.538331089E0,7.635815535E-3,2.649627998E-2,1.901318133E-2
7.540331122E0,9.468411095E-3,2.527454868E-2,1.656972058E-2
7.542330288E0,1.557706390E-2,2.893974073E-2,2.145664208E-2
7.544331321E0,1.557706390E-2,2.893974073E-2,2.145664208E-2
7.546331287E0,1.007927675E-2,2.955060638E-2,1.962404512E-2
7.548331253E0,1.007927675E-2,2.893974073E-2,2.023491077E-2
7.550331219E0,7.024950348E-3,2.771801129E-2,2.206750773E-2
7.552331185E0,1.252273750E-2,2.771801129E-2,2.145664208E-2
7.554331151E0,1.313360315E-2,2.649627998E-2,2.206750773E-2
7.556331117E0,8.857546374E-3,2.710714564E-2,2.145664208E-2
7.558331083E0,1.496619824E-2,2.832887508E-2,2.023491077E-2
7.560331083E0,1.313360315E-2,2.771801129E-2,2.023491077E-2
7.562331983E0,1.374446787E-2,2.527454868E-2,1.901318133E-2
7.564332916E0,1.618792862E-2,2.527454868E-2,2.023491077E-2
7.566332949E0,1.435533352E-2,2.222022414E-2,1.962404512E-2
7.568332982E0,1.435533352E-2,2.283108793E-2,2.023491077E-2
7.570333015E0,1.435533352E-2,2.160935849E-2,2.084577642E-2
7.572333048E0,1.435533352E-2,2.160935849E-2,2.206750773E-2
7.574333081E0,1.924225502E-2,1.977676153E-2,2.390010282E-2
7.576333181E0,1.618792862E-2,2.038762718E-2,2.390010282E-2
7.578333181E0,1.924225502E-2,2.344195358E-2,2.573269792E-2
7.580333181E0,1.496619824E-2,1.916589774E-2,2.451096848E-2
7.582332314E0,2.412917651E-2,1.855503209E-2,2.756529488E-2
7.584331480E0,2.412917651E-2,1.855503209E-2,2.756529488E-2
7.586331480E0,2.046398632E-2,1.916589774E-2,3.000875562E-2
7.588331480E0,1.985312067E-2,1.916589774E-2,3.000875562E-2
7.590331446E0,1.802052557E-2,2.038762718E-2,3.245221451E-2
7.592331412E0,2.412917651E-2,1.794416644E-2,3.367394581E-2
7.594331378E0,2.168571576E-2,1.977676153E-2,3.306308016E-2
7.596331344E0,2.474004216E-2,2.160935849E-2,3.550654277E-2
7.598331310E0,2.229658142E-2,2.099849284E-2,3.856086731E-2
7.600331276E0,2.412917651E-2,2.466368489E-2,3.795000166E-2
7.602332109E0,2.412917651E-2,2.710714564E-2,4.100432992E-2
7.604331042E0,2.290744707E-2,2.771801129E-2,3.917173296E-2
7.606331042E0,1.863138936E-2,2.893974073E-2,3.978259861E-2
7.608331075E0,2.229658142E-2,3.016147204E-2,4.344778880E-2
7.610331108E0,2.290744707E-2,3.260493279E-2,4.344778880E-2
7.612331141E0,2.412917651E-2,3.199406713E-2,4.283692688E-2
7.614331174E0,2.351831272E-2,3.321579844E-2,4.711298272E-2
7.616331207E0,2.046398632E-2,3.688098863E-2,4.711298272E-2
7.618331240E0,2.229658142E-2,3.688098863E-2,4.894557595E-2
7.620331273E0,2.046398632E-2,3.810271993E-2,4.711298272E-2
7.622330406E0,1.679879427E-2,4.237877578E-2,4.894557595E-2
7.624329472E0,1.679879427E-2,4.237877578E-2,4.894557595E-2
7.626329438E0,7.635815535E-3,4.176791012E-2,5.077817291E-2
7.628329404E0,1.252273750E-2,4.482223839E-2,5.016730726E-2
7.630329370E0,1.740965992E-2,4.360050708E-2,5.138903856E-2
7.632329336E0,1.618792862E-2,4.360050708E-2,5.261076987E-2
7.634329302E0,1.740965992E-2,4.482223839E-2,5.199990422E-2
7.636329202E0,1.374446787E-2,4.298964143E-2,5.077817291E-2
7.638329202E0,1.069014147E-2,4.482223839E-2,5.199990422E-2
7.640329235E0,1.069014147E-2,4.298964143E-2,5.322163552E-2
7.642330135E0,8.857546374E-3,4.237877578E-2,5.138903856E-2
7.644330101E0,1.252273750E-2,4.482223839E-2,5.138903856E-2
7.646330134E0,5.192354787E-3,4.482223839E-2,5.077817291E-2
7.648330167E0,1.007927675E-2,4.360050708E-2,5.077817291E-2
7.650330200E0,7.635815535E-3,4.360050708E-2,4.772384837E-2
7.652330233E0,2.138028387E-3,4.176791012E-2,4.833471403E-2
7.654330266E0,6.414085161E-3,4.237877578E-2,4.711298272E-2
7.656330266E0,8.857546374E-3,4.237877578E-2,4.772384837E-2
7.658330266E0,4.581489135E-3,4.360050708E-2,4.711298272E-2
7.660330266E0,5.803219974E-3,4.115704447E-2,4.711298272E-2
7.662329399E0,3.970623948E-3,4.421137273E-2,4.772384837E-2
7.664328499E0,2.748893574E-3,4.421137273E-2,4.528038576E-2
7.666328499E0,2.748893574E-3,4.360050708E-2,4.283692688E-2
7.668328465E0,4.581489135E-3,4.298964143E-2,4.283692688E-2
7.670328431E0,3.359758761E-3,4.237877578E-2,4.283692688E-2
7.672328397E0,3.970623948E-3,4.482223839E-2,4.222606122E-2
7.674328363E0,6.414085161E-3,4.360050708E-2,4.222606122E-2
7.676328329E0,4.581489135E-3,4.726569727E-2,4.100432992E-2
7.678328295E0,8.857546374E-3,4.665483162E-2,4.100432992E-2
7.680328261E0,7.635815535E-3,4.970915988E-2,4.161519557E-2
7.682329094E0,8.246680722E-3,5.154175684E-2,4.039346427E-2
7.684329994E0,5.803219974E-3,5.032002553E-2,4.039346427E-2
7.686330027E0,8.857546374E-3,5.459608138E-2,3.795000166E-2
7.688330060E0,1.191187184E-2,5.520694703E-2,3.917173296E-2
7.690330093E0,1.435533352E-2,5.581781268E-2,3.978259861E-2
7.692330126E0,1.130100712E-2,5.581781268E-2,3.978259861E-2
7.694330159E0,7.024950348E-3,5.765040591E-2,3.795000166E-2
7.696330192E0,3.359758761E-3,6.070473418E-2,3.917173296E-2
7.698330225E0,8.246680722E-3,6.009386852E-2,3.978259861E-2
7.700330225E0,1.130100712E-2,6.314819306E-2,3.917173296E-2
7.702329325E0,1.191187184E-2,6.498079002E-2,4.161519557E-2
7.704329325E0,1.191187184E-2,6.498079002E-2,4.161519557E-2
7.706329291E0,1.863138936E-2,6.681338698E-2,3.856086731E-2
7.708329257E0,1.252273750E-2,6.986771524E-2,4.039346427E-2
7.710329223E0,1.618792862E-2,6.925684959E-2,3.795000166E-2
7.712328923E0,1.740965992E-2,7.292203605E-2,3.856086731E-2
7.714328889E0,1.557706390E-2,7.292203605E-2,4.161519557E-2
7.716328889E0,1.069014147E-2,7.475463301E-2,3.917173296E-2
7.718329955E0,1.679879427E-2,7.231117040E-2,3.978259861E-2
7.720329955E0,1.496619824E-2,7.597636431E-2,3.978259861E-2
7.722330821E0,1.252273750E-2,7.597636431E-2,3.978259861E-2
7.724331721E0,1.557706390E-2,7.780896127E-2,3.978259861E-2
7.726331721E0,1.496619824E-2,7.841982692E-2,4.100432992E-2
7.728331721E0,1.863138936E-2,7.903069258E-2,3.978259861E-2
7.730332021E0,1.985312067E-2,7.841982692E-2,4.100432992E-2
7.732332021E0,1.618792862E-2,8.147415519E-2,3.978259861E-2
7.734332054E0,1.924225502E-2,8.147415519E-2,4.100432992E-2
7.736332087E0,1.924225502E-2,8.452847600E-2,4.283692688E-2
7.738332120E0,1.985312067E-2,8.452847600E-2,4.283692688E-2
7.740332153E0,1.679879427E-2,8.513934165E-2,4.161519557E-2
7.742331319E0,1.985312067E-2,8.575020730E-2,4.344778880E-2
7.744330452E0,1.740965992E-2,8.697193861E-2,4.161519557E-2
7.746329618E0,1.557706390E-2,8.758280426E-2,4.161519557E-2
7.748329618E0,1.802052557E-2,8.636107296E-2,4.100432992E-2
7.750329584E0,1.496619824E-2,9.002626687E-2,4.100432992E-2
7.752329550E0,1.863138936E-2,8.636107296E-2,4.283692688E-2
7.754329516E0,2.046398632E-2,9.002626687E-2,4.222606122E-2
7.756329482E0,1.435533352E-2,8.758280426E-2,4.100432992E-2
7.758329448E0,1.435533352E-2,8.758280426E-2,4.222606122E-2
7.760329414E0,8.857546374E-3,8.941540122E-2,3.917173296E-2
7.762330280E0,1.069014147E-2,8.513934165E-2,4.161519557E-2
7.764330280E0,1.374446787E-2,8.513934165E-2,4.039346427E-2
7.766330313E0,9.468411095E-3,8.513934165E-2,4.100432992E-2
7.768330346E0,1.007927675E-2,8.575020730E-2,3.917173296E-2
7.770330379E0,1.191187184E-2,8.330674469E-2,3.978259861E-2
7.772330679E0,1.007927675E-2,8.575020730E-2,3.917173296E-2
7.774330712E0,6.414085161E-3,8.636107296E-2,3.917173296E-2
7.776330745E0,7.635815535E-3,8.452847600E-2,3.856086731E-2
7.778329711E0,7.635815535E-3,8.575020730E-2,3.795000166E-2
7.780329711E0,5.803219974E-3,8.391761035E-2,3.795000166E-2
7.782328844E0,6.414085161E-3,8.575020730E-2,3.550654277E-2
7.784327944E0,6.414085161E-3,8.575020730E-2,3.550654277E-2
7.786328377E0,1.527163084E-3,8.513934165E-2,3.428481147E-2
7.788328377E0,7.635815535E-3,8.391761035E-2,3.611740842E-2
7.790328077E0,9.162978968E-4,8.391761035E-2,3.611740842E-2
7.792328077E0,-3.054326226E-4,8.330674469E-2,3.550654277E-2
7.794328043E0,7.024950348E-3,8.147415519E-2,3.550654277E-2
7.796328009E0,-9.162978968E-4,8.147415519E-2,3.306308016E-2
7.798327575E0,-3.054326226E-4,8.025242388E-2,3.489567712E-2
7.800327541E0,3.359758761E-3,7.964155823E-2,3.428481147E-2
7.802328374E0,3.359758761E-3,8.208502084E-2,3.306308016E-2
7.804329240E0,9.162978968E-4,7.903069258E-2,3.306308016E-2
7.806330040E0,-4.581489135E-3,8.269587904E-2,3.367394581E-2
7.808330006E0,-3.970623948E-3,8.025242388E-2,3.306308016E-2
7.810330006E0,3.054326226E-4,7.903069258E-2,3.061962128E-2
7.812330039E0,7.635815535E-3,7.536549866E-2,3.428481147E-2
7.814330072E0,-4.581489135E-3,7.658722997E-2,3.123048507E-2
7.816330105E0,-5.192354787E-3,7.536549866E-2,3.306308016E-2
7.818330138E0,-1.527163084E-3,7.658722997E-2,3.245221451E-2
7.820330171E0,-1.527163084E-3,7.658722997E-2,3.123048507E-2
7.822329337E0,-3.054326226E-4,7.231117040E-2,2.939788997E-2
7.824329370E0,-3.054326226E-4,7.231117040E-2,2.939788997E-2
7.826329370E0,-6.414085161E-3,7.353290170E-2,2.878702432E-2
7.828329336E0,1.527163084E-3,7.353290170E-2,3.061962128E-2
7.830329302E0,-1.069014147E-2,7.414376736E-2,2.695442922E-2
7.832329268E0,-5.803219974E-3,7.414376736E-2,2.817615867E-2
7.834329234E0,-2.748893574E-3,7.292203605E-2,2.695442922E-2
7.836329200E0,-4.581489135E-3,7.292203605E-2,2.756529488E-2
7.838329166E0,-6.414085161E-3,7.353290170E-2,2.634356357E-2
7.840329166E0,-4.581489135E-3,7.353290170E-2,2.878702432E-2
7.842330032E0,-5.192354787E-3,7.353290170E-2,2.634356357E-2
7.844330965E0,-6.414085161E-3,7.353290170E-2,2.756529488E-2
7.846330565E0,-3.359758761E-3,7.170030475E-2,2.695442922E-2
7.848329698E0,-4.581489135E-3,7.292203605E-2,2.634356357E-2
7.850329731E0,-5.803219974E-3,7.108944654E-2,2.695442922E-2
7.852329764E0,-2.748893574E-3,7.231117040E-2,2.756529488E-2
7.854328897E0,-9.162978968E-4,7.292203605E-2,2.695442922E-2
7.856328930E0,-8.857546374E-3,7.475463301E-2,2.756529488E-2
7.858329330E0,-4.581489135E-3,7.353290170E-2,2.451096848E-2
7.860329463E0,-4.581489135E-3,7.353290170E-2,2.817615867E-2
7.862328596E0,-5.192354787E-3,7.292203605E-2,2.939788997E-2
7.864328029E0,-5.192354787E-3,7.292203605E-2,2.939788997E-2
7.866328029E0,-4.581489135E-3,7.353290170E-2,2.512183413E-2
7.868328029E0,-3.359758761E-3,7.414376736E-2,2.817615867E-2
7.870328029E0,-8.857546374E-3,7.597636431E-2,2.695442922E-2
7.872327995E0,-5.803219974E-3,7.597636431E-2,2.634356357E-2
7.874327961E0,-6.414085161E-3,7.658722997E-2,3.000875562E-2
7.876327927E0,-8.246680722E-3,7.292203605E-2,2.878702432E-2
7.878327893E0,-1.069014147E-2,7.597636431E-2,3.000875562E-2
7.880327859E0,-1.252273750E-2,7.597636431E-2,3.184135258E-2
7.882328692E0,-1.130100712E-2,7.414376736E-2,3.184135258E-2
7.884329525E0,-7.024950348E-3,7.536549866E-2,3.000875562E-2
7.886329491E0,-8.246680722E-3,7.597636431E-2,3.367394581E-2
7.888329491E0,-8.246680722E-3,7.658722997E-2,3.123048507E-2
7.890329524E0,-8.857546374E-3,7.780896127E-2,3.306308016E-2
7.892329557E0,-1.130100712E-2,7.841982692E-2,3.123048507E-2
7.894329590E0,-7.024950348E-3,7.780896127E-2,3.245221451E-2
7.896329623E0,-5.803219974E-3,7.780896127E-2,3.245221451E-2
7.898329656E0,-6.414085161E-3,7.780896127E-2,3.123048507E-2
7.900329689E0,-5.192354787E-3,7.658722997E-2,3.184135258E-2
7.902328855E0,-8.246680722E-3,7.719809562E-2,3.061962128E-2
7.904327955E0,-8.246680722E-3,7.719809562E-2,3.061962128E-2
7.906327921E0,-1.069014147E-2,7.475463301E-2,2.939788997E-2
7.908328787E0,-8.246680722E-3,7.475463301E-2,2.817615867E-2
7.910328753E0,-3.970623948E-3,7.353290170E-2,3.061962128E-2
7.912328719E0,-8.246680722E-3,7.353290170E-2,2.817615867E-2
7.914329585E0,-1.069014147E-2,7.231117040E-2,2.817615867E-2
7.916329551E0,-6.414085161E-3,7.047858089E-2,2.451096848E-2
7.918329551E0,-3.970623948E-3,6.742425263E-2,2.573269792E-2
7.920329417E0,-4.581489135E-3,6.803511828E-2,2.267837152E-2
7.922330283E0,-8.246680722E-3,6.742425263E-2,2.023491077E-2
7.924330849E0,-5.192354787E-3,6.375905871E-2,2.145664208E-2
7.926330849E0,-3.970623948E-3,6.192646548E-2,1.962404512E-2
7.928330849E0,-7.635815535E-3,6.070473418E-2,1.718058437E-2
7.930330849E0,-3.359758761E-3,6.070473418E-2,1.840231568E-2
7.932330849E0,-4.581489135E-3,5.887213722E-2,2.023491077E-2
7.934330849E0,-7.024950348E-3,5.765040591E-2,1.779145002E-2
7.936330882E0,-2.138028387E-3,5.703954399E-2,1.534798928E-2
7.938330915E0,-2.748893574E-3,5.765040591E-2,1.595885493E-2
7.940330948E0,-1.527163084E-3,5.520694703E-2,1.718058437E-2
7.942330114E0,-3.054326226E-4,5.642867833E-2,1.656972058E-2
7.944329314E0,-3.054326226E-4,5.642867833E-2,1.656972058E-2
7.946329347E0,-2.138028387E-3,5.581781268E-2,1.595885493E-2
7.948329380E0,-3.359758761E-3,5.337435007E-2,1.718058437E-2
7.950329013E0,3.359758761E-3,5.215261877E-2,1.534798928E-2
7.952328979E0,-3.054326226E-4,5.276348442E-2,1.779145002E-2
7.954328945E0,2.748893574E-3,5.093089119E-2,1.840231568E-2
7.956328911E0,-9.162978968E-4,5.154175684E-2,1.840231568E-2
7.958328877E0,4.581489135E-3,5.032002553E-2,1.901318133E-2
7.960328843E0,5.192354787E-3,5.276348442E-2,2.084577642E-2
7.962330009E0,5.803219974E-3,5.093089119E-2,1.901318133E-2
7.964330875E0,7.024950348E-3,5.276348442E-2,1.901318133E-2
7.966330875E0,6.414085161E-3,5.215261877E-2,1.840231568E-2
7.968330908E0,7.635815535E-3,5.276348442E-2,2.328923717E-2
7.970330941E0,4.581489135E-3,5.276348442E-2,2.328923717E-2
7.972330974E0,9.468411095E-3,5.337435007E-2,2.390010282E-2
7.974331007E0,1.069014147E-2,5.215261877E-2,2.390010282E-2
7.976331040E0,8.246680722E-3,5.215261877E-2,2.451096848E-2
7.978331073E0,7.635815535E-3,5.459608138E-2,2.573269792E-2
7.980331106E0,1.191187184E-2,5.215261877E-2,2.573269792E-2
7.982330272E0,1.007927675E-2,5.215261877E-2,2.878702432E-2
7.984329372E0,1.007927675E-2,5.215261877E-2,2.878702432E-2
7.986329372E0,8.857546374E-3,5.215261877E-2,2.878702432E-2
7.988329372E0,1.435533352E-2,5.154175684E-2,3.000875562E-2
7.990329372E0,1.130100712E-2,5.337435007E-2,3.123048507E-2
7.992329372E0,1.252273750E-2,5.215261877E-2,3.061962128E-2
7.994329372E0,1.191187184E-2,4.909829423E-2,2.939788997E-2
7.996329338E0,1.069014147E-2,4.848742858E-2,3.123048507E-2
7.998329304E0,1.069014147E-2,4.909829423E-2,3.245221451E-2
8.000329270E0,1.679879427E-2,4.543310404E-2,3.184135258E-2
8.002330103E0,1.007927675E-2,4.787656292E-2,3.184135258E-2
8.004330903E0,1.191187184E-2,4.543310404E-2,3.061962128E-2
8.006330869E0,1.130100712E-2,4.787656292E-2,3.184135258E-2
8.008330835E0,9.468411095E-3,4.665483162E-2,3.123048507E-2
8.010331168E0,1.435533352E-2,4.543310404E-2,3.123048507E-2
8.012331168E0,8.246680722E-3,4.298964143E-2,3.061962128E-2
8.014330301E0,6.414085161E-3,4.360050708E-2,2.878702432E-2
8.016330334E0,8.246680722E-3,4.237877578E-2,2.939788997E-2
8.018330367E0,8.246680722E-3,4.360050708E-2,2.817615867E-2
8.020330400E0,7.635815535E-3,4.054617882E-2,2.756529488E-2
8.022329233E0,5.192354787E-3,4.054617882E-2,2.634356357E-2
8.024328366E0,4.581489135E-3,3.871358559E-2,2.695442922E-2
8.026328399E0,7.024950348E-3,3.871358559E-2,2.634356357E-2
8.028328399E0,3.970623948E-3,3.932445124E-2,2.634356357E-2
8.030328365E0,3.970623948E-3,3.749185428E-2,2.573269792E-2
8.032328331E0,3.970623948E-3,3.565925732E-2,2.512183413E-2
8.034328297E0,3.359758761E-3,3.688098863E-2,2.328923717E-2
8.036328263E0,2.748893574E-3,3.627012298E-2,2.573269792E-2
8.038328229E0,3.359758761E-3,3.627012298E-2,2.512183413E-2
8.040328195E0,9.162978968E-4,3.565925732E-2,2.390010282E-2
8.042329028E0,3.054326226E-4,3.627012298E-2,2.328923717E-2
8.044329928E0,3.970623948E-3,3.565925732E-2,2.206750773E-2
8.046329961E0,2.138028387E-3,3.504839167E-2,2.206750773E-2
8.048329994E0,-3.054326226E-4,3.443752974E-2,2.206750773E-2
8.050330027E0,3.054326226E-4,3.382666409E-2,2.145664208E-2
8.052330060E0,-3.054326226E-4,3.321579844E-2,2.084577642E-2
8.054330093E0,3.359758761E-3,3.382666409E-2,1.901318133E-2
8.056330126E0,-1.527163084E-3,3.260493279E-2,1.962404512E-2
8.058330159E0,3.359758761E-3,2.955060638E-2,1.595885493E-2
8.060329292E0,3.970623948E-3,3.016147204E-2,1.901318133E-2
8.062328425E0,5.192354787E-3,2.588541433E-2,1.718058437E-2
8.064328425E0,5.192354787E-3,2.588541433E-2,1.718058437E-2
8.066328425E0,5.803219974E-3,2.466368489E-2,1.412625890E-2
8.068328425E0,7.635815535E-3,2.038762718E-2,1.473712362E-2
8.070328425E0,7.024950348E-3,2.099849284E-2,1.412625890E-2
8.072328425E0,5.803219974E-3,1.916589774E-2,1.473712362E-2
8.074329291E0,8.857546374E-3,1.672243699E-2,1.229366288E-2
8.076329257E0,1.007927675E-2,1.672243699E-2,1.351539325E-2
8.078329223E0,9.468411095E-3,1.550070569E-2,1.168279815E-2
8.080329189E0,1.313360315E-2,1.122464892E-2,1.168279815E-2
8.082330022E0,1.557706390E-2,1.000291854E-2,1.290452853E-2
8.084330888E0,6.414085161E-3,1.061378326E-2,1.168279815E-2
8.086330854E0,1.069014147E-2,1.183551457E-2,1.107193250E-2
8.088330820E0,1.252273750E-2,1.000291854E-2,1.168279815E-2
8.090330820E0,1.069014147E-2,8.170322515E-3,1.290452853E-2
8.092330820E0,7.635815535E-3,6.337726954E-3,1.107193250E-2
8.094330853E0,1.191187184E-2,8.170322515E-3,1.229366288E-2
8.096330886E0,1.130100712E-2,7.559457328E-3,1.046106778E-2
8.098330919E0,1.191187184E-2,8.170322515E-3,1.229366288E-2
8.100330952E0,1.252273750E-2,8.170322515E-3,1.046106778E-2
8.102330118E0,1.252273750E-2,8.170322515E-3,9.850202128E-3
8.104329251E0,1.191187184E-2,8.781188168E-3,1.046106778E-2
8.106329251E0,8.857546374E-3,6.948592141E-3,1.046106778E-2
8.108329217E0,1.130100712E-2,7.559457328E-3,9.850202128E-3
8.110329183E0,1.191187184E-2,8.170322515E-3,1.107193250E-2
8.112329149E0,8.246680722E-3,9.392052889E-3,1.229366288E-2
8.114329115E0,1.069014147E-2,9.392052889E-3,1.107193250E-2
8.116329081E0,1.374446787E-2,8.170322515E-3,1.107193250E-2
8.118329047E0,8.857546374E-3,9.392052889E-3,9.239336476E-3
8.120329913E0,1.191187184E-2,7.559457328E-3,1.046106778E-2
8.122330779E0,8.857546374E-3,7.559457328E-3,1.229366288E-2
8.124330779E0,1.069014147E-2,7.559457328E-3,1.107193250E-2
8.126330779E0,1.007927675E-2,8.170322515E-3,1.168279815E-2
8.128330779E0,6.414085161E-3,7.559457328E-3,1.046106778E-2
8.130330779E0,8.857546374E-3,5.115996581E-3,1.290452853E-2
8.132331479E0,7.635815535E-3,6.948592141E-3,1.168279815E-2
8.134331479E0,5.803219974E-3,8.170322515E-3,1.290452853E-2
8.136331479E0,6.414085161E-3,5.726861767E-3,1.046106778E-2
8.138331479E0,7.635815535E-3,6.337726954E-3,1.229366288E-2
8.140331512E0,3.970623948E-3,6.337726954E-3,1.351539325E-2
8.142330678E0,9.162978968E-4,5.115996581E-3,1.351539325E-2
8.144329811E0,9.162978968E-4,5.115996581E-3,1.351539325E-2
8.146329844E0,5.803219974E-3,5.726861767E-3,1.534798928E-2
8.148330344E0,3.359758761E-3,4.505131394E-3,1.351539325E-2
8.150330377E0,7.024950348E-3,3.894265974E-3,1.534798928E-2
8.152330410E0,3.359758761E-3,4.505131394E-3,1.473712362E-2
8.154330410E0,4.581489135E-3,4.505131394E-3,1.595885493E-2
8.156330376E0,3.970623948E-3,2.672535367E-3,1.534798928E-2
8.158330342E0,3.970623948E-3,3.894265974E-3,1.412625890E-2
8.160330308E0,5.192354787E-3,4.505131394E-3,1.534798928E-2
8.162331141E0,5.192354787E-3,4.505131394E-3,1.534798928E-2
8.164332007E0,1.527163084E-3,2.061670180E-3,1.534798928E-2
8.166331973E0,2.748893574E-3,2.061670180E-3,1.473712362E-2
8.168331973E0,7.635815535E-3,2.061670180E-3,1.534798928E-2
8.170331973E0,5.192354787E-3,-9.926559869E-4,1.351539325E-2
8.172332006E0,5.803219974E-3,1.450804994E-3,1.412625890E-2
8.174332039E0,7.635815535E-3,-2.825251780E-3,1.229366288E-2
8.176332072E0,4.581489135E-3,-3.436116967E-3,1.412625890E-2
8.178332105E0,6.414085161E-3,-2.214386594E-3,1.412625890E-2
8.180332138E0,8.246680722E-3,-2.825251780E-3,1.534798928E-2
8.182331304E0,1.069014147E-2,-4.657847341E-3,1.046106778E-2
8.184330504E0,1.069014147E-2,-4.657847341E-3,1.046106778E-2
8.186330504E0,1.130100712E-2,-3.436116967E-3,9.850202128E-3
8.188330504E0,7.024950348E-3,-3.436116967E-3,9.239336476E-3
8.190330504E0,3.970623948E-3,-4.657847341E-3,8.017606102E-3
8.192329804E0,2.748893574E-3,-6.490443368E-3,1.046106778E-2
8.194329804E0,5.803219974E-3,-4.046982154E-3,8.628471754E-3
8.196329804E0,5.803219974E-3,-6.490443368E-3,9.239336476E-3
8.198329804E0,2.138028387E-3,-8.323038928E-3,8.017606102E-3
8.200329770E0,6.414085161E-3,-9.544769302E-3,8.017606102E-3
8.202330603E0,5.192354787E-3,-7.712173741E-3,8.017606102E-3
8.204331469E0,5.803219974E-3,-8.323038928E-3,9.239336476E-3
8.206331435E0,5.192354787E-3,-8.323038928E-3,9.239336476E-3
8.208330935E0,7.024950348E-3,-7.712173741E-3,1.046106778E-2
8.210330901E0,5.803219974E-3,-7.712173741E-3,8.628471754E-3
8.212330834E0,7.635815535E-3,-8.323038928E-3,8.017606102E-3
8.214330800E0,6.414085161E-3,-7.712173741E-3,8.017606102E-3
8.216330800E0,6.414085161E-3,-8.323038928E-3,1.046106778E-2
8.218330833E0,3.970623948E-3,-8.323038928E-3,1.046106778E-2
8.220330866E0,8.857546374E-3,-1.015563495E-2,7.406740915E-3
8.222330032E0,4.581489135E-3,-1.259909570E-2,8.017606102E-3
8.224329165E0,4.581489135E-3,-1.259909570E-2,8.017606102E-3
8.226329198E0,4.581489135E-3,-1.382082608E-2,9.239336476E-3
8.228329231E0,7.635815535E-3,-1.259909570E-2,7.406740915E-3
8.230329264E0,6.414085161E-3,-1.320996135E-2,6.185010541E-3
8.232329264E0,6.414085161E-3,-1.443169173E-2,4.352414981E-3
8.234329230E0,1.130100712E-2,-1.565342210E-2,3.741549561E-3
8.236329196E0,5.803219974E-3,-1.748601720E-2,4.963280167E-3
8.238329162E0,4.581489135E-3,-1.870774850E-2,4.352414981E-3
8.240329128E0,2.748893574E-3,-1.992947794E-2,4.963280167E-3
8.242329961E0,2.138028387E-3,-1.931861416E-2,3.741549561E-3
8.244330761E0,1.527163084E-3,-2.176207490E-2,3.741549561E-3
8.246330761E0,3.970623948E-3,-2.176207490E-2,6.185010541E-3
8.248330761E0,9.162978968E-4,-2.359467000E-2,3.741549561E-3
8.250330761E0,4.581489135E-3,-2.664899640E-2,3.130684374E-3
8.252330761E0,3.970623948E-3,-2.542726509E-2,3.130684374E-3
8.254330761E0,5.192354787E-3,-2.909245715E-2,2.519819187E-3
8.256330761E0,5.192354787E-3,-2.970332280E-2,6.872233935E-4
8.258330761E0,2.748893574E-3,-3.153591976E-2,1.298088697E-3
8.260330761E0,4.581489135E-3,-3.336851299E-2,-5.345070967E-4
8.262329894E0,4.581489135E-3,-3.886630014E-2,6.872233935E-4
8.264329027E0,4.581489135E-3,-3.886630014E-2,6.872233935E-4
8.266329060E0,5.803219974E-3,-3.947716579E-2,-1.145372284E-3
8.268328693E0,8.246680722E-3,-4.008803144E-2,7.635815564E-5
8.270328726E0,4.581489135E-3,-4.314235970E-2,-1.756237587E-3
8.272328792E0,7.635815535E-3,-4.619668424E-2,-2.367102774E-3
8.274328825E0,7.635815535E-3,-4.619668424E-2,-1.756237587E-3
8.276328858E0,9.468411095E-3,-4.802928120E-2,-2.977967961E-3
8.278328858E0,8.857546374E-3,-5.047274008E-2,-3.588833380E-3
8.280328824E0,9.468411095E-3,-4.986187443E-2,-2.367102774E-3
8.282329657E0,1.252273750E-2,-4.986187443E-2,-2.977967961E-3
8.284330523E0,9.468411095E-3,-4.925100878E-2,-3.588833380E-3
8.286330489E0,1.191187184E-2,-5.230533704E-2,-4.810563754E-3
8.288330455E0,1.313360315E-2,-5.413793400E-2,-1.145372284E-3
8.290330421E0,1.130100712E-2,-5.291620269E-2,-1.145372284E-3
8.292331054E0,1.313360315E-2,-5.230533704E-2,-1.145372284E-3
8.294331054E0,1.069014147E-2,-5.169447139E-2,-2.367102774E-3
8.296331087E0,1.435533352E-2,-5.108360574E-2,6.872233935E-4
8.298331120E0,1.435533352E-2,-5.108360574E-2,2.519819187E-3
8.300331153E0,1.313360315E-2,-4.925100878E-2,3.130684374E-3
8.302330319E0,1.313360315E-2,-4.802928120E-2,3.741549561E-3
8.304329452E0,1.252273750E-2,-4.864014685E-2,3.130684374E-3
8.306329485E0,1.496619824E-2,-4.741841555E-2,4.352414981E-3
8.308329518E0,1.435533352E-2,-4.802928120E-2,7.406740915E-3
8.310329551E0,1.557706390E-2,-4.314235970E-2,4.352414981E-3
8.312329117E0,1.435533352E-2,-4.497495294E-2,5.574145354E-3
8.314329117E0,1.252273750E-2,-4.314235970E-2,6.185010541E-3
8.316329117E0,1.496619824E-2,-4.130976275E-2,9.239336476E-3
8.318329117E0,1.191187184E-2,-4.192062840E-2,9.850202128E-3
8.320329117E0,1.313360315E-2,-4.069889709E-2,1.168279815E-2
8.322329983E0,8.246680722E-3,-4.008803144E-2,1.229366288E-2
8.324330449E0,1.374446787E-2,-3.825543448E-2,1.534798928E-2
8.326330415E0,1.496619824E-2,-3.764457256E-2,1.168279815E-2
8.328330781E0,1.313360315E-2,-3.703370690E-2,1.412625890E-2
8.330330747E0,1.069014147E-2,-3.703370690E-2,1.351539325E-2
8.332330713E0,1.069014147E-2,-3.397937864E-2,1.473712362E-2
8.334330679E0,1.069014147E-2,-3.581197560E-2,1.351539325E-2
8.336330645E0,1.130100712E-2,-3.459024429E-2,1.473712362E-2
8.338330611E0,1.007927675E-2,-3.459024429E-2,1.351539325E-2
8.340330611E0,9.468411095E-3,-3.336851299E-2,1.229366288E-2
8.342329744E0,4.581489135E-3,-3.397937864E-2,1.412625890E-2
8.344328877E0,4.581489135E-3,-3.397937864E-2,1.412625890E-2
8.346328910E0,1.527163084E-3,-3.275764734E-2,1.351539325E-2
8.348328943E0,4.581489135E-3,-3.153591976E-2,1.351539325E-2
8.350328976E0,2.138028387E-3,-3.459024429E-2,1.290452853E-2
8.352328342E0,2.138028387E-3,-3.275764734E-2,1.229366288E-2
8.354328375E0,4.581489135E-3,-3.214678168E-2,1.534798928E-2
8.356328375E0,2.138028387E-3,-3.336851299E-2,1.473712362E-2
8.358328341E0,5.192354787E-3,-3.459024429E-2,1.046106778E-2
8.360328307E0,6.414085161E-3,-3.336851299E-2,1.107193250E-2
8.362329140E0,-3.970623948E-3,-3.153591976E-2,1.168279815E-2
8.364330006E0,5.803219974E-3,-3.520110995E-2,1.107193250E-2
8.366329972E0,3.359758761E-3,-3.581197560E-2,1.046106778E-2
8.368329938E0,2.748893574E-3,-3.581197560E-2,1.046106778E-2
8.370329904E0,2.138028387E-3,-3.581197560E-2,1.168279815E-2
8.372330337E0,6.414085161E-3,-3.581197560E-2,1.046106778E-2
8.374330337E0,5.192354787E-3,-3.642284125E-2,1.107193250E-2
8.376330337E0,-9.162978968E-4,-3.520110995E-2,8.628471754E-3
8.378330337E0,-3.054326226E-4,-3.520110995E-2,8.017606102E-3
8.380330337E0,2.138028387E-3,-3.703370690E-2,7.406740915E-3
8.382329470E0,2.138028387E-3,-3.459024429E-2,6.795875728E-3
8.384328970E0,-1.527163084E-3,-3.397937864E-2,7.406740915E-3
8.386328970E0,-9.162978968E-4,-3.336851299E-2,8.017606102E-3
8.388328970E0,-9.162978968E-4,-3.397937864E-2,5.574145354E-3
8.390329003E0,-3.970623948E-3,-3.642284125E-2,4.352414981E-3
8.392329036E0,9.162978968E-4,-3.703370690E-2,4.352414981E-3
8.394329069E0,-1.527163084E-3,-3.703370690E-2,3.130684374E-3
8.396329102E0,-2.138028387E-3,-3.764457256E-2,2.519819187E-3
8.398329135E0,-2.748893574E-3,-3.886630014E-2,2.519819187E-3
8.400329168E0,1.527163084E-3,-3.947716579E-2,3.741549561E-3
8.402330068E0,-9.162978968E-4,-4.130976275E-2,3.130684374E-3
8.404330968E0,-9.162978968E-4,-4.069889709E-2,1.908953884E-3
8.406330934E0,-3.359758761E-3,-3.825543448E-2,1.908953884E-3
8.408330900E0,-9.162978968E-4,-3.886630014E-2,1.298088697E-3
8.410330866E0,-3.054326226E-4,-4.192062840E-2,6.872233935E-4
8.412330832E0,9.162978968E-4,-3.947716579E-2,2.519819187E-3
8.414330798E0,-9.162978968E-4,-4.130976275E-2,1.908953884E-3
8.416330664E0,9.162978968E-4,-3.703370690E-2,2.519819187E-3
8.418330664E0,-1.527163084E-3,-3.825543448E-2,1.298088697E-3
8.420330664E0,3.054326226E-4,-3.825543448E-2,7.635815564E-5
8.422329830E0,9.162978968E-4,-3.825543448E-2,-5.345070967E-4
8.424328996E0,9.162978968E-4,-3.825543448E-2,-5.345070967E-4
8.426328896E0,1.527163084E-3,-3.703370690E-2,7.635815564E-5
8.428328929E0,-2.138028387E-3,-3.397937864E-2,-1.145372284E-3
8.430328962E0,-3.054326226E-4,-3.581197560E-2,-1.756237587E-3
8.432328995E0,3.054326226E-4,-3.336851299E-2,1.298088697E-3
8.434329028E0,2.138028387E-3,-3.459024429E-2,-5.345070967E-4
8.436329028E0,5.192354787E-3,-3.153591976E-2,-5.345070967E-4
8.438329028E0,3.970623948E-3,-2.970332280E-2,-5.345070967E-4
8.440329028E0,2.748893574E-3,-2.970332280E-2,6.872233935E-4
8.442329894E0,4.581489135E-3,-2.725986205E-2,1.298088697E-3
8.444330794E0,3.359758761E-3,-2.603813075E-2,1.908953884E-3
8.446330794E0,5.803219974E-3,-2.359467000E-2,3.130684374E-3
8.448330794E0,2.748893574E-3,-2.176207490E-2,5.574145354E-3
8.450330760E0,2.138028387E-3,-2.176207490E-2,6.185010541E-3
8.452330726E0,2.138028387E-3,-1.870774850E-2,6.185010541E-3
8.454330692E0,3.970623948E-3,-1.809688285E-2,9.239336476E-3
8.456330658E0,2.748893574E-3,-1.687515154E-2,7.406740915E-3
8.458330624E0,4.581489135E-3,-1.565342210E-2,9.850202128E-3
8.460330590E0,2.138028387E-3,-1.504255645E-2,1.107193250E-2
8.462329690E0,6.414085161E-3,-1.259909570E-2,1.290452853E-2
8.464328756E0,1.527163084E-3,-8.933904581E-3,1.473712362E-2
8.466328756E0,3.970623948E-3,-6.490443368E-3,1.534798928E-2
8.468328789E0,2.138028387E-3,-6.490443368E-3,1.656972058E-2
8.470328822E0,1.007927675E-2,-2.214386594E-3,1.718058437E-2
8.472328855E0,2.138028387E-3,-2.825251780E-3,1.656972058E-2
8.474328888E0,2.748893574E-3,2.672535367E-3,1.962404512E-2
8.476329021E0,2.138028387E-3,5.115996581E-3,2.084577642E-2
8.478329054E0,2.748893574E-3,5.115996581E-3,2.267837152E-2
8.480329087E0,-1.527163084E-3,6.948592141E-3,2.145664208E-2
8.482329953E0,2.748893574E-3,1.000291854E-2,2.206750773E-2
8.484330786E0,-3.054326226E-4,1.122464892E-2,2.206750773E-2
8.486330886E0,-3.054326226E-4,1.488984004E-2,2.390010282E-2
8.488330852E0,2.138028387E-3,1.427897532E-2,2.328923717E-2
8.490330818E0,-9.162978968E-4,1.550070569E-2,2.634356357E-2
8.492330784E0,-1.527163084E-3,1.977676153E-2,2.695442922E-2
8.494330750E0,-8.246680722E-3,2.283108793E-2,2.634356357E-2
8.496330750E0,-3.359758761E-3,2.222022414E-2,2.756529488E-2
8.498330750E0,-3.359758761E-3,2.649627998E-2,2.939788997E-2
8.500330750E0,-4.581489135E-3,2.893974073E-2,3.123048507E-2
8.502329883E0,3.054326226E-4,3.382666409E-2,3.367394581E-2
8.504328983E0,3.054326226E-4,3.382666409E-2,3.367394581E-2
8.506328983E0,-7.024950348E-3,3.565925732E-2,3.428481147E-2
8.508328616E0,-4.581489135E-3,3.871358559E-2,3.611740842E-2
8.510328616E0,-5.803219974E-3,3.993531689E-2,3.856086731E-2
8.512328616E0,-8.246680722E-3,4.482223839E-2,3.978259861E-2
8.514328649E0,-3.970623948E-3,4.970915988E-2,4.222606122E-2
8.516328682E0,-2.748893574E-3,5.398521572E-2,4.405865446E-2
8.518328715E0,-3.970623948E-3,5.826127157E-2,4.650211707E-2
8.520328748E0,-3.970623948E-3,6.253732741E-2,4.711298272E-2
8.522329648E0,9.162978968E-4,6.559165567E-2,4.833471403E-2
8.524330581E0,-2.138028387E-3,6.864598393E-2,5.383250117E-2
8.526330614E0,-2.748893574E-3,6.986771524E-2,5.322163552E-2
8.528330614E0,-1.527163084E-3,7.658722997E-2,5.566509441E-2
8.530330580E0,1.527163084E-3,8.269587904E-2,5.810855702E-2
8.532330546E0,4.581489135E-3,8.269587904E-2,5.749769136E-2
8.534330512E0,6.414085161E-3,8.880453557E-2,6.177374721E-2
8.536330478E0,5.803219974E-3,9.185886383E-2,6.360634416E-2
8.538330444E0,8.857546374E-3,9.185886383E-2,6.482807547E-2
8.540330410E0,3.054326226E-4,9.613491595E-2,6.788240373E-2
8.542329510E0,8.857546374E-3,9.430231899E-2,6.910412759E-2
8.544328743E0,8.857546374E-3,9.430231899E-2,6.910412759E-2
8.546328776E0,8.857546374E-3,9.857837856E-2,6.971499324E-2
8.548328809E0,1.435533352E-2,9.796751291E-2,7.399105281E-2
8.550328842E0,1.313360315E-2,1.010218412E-1,7.154759020E-2
8.552328875E0,1.007927675E-2,9.980010986E-2,7.093672454E-2
8.554328908E0,1.374446787E-2,1.004109755E-1,7.338018715E-2
8.556328941E0,1.374446787E-2,9.980010986E-2,7.460191846E-2
8.558328974E0,1.252273750E-2,9.918924421E-2,7.399105281E-2
8.560329007E0,1.740965992E-2,9.552405030E-2,7.460191846E-2
8.562329873E0,1.191187184E-2,9.246972948E-2,7.582364976E-2
8.564330773E0,1.679879427E-2,9.063713253E-2,7.521278411E-2
8.566330773E0,1.496619824E-2,8.941540122E-2,7.460191846E-2
8.568331139E0,1.130100712E-2,8.636107296E-2,7.399105281E-2
8.570331139E0,1.191187184E-2,8.636107296E-2,7.460191846E-2
8.572331139E0,1.130100712E-2,8.269587904E-2,7.460191846E-2
8.574331105E0,8.246680722E-3,8.086328954E-2,7.399105281E-2
8.576331071E0,8.857546374E-3,7.719809562E-2,7.215845585E-2
8.578331037E0,8.857546374E-3,7.841982692E-2,7.460191846E-2
8.580331003E0,3.970623948E-3,7.353290170E-2,7.215845585E-2
8.582330103E0,6.414085161E-3,7.231117040E-2,7.276932150E-2
8.584329169E0,6.414085161E-3,7.231117040E-2,7.276932150E-2
8.586329135E0,4.581489135E-3,6.986771524E-2,7.093672454E-2
8.588329101E0,3.359758761E-3,6.925684959E-2,6.910412759E-2
8.590329101E0,4.581489135E-3,6.498079002E-2,7.215845585E-2
8.592329101E0,7.024950348E-3,6.131559983E-2,7.032585889E-2
8.594329134E0,8.246680722E-3,6.314819306E-2,7.093672454E-2
8.596329167E0,2.748893574E-3,6.070473418E-2,7.215845585E-2
8.598329200E0,3.359758761E-3,6.192646548E-2,7.154759020E-2
8.600329233E0,5.192354787E-3,5.948300287E-2,7.338018715E-2
8.602330133E0,5.803219974E-3,5.887213722E-2,7.460191846E-2
8.604330933E0,3.359758761E-3,6.070473418E-2,7.276932150E-2
8.606330933E0,3.359758761E-3,5.948300287E-2,7.399105281E-2
8.608330033E0,8.246680722E-3,5.826127157E-2,7.460191846E-2
8.610329999E0,1.252273750E-2,5.948300287E-2,7.643451542E-2
8.612329965E0,1.191187184E-2,5.703954399E-2,7.521278411E-2
8.614329931E0,1.069014147E-2,5.642867833E-2,7.887797803E-2
8.616329897E0,1.313360315E-2,5.459608138E-2,7.887797803E-2
8.618329863E0,1.435533352E-2,5.459608138E-2,7.887797803E-2
8.620329829E0,1.435533352E-2,5.337435007E-2,8.009970188E-2
8.622328962E0,1.313360315E-2,4.970915988E-2,8.009970188E-2
8.624328095E0,1.313360315E-2,4.970915988E-2,8.009970188E-2
8.626328128E0,1.496619824E-2,4.848742858E-2,8.254316449E-2
8.628328161E0,1.130100712E-2,4.726569727E-2,8.315403014E-2
8.630328194E0,1.557706390E-2,4.421137273E-2,8.437576145E-2
8.632328227E0,1.435533352E-2,4.360050708E-2,8.559749275E-2
8.634328260E0,1.618792862E-2,4.115704447E-2,8.498662710E-2
8.636328293E0,1.496619824E-2,4.237877578E-2,8.559749275E-2
8.638328326E0,1.557706390E-2,3.993531689E-2,8.926268667E-2
8.640328326E0,1.313360315E-2,3.749185428E-2,8.926268667E-2
8.642329192E0,1.191187184E-2,3.749185428E-2,9.231700748E-2
8.644330092E0,8.246680722E-3,3.871358559E-2,9.048441797E-2
8.646330092E0,6.414085161E-3,3.993531689E-2,8.865182102E-2
8.648330092E0,1.191187184E-2,4.176791012E-2,9.109527618E-2
8.650330092E0,9.468411095E-3,4.115704447E-2,9.109527618E-2
8.652330092E0,8.857546374E-3,4.237877578E-2,9.048441797E-2
8.654330058E0,3.359758761E-3,4.115704447E-2,8.926268667E-2
8.656330024E0,3.970623948E-3,3.443752974E-2,9.048441797E-2
8.658329990E0,-2.748893574E-3,3.199406713E-2,8.804095536E-2
8.660329956E0,-1.527163084E-3,2.649627998E-2,8.804095536E-2
8.662329056E0,-3.359758761E-3,2.160935849E-2,8.254316449E-2
8.664328189E0,-3.359758761E-3,2.160935849E-2,8.254316449E-2
8.666328155E0,-1.007927675E-2,2.038762718E-2,7.948884368E-2
8.668329021E0,-8.246680722E-3,1.916589774E-2,7.948884368E-2
8.670329021E0,-3.359758761E-3,1.366810966E-2,7.826711237E-2
8.672329054E0,-9.468411095E-3,1.061378326E-2,7.521278411E-2
8.674329087E0,-7.635815535E-3,7.559457328E-3,7.276932150E-2
8.676329120E0,-7.635815535E-3,1.450804994E-3,7.032585889E-2
8.678329153E0,-7.024950348E-3,-2.214386594E-3,6.727153808E-2
8.680329186E0,-1.130100712E-2,-5.879578181E-3,6.666067243E-2
8.682330086E0,-1.863138936E-2,-8.323038928E-3,6.360634416E-2
8.684330986E0,-9.468411095E-3,-1.565342210E-2,6.177374721E-2
8.686330952E0,-1.007927675E-2,-1.809688285E-2,5.933028832E-2
8.688330918E0,-1.007927675E-2,-2.481640130E-2,5.566509441E-2
8.690330884E0,-1.191187184E-2,-3.031418845E-2,5.322163552E-2
8.692330850E0,-1.374446787E-2,-2.970332280E-2,5.138903856E-2
8.694330816E0,-1.313360315E-2,-2.909245715E-2,4.894557595E-2
8.696330782E0,-1.252273750E-2,-2.970332280E-2,4.589125142E-2
8.698330748E0,-1.313360315E-2,-3.092505224E-2,4.589125142E-2
8.700330748E0,-1.679879427E-2,-3.153591976E-2,4.161519557E-2
8.702329881E0,-1.802052557E-2,-3.581197560E-2,3.856086731E-2
8.704329081E0,-1.802052557E-2,-3.581197560E-2,3.856086731E-2
8.706329081E0,-1.435533352E-2,-3.642284125E-2,3.489567712E-2
8.708329081E0,-1.863138936E-2,-3.764457256E-2,2.878702432E-2
8.710329081E0,-1.863138936E-2,-3.764457256E-2,2.878702432E-2
8.712329081E0,-1.863138936E-2,-3.581197560E-2,2.756529488E-2
8.714329081E0,-1.618792862E-2,-3.459024429E-2,2.634356357E-2
8.716329081E0,-2.046398632E-2,-3.764457256E-2,2.267837152E-2
8.718329114E0,-1.924225502E-2,-4.069889709E-2,2.084577642E-2
8.720329147E0,-1.740965992E-2,-4.253149405E-2,1.962404512E-2
8.722330047E0,-1.985312067E-2,-4.253149405E-2,1.718058437E-2
8.724330913E0,-1.802052557E-2,-4.925100878E-2,1.473712362E-2
8.726330946E0,-2.168571576E-2,-5.230533704E-2,9.239336476E-3
8.728330979E0,-2.229658142E-2,-5.474879593E-2,6.795875728E-3
8.730331012E0,-1.985312067E-2,-5.963572115E-2,5.574145354E-3
8.732331012E0,-2.168571576E-2,-6.146831438E-2,1.298088697E-3
8.734330978E0,-2.535090782E-2,-6.269004941E-2,6.872233935E-4
8.736330944E0,-2.229658142E-2,-6.452263892E-2,-1.756237587E-3
8.738330910E0,-2.535090782E-2,-6.330090761E-2,-3.588833380E-3
8.740330876E0,-2.046398632E-2,-6.574437022E-2,-7.254024968E-3
8.742329976E0,-2.290744707E-2,-6.940956414E-2,-1.030835137E-2
8.744329042E0,-2.351831272E-2,-6.818783283E-2,-1.091921609E-2
8.746329042E0,-2.657263726E-2,-6.879869848E-2,-1.153008174E-2
8.748329042E0,-2.474004216E-2,-7.124216110E-2,-1.458440814E-2
8.750329075E0,-2.351831272E-2,-7.490734756E-2,-1.519527286E-2
8.752329108E0,-2.779436857E-2,-7.490734756E-2,-1.824959926E-2
8.754329141E0,-2.779436857E-2,-7.735081017E-2,-1.702786796E-2
8.756329174E0,-2.412917651E-2,-7.979427278E-2,-2.130392566E-2
8.758329207E0,-2.840523422E-2,-7.979427278E-2,-1.947133057E-2
8.760329240E0,-2.779436857E-2,-8.101600409E-2,-2.313652076E-2
8.762330140E0,-2.962696366E-2,-8.101600409E-2,-2.557998151E-2
8.764330940E0,-2.718350291E-2,-7.796167582E-2,-2.619084716E-2
8.766330940E0,-3.268129006E-2,-7.918340713E-2,-2.680171281E-2
8.768330940E0,-2.840523422E-2,-8.040513843E-2,-3.229949996E-2
8.770330940E0,-3.084869497E-2,-8.162686974E-2,-3.046690486E-2
8.772330940E0,-3.451388702E-2,-8.651378751E-2,-3.413209692E-2
8.774330606E0,-3.451388702E-2,-8.651378751E-2,-3.413209692E-2
8.776330606E0,-3.817907721E-2,-9.017898142E-2,-3.657555580E-2
8.778330572E0,-4.184427112E-2,-8.956811577E-2,-3.413209692E-2
8.780330538E0,-4.367686436E-2,-8.895725012E-2,-3.779728711E-2
8.782329638E0,-4.184427112E-2,-9.140071273E-2,-3.901901841E-2
8.784328704E0,-4.184427112E-2,-9.140071273E-2,-3.901901841E-2
8.786328670E0,-4.062253982E-2,-9.262244403E-2,-4.085161164E-2
8.788328636E0,-4.795292020E-2,-9.384417534E-2,-4.207334295E-2
8.790328602E0,-4.612032697E-2,-9.323330969E-2,-4.207334295E-2
8.792328568E0,-4.795292020E-2,-9.628763795E-2,-4.451680556E-2
8.794328568E0,-5.039638281E-2,-9.689849615E-2,-4.451680556E-2
8.796328601E0,-5.406157300E-2,-9.873109311E-2,-4.512767121E-2
8.798328634E0,-5.650503561E-2,-1.011745557E-1,-4.696026444E-2
8.800328667E0,-5.650503561E-2,-1.036180183E-1,-4.573853686E-2
8.802329567E0,-5.772676691E-2,-1.048397496E-1,-4.573853686E-2
8.804330500E0,-5.833763257E-2,-1.066723466E-1,-4.573853686E-2
8.806330533E0,-6.200282276E-2,-1.078940704E-1,-4.573853686E-2
8.808330566E0,-6.200282276E-2,-1.072832122E-1,-4.634939879E-2
8.810330566E0,-5.772676691E-2,-1.109483987E-1,-4.573853686E-2
8.812330532E0,-6.017022580E-2,-1.121701300E-1,-4.573853686E-2
8.814330498E0,-6.139195710E-2,-1.127809957E-1,-4.512767121E-2
8.816330464E0,-5.955936015E-2,-1.103375331E-1,-4.329507425E-2
8.818330430E0,-5.772676691E-2,-1.085049361E-1,-4.085161164E-2
8.820330396E0,-6.078109145E-2,-1.109483987E-1,-4.024074972E-2
8.822329496E0,-6.017022580E-2,-1.146135926E-1,-4.085161164E-2
8.824328596E0,-5.772676691E-2,-1.127809957E-1,-3.779728711E-2
8.826328596E0,-5.772676691E-2,-1.140027270E-1,-3.840815276E-2
8.828328629E0,-5.894849449E-2,-1.201113760E-1,-3.596469015E-2
8.830328662E0,-5.467243865E-2,-1.243874356E-1,-3.229949996E-2
8.832328695E0,-5.528330430E-2,-1.237765700E-1,-3.168863431E-2
8.834329061E0,-5.467243865E-2,-1.243874356E-1,-2.924517356E-2
8.836329094E0,-5.833763257E-2,-1.286634952E-1,-2.802344225E-2
8.838329127E0,-5.161811411E-2,-1.286634952E-1,-2.680171281E-2
8.840329160E0,-4.978551716E-2,-1.304960847E-1,-2.252565511E-2
8.842330060E0,-5.222897977E-2,-1.335504204E-1,-2.191479132E-2
8.844330960E0,-4.978551716E-2,-1.353830099E-1,-2.008219436E-2
8.846330960E0,-4.978551716E-2,-1.384373307E-1,-1.886046492E-2
8.848330960E0,-4.978551716E-2,-1.445459872E-1,-1.702786796E-2
8.850330960E0,-5.100724846E-2,-1.463785917E-1,-1.702786796E-2
8.852330960E0,-4.917465150E-2,-1.506546438E-1,-1.336267684E-2
8.854330960E0,-4.612032697E-2,-1.530981064E-1,-1.397354249E-2
8.856330926E0,-4.795292020E-2,-1.561524272E-1,-1.458440814E-2
8.858330892E0,-4.917465150E-2,-1.585958898E-1,-1.336267684E-2
8.860330858E0,-4.856378585E-2,-1.598176211E-1,-1.153008174E-2
8.862329958E0,-4.367686436E-2,-1.665371358E-1,-9.697485715E-3
8.864329024E0,-4.367686436E-2,-1.665371358E-1,-9.697485715E-3
8.866328990E0,-4.428773001E-2,-1.683697402E-1,-7.864889689E-3
8.868328956E0,-4.062253982E-2,-1.708131880E-1,-8.475755341E-3
8.870328922E0,-4.306599870E-2,-1.744783819E-1,-6.643159315E-3
8.872328922E0,-4.367686436E-2,-1.757001132E-1,-7.254024968E-3
8.874328955E0,-4.062253982E-2,-1.799761802E-1,-6.643159315E-3
8.876328988E0,-4.184427112E-2,-1.824196279E-1,-6.032294128E-3
8.878329021E0,-4.062253982E-2,-1.842522323E-1,-8.475755341E-3
8.880329054E0,-3.573561832E-2,-1.842522323E-1,-8.475755341E-3
8.882329954E0,-3.817907721E-2,-1.879174262E-1,-7.864889689E-3
8.884330887E0,-3.451388702E-2,-1.897500157E-1,-7.864889689E-3
8.886330920E0,-4.001167417E-2,-1.915826052E-1,-7.864889689E-3
8.888330920E0,-3.084869497E-2,-1.934152097E-1,-8.475755341E-3
8.890330886E0,-2.901609987E-2,-1.952477992E-1,-9.697485715E-3
8.892330852E0,-2.962696366E-2,-1.952477992E-1,-9.697485715E-3
8.894330818E0,-2.596177347E-2,-1.946369410E-1,-9.697485715E-3
8.896330784E0,-2.779436857E-2,-1.976912618E-1,-9.086620063E-3
8.898330750E0,-2.840523422E-2,-1.983021349E-1,-1.091921609E-2
8.900330716E0,-2.657263726E-2,-1.995238662E-1,-1.153008174E-2
8.902329816E0,-2.718350291E-2,-2.025781870E-1,-1.214094646E-2
8.904328949E0,-2.718350291E-2,-2.025781870E-1,-1.214094646E-2
8.906328949E0,-2.290744707E-2,-2.050216496E-1,-1.275181212E-2
8.908328949E0,-2.474004216E-2,-2.050216496E-1,-1.519527286E-2
8.910328949E0,-2.596177347E-2,-2.092977017E-1,-1.336267684E-2
8.912328949E0,-2.474004216E-2,-2.092977017E-1,-1.519527286E-2
8.914328949E0,-2.535090782E-2,-2.105194330E-1,-1.397354249E-2
8.916328949E0,-2.474004216E-2,-2.147954851E-1,-1.702786796E-2
8.918328949E0,-2.779436857E-2,-2.147954851E-1,-1.458440814E-2
8.920328949E0,-2.901609987E-2,-2.178498209E-1,-1.580613852E-2
8.922329849E0,-2.779436857E-2,-2.160172164E-1,-1.641700417E-2
8.924330782E0,-2.901609987E-2,-2.184606791E-1,-1.641700417E-2
8.926330815E0,-2.962696366E-2,-2.196824104E-1,-1.702786796E-2
8.928330848E0,-2.962696366E-2,-2.221258730E-1,-1.641700417E-2
8.930330881E0,-3.451388702E-2,-2.233476043E-1,-1.641700417E-2
8.932330914E0,-3.451388702E-2,-2.264019251E-1,-1.397354249E-2
8.934330914E0,-3.512475267E-2,-2.264019251E-1,-1.214094646E-2
8.936330880E0,-3.573561832E-2,-2.282345295E-1,-1.153008174E-2
8.938330846E0,-3.756821156E-2,-2.306779921E-1,-1.030835137E-2
8.940330812E0,-3.756821156E-2,-2.306779921E-1,-9.086620063E-3
8.942329912E0,-3.512475267E-2,-2.306779921E-1,-6.643159315E-3
8.944328978E0,-3.512475267E-2,-2.306779921E-1,-6.643159315E-3
8.946328944E0,-3.817907721E-2,-2.251801938E-1,-6.643159315E-3
8.948328910E0,-3.817907721E-2,-2.221258730E-1,-4.199698567E-3
8.950328910E0,-3.573561832E-2,-2.172389477E-1,7.635815564E-5
8.952328943E0,-3.451388702E-2,-2.111303061E-1,4.352414981E-3
8.954328976E0,-3.023782931E-2,-2.092977017E-1,7.406740915E-3
8.956329009E0,-2.840523422E-2,-2.068542391E-1,1.412625890E-2
8.958329042E0,-2.779436857E-2,-2.037999183E-1,1.595885493E-2
8.960329075E0,-2.657263726E-2,-2.050216496E-1,1.901318133E-2
8.962329975E0,-2.657263726E-2,-2.031890452E-1,2.512183413E-2
8.964330875E0,-2.229658142E-2,-2.013564557E-1,2.817615867E-2
8.966330908E0,-1.985312067E-2,-1.995238662E-1,3.061962128E-2
8.968330908E0,-2.046398632E-2,-1.958586723E-1,3.428481147E-2
8.970330908E0,-2.046398632E-2,-1.891391575E-1,3.550654277E-2
8.972330908E0,-1.802052557E-2,-1.873065531E-1,3.795000166E-2
8.974330908E0,-1.679879427E-2,-1.842522323E-1,3.795000166E-2
8.976330908E0,-1.557706390E-2,-1.775327176E-1,4.100432992E-2
8.978330908E0,-1.435533352E-2,-1.726457924E-1,4.344778880E-2
8.980330908E0,-1.374446787E-2,-1.659262776E-1,4.650211707E-2
8.982330008E0,-1.069014147E-2,-1.592067480E-1,5.016730726E-2
8.984329074E0,-1.069014147E-2,-1.592067480E-1,5.016730726E-2
8.986329040E0,-1.252273750E-2,-1.518763751E-1,4.711298272E-2
8.988329006E0,-2.107485011E-2,-1.451568604E-1,4.528038576E-2
8.990328972E0,-1.802052557E-2,-1.378264725E-1,4.344778880E-2
8.992328938E0,-1.924225502E-2,-1.286634952E-1,4.528038576E-2
8.994328904E0,-1.985312067E-2,-1.213331074E-1,4.833471403E-2
8.996328904E0,-1.863138936E-2,-1.188896447E-1,5.199990422E-2
8.998328904E0,-1.802052557E-2,-1.152244583E-1,5.566509441E-2
9.000328937E0,-2.046398632E-2,-1.121701300E-1,5.810855702E-2
9.002329837E0,-2.290744707E-2,-1.152244583E-1,5.994115397E-2
9.004330770E0,-2.107485011E-2,-1.140027270E-1,6.482807547E-2
9.006330803E0,-2.046398632E-2,-1.097266674E-1,6.971499324E-2
9.008330836E0,-1.924225502E-2,-1.109483987E-1,7.154759020E-2
9.010330869E0,-1.924225502E-2,-1.091158018E-1,7.399105281E-2
9.012330869E0,-2.474004216E-2,-1.091158018E-1,7.704538107E-2
9.014330835E0,-2.290744707E-2,-1.085049361E-1,8.193229884E-2
9.016330801E0,-2.351831272E-2,-1.103375331E-1,8.559749275E-2
9.018330767E0,-1.924225502E-2,-1.030071527E-1,8.926268667E-2
9.020330733E0,-2.168571576E-2,-1.036180183E-1,9.048441797E-2
9.022329833E0,-2.351831272E-2,-9.689849615E-2,9.476047009E-2
9.024329066E0,-2.290744707E-2,-9.140071273E-2,9.659306705E-2
9.026329032E0,-2.535090782E-2,-8.468119800E-2,9.903652966E-2
9.028329032E0,-2.351831272E-2,-8.223773539E-2,9.842566401E-2
9.030329065E0,-2.351831272E-2,-7.735081017E-2,9.842566401E-2
9.032329098E0,-2.229658142E-2,-7.063129544E-2,9.842566401E-2
9.034329131E0,-2.046398632E-2,-6.818783283E-2,9.842566401E-2
9.036329164E0,-1.985312067E-2,-6.391177326E-2,9.903652966E-2
9.038329197E0,-1.802052557E-2,-6.207918003E-2,9.476047009E-2
9.040329230E0,-1.863138936E-2,-5.963572115E-2,9.720393270E-2
9.042330130E0,-1.985312067E-2,-5.780312419E-2,9.598220140E-2
9.044331063E0,-1.924225502E-2,-5.658139288E-2,9.048441797E-2
9.046331063E0,-2.290744707E-2,-5.597052723E-2,8.987355232E-2
9.048331063E0,-2.351831272E-2,-5.291620269E-2,8.376489580E-2
9.050331063E0,-2.229658142E-2,-4.925100878E-2,8.315403014E-2
9.052331063E0,-2.229658142E-2,-4.802928120E-2,8.132143319E-2
9.054331063E0,-2.474004216E-2,-4.558581859E-2,7.948884368E-2
9.056331063E0,-2.657263726E-2,-4.925100878E-2,7.887797803E-2
9.058331063E0,-2.596177347E-2,-5.352706835E-2,7.582364976E-2
9.060331029E0,-2.596177347E-2,-5.780312419E-2,7.093672454E-2
9.062330129E0,-3.145955876E-2,-5.719225854E-2,6.543894112E-2
9.064329195E0,-3.145955876E-2,-5.719225854E-2,6.543894112E-2
9.066329161E0,-3.634648025E-2,-5.780312419E-2,6.055201590E-2
9.068329127E0,-3.756821156E-2,-5.902485549E-2,5.444336683E-2
9.070329093E0,-3.756821156E-2,-5.841398984E-2,5.138903856E-2
9.072329059E0,-4.306599870E-2,-6.146831438E-2,4.528038576E-2
9.074329059E0,-4.245513305E-2,-6.207918003E-2,4.466952011E-2
9.076329059E0,-4.917465150E-2,-6.207918003E-2,4.283692688E-2
9.078330192E0,-4.489859566E-2,-5.597052723E-2,4.283692688E-2
9.080330225E0,-4.428773001E-2,-5.291620269E-2,4.466952011E-2
9.082331125E0,-4.917465150E-2,-5.169447139E-2,4.711298272E-2
9.084331891E0,-4.306599870E-2,-5.719225854E-2,4.466952011E-2
9.086331924E0,-4.612032697E-2,-6.085744873E-2,4.344778880E-2
9.088331957E0,-4.734205827E-2,-6.207918003E-2,4.405865446E-2
9.090331957E0,-4.428773001E-2,-6.330090761E-2,4.589125142E-2
9.092331957E0,-4.367686436E-2,-6.818783283E-2,4.466952011E-2
9.094331923E0,-4.489859566E-2,-6.757696718E-2,4.589125142E-2
9.096331889E0,-3.878994286E-2,-6.574437022E-2,5.199990422E-2
9.098331855E0,-3.756821156E-2,-6.696610153E-2,4.833471403E-2
9.100331821E0,-3.512475267E-2,-7.246389240E-2,4.528038576E-2
9.102330921E0,-2.779436857E-2,-8.162686974E-2,4.161519557E-2
9.104329987E0,-3.084869497E-2,-8.468119800E-2,3.978259861E-2
9.106329987E0,-3.023782931E-2,-8.712465316E-2,4.039346427E-2
9.108330020E0,-2.962696366E-2,-9.506590664E-2,3.489567712E-2
9.110330053E0,-2.657263726E-2,-9.689849615E-2,3.245221451E-2
9.112330086E0,-2.168571576E-2,-9.750936180E-2,3.245221451E-2
9.114330119E0,-2.046398632E-2,-9.628763795E-2,3.184135258E-2
9.116330152E0,-1.679879427E-2,-9.873109311E-2,3.000875562E-2
9.118330185E0,-1.985312067E-2,-1.030071527E-1,2.817615867E-2
9.120330218E0,-1.130100712E-2,-1.072832122E-1,2.756529488E-2
9.122331118E0,-1.130100712E-2,-1.140027270E-1,2.756529488E-2
9.124332018E0,-1.007927675E-2,-1.170570552E-1,2.634356357E-2
9.126332018E0,-8.857546374E-3,-1.256091595E-1,2.573269792E-2
9.128332018E0,-4.581489135E-3,-1.286634952E-1,2.939788997E-2
9.130332018E0,3.359758761E-3,-1.243874356E-1,3.123048507E-2
9.132332018E0,5.192354787E-3,-1.207222417E-1,3.428481147E-2
9.134332018E0,1.069014147E-2,-1.219439730E-1,3.428481147E-2
9.136332018E0,1.252273750E-2,-1.225548387E-1,3.428481147E-2
9.138330884E0,1.557706390E-2,-1.292743534E-1,3.367394581E-2
9.140330850E0,1.557706390E-2,-1.347721517E-1,3.367394581E-2
9.142329950E0,2.046398632E-2,-1.421025246E-1,3.611740842E-2
9.144329050E0,2.046398632E-2,-1.421025246E-1,3.611740842E-2
9.146329016E0,2.474004216E-2,-1.372155994E-1,3.978259861E-2
9.148328982E0,2.474004216E-2,-1.323286891E-1,4.161519557E-2
9.150328948E0,2.779436857E-2,-1.317178160E-1,4.161519557E-2
9.152328914E0,2.962696366E-2,-1.274417639E-1,4.283692688E-2
9.154328914E0,3.268129006E-2,-1.243874356E-1,4.283692688E-2
9.156328947E0,3.512475267E-2,-1.225548387E-1,4.405865446E-2
9.158328980E0,3.390302137E-2,-1.219439730E-1,4.344778880E-2
9.160329013E0,3.695734590E-2,-1.207222417E-1,4.405865446E-2
9.162329913E0,3.451388702E-2,-1.237765700E-1,4.100432992E-2
9.164330846E0,3.207042441E-2,-1.286634952E-1,4.100432992E-2
9.166330879E0,3.573561832E-2,-1.372155994E-1,4.100432992E-2
9.168330879E0,3.451388702E-2,-1.408807933E-1,4.100432992E-2
9.170330879E0,3.023782931E-2,-1.445459872E-1,4.100432992E-2
9.172330845E0,2.901609987E-2,-1.482111812E-1,3.795000166E-2
9.174330811E0,3.084869497E-2,-1.482111812E-1,3.795000166E-2
9.176330777E0,3.084869497E-2,-1.494329125E-1,3.733913973E-2
9.178330743E0,2.840523422E-2,-1.518763751E-1,3.489567712E-2
9.180330709E0,2.229658142E-2,-1.537089646E-1,3.489567712E-2
9.182329809E0,2.229658142E-2,-1.592067480E-1,3.367394581E-2
9.184328909E0,2.351831272E-2,-1.628719419E-1,3.061962128E-2
9.186328909E0,1.985312067E-2,-1.628719419E-1,3.306308016E-2
9.188328909E0,2.107485011E-2,-1.634828150E-1,3.123048507E-2
9.190328909E0,2.107485011E-2,-1.647045463E-1,3.061962128E-2
9.192328909E0,2.351831272E-2,-1.610393524E-1,2.939788997E-2
9.194328909E0,2.596177347E-2,-1.579850167E-1,3.061962128E-2
9.196328909E0,3.023782931E-2,-1.561524272E-1,2.939788997E-2
9.198328542E0,2.840523422E-2,-1.537089646E-1,2.756529488E-2
9.200328542E0,3.145955876E-2,-1.530981064E-1,2.267837152E-2
9.202329442E0,3.329215571E-2,-1.524872333E-1,2.512183413E-2
9.204330342E0,3.573561832E-2,-1.537089646E-1,2.023491077E-2
9.206330375E0,3.634648025E-2,-1.524872333E-1,1.840231568E-2
9.208330408E0,4.062253982E-2,-1.524872333E-1,1.595885493E-2
9.210330441E0,4.306599870E-2,-1.512655020E-1,1.534798928E-2
9.212330474E0,4.001167417E-2,-1.518763751E-1,1.229366288E-2
9.214330507E0,4.245513305E-2,-1.500437707E-1,9.850202128E-3
9.216330540E0,4.001167417E-2,-1.476003081E-1,8.628471754E-3
9.218330506E0,4.612032697E-2,-1.500437707E-1,4.352414981E-3
9.220330472E0,4.917465150E-2,-1.494329125E-1,2.519819187E-3
9.222329572E0,4.978551716E-2,-1.445459872E-1,-1.756237587E-3
9.224328638E0,4.978551716E-2,-1.445459872E-1,-1.756237587E-3
9.226328204E0,5.283984542E-2,-1.427133977E-1,-5.345070967E-4
9.228328170E0,5.161811411E-2,-1.433242559E-1,-1.145372284E-3
9.230328136E0,5.222897977E-2,-1.433242559E-1,-3.588833380E-3
9.232327602E0,5.100724846E-2,-1.421025246E-1,-3.588833380E-3
9.234327635E0,4.978551716E-2,-1.421025246E-1,-6.032294128E-3
9.236327668E0,5.100724846E-2,-1.421025246E-1,-6.643159315E-3
9.238327701E0,5.100724846E-2,-1.414916664E-1,-9.086620063E-3
9.240327734E0,4.795292020E-2,-1.402699351E-1,-9.086620063E-3
9.242328634E0,5.039638281E-2,-1.366047412E-1,-9.697485715E-3
9.244329567E0,4.489859566E-2,-1.341612786E-1,-1.030835137E-2
9.246329600E0,4.550946131E-2,-1.335504204E-1,-1.153008174E-2
9.248329633E0,4.612032697E-2,-1.286634952E-1,-9.697485715E-3
9.250329833E0,4.489859566E-2,-1.243874356E-1,-9.697485715E-3
9.252329833E0,4.428773001E-2,-1.262200326E-1,-1.091921609E-2
9.254329833E0,4.123340547E-2,-1.237765700E-1,-1.153008174E-2
9.256329833E0,4.123340547E-2,-1.207222417E-1,-1.397354249E-2
9.258330199E0,4.001167417E-2,-1.170570552E-1,-1.458440814E-2
9.260330199E0,3.878994286E-2,-1.158353239E-1,-1.397354249E-2
9.262329299E0,4.062253982E-2,-1.060614809E-1,-1.336267684E-2
9.264328532E0,4.062253982E-2,-1.060614809E-1,-1.336267684E-2
9.266328498E0,4.123340547E-2,-1.030071527E-1,-1.214094646E-2
9.268328464E0,4.001167417E-2,-9.995282441E-2,-1.214094646E-2
9.270328430E0,3.878994286E-2,-9.506590664E-2,-1.214094646E-2
9.272328396E0,3.940080851E-2,-9.262244403E-2,-1.153008174E-2
9.274328362E0,3.940080851E-2,-8.956811577E-2,-1.030835137E-2
9.276328295E0,3.940080851E-2,-8.407033235E-2,-1.214094646E-2
9.278328295E0,3.878994286E-2,-7.979427278E-2,-8.475755341E-3
9.280328328E0,4.184427112E-2,-7.429648191E-2,-1.030835137E-2
9.282329228E0,4.062253982E-2,-6.635523587E-2,-7.254024968E-3
9.284330161E0,3.940080851E-2,-6.452263892E-2,-9.086620063E-3
9.286330594E0,4.184427112E-2,-5.474879593E-2,-4.199698567E-3
9.288330627E0,4.245513305E-2,-4.680754989E-2,-6.032294128E-3
9.290330660E0,4.489859566E-2,-4.436408728E-2,-3.588833380E-3
9.292331226E0,4.673119262E-2,-3.764457256E-2,-1.756237587E-3
9.294331226E0,4.856378585E-2,-3.031418845E-2,7.635815564E-5
9.296331192E0,4.673119262E-2,-2.603813075E-2,2.519819187E-3
9.298331158E0,4.612032697E-2,-1.748601720E-2,7.406740915E-3
9.300331158E0,5.345070735E-2,-1.076649968E-2,1.229366288E-2
9.302330258E0,5.345070735E-2,5.726861767E-3,2.084577642E-2
9.304329591E0,5.345070735E-2,5.726861767E-3,2.084577642E-2
9.306329557E0,5.345070735E-2,1.733330078E-2,2.634356357E-2
9.308329523E0,5.711590126E-2,2.283108793E-2,2.634356357E-2
9.310329323E0,5.772676691E-2,3.627012298E-2,3.000875562E-2
9.312329356E0,5.894849449E-2,4.604396969E-2,3.550654277E-2
9.314329389E0,5.650503561E-2,5.215261877E-2,3.856086731E-2
9.316329422E0,6.078109145E-2,6.253732741E-2,3.978259861E-2
9.318329455E0,6.017022580E-2,7.231117040E-2,4.466952011E-2
9.320329488E0,5.772676691E-2,8.025242388E-2,4.589125142E-2
9.322330388E0,6.261368841E-2,8.513934165E-2,4.894557595E-2
9.324331154E0,6.566801667E-2,9.308059514E-2,5.016730726E-2
9.326331187E0,6.505715102E-2,9.613491595E-2,5.077817291E-2
9.328331187E0,6.261368841E-2,1.052978933E-1,5.077817291E-2
9.330331187E0,6.200282276E-2,1.071304902E-1,5.016730726E-2
9.332331187E0,6.627888232E-2,1.120174155E-1,5.199990422E-2
9.334331187E0,6.261368841E-2,1.138500124E-1,5.261076987E-2
9.336331187E0,6.139195710E-2,1.162934676E-1,5.199990422E-2
9.338331187E0,6.139195710E-2,1.156826094E-1,5.077817291E-2
9.340331153E0,5.955936015E-2,1.132391468E-1,4.894557595E-2
9.342330253E0,5.406157300E-2,1.126282811E-1,4.711298272E-2
9.344329319E0,5.406157300E-2,1.126282811E-1,4.711298272E-2
9.346329285E0,5.650503561E-2,1.120174155E-1,4.650211707E-2
9.348329251E0,5.161811411E-2,1.089630872E-1,4.833471403E-2
9.350329217E0,5.528330430E-2,1.071304902E-1,4.833471403E-2
9.352329183E0,5.406157300E-2,1.040761694E-1,4.650211707E-2
9.354329149E0,5.345070735E-2,1.010218412E-1,4.466952011E-2
9.356328749E0,4.795292020E-2,9.918924421E-2,4.528038576E-2
9.358328782E0,5.100724846E-2,9.613491595E-2,4.344778880E-2
9.360328782E0,5.345070735E-2,9.308059514E-2,4.344778880E-2
9.362329682E0,5.528330430E-2,9.246972948E-2,4.283692688E-2
9.364330348E0,5.772676691E-2,9.002626687E-2,4.528038576E-2
9.366330381E0,5.955936015E-2,8.758280426E-2,4.466952011E-2
9.368330414E0,6.261368841E-2,8.575020730E-2,4.528038576E-2
9.370330447E0,6.322455406E-2,8.208502084E-2,4.466952011E-2
9.372330447E0,7.055493444E-2,7.719809562E-2,5.016730726E-2
9.374330413E0,6.994406879E-2,7.719809562E-2,4.772384837E-2
9.376330379E0,6.994406879E-2,7.536549866E-2,5.016730726E-2
9.378330345E0,8.093964309E-2,7.536549866E-2,5.505422875E-2
9.380330311E0,7.849618047E-2,7.414376736E-2,5.749769136E-2
9.382329411E0,8.460483700E-2,7.964155823E-2,6.238461286E-2
9.384328511E0,8.460483700E-2,7.964155823E-2,6.238461286E-2
9.386328477E0,8.949175477E-2,8.269587904E-2,6.360634416E-2
9.388328477E0,8.949175477E-2,8.575020730E-2,6.788240373E-2
9.390328510E0,9.071348608E-2,8.819366992E-2,7.154759020E-2
9.392328543E0,9.254608303E-2,9.124799818E-2,7.521278411E-2
9.394328576E0,9.193521738E-2,9.491318464E-2,7.521278411E-2
9.396328609E0,9.437867999E-2,9.918924421E-2,7.948884368E-2
9.398328642E0,9.743300825E-2,1.052978933E-1,8.254316449E-2
9.400328675E0,9.621127695E-2,1.077413559E-1,8.315403014E-2
9.402329575E0,9.926560521E-2,1.126282811E-1,8.804095536E-2
9.404330508E0,9.926560521E-2,1.169043332E-1,9.048441797E-2
9.406330508E0,9.560041130E-2,1.181260645E-1,9.109527618E-2
9.408330508E0,9.498954564E-2,1.230129898E-1,9.414960444E-2
9.410330508E0,9.254608303E-2,1.242347211E-1,9.598220140E-2
9.412330508E0,9.254608303E-2,1.248455867E-1,9.659306705E-2
9.414330508E0,8.888089657E-2,1.254564524E-1,9.720393270E-2
9.416330908E0,8.216137439E-2,1.272890419E-1,9.781479836E-2
9.418330874E0,8.338310570E-2,1.278999150E-1,9.720393270E-2
9.420330840E0,7.422012836E-2,1.297325045E-1,9.903652966E-2
9.422329940E0,6.994406879E-2,1.321759671E-1,9.842566401E-2
9.424329006E0,6.994406879E-2,1.321759671E-1,9.842566401E-2
9.426328972E0,6.139195710E-2,1.333976984E-1,9.720393270E-2
9.428328938E0,5.955936015E-2,1.303433776E-1,9.659306705E-2
9.430328904E0,5.894849449E-2,1.303433776E-1,9.537133574E-2
9.432328870E0,5.100724846E-2,1.272890419E-1,9.231700748E-2
9.434328870E0,4.550946131E-2,1.224021241E-1,8.743008971E-2
9.436328903E0,4.367686436E-2,1.175151989E-1,8.620835841E-2
9.438328936E0,3.817907721E-2,1.114065498E-1,8.071056753E-2
9.440328969E0,3.145955876E-2,1.040761694E-1,7.521278411E-2
9.442329869E0,3.573561832E-2,1.010218412E-1,7.276932150E-2
9.444330769E0,2.901609987E-2,9.124799818E-2,6.421720982E-2
9.446330802E0,2.657263726E-2,8.330674469E-2,5.505422875E-2
9.448330835E0,1.740965992E-2,7.536549866E-2,5.261076987E-2
9.450330835E0,2.596177347E-2,6.253732741E-2,4.466952011E-2
9.452330801E0,2.840523422E-2,4.787656292E-2,3.550654277E-2
9.454330767E0,2.596177347E-2,4.054617882E-2,2.878702432E-2
9.456330733E0,2.657263726E-2,2.222022414E-2,2.023491077E-2
9.458330699E0,3.023782931E-2,8.170322515E-3,1.229366288E-2
9.460330665E0,3.268129006E-2,1.450804994E-3,7.406740915E-3
9.462329765E0,4.001167417E-2,-1.870774850E-2,-1.145372284E-3
9.464328831E0,4.123340547E-2,-2.603813075E-2,-4.810563754E-3
9.466328831E0,4.367686436E-2,-3.397937864E-2,-1.091921609E-2
9.468328864E0,4.489859566E-2,-5.047274008E-2,-2.191479132E-2
9.470328897E0,4.978551716E-2,-6.757696718E-2,-2.985603921E-2
9.472328930E0,4.917465150E-2,-7.429648191E-2,-3.352123126E-2
9.474328963E0,5.406157300E-2,-9.201157838E-2,-4.329507425E-2
9.476328996E0,5.955936015E-2,-1.072832122E-1,-5.245805159E-2
9.478329029E0,5.528330430E-2,-1.176679209E-1,-5.795583874E-2
9.480329062E0,5.894849449E-2,-1.323286891E-1,-6.711881608E-2
9.482329962E0,6.017022580E-2,-1.494329125E-1,-7.872525603E-2
9.484330862E0,6.078109145E-2,-1.537089646E-1,-8.116871864E-2
9.486330862E0,6.444628537E-2,-1.640936732E-1,-9.338602424E-2
9.488330862E0,6.811147183E-2,-1.769218445E-1,-1.007164046E-1
9.490330862E0,6.566801667E-2,-1.805870384E-1,-1.056033298E-1
9.492330862E0,6.627888232E-2,-1.830305010E-1,-1.092685238E-1
9.494330862E0,6.933320314E-2,-1.879174262E-1,-1.159880385E-1
9.496330828E0,6.688974798E-2,-1.897500157E-1,-1.165989041E-1
9.498330794E0,6.627888232E-2,-1.934152097E-1,-1.245401502E-1
9.500330760E0,6.078109145E-2,-2.001347244E-1,-1.282053441E-1
9.502329860E0,6.139195710E-2,-2.031890452E-1,-1.275944710E-1
9.504329060E0,6.139195710E-2,-2.031890452E-1,-1.275944710E-1
9.506329026E0,6.078109145E-2,-2.050216496E-1,-1.282053441E-1
9.508328992E0,6.322455406E-2,-2.031890452E-1,-1.251510233E-1
9.510328958E0,6.444628537E-2,-2.062433809E-1,-1.233184189E-1
9.512328958E0,6.688974798E-2,-2.056325078E-1,-1.220966876E-1
9.514328991E0,6.688974798E-2,-2.050216496E-1,-1.214858219E-1
9.516329024E0,6.200282276E-2,-2.044107765E-1,-1.202640980E-1
9.518329057E0,7.238753140E-2,-2.092977017E-1,-1.220966876E-1
9.520329090E0,7.605272532E-2,-2.099085748E-1,-1.208749637E-1
9.522329990E0,7.910704613E-2,-2.111303061E-1,-1.202640980E-1
9.524330923E0,8.032877743E-2,-2.135737687E-1,-1.190423667E-1
9.526330956E0,9.315694869E-2,-2.227367461E-1,-1.196532324E-1
9.528330956E0,9.621127695E-2,-2.239584774E-1,-1.227075532E-1
9.530330922E0,1.078177169E-1,-2.337323129E-1,-1.257618815E-1
9.532330888E0,1.151480973E-1,-2.428952903E-1,-1.275944710E-1
9.534330854E0,1.194241568E-1,-2.465604842E-1,-1.282053441E-1
9.536330820E0,1.304197311E-1,-2.569451928E-1,-1.300379336E-1
9.538330786E0,1.322523206E-1,-2.709950805E-1,-1.282053441E-1
9.540330752E0,1.383609772E-1,-2.789363563E-1,-1.269836128E-1
9.542329852E0,1.432479024E-1,-3.021492362E-1,-1.288162023E-1
9.544328952E0,1.475239545E-1,-3.094795942E-1,-1.275944710E-1
9.546328952E0,1.481348276E-1,-3.161991239E-1,-1.269836128E-1
9.548328952E0,1.487456858E-1,-3.308598995E-1,-1.294270754E-1
9.550328952E0,1.481348276E-1,-3.406337202E-1,-1.288162023E-1
9.552328952E0,1.475239545E-1,-3.479641080E-1,-1.324813962E-1
9.554328952E0,1.438587606E-1,-3.552944958E-1,-1.300379336E-1
9.556328952E0,1.389718503E-1,-3.601814210E-1,-1.282053441E-1
9.558328952E0,1.365283877E-1,-3.620140254E-1,-1.288162023E-1
9.560328952E0,1.243110746E-1,-3.638466001E-1,-1.294270754E-1
9.562329852E0,1.072068512E-1,-3.644574881E-1,-1.251510233E-1
9.564330652E0,1.029307917E-1,-3.644574881E-1,-1.251510233E-1
9.566330685E0,8.949175477E-2,-3.607922792E-1,-1.239292845E-1
9.568330718E0,6.994406879E-2,-3.565162420E-1,-1.257618815E-1
9.570330751E0,5.955936015E-2,-3.528510332E-1,-1.263727546E-1
9.572330784E0,3.756821156E-2,-3.442989290E-1,-1.257618815E-1
9.574330784E0,1.252273750E-2,-3.308598995E-1,-1.239292845E-1
9.576330784E0,-1.527163084E-3,-3.241403699E-1,-1.233184189E-1
9.578330750E0,-2.718350291E-2,-3.076470196E-1,-1.208749637E-1
9.580330716E0,-4.856378585E-2,-2.911536396E-1,-1.184315011E-1
9.582329816E0,-8.521570265E-2,-2.648864388E-1,-1.080467924E-1
9.584328882E0,-8.521570265E-2,-2.648864388E-1,-1.080467924E-1
9.586328848E0,-1.084285825E-1,-2.477822155E-1,-1.086576581E-1
9.588328814E0,-1.182024255E-1,-2.392300963E-1,-1.056033298E-1
9.590328814E0,-1.420261711E-1,-2.221258730E-1,-1.019381359E-1
9.592328814E0,-1.609629989E-1,-2.031890452E-1,-1.007164046E-1
9.594328847E0,-1.658499092E-1,-1.958586723E-1,-1.019381359E-1
9.596328880E0,-1.798998117E-1,-1.818087697E-1,-1.007164046E-1
9.598328913E0,-1.860084683E-1,-1.647045463E-1,-9.827294946E-2
9.600328946E0,-1.921171248E-1,-1.585958898E-1,-9.827294946E-2
9.602329846E0,-1.963931769E-1,-1.469894499E-1,-9.338602424E-2
9.604330779E0,-1.963931769E-1,-1.402699351E-1,-8.972083032E-2
9.606330812E0,-1.933388561E-1,-1.378264725E-1,-9.033169597E-2
9.608330812E0,-1.908953935E-1,-1.317178160E-1,-8.727737516E-2
9.610330812E0,-1.860084683E-1,-1.280526221E-1,-8.544477820E-2
9.612330812E0,-1.805106848E-1,-1.268308908E-1,-8.422304690E-2
9.614330812E0,-1.725694388E-1,-1.243874356E-1,-8.177958429E-2
9.616330812E0,-1.621847153E-1,-1.237765700E-1,-8.239044994E-2
9.618330812E0,-1.560760736E-1,-1.219439730E-1,-7.994698733E-2
9.620330812E0,-1.408044398E-1,-1.213331074E-1,-7.872525603E-2
9.622329912E0,-1.212567538E-1,-1.213331074E-1,-7.750352472E-2
9.624329045E0,-1.212567538E-1,-1.213331074E-1,-7.750352472E-2
9.626329011E0,-1.047633886E-1,-1.213331074E-1,-7.689265907E-2
9.628328977E0,-8.888089657E-2,-1.170570552E-1,-7.811439037E-2
9.630328943E0,-7.422012836E-2,-1.164461896E-1,-7.689265907E-2
9.632328909E0,-6.444628537E-2,-1.158353239E-1,-7.872525603E-2
9.634328875E0,-5.100724846E-2,-1.127809957E-1,-7.689265907E-2
9.636328841E0,-4.489859566E-2,-1.121701300E-1,-7.628180087E-2
9.638328841E0,-3.573561832E-2,-1.103375331E-1,-7.750352472E-2
9.640328874E0,-2.412917651E-2,-1.085049361E-1,-7.933612168E-2
9.642329774E0,-1.557706390E-2,-1.054506153E-1,-7.994698733E-2
9.644330707E0,-1.007927675E-2,-1.048397496E-1,-7.933612168E-2
9.646330740E0,-2.748893574E-3,-1.017854214E-1,-7.994698733E-2
9.648330773E0,4.581489135E-3,-9.934195876E-2,-8.116871864E-2
9.650330806E0,8.246680722E-3,-9.689849615E-2,-8.055785298E-2
9.652330839E0,1.496619824E-2,-9.506590664E-2,-8.300131559E-2
9.654330839E0,1.252273750E-2,-9.201157838E-2,-8.422304690E-2
9.656330805E0,1.435533352E-2,-9.017898142E-2,-8.300131559E-2
9.658330771E0,2.657263726E-2,-9.017898142E-2,-8.483391255E-2
9.660330737E0,2.107485011E-2,-8.529205620E-2,-8.666650951E-2
9.662329837E0,2.290744707E-2,-8.040513843E-2,-8.666650951E-2
9.664328903E0,2.290744707E-2,-8.040513843E-2,-8.666650951E-2
9.666328869E0,2.596177347E-2,-7.673994452E-2,-8.666650951E-2
9.668328869E0,2.474004216E-2,-7.551821321E-2,-8.788824081E-2
9.670328869E0,2.474004216E-2,-7.063129544E-2,-8.727737516E-2
9.672328869E0,2.290744707E-2,-6.818783283E-2,-8.727737516E-2
9.674328869E0,2.474004216E-2,-6.635523587E-2,-8.972083032E-2
9.676328869E0,2.168571576E-2,-6.207918003E-2,-8.788824081E-2
9.678328869E0,2.168571576E-2,-6.085744873E-2,-8.972083032E-2
9.680328869E0,2.229658142E-2,-5.902485549E-2,-8.910996467E-2
9.682329735E0,2.290744707E-2,-5.597052723E-2,-8.849909902E-2
9.684330568E0,1.802052557E-2,-5.535966158E-2,-8.910996467E-2
9.686330601E0,2.046398632E-2,-5.597052723E-2,-8.910996467E-2
9.688330634E0,2.168571576E-2,-5.413793400E-2,-8.849909902E-2
9.690330667E0,2.168571576E-2,-5.291620269E-2,-8.972083032E-2
9.692330700E0,2.046398632E-2,-5.352706835E-2,-8.972083032E-2
9.694330733E0,1.924225502E-2,-5.352706835E-2,-8.972083032E-2
9.696330766E0,1.985312067E-2,-5.108360574E-2,-9.094256163E-2
9.698330799E0,1.924225502E-2,-5.230533704E-2,-9.033169597E-2
9.700330799E0,1.740965992E-2,-5.291620269E-2,-9.094256163E-2
9.702329899E0,1.924225502E-2,-5.291620269E-2,-8.727737516E-2
9.704328965E0,1.924225502E-2,-5.291620269E-2,-8.727737516E-2
9.706328931E0,1.863138936E-2,-5.230533704E-2,-8.972083032E-2
9.708328897E0,1.679879427E-2,-5.352706835E-2,-8.910996467E-2
9.710328863E0,1.557706390E-2,-5.108360574E-2,-9.033169597E-2
9.712328829E0,2.107485011E-2,-5.597052723E-2,-9.277515858E-2
9.714328795E0,1.435533352E-2,-5.535966158E-2,-9.521862119E-2
9.716328795E0,1.313360315E-2,-5.597052723E-2,-9.460775554E-2
9.718328828E0,1.679879427E-2,-5.658139288E-2,-9.644035250E-2
9.720328861E0,1.313360315E-2,-5.658139288E-2,-9.644035250E-2
9.722329761E0,1.130100712E-2,-5.841398984E-2,-9.644035250E-2
9.724330694E0,1.191187184E-2,-6.085744873E-2,-1.001055390E-1
9.726330727E0,1.069014147E-2,-6.146831438E-2,-1.001055390E-1
9.728330760E0,4.581489135E-3,-6.024658307E-2,-1.013272703E-1
9.730330793E0,6.414085161E-3,-6.207918003E-2,-1.031598672E-1
9.732330826E0,3.970623948E-3,-6.391177326E-2,-1.043815985E-1
9.734330826E0,4.581489135E-3,-6.879869848E-2,-1.043815985E-1
9.736330826E0,1.527163084E-3,-6.879869848E-2,-1.031598672E-1
9.738330826E0,6.414085161E-3,-7.063129544E-2,-1.056033298E-1
9.740330826E0,2.748893574E-3,-7.307475805E-2,-1.074359268E-1
9.742329959E0,2.138028387E-3,-7.185302675E-2,-1.098793894E-1
9.744329059E0,3.970623948E-3,-7.246389240E-2,-1.092685238E-1
9.746329025E0,-9.162978968E-4,-7.429648191E-2,-1.086576581E-1
9.748328991E0,-1.527163084E-3,-7.429648191E-2,-1.068250611E-1
9.750328957E0,3.054326226E-4,-7.673994452E-2,-1.074359268E-1
9.752328923E0,-1.527163084E-3,-8.101600409E-2,-1.086576581E-1
9.754328889E0,2.138028387E-3,-8.162686974E-2,-1.092685238E-1
9.756328855E0,-1.527163084E-3,-8.162686974E-2,-1.062141955E-1
9.758328821E0,-7.024950348E-3,-8.651378751E-2,-1.049924642E-1
9.760328787E0,-6.414085161E-3,-8.651378751E-2,-1.043815985E-1
9.762329653E0,-1.252273750E-2,-9.078984708E-2,-1.056033298E-1
9.764330586E0,-1.313360315E-2,-9.567677230E-2,-1.049924642E-1
9.766330619E0,-1.435533352E-2,-9.567677230E-2,-1.049924642E-1
9.768330652E0,-1.374446787E-2,-9.812022746E-2,-1.037707329E-1
9.770330685E0,-1.740965992E-2,-9.689849615E-2,-1.037707329E-1
9.772330718E0,-1.985312067E-2,-9.812022746E-2,-1.025490016E-1
9.774330751E0,-1.740965992E-2,-9.812022746E-2,-1.025490016E-1
9.776330784E0,-2.535090782E-2,-9.384417534E-2,-1.001055390E-1
9.778330784E0,-2.412917651E-2,-9.445504099E-2,-1.001055390E-1
9.780330750E0,-2.229658142E-2,-9.323330969E-2,-9.888381511E-2
9.782329850E0,-3.390302137E-2,-8.834638447E-2,-9.644035250E-2
9.784328916E0,-3.390302137E-2,-8.834638447E-2,-9.644035250E-2
9.786328482E0,-3.145955876E-2,-8.529205620E-2,-9.155342728E-2
9.788328448E0,-3.573561832E-2,-8.101600409E-2,-9.094256163E-2
9.790328414E0,-3.512475267E-2,-8.162686974E-2,-9.094256163E-2
9.792328380E0,-4.306599870E-2,-7.612907887E-2,-8.605564386E-2
9.794328380E0,-4.245513305E-2,-7.185302675E-2,-8.605564386E-2
9.796328413E0,-4.062253982E-2,-6.879869848E-2,-8.422304690E-2
9.798328446E0,-4.184427112E-2,-6.452263892E-2,-8.300131559E-2
9.800328479E0,-4.734205827E-2,-6.024658307E-2,-7.872525603E-2
9.802329379E0,-4.673119262E-2,-5.841398984E-2,-7.811439037E-2
9.804330312E0,-4.673119262E-2,-5.352706835E-2,-7.811439037E-2
9.806330345E0,-5.161811411E-2,-5.047274008E-2,-7.689265907E-2
9.808330378E0,-4.978551716E-2,-4.925100878E-2,-7.567093521E-2
9.810330411E0,-5.100724846E-2,-4.680754989E-2,-7.261660695E-2
9.812330411E0,-5.161811411E-2,-4.008803144E-2,-7.078400999E-2
9.814330411E0,-4.978551716E-2,-4.069889709E-2,-7.261660695E-2
9.816330411E0,-5.222897977E-2,-3.703370690E-2,-7.200574130E-2
9.818330411E0,-5.283984542E-2,-3.397937864E-2,-7.139487565E-2
9.820330411E0,-5.222897977E-2,-3.275764734E-2,-7.078400999E-2
9.822329544E0,-5.039638281E-2,-3.031418845E-2,-7.506006956E-2
9.824328610E0,-4.856378585E-2,-2.909245715E-2,-7.322747260E-2
9.826328576E0,-5.222897977E-2,-2.909245715E-2,-7.628180087E-2
9.828328542E0,-5.283984542E-2,-3.092505224E-2,-7.444920391E-2
9.830328508E0,-4.367686436E-2,-2.970332280E-2,-7.628180087E-2
9.832328474E0,-4.550946131E-2,-3.092505224E-2,-7.567093521E-2
9.834328440E0,-4.428773001E-2,-3.397937864E-2,-7.811439037E-2
9.836328406E0,-4.367686436E-2,-3.581197560E-2,-7.689265907E-2
9.838328372E0,-4.489859566E-2,-3.581197560E-2,-7.933612168E-2
9.840328372E0,-3.940080851E-2,-3.825543448E-2,-8.055785298E-2
9.842329238E0,-3.634648025E-2,-4.008803144E-2,-8.116871864E-2
9.844330171E0,-3.329215571E-2,-4.130976275E-2,-8.055785298E-2
9.846330604E0,-2.718350291E-2,-4.314235970E-2,-8.422304690E-2
9.848330637E0,-3.084869497E-2,-4.680754989E-2,-8.483391255E-2
9.850330670E0,-2.657263726E-2,-4.802928120E-2,-8.666650951E-2
9.852330703E0,-2.474004216E-2,-5.047274008E-2,-8.727737516E-2
9.854330736E0,-2.107485011E-2,-5.413793400E-2,-9.033169597E-2
9.856330736E0,-1.740965992E-2,-5.658139288E-2,-9.033169597E-2
9.858330702E0,-1.985312067E-2,-5.963572115E-2,-9.155342728E-2
9.860330668E0,-1.191187184E-2,-6.513350457E-2,-9.399688989E-2
9.862329768E0,-7.635815535E-3,-7.124216110E-2,-9.644035250E-2
9.864328868E0,-7.635815535E-3,-7.124216110E-2,-9.644035250E-2
9.866328834E0,-7.024950348E-3,-7.368562371E-2,-9.644035250E-2
9.868328800E0,-9.162978968E-4,-7.429648191E-2,-9.949467331E-2
9.870328766E0,-3.054326226E-4,-7.551821321E-2,-9.888381511E-2
9.872328766E0,-9.162978968E-4,-7.673994452E-2,-1.019381359E-1
9.874328799E0,-1.527163084E-3,-7.918340713E-2,-1.025490016E-1
9.876328832E0,1.527163084E-3,-8.162686974E-2,-1.031598672E-1
9.878328865E0,-9.162978968E-4,-8.162686974E-2,-1.031598672E-1
9.880328898E0,-3.054326226E-4,-8.040513843E-2,-1.043815985E-1
9.882329798E0,-4.581489135E-3,-8.345946670E-2,-1.049924642E-1
9.884330731E0,-3.970623948E-3,-8.223773539E-2,-1.049924642E-1
9.886330764E0,-2.138028387E-3,-8.284860104E-2,-1.037707329E-1
9.888330797E0,3.054326226E-4,-8.223773539E-2,-1.049924642E-1
9.890330797E0,-2.138028387E-3,-8.407033235E-2,-1.049924642E-1
9.892330797E0,-3.054326226E-4,-8.284860104E-2,-1.074359268E-1
9.894330797E0,3.054326226E-4,-8.162686974E-2,-1.025490016E-1
9.896330797E0,-3.359758761E-3,-8.223773539E-2,-1.056033298E-1
9.898330797E0,-1.527163084E-3,-8.162686974E-2,-1.019381359E-1
9.900330797E0,-2.748893574E-3,-8.101600409E-2,-1.025490016E-1
9.902329930E0,-7.024950348E-3,-7.918340713E-2,-1.007164046E-1
9.904328996E0,-1.007927675E-2,-7.551821321E-2,-1.019381359E-1
9.906328962E0,-9.468411095E-3,-7.673994452E-2,-9.827294946E-2
9.908328928E0,-8.857546374E-3,-7.063129544E-2,-9.766208380E-2
9.910328894E0,-1.374446787E-2,-7.185302675E-2,-9.644035250E-2
9.912328860E0,-1.007927675E-2,-6.940956414E-2,-9.644035250E-2
9.914328826E0,-1.679879427E-2,-6.574437022E-2,-9.399688989E-2
9.916328792E0,-1.618792862E-2,-6.269004941E-2,-9.033169597E-2
9.918328792E0,-1.802052557E-2,-5.902485549E-2,-8.788824081E-2
9.920328792E0,-1.496619824E-2,-5.535966158E-2,-8.727737516E-2
9.922328792E0,-1.985312067E-2,-5.230533704E-2,-8.605564386E-2
9.924329692E0,-1.496619824E-2,-4.925100878E-2,-8.300131559E-2
9.926329725E0,-2.168571576E-2,-4.802928120E-2,-8.055785298E-2
9.928329758E0,-2.046398632E-2,-4.375322163E-2,-7.689265907E-2
9.930329791E0,-2.596177347E-2,-4.314235970E-2,-7.750352472E-2
9.932329824E0,-2.107485011E-2,-3.825543448E-2,-7.444920391E-2
9.934329824E0,-2.046398632E-2,-3.397937864E-2,-7.078400999E-2
9.936329790E0,-2.290744707E-2,-3.214678168E-2,-6.956227869E-2
9.938329756E0,-2.229658142E-2,-2.725986205E-2,-6.589708477E-2
9.940329722E0,-2.290744707E-2,-2.420553565E-2,-6.101016700E-2
9.942328822E0,-2.535090782E-2,-1.687515154E-2,-6.162103266E-2
9.944327888E0,-2.535090782E-2,-1.687515154E-2,-6.162103266E-2
9.946327854E0,-2.351831272E-2,-1.443169173E-2,-6.101016700E-2
9.948327820E0,-2.412917651E-2,-1.565342210E-2,-5.856670439E-2
9.950327820E0,-2.168571576E-2,-1.015563495E-2,-5.673411116E-2
9.952327820E0,-2.474004216E-2,-9.544769302E-3,-5.490151420E-2
9.954327820E0,-2.657263726E-2,-1.015563495E-2,-5.490151420E-2
9.956327820E0,-2.412917651E-2,-8.323038928E-3,-5.367978290E-2
9.958327820E0,-2.535090782E-2,-8.323038928E-3,-5.245805159E-2
9.960327820E0,-2.474004216E-2,-7.712173741E-3,-5.184718594E-2
9.962328686E0,-2.351831272E-2,-6.490443368E-3,-5.123632401E-2
9.964329586E0,-2.168571576E-2,-8.323038928E-3,-5.123632401E-2
9.966329586E0,-2.168571576E-2,-1.015563495E-2,-5.123632401E-2
9.968329619E0,-2.718350291E-2,-8.933904581E-3,-4.696026444E-2
9.970329652E0,-2.290744707E-2,-9.544769302E-3,-5.062545836E-2
9.972329685E0,-2.046398632E-2,-7.712173741E-3,-4.573853686E-2
9.974329718E0,-2.046398632E-2,-1.137736533E-2,-4.757113010E-2
9.976329751E0,-2.046398632E-2,-1.198823005E-2,-4.512767121E-2
9.978329784E0,-2.046398632E-2,-1.076649968E-2,-4.512767121E-2
9.980329817E0,-1.924225502E-2,-1.504255645E-2,-4.451680556E-2
9.982329850E0,-2.107485011E-2,-1.565342210E-2,-4.329507425E-2
9.984329083E0,-2.107485011E-2,-1.565342210E-2,-4.329507425E-2
9.986329049E0,-1.740965992E-2,-1.565342210E-2,-4.329507425E-2
9.988329015E0,-1.802052557E-2,-1.931861416E-2,-4.268420860E-2
9.990328981E0,-1.557706390E-2,-2.054034360E-2,-4.329507425E-2
9.992328947E0,-1.252273750E-2,-2.054034360E-2,-4.329507425E-2
9.994328913E0,-1.252273750E-2,-2.420553565E-2,-4.268420860E-2
9.996328913E0,-1.435533352E-2,-2.359467000E-2,-4.268420860E-2
9.998328913E0,-1.191187184E-2,-2.542726509E-2,-4.268420860E-2
1.000032895E1,-1.069014147E-2,-2.909245715E-2,-4.390593991E-2
1.000232985E1,-1.435533352E-2,-2.603813075E-2,-4.268420860E-2
1.000433078E1,-1.007927675E-2,-3.092505224E-2,-4.329507425E-2
1.000633081E1,-1.130100712E-2,-3.275764734E-2,-4.268420860E-2
1.000833085E1,-8.246680722E-3,-3.459024429E-2,-4.512767121E-2
1.001033088E1,-5.192354787E-3,-3.459024429E-2,-4.451680556E-2
1.001233091E1,-5.192354787E-3,-3.642284125E-2,-4.451680556E-2
1.001433091E1,-2.748893574E-3,-3.886630014E-2,-4.329507425E-2
1.001633091E1,-2.138028387E-3,-3.581197560E-2,-4.329507425E-2
1.001833091E1,-2.138028387E-3,-3.764457256E-2,-4.024074972E-2
1.002033091E1,-4.581489135E-3,-3.886630014E-2,-4.146247730E-2
1.002233004E1,3.970623948E-3,-3.947716579E-2,-4.024074972E-2
1.002432914E1,3.970623948E-3,-3.947716579E-2,-4.024074972E-2
1.002632914E1,3.359758761E-3,-3.825543448E-2,-3.779728711E-2
1.002832911E1,3.970623948E-3,-3.764457256E-2,-3.840815276E-2
1.003032908E1,8.857546374E-3,-3.459024429E-2,-3.657555580E-2
1.003232904E1,7.024950348E-3,-3.581197560E-2,-3.901901841E-2
1.003432901E1,8.246680722E-3,-3.275764734E-2,-3.657555580E-2
1.003632897E1,1.130100712E-2,-3.520110995E-2,-3.474296257E-2
1.003832894E1,1.252273750E-2,-3.459024429E-2,-3.413209692E-2
1.004032891E1,1.435533352E-2,-3.214678168E-2,-3.168863431E-2
1.004232974E1,1.618792862E-2,-3.153591976E-2,-3.107776865E-2
1.004433047E1,1.863138936E-2,-3.275764734E-2,-3.168863431E-2
1.004633050E1,1.802052557E-2,-3.459024429E-2,-3.229949996E-2
1.004833054E1,1.985312067E-2,-3.275764734E-2,-3.107776865E-2
1.005033057E1,2.046398632E-2,-3.336851299E-2,-3.107776865E-2
1.005233060E1,2.046398632E-2,-3.397937864E-2,-2.985603921E-2
1.005433064E1,2.535090782E-2,-3.520110995E-2,-2.924517356E-2
1.005633067E1,2.596177347E-2,-3.520110995E-2,-3.046690486E-2
1.005833070E1,2.779436857E-2,-3.459024429E-2,-2.924517356E-2
1.006033070E1,2.535090782E-2,-3.214678168E-2,-3.107776865E-2
1.006232980E1,2.718350291E-2,-3.336851299E-2,-2.985603921E-2
1.006432887E1,2.718350291E-2,-3.336851299E-2,-2.985603921E-2
1.006632884E1,2.779436857E-2,-3.092505224E-2,-2.924517356E-2
1.006832880E1,2.535090782E-2,-3.092505224E-2,-2.863430791E-2
1.007032877E1,2.840523422E-2,-3.031418845E-2,-2.863430791E-2
1.007232873E1,2.535090782E-2,-2.970332280E-2,-2.863430791E-2
1.007432873E1,2.901609987E-2,-2.787072770E-2,-2.802344225E-2
1.007632873E1,2.901609987E-2,-2.848159149E-2,-2.863430791E-2
1.007832877E1,2.351831272E-2,-3.031418845E-2,-2.680171281E-2
1.008032880E1,2.351831272E-2,-2.970332280E-2,-2.924517356E-2
1.008232970E1,2.718350291E-2,-3.092505224E-2,-2.924517356E-2
1.008433063E1,2.596177347E-2,-3.031418845E-2,-2.741257846E-2
1.008633066E1,2.168571576E-2,-3.031418845E-2,-2.863430791E-2
1.008833070E1,2.107485011E-2,-3.153591976E-2,-2.802344225E-2
1.009033073E1,1.557706390E-2,-3.092505224E-2,-3.046690486E-2
1.009233076E1,1.618792862E-2,-3.214678168E-2,-2.924517356E-2
1.009433076E1,1.679879427E-2,-3.214678168E-2,-3.046690486E-2
1.009633076E1,1.313360315E-2,-3.520110995E-2,-3.107776865E-2
1.009833076E1,1.191187184E-2,-3.459024429E-2,-3.046690486E-2
1.010033076E1,6.414085161E-3,-3.459024429E-2,-3.229949996E-2
1.010232990E1,7.024950348E-3,-3.214678168E-2,-3.046690486E-2
1.010432903E1,7.024950348E-3,-3.214678168E-2,-3.046690486E-2
1.010632900E1,2.138028387E-3,-3.459024429E-2,-3.107776865E-2
1.010832896E1,3.359758761E-3,-3.275764734E-2,-3.229949996E-2
1.011032893E1,2.138028387E-3,-3.336851299E-2,-3.168863431E-2
1.011232889E1,9.162978968E-4,-3.153591976E-2,-3.107776865E-2
1.011432886E1,5.803219974E-3,-3.459024429E-2,-3.291036561E-2
1.011632883E1,-2.138028387E-3,-3.214678168E-2,-3.291036561E-2
1.011832879E1,2.748893574E-3,-2.970332280E-2,-3.291036561E-2
1.012032876E1,3.054326226E-4,-2.909245715E-2,-3.229949996E-2
1.012232962E1,-9.162978968E-4,-2.848159149E-2,-3.046690486E-2
1.012433056E1,1.527163084E-3,-2.848159149E-2,-3.168863431E-2
1.012633059E1,3.054326226E-4,-2.664899640E-2,-2.924517356E-2
1.012833062E1,-9.162978968E-4,-2.664899640E-2,-2.924517356E-2
1.013033066E1,9.162978968E-4,-2.542726509E-2,-2.985603921E-2
1.013233069E1,3.054326226E-4,-2.420553565E-2,-2.863430791E-2
1.013433072E1,-2.138028387E-3,-2.359467000E-2,-2.802344225E-2
1.013633076E1,-2.138028387E-3,-1.992947794E-2,-2.741257846E-2
1.013833076E1,-3.054326226E-4,-2.237293869E-2,-2.557998151E-2
1.014033072E1,-4.581489135E-3,-2.176207490E-2,-2.496911772E-2
1.014232982E1,3.359758761E-3,-1.931861416E-2,-2.557998151E-2
1.014432889E1,3.359758761E-3,-1.931861416E-2,-2.557998151E-2
1.014632885E1,-1.527163084E-3,-1.870774850E-2,-2.557998151E-2
1.014832882E1,-3.359758761E-3,-1.809688285E-2,-2.619084716E-2
1.015032879E1,-5.192354787E-3,-1.870774850E-2,-2.557998151E-2
1.015232875E1,-2.748893574E-3,-1.687515154E-2,-2.680171281E-2
1.015432875E1,9.162978968E-4,-1.748601720E-2,-2.680171281E-2
1.015632875E1,-3.359758761E-3,-1.748601720E-2,-2.374738641E-2
1.015832875E1,1.527163084E-3,-1.382082608E-2,-2.374738641E-2
1.016032875E1,-9.162978968E-4,-1.382082608E-2,-2.252565511E-2
1.016232962E1,-3.359758761E-3,-1.198823005E-2,-2.496911772E-2
1.016433048E1,-2.748893574E-3,-1.382082608E-2,-2.374738641E-2
1.016633048E1,3.054326226E-4,-1.137736533E-2,-2.374738641E-2
1.016833048E1,3.054326226E-4,-1.076649968E-2,-2.252565511E-2
1.017033048E1,-3.359758761E-3,-1.076649968E-2,-2.435825206E-2
1.017233052E1,-2.748893574E-3,-1.137736533E-2,-2.313652076E-2
1.017433055E1,-2.138028387E-3,-9.544769302E-3,-2.252565511E-2
1.017633058E1,-2.138028387E-3,-1.076649968E-2,-2.191479132E-2
1.017833062E1,-1.527163084E-3,-7.712173741E-3,-2.313652076E-2
1.018033065E1,-3.359758761E-3,-1.076649968E-2,-2.069306001E-2
1.018232981E1,-4.581489135E-3,-5.268712528E-3,-1.886046492E-2
1.018432891E1,-2.748893574E-3,-6.490443368E-3,-1.947133057E-2
1.018632888E1,-3.970623948E-3,-5.879578181E-3,-2.069306001E-2
1.018832885E1,-2.748893574E-3,-4.657847341E-3,-1.886046492E-2
1.019032881E1,-4.581489135E-3,-4.657847341E-3,-1.702786796E-2
1.019232878E1,-2.138028387E-3,-9.926559869E-4,-1.824959926E-2
1.019432874E1,-5.803219974E-3,2.290744742E-4,-1.763873361E-2
1.019632871E1,-5.803219974E-3,2.061670180E-3,-1.519527286E-2
1.019832868E1,-6.414085161E-3,3.894265974E-3,-1.580613852E-2
1.020032868E1,-2.138028387E-3,6.337726954E-3,-1.275181212E-2
1.020232958E1,-3.359758761E-3,8.781188168E-3,-1.275181212E-2
1.020433051E1,-7.635815535E-3,8.781188168E-3,-1.580613852E-2
1.020633054E1,-3.970623948E-3,8.781188168E-3,-1.336267684E-2
1.020833058E1,-2.138028387E-3,1.183551457E-2,-1.275181212E-2
1.021033061E1,-4.581489135E-3,1.122464892E-2,-1.458440814E-2
1.021233064E1,-6.414085161E-3,1.244637929E-2,-1.214094646E-2
1.021433067E1,-3.359758761E-3,1.183551457E-2,-1.214094646E-2
1.021633071E1,-3.970623948E-3,9.392052889E-3,-1.153008174E-2
1.021833031E1,-5.803219974E-3,1.000291854E-2,-1.153008174E-2
1.022033031E1,-2.748893574E-3,1.061378326E-2,-1.214094646E-2
1.022232944E1,-3.359758761E-3,1.122464892E-2,-1.336267684E-2
1.022432854E1,-3.359758761E-3,1.122464892E-2,-1.336267684E-2
1.022632854E1,-2.138028387E-3,1.122464892E-2,-1.275181212E-2
1.022832854E1,-3.054326226E-4,1.244637929E-2,-1.336267684E-2
1.023032854E1,-7.635815535E-3,1.183551457E-2,-1.336267684E-2
1.023232851E1,3.054326226E-4,1.244637929E-2,-1.519527286E-2
1.023432847E1,-1.527163084E-3,1.000291854E-2,-1.397354249E-2
1.023632844E1,-3.970623948E-3,1.122464892E-2,-1.580613852E-2
1.023832827E1,3.970623948E-3,1.122464892E-2,-1.397354249E-2
1.024032824E1,9.162978968E-4,1.244637929E-2,-1.763873361E-2
1.024232907E1,7.024950348E-3,1.122464892E-2,-1.580613852E-2
1.024432994E1,4.581489135E-3,1.183551457E-2,-1.641700417E-2
1.024632994E1,2.748893574E-3,1.122464892E-2,-1.824959926E-2
1.024832994E1,4.581489135E-3,1.183551457E-2,-1.886046492E-2
1.025032997E1,5.192354787E-3,1.000291854E-2,-1.947133057E-2
1.025233000E1,8.246680722E-3,1.000291854E-2,-2.008219436E-2
1.025433004E1,7.635815535E-3,8.781188168E-3,-2.130392566E-2
1.025633007E1,7.024950348E-3,8.170322515E-3,-2.252565511E-2
1.025833010E1,7.024950348E-3,8.170322515E-3,-2.374738641E-2
1.026033013E1,7.024950348E-3,8.170322515E-3,-2.252565511E-2
1.026232927E1,3.970623948E-3,8.170322515E-3,-2.374738641E-2
1.026432833E1,4.581489135E-3,6.948592141E-3,-2.435825206E-2
1.026632830E1,7.024950348E-3,7.559457328E-3,-2.313652076E-2
1.026832827E1,1.527163084E-3,5.726861767E-3,-2.557998151E-2
1.027032823E1,-2.138028387E-3,5.115996581E-3,-2.680171281E-2
1.027232820E1,9.162978968E-4,3.894265974E-3,-2.802344225E-2
1.027432816E1,-2.748893574E-3,3.894265974E-3,-2.619084716E-2
1.027632813E1,-9.162978968E-4,4.505131394E-3,-2.863430791E-2
1.027832853E1,-2.138028387E-3,2.061670180E-3,-2.802344225E-2
1.028032856E1,-2.138028387E-3,2.672535367E-3,-2.985603921E-2
1.028232946E1,-5.192354787E-3,8.399396902E-4,-2.863430791E-2
1.028433040E1,-5.192354787E-3,2.290744742E-4,-3.107776865E-2
1.028633043E1,-8.246680722E-3,-2.214386594E-3,-2.863430791E-2
1.028833046E1,-8.857546374E-3,-3.817907709E-4,-3.168863431E-2
1.029033049E1,-7.024950348E-3,-1.603521290E-3,-2.863430791E-2
1.029233053E1,-9.468411095E-3,-3.436116967E-3,-3.107776865E-2
1.029433056E1,-1.130100712E-2,-1.603521290E-3,-2.924517356E-2
1.029633056E1,-1.557706390E-2,-5.268712528E-3,-3.229949996E-2
1.029833069E1,-1.618792862E-2,-3.436116967E-3,-3.168863431E-2
1.030033069E1,-1.496619824E-2,-4.657847341E-3,-3.046690486E-2
1.030232983E1,-1.496619824E-2,-3.817907709E-4,-3.107776865E-2
1.030432893E1,-1.496619824E-2,-3.817907709E-4,-3.107776865E-2
1.030632893E1,-1.802052557E-2,-5.268712528E-3,-2.924517356E-2
1.030832893E1,-1.924225502E-2,-4.046982154E-3,-2.985603921E-2
1.031032889E1,-1.618792862E-2,-4.046982154E-3,-2.557998151E-2
1.031232886E1,-2.474004216E-2,-3.436116967E-3,-2.374738641E-2
1.031432882E1,-1.863138936E-2,-2.214386594E-3,-2.680171281E-2
1.031632879E1,-2.046398632E-2,-2.214386594E-3,-2.557998151E-2
1.031832876E1,-1.985312067E-2,-3.817907709E-4,-2.435825206E-2
1.032032872E1,-2.046398632E-2,-2.214386594E-3,-2.374738641E-2
1.032232956E1,-1.924225502E-2,-3.817907709E-4,-2.252565511E-2
1.032433046E1,-2.107485011E-2,2.290744742E-4,-1.763873361E-2
1.032633046E1,-1.924225502E-2,1.450804994E-3,-1.947133057E-2
1.032833049E1,-1.740965992E-2,3.283400787E-3,-1.824959926E-2
1.033033052E1,-1.496619824E-2,5.726861767E-3,-1.397354249E-2
1.033233055E1,-1.740965992E-2,3.894265974E-3,-1.397354249E-2
1.033433059E1,-1.985312067E-2,5.115996581E-3,-1.275181212E-2
1.033633062E1,-2.107485011E-2,7.559457328E-3,-9.086620063E-3
1.033833065E1,-1.679879427E-2,7.559457328E-3,-1.030835137E-2
1.034033065E1,-1.679879427E-2,7.559457328E-3,-7.254024968E-3
1.034232979E1,-1.435533352E-2,1.061378326E-2,-4.810563754E-3
1.034432889E1,-1.435533352E-2,1.061378326E-2,-4.810563754E-3
1.034632885E1,-1.924225502E-2,1.183551457E-2,-2.977967961E-3
1.034832882E1,-1.985312067E-2,1.122464892E-2,-2.367102774E-3
1.035032878E1,-1.924225502E-2,1.244637929E-2,-1.756237587E-3
1.035232875E1,-1.679879427E-2,1.366810966E-2,1.298088697E-3
1.035432872E1,-1.435533352E-2,1.366810966E-2,1.908953884E-3
1.035632872E1,-1.618792862E-2,1.672243699E-2,3.741549561E-3
1.035832872E1,-1.130100712E-2,1.672243699E-2,6.185010541E-3
1.036032872E1,-1.557706390E-2,1.794416644E-2,5.574145354E-3
1.036232958E1,-1.435533352E-2,2.099849284E-2,6.185010541E-3
1.036433048E1,-1.313360315E-2,2.099849284E-2,8.017606102E-3
1.036633048E1,-1.496619824E-2,2.160935849E-2,8.017606102E-3
1.036833048E1,-1.435533352E-2,2.222022414E-2,9.239336476E-3
1.037033008E1,-1.313360315E-2,2.344195358E-2,8.017606102E-3
1.037233008E1,-1.191187184E-2,2.405281924E-2,9.850202128E-3
1.037433012E1,-1.313360315E-2,2.527454868E-2,8.628471754E-3
1.037633015E1,-1.374446787E-2,2.466368489E-2,7.406740915E-3
1.037833018E1,-1.130100712E-2,2.344195358E-2,8.017606102E-3
1.038033021E1,-1.007927675E-2,2.344195358E-2,9.239336476E-3
1.038232938E1,-1.496619824E-2,2.527454868E-2,1.107193250E-2
1.038432851E1,-1.496619824E-2,2.527454868E-2,1.107193250E-2
1.038632855E1,-9.468411095E-3,2.344195358E-2,9.239336476E-3
1.038832915E1,-8.857546374E-3,2.405281924E-2,1.168279815E-2
1.039032911E1,-1.007927675E-2,2.466368489E-2,9.850202128E-3
1.039232908E1,-9.468411095E-3,2.344195358E-2,9.850202128E-3
1.039432904E1,-1.007927675E-2,2.344195358E-2,8.017606102E-3
1.039632901E1,-9.468411095E-3,2.466368489E-2,9.239336476E-3
1.039832898E1,-8.857546374E-3,2.283108793E-2,9.239336476E-3
1.040032894E1,-1.130100712E-2,2.283108793E-2,8.017606102E-3
1.040232978E1,-8.246680722E-3,2.222022414E-2,1.046106778E-2
1.040433064E1,-9.468411095E-3,1.916589774E-2,8.628471754E-3
1.040633067E1,-1.007927675E-2,2.038762718E-2,1.107193250E-2
1.040833071E1,-3.359758761E-3,1.916589774E-2,8.628471754E-3
1.041033074E1,-3.359758761E-3,1.855503209E-2,1.290452853E-2
1.041233077E1,-2.138028387E-3,1.794416644E-2,9.850202128E-3
1.041433081E1,-3.970623948E-3,1.855503209E-2,1.107193250E-2
1.041633084E1,-2.138028387E-3,1.733330078E-2,9.850202128E-3
1.041833087E1,9.162978968E-4,1.672243699E-2,1.290452853E-2
1.042033090E1,-2.138028387E-3,1.794416644E-2,1.107193250E-2
1.042233004E1,-9.162978968E-4,1.672243699E-2,1.107193250E-2
1.042432914E1,-9.162978968E-4,1.672243699E-2,1.107193250E-2
1.042632914E1,4.581489135E-3,1.488984004E-2,1.351539325E-2
1.042832914E1,5.192354787E-3,1.794416644E-2,1.168279815E-2
1.043032954E1,4.581489135E-3,1.855503209E-2,1.351539325E-2
1.043232954E1,5.803219974E-3,2.038762718E-2,1.412625890E-2
1.043432950E1,5.192354787E-3,2.160935849E-2,1.779145002E-2
1.043632947E1,8.857546374E-3,1.977676153E-2,1.656972058E-2
1.043832944E1,8.857546374E-3,2.160935849E-2,2.023491077E-2
1.044032947E1,9.468411095E-3,2.466368489E-2,1.901318133E-2
1.044233030E1,1.130100712E-2,2.527454868E-2,1.840231568E-2
1.044433117E1,8.857546374E-3,2.405281924E-2,2.023491077E-2
1.044633113E1,8.857546374E-3,2.649627998E-2,2.084577642E-2
1.044833050E1,1.130100712E-2,2.893974073E-2,2.328923717E-2
1.045033050E1,7.635815535E-3,3.016147204E-2,2.267837152E-2
1.045233053E1,8.857546374E-3,3.382666409E-2,2.390010282E-2
1.045433057E1,1.130100712E-2,3.565925732E-2,2.634356357E-2
1.045633060E1,6.414085161E-3,3.321579844E-2,2.512183413E-2
1.045833063E1,5.192354787E-3,3.627012298E-2,2.267837152E-2
1.046033066E1,8.246680722E-3,3.749185428E-2,2.634356357E-2
1.046232983E1,5.192354787E-3,3.871358559E-2,2.817615867E-2
1.046432900E1,3.970623948E-3,3.565925732E-2,2.573269792E-2
1.046632900E1,2.748893574E-3,3.688098863E-2,2.573269792E-2
1.046832896E1,2.748893574E-3,3.627012298E-2,2.634356357E-2
1.047032890E1,-2.748893574E-3,3.688098863E-2,2.634356357E-2
1.047232886E1,-3.359758761E-3,3.443752974E-2,2.573269792E-2
1.047432883E1,9.162978968E-4,3.443752974E-2,2.390010282E-2
1.047632879E1,-3.054326226E-4,3.443752974E-2,2.451096848E-2
1.047832876E1,-3.970623948E-3,3.565925732E-2,2.206750773E-2
1.048032873E1,-1.527163084E-3,3.504839167E-2,2.267837152E-2
1.048233076E1,-9.162978968E-4,3.749185428E-2,2.267837152E-2
1.048433169E1,-4.581489135E-3,3.504839167E-2,2.573269792E-2
1.048633173E1,-5.192354787E-3,3.627012298E-2,2.390010282E-2
1.048833176E1,-5.192354787E-3,3.565925732E-2,2.328923717E-2
1.049033179E1,-7.024950348E-3,3.321579844E-2,2.267837152E-2
1.049233182E1,-3.359758761E-3,3.321579844E-2,2.451096848E-2
1.049433186E1,-3.970623948E-3,3.382666409E-2,2.451096848E-2
1.049633189E1,-3.359758761E-3,3.016147204E-2,2.817615867E-2
1.049833192E1,-4.581489135E-3,2.832887508E-2,2.634356357E-2
1.050033186E1,-2.138028387E-3,2.955060638E-2,2.634356357E-2
1.050233099E1,-2.138028387E-3,2.649627998E-2,2.756529488E-2
1.050433009E1,-2.138028387E-3,2.649627998E-2,2.756529488E-2
1.050633009E1,2.138028387E-3,2.527454868E-2,2.878702432E-2
1.050833009E1,9.162978968E-4,2.222022414E-2,2.756529488E-2
1.051033009E1,9.162978968E-4,2.160935849E-2,2.817615867E-2
1.051233006E1,3.970623948E-3,2.038762718E-2,2.817615867E-2
1.051433002E1,7.635815535E-3,1.733330078E-2,2.939788997E-2
1.051632999E1,2.138028387E-3,1.672243699E-2,2.878702432E-2
1.051832995E1,7.635815535E-3,1.550070569E-2,2.878702432E-2
1.052032992E1,7.024950348E-3,1.488984004E-2,3.061962128E-2
1.052233075E1,8.857546374E-3,1.122464892E-2,2.939788997E-2
1.052433158E1,1.130100712E-2,1.000291854E-2,2.817615867E-2
1.052633155E1,1.313360315E-2,7.559457328E-3,2.939788997E-2
1.052833155E1,1.313360315E-2,7.559457328E-3,2.939788997E-2
1.053033162E1,1.313360315E-2,5.726861767E-3,2.939788997E-2
1.053233165E1,1.435533352E-2,2.672535367E-3,2.756529488E-2
1.053433168E1,1.374446787E-2,2.672535367E-3,2.817615867E-2
1.053633172E1,1.007927675E-2,-9.926559869E-4,2.939788997E-2
1.053833175E1,1.313360315E-2,-9.926559869E-4,2.878702432E-2
1.054033178E1,1.313360315E-2,-1.603521290E-3,2.695442922E-2
1.054232978E1,1.130100712E-2,-3.817907709E-4,2.817615867E-2
1.054432888E1,1.007927675E-2,-2.214386594E-3,2.756529488E-2
1.054632885E1,9.468411095E-3,-9.926559869E-4,3.000875562E-2
1.054832881E1,5.192354787E-3,2.290744742E-4,2.817615867E-2
1.055032878E1,1.007927675E-2,8.399396902E-4,2.756529488E-2
1.055232875E1,7.024950348E-3,2.061670180E-3,2.939788997E-2
1.055432871E1,5.192354787E-3,1.450804994E-3,2.878702432E-2
1.055632868E1,3.359758761E-3,3.283400787E-3,2.817615867E-2
1.055832864E1,9.162978968E-4,3.283400787E-3,3.000875562E-2
1.056032864E1,4.581489135E-3,6.948592141E-3,2.817615867E-2
1.056232951E1,1.527163084E-3,7.559457328E-3,3.428481147E-2
1.056433041E1,7.024950348E-3,1.000291854E-2,3.367394581E-2
1.056633041E1,4.581489135E-3,1.000291854E-2,3.611740842E-2
1.056833041E1,7.024950348E-3,1.488984004E-2,3.611740842E-2
1.057033041E1,6.414085161E-3,1.855503209E-2,4.039346427E-2
1.057233041E1,7.635815535E-3,2.160935849E-2,3.978259861E-2
1.057432998E1,8.246680722E-3,2.344195358E-2,4.344778880E-2
1.057632998E1,8.246680722E-3,2.527454868E-2,4.161519557E-2
1.057833001E1,7.635815535E-3,2.893974073E-2,4.833471403E-2
1.058033004E1,6.414085161E-3,3.321579844E-2,5.016730726E-2
1.058232921E1,8.246680722E-3,3.749185428E-2,5.383250117E-2
1.058432841E1,8.246680722E-3,3.749185428E-2,5.383250117E-2
1.058632844E1,9.468411095E-3,3.932445124E-2,5.749769136E-2
1.058832847E1,8.246680722E-3,4.115704447E-2,5.871942267E-2
1.059032847E1,1.007927675E-2,4.237877578E-2,5.871942267E-2
1.059232847E1,7.024950348E-3,4.482223839E-2,6.116288155E-2
1.059432844E1,8.246680722E-3,4.482223839E-2,6.238461286E-2
1.059632841E1,8.246680722E-3,4.787656292E-2,6.116288155E-2
1.059832837E1,6.414085161E-3,5.215261877E-2,6.299547851E-2
1.060032834E1,8.246680722E-3,5.032002553E-2,6.421720982E-2
1.060232917E1,6.414085161E-3,5.154175684E-2,6.177374721E-2
1.060433004E1,5.192354787E-3,5.154175684E-2,6.055201590E-2
1.060633004E1,9.162978968E-4,5.276348442E-2,5.871942267E-2
1.060833007E1,2.748893574E-3,5.093089119E-2,5.749769136E-2
1.061033010E1,1.527163084E-3,5.154175684E-2,5.810855702E-2
1.061233014E1,-1.527163084E-3,5.032002553E-2,5.383250117E-2
1.061433017E1,-2.748893574E-3,4.970915988E-2,5.566509441E-2
1.061633020E1,9.162978968E-4,5.093089119E-2,4.833471403E-2
1.061833024E1,-8.246680722E-3,4.970915988E-2,4.589125142E-2
1.062033027E1,-3.359758761E-3,5.093089119E-2,4.528038576E-2
1.062232943E1,-6.414085161E-3,5.093089119E-2,4.039346427E-2
1.062432853E1,-2.138028387E-3,5.093089119E-2,4.283692688E-2
1.062632853E1,-5.192354787E-3,4.909829423E-2,3.917173296E-2
1.062832853E1,-8.246680722E-3,4.787656292E-2,3.917173296E-2
1.063032853E1,-8.857546374E-3,4.909829423E-2,3.184135258E-2
1.063232853E1,-8.857546374E-3,4.848742858E-2,3.184135258E-2
1.063432897E1,-7.024950348E-3,5.093089119E-2,2.817615867E-2
1.063632897E1,-1.191187184E-2,4.848742858E-2,2.573269792E-2
1.063832893E1,-1.557706390E-2,4.848742858E-2,2.390010282E-2
1.064032890E1,-1.679879427E-2,4.665483162E-2,2.084577642E-2
1.064232973E1,-1.313360315E-2,4.421137273E-2,1.656972058E-2
1.064433053E1,-1.007927675E-2,4.176791012E-2,1.473712362E-2
1.064633050E1,-1.679879427E-2,3.688098863E-2,1.229366288E-2
1.064833046E1,-1.557706390E-2,3.199406713E-2,8.628471754E-3
1.065033043E1,-1.191187184E-2,2.955060638E-2,8.017606102E-3
1.065233040E1,-1.191187184E-2,2.832887508E-2,4.352414981E-3
1.065433040E1,-1.069014147E-2,2.710714564E-2,1.298088697E-3
1.065633043E1,-1.252273750E-2,2.527454868E-2,6.872233935E-4
1.065833046E1,-7.635815535E-3,2.588541433E-2,-2.977967961E-3
1.066033050E1,-1.130100712E-2,2.588541433E-2,-6.643159315E-3
1.066232966E1,-5.803219974E-3,2.527454868E-2,-9.697485715E-3
1.066432879E1,-5.803219974E-3,2.527454868E-2,-9.697485715E-3
1.066632883E1,-5.803219974E-3,2.405281924E-2,-1.275181212E-2
1.066832883E1,-3.359758761E-3,2.405281924E-2,-1.275181212E-2
1.067032883E1,-2.748893574E-3,2.405281924E-2,-1.275181212E-2
1.067232879E1,-2.748893574E-3,1.916589774E-2,-1.275181212E-2
1.067432876E1,-2.138028387E-3,1.916589774E-2,-1.275181212E-2
1.067632873E1,-2.748893574E-3,1.916589774E-2,-1.458440814E-2
1.067832869E1,-2.138028387E-3,1.611157134E-2,-1.275181212E-2
1.068032866E1,-2.138028387E-3,1.488984004E-2,-1.519527286E-2
1.068232949E1,-2.138028387E-3,1.305724494E-2,-1.275181212E-2
1.068433039E1,-1.527163084E-3,1.366810966E-2,-1.458440814E-2
1.068633042E1,-2.138028387E-3,1.427897532E-2,-1.519527286E-2
1.068833046E1,-4.581489135E-3,1.488984004E-2,-1.214094646E-2
1.069033049E1,-7.024950348E-3,1.427897532E-2,-9.697485715E-3
1.069233052E1,-5.192354787E-3,1.550070569E-2,-7.254024968E-3
1.069433056E1,-9.162978968E-4,1.611157134E-2,-2.977967961E-3
1.069633059E1,-8.857546374E-3,1.794416644E-2,-5.345070967E-4
1.069833062E1,-5.192354787E-3,1.855503209E-2,3.130684374E-3
1.070033065E1,-8.857546374E-3,2.649627998E-2,5.574145354E-3
1.070232979E1,-7.635815535E-3,3.443752974E-2,1.229366288E-2
1.070432889E1,-7.635815535E-3,3.443752974E-2,1.229366288E-2
1.070632889E1,-7.635815535E-3,4.176791012E-2,1.718058437E-2
1.070832889E1,-1.191187184E-2,4.665483162E-2,2.084577642E-2
1.071032889E1,-1.618792862E-2,5.154175684E-2,2.451096848E-2
1.071232889E1,-1.069014147E-2,5.703954399E-2,2.756529488E-2
1.071432889E1,-1.252273750E-2,6.009386852E-2,3.000875562E-2
1.071632885E1,-1.435533352E-2,6.436992437E-2,3.428481147E-2
1.071832882E1,-1.557706390E-2,6.559165567E-2,3.733913973E-2
1.072032879E1,-1.313360315E-2,7.047858089E-2,3.733913973E-2
1.072232962E1,-1.130100712E-2,7.108944654E-2,3.672827408E-2
1.072433048E1,-1.496619824E-2,7.475463301E-2,4.100432992E-2
1.072633045E1,-1.069014147E-2,7.414376736E-2,4.161519557E-2
1.072833042E1,-8.857546374E-3,7.475463301E-2,4.283692688E-2
1.073033038E1,-1.130100712E-2,7.536549866E-2,4.222606122E-2
1.073233038E1,-8.857546374E-3,7.597636431E-2,4.772384837E-2
1.073433042E1,-3.970623948E-3,7.536549866E-2,4.833471403E-2
1.073633045E1,-3.970623948E-3,7.353290170E-2,5.138903856E-2
1.073833048E1,-3.970623948E-3,6.986771524E-2,5.505422875E-2
1.074033051E1,9.162978968E-4,6.742425263E-2,5.627596006E-2
1.074232968E1,1.130100712E-2,5.765040591E-2,5.994115397E-2
1.074432881E1,1.130100712E-2,5.765040591E-2,5.994115397E-2
1.074632881E1,1.496619824E-2,5.398521572E-2,6.055201590E-2
1.074832881E1,1.863138936E-2,5.032002553E-2,6.177374721E-2
1.075032878E1,2.351831272E-2,4.543310404E-2,6.116288155E-2
1.075232874E1,2.596177347E-2,3.749185428E-2,6.055201590E-2
1.075432871E1,3.145955876E-2,3.443752974E-2,5.688682571E-2
1.075632868E1,3.451388702E-2,2.466368489E-2,5.627596006E-2
1.075832864E1,4.428773001E-2,1.855503209E-2,5.505422875E-2
1.076032861E1,4.184427112E-2,1.427897532E-2,5.444336683E-2
1.076232948E1,5.039638281E-2,3.894265974E-3,5.444336683E-2
1.076433041E1,5.589416996E-2,-7.101308554E-3,5.138903856E-2
1.076633044E1,5.528330430E-2,-9.544769302E-3,5.077817291E-2
1.076833047E1,5.894849449E-2,-1.809688285E-2,5.627596006E-2
1.077033051E1,6.078109145E-2,-2.237293869E-2,5.688682571E-2
1.077233054E1,6.017022580E-2,-2.603813075E-2,5.688682571E-2
1.077433057E1,6.383541971E-2,-3.520110995E-2,5.444336683E-2
1.077633061E1,6.688974798E-2,-4.253149405E-2,5.322163552E-2
1.077833064E1,6.872233748E-2,-4.680754989E-2,5.261076987E-2
1.078033064E1,6.872233748E-2,-4.619668424E-2,5.627596006E-2
1.078232977E1,6.627888232E-2,-4.008803144E-2,5.444336683E-2
1.078432887E1,6.627888232E-2,-4.008803144E-2,5.444336683E-2
1.078632887E1,6.566801667E-2,-3.581197560E-2,5.199990422E-2
1.078832887E1,6.505715102E-2,-3.397937864E-2,4.650211707E-2
1.079032887E1,6.383541971E-2,-3.459024429E-2,4.405865446E-2
1.079232887E1,6.078109145E-2,-3.092505224E-2,4.344778880E-2
1.079432884E1,5.711590126E-2,-3.092505224E-2,4.283692688E-2
1.079632880E1,5.283984542E-2,-3.031418845E-2,4.344778880E-2
1.079832877E1,5.222897977E-2,-3.397937864E-2,3.978259861E-2
1.080032874E1,4.489859566E-2,-3.520110995E-2,3.978259861E-2
1.080232957E1,4.306599870E-2,-3.825543448E-2,3.795000166E-2
1.080433044E1,4.123340547E-2,-3.275764734E-2,3.978259861E-2
1.080633040E1,3.756821156E-2,-2.725986205E-2,4.161519557E-2
1.080833037E1,3.145955876E-2,-2.237293869E-2,4.283692688E-2
1.081033037E1,2.535090782E-2,-1.748601720E-2,4.344778880E-2
1.081233040E1,2.107485011E-2,-1.259909570E-2,4.466952011E-2
1.081433043E1,1.557706390E-2,-1.382082608E-2,4.222606122E-2
1.081633047E1,1.252273750E-2,-1.626428775E-2,4.161519557E-2
1.081833050E1,6.414085161E-3,-1.748601720E-2,4.222606122E-2
1.082033053E1,-3.054326226E-4,-1.504255645E-2,4.039346427E-2
1.082232970E1,-2.748893574E-3,-4.046982154E-3,3.856086731E-2
1.082432890E1,-2.748893574E-3,-4.046982154E-3,3.856086731E-2
1.082632890E1,-1.130100712E-2,8.399396902E-4,3.428481147E-2
1.082832886E1,-1.252273750E-2,3.894265974E-3,3.123048507E-2
1.083032883E1,-1.130100712E-2,1.122464892E-2,2.817615867E-2
1.083232880E1,-1.557706390E-2,1.550070569E-2,2.573269792E-2
1.083432876E1,-1.252273750E-2,1.733330078E-2,2.573269792E-2
1.083632873E1,-1.435533352E-2,1.794416644E-2,2.206750773E-2
1.083832869E1,-1.557706390E-2,1.794416644E-2,2.084577642E-2
1.084032869E1,-1.435533352E-2,1.611157134E-2,2.206750773E-2
1.084232956E1,-1.130100712E-2,1.183551457E-2,2.023491077E-2
1.084433049E1,-8.246680722E-3,6.948592141E-3,2.084577642E-2
1.084633053E1,-6.414085161E-3,8.170322515E-3,1.962404512E-2
1.084833056E1,-5.803219974E-3,2.672535367E-3,2.023491077E-2
1.085033059E1,-1.527163084E-3,-3.817907709E-4,2.145664208E-2
1.085233062E1,2.748893574E-3,-3.436116967E-3,2.084577642E-2
1.085433066E1,1.527163084E-3,-1.015563495E-2,2.084577642E-2
1.085633069E1,1.130100712E-2,-1.259909570E-2,2.390010282E-2
1.085833069E1,1.130100712E-2,-1.626428775E-2,2.451096848E-2
1.086033042E1,1.924225502E-2,-1.870774850E-2,2.573269792E-2
1.086232956E1,2.535090782E-2,-1.931861416E-2,2.878702432E-2
1.086432929E1,2.535090782E-2,-1.931861416E-2,2.878702432E-2
1.086632929E1,2.779436857E-2,-1.992947794E-2,3.306308016E-2
1.086832929E1,3.145955876E-2,-1.748601720E-2,3.672827408E-2
1.087032929E1,2.840523422E-2,-1.687515154E-2,3.733913973E-2
1.087232926E1,3.390302137E-2,-1.565342210E-2,4.100432992E-2
1.087432922E1,3.573561832E-2,-1.870774850E-2,3.795000166E-2
1.087632919E1,3.512475267E-2,-1.992947794E-2,4.222606122E-2
1.087832915E1,3.451388702E-2,-2.054034360E-2,3.978259861E-2
1.088032912E1,3.634648025E-2,-2.298380435E-2,3.917173296E-2
1.088232995E1,3.756821156E-2,-2.359467000E-2,3.856086731E-2
1.088433072E1,3.695734590E-2,-2.115120925E-2,3.856086731E-2
1.088633068E1,3.573561832E-2,-1.504255645E-2,3.795000166E-2
1.088833069E1,3.817907721E-2,-1.565342210E-2,3.733913973E-2
1.089033072E1,4.245513305E-2,-5.879578181E-3,3.672827408E-2
1.089233075E1,3.940080851E-2,-9.926559869E-4,3.856086731E-2
1.089433078E1,4.184427112E-2,3.283400787E-3,3.978259861E-2
1.089633082E1,4.062253982E-2,8.170322515E-3,4.039346427E-2
1.089833085E1,3.512475267E-2,1.366810966E-2,4.039346427E-2
1.090033088E1,4.001167417E-2,1.733330078E-2,4.222606122E-2
1.090233005E1,3.329215571E-2,2.344195358E-2,4.466952011E-2
1.090432915E1,3.268129006E-2,2.771801129E-2,4.405865446E-2
1.090632912E1,3.207042441E-2,2.955060638E-2,4.405865446E-2
1.090832908E1,3.023782931E-2,3.321579844E-2,4.589125142E-2
1.091032905E1,2.840523422E-2,3.932445124E-2,4.650211707E-2
1.091232901E1,3.023782931E-2,4.360050708E-2,4.528038576E-2
1.091432898E1,2.596177347E-2,4.482223839E-2,4.222606122E-2
1.091632894E1,3.207042441E-2,4.726569727E-2,3.917173296E-2
1.091832894E1,3.023782931E-2,4.726569727E-2,3.856086731E-2
1.092032921E1,3.329215571E-2,4.787656292E-2,3.733913973E-2
1.092233008E1,3.451388702E-2,4.604396969E-2,3.184135258E-2
1.092433034E1,3.756821156E-2,4.604396969E-2,3.123048507E-2
1.092633034E1,3.573561832E-2,4.543310404E-2,3.306308016E-2
1.092833034E1,3.268129006E-2,4.604396969E-2,2.939788997E-2
1.093033034E1,3.268129006E-2,4.726569727E-2,3.245221451E-2
1.093233034E1,3.390302137E-2,4.787656292E-2,3.245221451E-2
1.093433034E1,2.962696366E-2,4.848742858E-2,3.428481147E-2
1.093633038E1,3.268129006E-2,4.848742858E-2,3.489567712E-2
1.093833041E1,3.207042441E-2,4.482223839E-2,3.672827408E-2
1.094033044E1,3.145955876E-2,4.543310404E-2,3.367394581E-2
1.094232961E1,2.535090782E-2,4.298964143E-2,3.672827408E-2
1.094432877E1,2.535090782E-2,4.298964143E-2,3.672827408E-2
1.094632881E1,2.474004216E-2,3.993531689E-2,3.550654277E-2
1.094832884E1,2.351831272E-2,3.810271993E-2,3.672827408E-2
1.095032884E1,2.535090782E-2,3.749185428E-2,3.550654277E-2
1.095232881E1,2.290744707E-2,3.138320148E-2,3.550654277E-2
1.095432877E1,2.168571576E-2,2.771801129E-2,3.795000166E-2
1.095632874E1,1.802052557E-2,2.160935849E-2,3.550654277E-2
1.095832870E1,1.924225502E-2,1.794416644E-2,3.367394581E-2
1.096032867E1,1.496619824E-2,1.550070569E-2,3.733913973E-2
1.096232950E1,1.557706390E-2,1.550070569E-2,3.733913973E-2
1.096433037E1,1.618792862E-2,1.672243699E-2,3.856086731E-2
1.096633037E1,1.496619824E-2,1.855503209E-2,4.161519557E-2
1.096833000E1,1.069014147E-2,1.672243699E-2,4.344778880E-2
1.097033004E1,1.007927675E-2,1.550070569E-2,4.222606122E-2
1.097233007E1,1.191187184E-2,1.244637929E-2,4.528038576E-2
1.097433010E1,1.191187184E-2,8.781188168E-3,4.528038576E-2
1.097633013E1,8.246680722E-3,5.726861767E-3,4.589125142E-2
1.097833017E1,1.069014147E-2,2.672535367E-3,4.711298272E-2
1.098033020E1,7.635815535E-3,2.290744742E-4,4.650211707E-2
1.098232937E1,1.496619824E-2,-7.101308554E-3,5.016730726E-2
1.098432847E1,1.191187184E-2,-6.490443368E-3,4.772384837E-2
1.098632847E1,1.130100712E-2,-7.101308554E-3,4.833471403E-2
1.098832847E1,1.435533352E-2,-1.382082608E-2,5.016730726E-2
1.099032847E1,1.679879427E-2,-1.748601720E-2,5.077817291E-2
1.099232847E1,1.618792862E-2,-1.504255645E-2,5.199990422E-2
1.099432847E1,1.740965992E-2,-1.565342210E-2,5.505422875E-2
1.099632843E1,1.374446787E-2,-1.382082608E-2,5.505422875E-2
1.099832840E1,1.618792862E-2,-1.198823005E-2,5.627596006E-2
1.100032836E1,1.374446787E-2,-1.015563495E-2,5.994115397E-2
1.100232920E1,1.496619824E-2,-5.879578181E-3,5.933028832E-2
1.100432960E1,1.252273750E-2,-3.436116967E-3,5.871942267E-2
1.100632956E1,1.191187184E-2,-2.214386594E-3,5.871942267E-2
1.100832953E1,8.857546374E-3,-9.926559869E-4,5.994115397E-2
1.101032950E1,1.069014147E-2,-3.817907709E-4,5.871942267E-2
1.101232950E1,1.313360315E-2,8.399396902E-4,5.994115397E-2
1.101432953E1,1.618792862E-2,2.061670180E-3,5.627596006E-2
1.101632956E1,1.374446787E-2,4.505131394E-3,5.566509441E-2
1.101832959E1,1.557706390E-2,6.948592141E-3,5.444336683E-2
1.102032963E1,1.252273750E-2,1.061378326E-2,5.199990422E-2
1.102232879E1,1.313360315E-2,1.183551457E-2,4.955644161E-2
1.102432793E1,1.313360315E-2,1.183551457E-2,4.955644161E-2
1.102632796E1,1.740965992E-2,1.305724494E-2,4.833471403E-2
1.102832836E1,1.863138936E-2,1.427897532E-2,4.589125142E-2
1.103032833E1,1.618792862E-2,1.488984004E-2,4.772384837E-2
1.103232829E1,1.740965992E-2,1.672243699E-2,4.466952011E-2
1.103432826E1,1.313360315E-2,1.550070569E-2,4.283692688E-2
1.103632822E1,2.046398632E-2,1.427897532E-2,3.978259861E-2
1.103832779E1,2.046398632E-2,1.183551457E-2,3.856086731E-2
1.104032776E1,2.046398632E-2,9.392052889E-3,3.733913973E-2
1.104232859E1,2.168571576E-2,5.726861767E-3,3.123048507E-2
1.104432949E1,2.412917651E-2,-4.046982154E-3,2.695442922E-2
1.104632949E1,2.290744707E-2,-7.712173741E-3,2.634356357E-2
1.104832949E1,2.840523422E-2,-1.748601720E-2,2.084577642E-2
1.105032909E1,2.840523422E-2,-2.542726509E-2,1.718058437E-2
1.105232909E1,3.268129006E-2,-2.909245715E-2,1.656972058E-2
1.105432909E1,3.817907721E-2,-3.703370690E-2,1.168279815E-2
1.105632909E1,3.878994286E-2,-4.253149405E-2,1.168279815E-2
1.105832909E1,3.817907721E-2,-4.619668424E-2,9.850202128E-3
1.106032909E1,4.428773001E-2,-5.474879593E-2,9.239336476E-3
1.106232825E1,4.673119262E-2,-7.063129544E-2,7.406740915E-3
1.106432785E1,4.673119262E-2,-7.063129544E-2,7.406740915E-3
1.106632789E1,5.283984542E-2,-7.796167582E-2,7.406740915E-3
1.106832792E1,5.345070735E-2,-8.223773539E-2,4.352414981E-3
1.107032795E1,5.100724846E-2,-8.407033235E-2,4.352414981E-3
1.107232799E1,5.222897977E-2,-8.040513843E-2,5.574145354E-3
1.107432799E1,5.406157300E-2,-8.590292186E-2,4.352414981E-3
1.107632799E1,5.650503561E-2,-8.834638447E-2,1.908953884E-3
1.107832795E1,5.772676691E-2,-9.140071273E-2,-5.345070967E-4
1.108032792E1,6.017022580E-2,-9.995282441E-2,-3.588833380E-3
1.108232875E1,6.444628537E-2,-1.066723466E-1,-9.697485715E-3
1.108432962E1,6.688974798E-2,-1.127809957E-1,-1.458440814E-2
1.108632958E1,7.177666575E-2,-1.188896447E-1,-2.008219436E-2
1.108832955E1,7.360926270E-2,-1.170570552E-1,-2.191479132E-2
1.109032955E1,7.299839705E-2,-1.188896447E-1,-2.374738641E-2
1.109232955E1,7.360926270E-2,-1.152244583E-1,-2.130392566E-2
1.109432958E1,7.727445662E-2,-1.140027270E-1,-1.947133057E-2
1.109632962E1,7.483099401E-2,-1.158353239E-1,-2.130392566E-2
1.109833005E1,7.971791178E-2,-1.182787865E-1,-1.886046492E-2
1.110033008E1,7.605272532E-2,-1.201113760E-1,-1.641700417E-2
1.110232925E1,7.055493444E-2,-1.195005104E-1,-9.697485715E-3
1.110432838E1,7.055493444E-2,-1.195005104E-1,-9.697485715E-3
1.110632841E1,7.788532227E-2,-1.207222417E-1,-6.032294128E-3
1.110832841E1,7.483099401E-2,-1.158353239E-1,-4.810563754E-3
1.111032881E1,7.666359097E-2,-1.085049361E-1,3.741549561E-3
1.111232881E1,7.971791178E-2,-1.005636901E-1,3.741549561E-3
1.111432881E1,7.727445662E-2,-9.506590664E-2,8.628471754E-3
1.111632881E1,7.299839705E-2,-8.590292186E-2,1.046106778E-2
1.111832881E1,6.994406879E-2,-7.857254148E-2,1.412625890E-2
1.112032881E1,7.177666575E-2,-7.551821321E-2,1.595885493E-2
1.112232965E1,6.688974798E-2,-7.307475805E-2,1.595885493E-2
1.112433025E1,6.383541971E-2,-6.818783283E-2,2.328923717E-2
1.112633021E1,5.833763257E-2,-6.635523587E-2,2.512183413E-2
1.112833018E1,5.467243865E-2,-5.902485549E-2,2.817615867E-2
1.113033014E1,5.222897977E-2,-4.925100878E-2,3.245221451E-2
1.113233011E1,4.550946131E-2,-4.497495294E-2,3.306308016E-2
1.113433008E1,3.878994286E-2,-3.764457256E-2,3.550654277E-2
1.113633004E1,3.084869497E-2,-2.787072770E-2,4.222606122E-2
1.113833004E1,3.023782931E-2,-2.542726509E-2,4.222606122E-2
1.114033008E1,2.779436857E-2,-1.687515154E-2,4.528038576E-2
1.114232924E1,1.863138936E-2,-7.712173741E-3,4.894557595E-2
1.114432837E1,1.863138936E-2,-7.712173741E-3,4.894557595E-2
1.114632841E1,1.191187184E-2,-4.657847341E-3,4.894557595E-2
1.114832844E1,1.252273750E-2,8.399396902E-4,4.833471403E-2
1.115032847E1,1.191187184E-2,3.283400787E-3,4.711298272E-2
1.115232851E1,7.024950348E-3,9.392052889E-3,4.894557595E-2
1.115432851E1,7.635815535E-3,1.000291854E-2,4.711298272E-2
1.115632847E1,8.246680722E-3,5.726861767E-3,4.405865446E-2
1.115832844E1,7.024950348E-3,-1.603521290E-3,4.283692688E-2
1.116032840E1,5.803219974E-3,-4.046982154E-3,3.978259861E-2
1.116232924E1,3.359758761E-3,-4.046982154E-3,4.100432992E-2
1.116433010E1,2.138028387E-3,-4.657847341E-3,4.466952011E-2
1.116633007E1,6.414085161E-3,-4.657847341E-3,4.405865446E-2
1.116833007E1,4.581489135E-3,-8.933904581E-3,4.405865446E-2
1.117033007E1,8.246680722E-3,-8.323038928E-3,4.466952011E-2
1.117233010E1,8.246680722E-3,-1.687515154E-2,4.161519557E-2
1.117433014E1,6.414085161E-3,-2.298380435E-2,3.978259861E-2
1.117633017E1,1.374446787E-2,-2.664899640E-2,3.856086731E-2
1.117833020E1,1.679879427E-2,-3.397937864E-2,3.672827408E-2
1.118033060E1,2.046398632E-2,-3.825543448E-2,2.939788997E-2
1.118232977E1,2.535090782E-2,-4.741841555E-2,2.756529488E-2
1.118432997E1,2.535090782E-2,-4.741841555E-2,2.756529488E-2
1.118632997E1,2.290744707E-2,-5.352706835E-2,2.878702432E-2
1.118832997E1,2.535090782E-2,-6.024658307E-2,2.756529488E-2
1.119032997E1,3.023782931E-2,-6.696610153E-2,2.695442922E-2
1.119232997E1,3.023782931E-2,-7.612907887E-2,2.634356357E-2
1.119432997E1,3.390302137E-2,-8.345946670E-2,2.634356357E-2
1.119632997E1,3.451388702E-2,-8.529205620E-2,2.451096848E-2
1.119832997E1,3.878994286E-2,-8.284860104E-2,2.634356357E-2
1.120032993E1,4.489859566E-2,-7.979427278E-2,2.451096848E-2
1.120233077E1,4.001167417E-2,-7.857254148E-2,2.145664208E-2
1.120433163E1,4.184427112E-2,-7.551821321E-2,1.656972058E-2
1.120633160E1,4.428773001E-2,-7.612907887E-2,1.534798928E-2
1.120833156E1,4.367686436E-2,-7.857254148E-2,1.351539325E-2
1.121033153E1,4.795292020E-2,-8.407033235E-2,1.229366288E-2
1.121233150E1,4.673119262E-2,-8.407033235E-2,1.229366288E-2
1.121433146E1,5.283984542E-2,-8.407033235E-2,1.290452853E-2
1.121633146E1,5.161811411E-2,-7.796167582E-2,1.473712362E-2
1.121833150E1,5.650503561E-2,-7.612907887E-2,1.779145002E-2
1.122033153E1,5.406157300E-2,-7.368562371E-2,1.840231568E-2
1.122233069E1,6.017022580E-2,-7.185302675E-2,2.023491077E-2
1.122433186E1,6.017022580E-2,-7.185302675E-2,2.023491077E-2
1.122633189E1,5.833763257E-2,-6.940956414E-2,2.023491077E-2
1.122833193E1,5.833763257E-2,-6.879869848E-2,2.145664208E-2
1.123033196E1,6.261368841E-2,-7.185302675E-2,1.840231568E-2
1.123233196E1,6.872233748E-2,-7.490734756E-2,1.595885493E-2
1.123433193E1,7.299839705E-2,-7.551821321E-2,1.168279815E-2
1.123633189E1,7.910704613E-2,-7.490734756E-2,1.168279815E-2
1.123833186E1,7.971791178E-2,-7.185302675E-2,1.168279815E-2
1.124033146E1,7.971791178E-2,-6.696610153E-2,1.168279815E-2
1.124233229E1,8.093964309E-2,-6.696610153E-2,1.290452853E-2
1.124433232E1,8.155050874E-2,-6.757696718E-2,1.351539325E-2
1.124633232E1,7.544185966E-2,-6.635523587E-2,1.290452853E-2
1.124833232E1,7.788532227E-2,-6.574437022E-2,1.412625890E-2
1.125033232E1,7.483099401E-2,-6.391177326E-2,1.412625890E-2
1.125233232E1,7.116580009E-2,-6.207918003E-2,1.656972058E-2
1.125433246E1,6.994406879E-2,-6.269004941E-2,1.412625890E-2
1.125633246E1,6.811147183E-2,-6.391177326E-2,1.168279815E-2
1.125833246E1,6.505715102E-2,-6.696610153E-2,8.628471754E-3
1.126033246E1,6.261368841E-2,-6.635523587E-2,1.046106778E-2
1.126233159E1,6.322455406E-2,-6.696610153E-2,6.185010541E-3
1.126433072E1,6.139195710E-2,-6.818783283E-2,1.046106778E-2
1.126633076E1,6.200282276E-2,-7.124216110E-2,6.185010541E-3
1.126833079E1,6.017022580E-2,-7.673994452E-2,2.519819187E-3
1.127033082E1,6.017022580E-2,-8.223773539E-2,6.185010541E-3
1.127233085E1,5.955936015E-2,-8.468119800E-2,6.185010541E-3
1.127433089E1,5.467243865E-2,-9.017898142E-2,7.406740915E-3
1.127633092E1,5.222897977E-2,-9.506590664E-2,9.239336476E-3
1.127833092E1,5.589416996E-2,-9.812022746E-2,1.290452853E-2
1.128033089E1,5.406157300E-2,-1.078940704E-1,1.534798928E-2
1.128233172E1,5.711590126E-2,-1.201113760E-1,1.595885493E-2
1.128433055E1,6.200282276E-2,-1.262200326E-1,1.779145002E-2
1.128633052E1,6.322455406E-2,-1.347721517E-1,1.718058437E-2
1.128832962E1,6.872233748E-2,-1.433242559E-1,1.718058437E-2
1.129032958E1,7.055493444E-2,-1.421025246E-1,1.962404512E-2
1.129232955E1,7.299839705E-2,-1.439351290E-1,2.023491077E-2
1.129433045E1,7.605272532E-2,-1.408807933E-1,2.267837152E-2
1.129633045E1,7.971791178E-2,-1.390482038E-1,2.084577642E-2
1.129833045E1,7.727445662E-2,-1.366047412E-1,2.634356357E-2
1.130033045E1,7.910704613E-2,-1.353830099E-1,2.939788997E-2
1.130232958E1,7.971791178E-2,-1.433242559E-1,3.245221451E-2
1.130432875E1,7.971791178E-2,-1.433242559E-1,3.245221451E-2
1.130632875E1,7.910704613E-2,-1.469894499E-1,3.000875562E-2
1.130832875E1,7.360926270E-2,-1.463785917E-1,3.306308016E-2
1.131032875E1,7.544185966E-2,-1.421025246E-1,3.550654277E-2
1.131232878E1,7.422012836E-2,-1.402699351E-1,3.733913973E-2
1.131432868E1,7.727445662E-2,-1.335504204E-1,3.978259861E-2
1.131632872E1,7.483099401E-2,-1.323286891E-1,4.039346427E-2
1.131832875E1,7.666359097E-2,-1.256091595E-1,3.917173296E-2
1.132032878E1,7.116580009E-2,-1.201113760E-1,4.039346427E-2
1.132232968E1,7.116580009E-2,-1.146135926E-1,4.283692688E-2
1.132433058E1,6.688974798E-2,-1.060614809E-1,4.589125142E-2
1.132633058E1,6.261368841E-2,-9.628763795E-2,4.589125142E-2
1.132833055E1,6.505715102E-2,-9.017898142E-2,4.955644161E-2
1.133033051E1,6.383541971E-2,-8.040513843E-2,4.711298272E-2
1.133233048E1,5.222897977E-2,-7.246389240E-2,5.444336683E-2
1.133433044E1,5.406157300E-2,-7.185302675E-2,5.261076987E-2
1.133633041E1,4.673119262E-2,-6.574437022E-2,5.261076987E-2
1.133833038E1,3.268129006E-2,-5.963572115E-2,5.199990422E-2
1.134033038E1,3.329215571E-2,-5.963572115E-2,5.016730726E-2
1.134232951E1,2.718350291E-2,-4.986187443E-2,5.016730726E-2
1.134432864E1,2.718350291E-2,-4.558581859E-2,5.016730726E-2
1.134632868E1,2.229658142E-2,-4.130976275E-2,5.138903856E-2
1.134832958E1,1.374446787E-2,-4.008803144E-2,4.833471403E-2
1.135032961E1,5.803219974E-3,-3.703370690E-2,4.466952011E-2
1.135232964E1,5.803219974E-3,-3.092505224E-2,4.344778880E-2
1.135432878E1,1.527163084E-3,-1.626428775E-2,3.856086731E-2
1.135632881E1,-2.138028387E-3,-3.817907709E-4,3.611740842E-2
1.135832881E1,-9.162978968E-4,4.505131394E-3,3.245221451E-2
1.136032881E1,-8.246680722E-3,1.183551457E-2,2.695442922E-2
1.136232967E1,-9.468411095E-3,6.948592141E-3,1.656972058E-2
1.136433051E1,-1.069014147E-2,6.337726954E-3,1.534798928E-2
1.136633051E1,-1.069014147E-2,-9.926559869E-4,6.795875728E-3
1.136833051E1,-1.313360315E-2,-8.323038928E-3,3.130684374E-3
1.137033051E1,-1.863138936E-2,-1.259909570E-2,2.519819187E-3
1.137233047E1,-1.863138936E-2,-1.870774850E-2,-5.345070967E-4
1.137433044E1,-2.290744707E-2,-2.115120925E-2,1.908953884E-3
1.137633041E1,-2.107485011E-2,-2.176207490E-2,-1.756237587E-3
1.137833037E1,-2.168571576E-2,-2.237293869E-2,-2.977967961E-3
1.138033034E1,-2.229658142E-2,-1.809688285E-2,-9.086620063E-3
1.138232944E1,-2.046398632E-2,-1.687515154E-2,-1.458440814E-2
1.138432850E1,-2.046398632E-2,-1.687515154E-2,-1.458440814E-2
1.138632847E1,-1.557706390E-2,-1.320996135E-2,-1.458440814E-2
1.138832847E1,-1.679879427E-2,-1.320996135E-2,-1.763873361E-2
1.139032850E1,-1.374446787E-2,-7.712173741E-3,-1.702786796E-2
1.139232854E1,-1.069014147E-2,-2.825251780E-3,-1.824959926E-2
1.139432857E1,-1.313360315E-2,-4.046982154E-3,-1.947133057E-2
1.139632960E1,-1.130100712E-2,-2.825251780E-3,-2.191479132E-2
1.139832963E1,-1.069014147E-2,-4.046982154E-3,-2.435825206E-2
1.140032967E1,-1.252273750E-2,-3.436116967E-3,-2.619084716E-2
1.140233057E1,-9.468411095E-3,-3.436116967E-3,-2.680171281E-2
1.140433147E1,-1.435533352E-2,2.672535367E-3,-2.619084716E-2
1.140633143E1,-1.313360315E-2,3.894265974E-3,-2.741257846E-2
1.140833140E1,-8.857546374E-3,9.392052889E-3,-2.741257846E-2
1.141033137E1,-7.024950348E-3,1.794416644E-2,-2.741257846E-2
1.141233133E1,-6.414085161E-3,2.344195358E-2,-2.680171281E-2
1.141433130E1,9.162978968E-4,3.077233583E-2,-2.802344225E-2
1.141633126E1,7.635815535E-3,3.749185428E-2,-2.863430791E-2
1.141833126E1,1.069014147E-2,3.810271993E-2,-3.168863431E-2
1.142033126E1,1.069014147E-2,3.443752974E-2,-3.413209692E-2
1.142233043E1,1.618792862E-2,2.588541433E-2,-3.596469015E-2
1.142432956E1,1.618792862E-2,2.588541433E-2,-3.596469015E-2
1.142632960E1,1.557706390E-2,2.283108793E-2,-3.168863431E-2
1.142832963E1,1.985312067E-2,2.099849284E-2,-3.352123126E-2
1.143032966E1,1.618792862E-2,1.977676153E-2,-2.985603921E-2
1.143232969E1,1.740965992E-2,1.733330078E-2,-2.680171281E-2
1.143432973E1,1.985312067E-2,1.916589774E-2,-2.924517356E-2
1.143632973E1,2.351831272E-2,1.733330078E-2,-2.924517356E-2
1.143832973E1,2.596177347E-2,1.366810966E-2,-3.046690486E-2
1.144032973E1,2.596177347E-2,8.781188168E-3,-2.985603921E-2
1.144233059E1,3.145955876E-2,-1.603521290E-3,-3.291036561E-2
1.144433149E1,2.962696366E-2,-1.198823005E-2,-3.168863431E-2
1.144633149E1,3.268129006E-2,-3.275764734E-2,-2.863430791E-2
1.144833149E1,2.901609987E-2,-4.986187443E-2,-2.985603921E-2
1.145033146E1,3.451388702E-2,-5.902485549E-2,-3.107776865E-2
1.145233142E1,3.329215571E-2,-6.513350457E-2,-2.619084716E-2
1.145433139E1,3.573561832E-2,-6.269004941E-2,-2.191479132E-2
1.145633036E1,3.451388702E-2,-5.780312419E-2,-1.947133057E-2
1.145833032E1,4.184427112E-2,-4.802928120E-2,-1.458440814E-2
1.146033029E1,4.001167417E-2,-4.069889709E-2,-6.032294128E-3
1.146232939E1,4.306599870E-2,-3.642284125E-2,-1.145372284E-3
1.146432846E1,4.306599870E-2,-3.642284125E-2,-1.145372284E-3
1.146632846E1,4.184427112E-2,-3.092505224E-2,4.352414981E-3
1.146832849E1,3.573561832E-2,-3.214678168E-2,3.130684374E-3
1.147032852E1,3.573561832E-2,-3.092505224E-2,3.130684374E-3
1.147232855E1,2.840523422E-2,-3.703370690E-2,1.908953884E-3
1.147432859E1,2.657263726E-2,-3.825543448E-2,-1.145372284E-3
1.147632862E1,1.924225502E-2,-3.947716579E-2,-1.756237587E-3
1.147832865E1,1.740965992E-2,-4.069889709E-2,-6.032294128E-3
1.148032869E1,1.313360315E-2,-3.886630014E-2,-6.643159315E-3
1.148232955E1,9.468411095E-3,-3.886630014E-2,-9.697485715E-3
1.148433042E1,5.803219974E-3,-4.069889709E-2,-1.458440814E-2
1.148633038E1,7.635815535E-3,-4.314235970E-2,-1.397354249E-2
1.148833035E1,3.054326226E-4,-4.497495294E-2,-1.519527286E-2
1.149033032E1,3.054326226E-4,-4.864014685E-2,-1.519527286E-2
1.149233028E1,-1.527163084E-3,-4.864014685E-2,-1.519527286E-2
1.149433025E1,-3.359758761E-3,-4.986187443E-2,-1.824959926E-2
1.149633025E1,-3.359758761E-3,-4.802928120E-2,-2.130392566E-2
1.149833025E1,-2.138028387E-3,-4.802928120E-2,-2.069306001E-2
1.150033025E1,3.970623948E-3,-4.986187443E-2,-2.496911772E-2
1.150232938E1,3.359758761E-3,-5.597052723E-2,-2.619084716E-2
1.150432848E1,3.359758761E-3,-5.597052723E-2,-2.619084716E-2
1.150632848E1,3.970623948E-3,-6.085744873E-2,-2.741257846E-2
1.150832848E1,3.054326226E-4,-6.757696718E-2,-3.352123126E-2
1.151032848E1,3.359758761E-3,-7.063129544E-2,-3.291036561E-2
1.151232848E1,5.803219974E-3,-7.857254148E-2,-3.596469015E-2
1.151432851E1,5.192354787E-3,-8.773551881E-2,-3.474296257E-2
1.151632855E1,2.138028387E-3,-9.078984708E-2,-3.352123126E-2
1.151832858E1,3.054326226E-4,-1.042288840E-1,-3.352123126E-2
1.152032861E1,3.970623948E-3,-1.060614809E-1,-3.107776865E-2
1.152232951E1,5.803219974E-3,-1.091158018E-1,-3.229949996E-2
1.152433045E1,1.527163084E-3,-1.121701300E-1,-2.985603921E-2
1.152633048E1,5.803219974E-3,-1.195005104E-1,-2.741257846E-2
1.152833048E1,6.414085161E-3,-1.213331074E-1,-2.741257846E-2
1.153033044E1,6.414085161E-3,-1.231657043E-1,-2.680171281E-2
1.153233041E1,7.635815535E-3,-1.292743534E-1,-2.252565511E-2
1.153433038E1,6.414085161E-3,-1.311069578E-1,-2.008219436E-2
1.153633034E1,6.414085161E-3,-1.372155994E-1,-1.763873361E-2
1.153833031E1,1.313360315E-2,-1.427133977E-1,-1.763873361E-2
1.154033028E1,1.191187184E-2,-1.451568604E-1,-1.336267684E-2
1.154232938E1,1.191187184E-2,-1.585958898E-1,-7.254024968E-3
1.154432848E1,1.191187184E-2,-1.585958898E-1,-7.254024968E-3
1.154632851E1,1.191187184E-2,-1.604284793E-1,-6.643159315E-3
1.154832854E1,1.252273750E-2,-1.604284793E-1,-6.643159315E-3
1.155032857E1,1.496619824E-2,-1.610393524E-1,-7.864889689E-3
1.155232861E1,1.435533352E-2,-1.598176211E-1,-3.588833380E-3
1.155432857E1,1.007927675E-2,-1.604284793E-1,-1.756237587E-3
1.155632861E1,1.191187184E-2,-1.616502106E-1,3.130684374E-3
1.155832864E1,1.069014147E-2,-1.640936732E-1,2.519819187E-3
1.156032867E1,8.246680722E-3,-1.640936732E-1,2.519819187E-3
1.156232954E1,1.191187184E-2,-1.592067480E-1,1.298088697E-3
1.156433044E1,9.468411095E-3,-1.518763751E-1,1.298088697E-3
1.156633044E1,7.024950348E-3,-1.500437707E-1,7.635815564E-5
1.156833044E1,9.468411095E-3,-1.451568604E-1,7.635815564E-5
1.157033044E1,4.581489135E-3,-1.421025246E-1,-2.977967961E-3
1.157233044E1,3.970623948E-3,-1.372155994E-1,-5.345070967E-4
1.157433040E1,3.359758761E-3,-1.384373307E-1,-3.588833380E-3
1.157633037E1,5.803219974E-3,-1.359938681E-1,-4.199698567E-3
1.157833034E1,2.138028387E-3,-1.359938681E-1,-7.254024968E-3
1.158033030E1,-3.054326226E-4,-1.311069578E-1,-6.643159315E-3
1.158232940E1,-2.748893574E-3,-1.231657043E-1,-7.254024968E-3
1.158432847E1,-2.748893574E-3,-1.231657043E-1,-7.254024968E-3
1.158632843E1,-9.162978968E-4,-1.188896447E-1,-7.864889689E-3
1.158832840E1,-2.138028387E-3,-1.109483987E-1,-8.475755341E-3
1.159032840E1,-1.527163084E-3,-1.078940704E-1,-8.475755341E-3
1.159232840E1,-3.054326226E-4,-1.030071527E-1,-4.199698567E-3
1.159432843E1,-3.359758761E-3,-9.873109311E-2,-2.977967961E-3
1.159632847E1,1.527163084E-3,-9.812022746E-2,-2.367102774E-3
1.159832850E1,-2.138028387E-3,-9.506590664E-2,-1.756237587E-3
1.160032853E1,1.527163084E-3,-9.567677230E-2,1.908953884E-3
1.160232943E1,1.527163084E-3,-9.384417534E-2,6.872233935E-4
1.160433037E1,7.024950348E-3,-9.323330969E-2,4.352414981E-3
1.160633037E1,1.007927675E-2,-9.445504099E-2,4.352414981E-3
1.160833036E1,1.191187184E-2,-9.201157838E-2,7.406740915E-3
1.161033033E1,1.863138936E-2,-9.262244403E-2,8.017606102E-3
1.161233030E1,1.802052557E-2,-8.773551881E-2,1.168279815E-2
1.161433033E1,2.046398632E-2,-8.834638447E-2,9.850202128E-3
1.161633030E1,2.412917651E-2,-8.284860104E-2,1.473712362E-2
1.161833026E1,3.634648025E-2,-7.918340713E-2,1.473712362E-2
1.162033023E1,4.184427112E-2,-8.040513843E-2,1.656972058E-2
1.162232936E1,3.940080851E-2,-7.063129544E-2,2.145664208E-2
1.162432849E1,4.184427112E-2,-6.574437022E-2,2.328923717E-2
1.162632853E1,4.550946131E-2,-6.269004941E-2,2.451096848E-2
1.162832856E1,4.612032697E-2,-5.780312419E-2,2.634356357E-2
1.163032859E1,4.001167417E-2,-5.780312419E-2,2.817615867E-2
1.163232863E1,4.489859566E-2,-5.902485549E-2,2.634356357E-2
1.163432866E1,4.550946131E-2,-5.719225854E-2,2.695442922E-2
1.163632869E1,4.673119262E-2,-5.474879593E-2,3.000875562E-2
1.163832873E1,4.673119262E-2,-5.047274008E-2,3.123048507E-2
1.164032873E1,5.100724846E-2,-3.947716579E-2,3.550654277E-2
1.164232959E1,4.917465150E-2,-3.031418845E-2,4.039346427E-2
1.164433049E1,5.406157300E-2,-2.298380435E-2,4.161519557E-2
1.164633049E1,5.100724846E-2,-1.259909570E-2,4.405865446E-2
1.164833049E1,5.711590126E-2,-4.046982154E-3,4.772384837E-2
1.165033049E1,5.711590126E-2,2.290744742E-4,5.138903856E-2
1.165233049E1,5.283984542E-2,1.183551457E-2,5.505422875E-2
1.165433046E1,4.917465150E-2,2.099849284E-2,5.933028832E-2
1.165633042E1,5.161811411E-2,2.588541433E-2,5.810855702E-2
1.165833039E1,5.100724846E-2,3.321579844E-2,6.360634416E-2
1.166033036E1,4.612032697E-2,4.360050708E-2,6.788240373E-2
1.166232946E1,4.245513305E-2,5.887213722E-2,7.276932150E-2
1.166432852E1,4.245513305E-2,5.887213722E-2,7.276932150E-2
1.166632849E1,4.062253982E-2,6.986771524E-2,7.826711237E-2
1.166832845E1,3.390302137E-2,8.086328954E-2,7.948884368E-2
1.167032845E1,2.718350291E-2,8.575020730E-2,7.826711237E-2
1.167232849E1,3.023782931E-2,9.552405030E-2,7.826711237E-2
1.167432852E1,2.535090782E-2,1.010218412E-1,7.338018715E-2
1.167632855E1,2.290744707E-2,1.059087589E-1,7.399105281E-2
1.167832859E1,1.924225502E-2,1.150717437E-1,6.849326193E-2
1.168032862E1,2.290744707E-2,1.169043332E-1,6.604980677E-2
1.168232952E1,1.985312067E-2,1.205695271E-1,6.482807547E-2
1.168433042E1,2.046398632E-2,1.248455867E-1,6.177374721E-2
1.168633038E1,2.107485011E-2,1.266781837E-1,5.688682571E-2
1.168833035E1,1.924225502E-2,1.278999150E-1,5.505422875E-2
1.169033032E1,1.679879427E-2,1.309542358E-1,5.199990422E-2
1.169233028E1,1.985312067E-2,1.321759671E-1,4.466952011E-2
1.169433025E1,1.802052557E-2,1.321759671E-1,4.161519557E-2
1.169633021E1,1.924225502E-2,1.327868253E-1,4.100432992E-2
1.169833018E1,1.740965992E-2,1.321759671E-1,3.733913973E-2
1.170033018E1,1.435533352E-2,1.291216463E-1,3.672827408E-2
1.170232931E1,7.024950348E-3,1.230129898E-1,3.061962128E-2
1.170432841E1,7.024950348E-3,1.217912585E-1,2.878702432E-2
1.170632841E1,7.024950348E-3,1.187369302E-1,2.756529488E-2
1.170832841E1,-2.748893574E-3,1.107956842E-1,2.145664208E-2
1.171032841E1,-9.162978968E-4,1.034653038E-1,1.779145002E-2
1.171232825E1,-3.359758761E-3,1.016327068E-1,1.779145002E-2
1.171432825E1,-7.024950348E-3,9.430231899E-2,1.534798928E-2
1.171632825E1,-1.496619824E-2,8.758280426E-2,1.290452853E-2
1.171832828E1,-1.374446787E-2,8.330674469E-2,1.046106778E-2
1.172032831E1,-1.740965992E-2,8.025242388E-2,1.107193250E-2
1.172232921E1,-1.374446787E-2,7.170030475E-2,7.406740915E-3
1.172433015E1,-1.374446787E-2,6.742425263E-2,7.406740915E-3
1.172633018E1,-1.191187184E-2,6.131559983E-2,6.872233935E-4
1.172833021E1,-1.496619824E-2,5.581781268E-2,7.635815564E-5
1.173033024E1,-1.130100712E-2,5.520694703E-2,-5.345070967E-4
1.173233024E1,-1.069014147E-2,5.154175684E-2,-3.588833380E-3
1.173433021E1,-9.468411095E-3,4.909829423E-2,-4.199698567E-3
1.173633018E1,-8.246680722E-3,4.726569727E-2,-6.643159315E-3
1.173833014E1,-6.414085161E-3,4.360050708E-2,-6.032294128E-3
1.174033011E1,-8.246680722E-3,4.237877578E-2,-8.475755341E-3
1.174232921E1,-6.414085161E-3,3.443752974E-2,-1.214094646E-2
1.174432827E1,-6.414085161E-3,3.443752974E-2,-1.214094646E-2
1.174632787E1,-7.635815535E-3,3.199406713E-2,-1.336267684E-2
1.174832787E1,-7.635815535E-3,3.016147204E-2,-1.275181212E-2
1.175032791E1,-5.192354787E-3,2.710714564E-2,-1.580613852E-2
1.175232794E1,-3.359758761E-3,2.649627998E-2,-1.641700417E-2
1.175432797E1,-3.359758761E-3,2.649627998E-2,-1.641700417E-2
1.175632801E1,-2.748893574E-3,2.466368489E-2,-1.763873361E-2
1.175832804E1,-3.970623948E-3,2.283108793E-2,-1.763873361E-2
1.176032807E1,-5.192354787E-3,2.405281924E-2,-1.519527286E-2
1.176232897E1,-3.054326226E-4,2.588541433E-2,-1.458440814E-2
1.176432987E1,-4.581489135E-3,2.588541433E-2,-1.580613852E-2
1.176632987E1,-1.527163084E-3,2.283108793E-2,-1.641700417E-2
1.176832987E1,3.054326226E-4,1.733330078E-2,-1.641700417E-2
1.177032987E1,1.527163084E-3,1.183551457E-2,-1.458440814E-2
1.177233004E1,5.192354787E-3,6.948592141E-3,-1.397354249E-2
1.177433004E1,9.162978968E-4,1.450804994E-3,-1.214094646E-2
1.177633004E1,1.527163084E-3,8.399396902E-4,-1.519527286E-2
1.177833000E1,4.581489135E-3,2.061670180E-3,-1.275181212E-2
1.178032997E1,5.192354787E-3,3.283400787E-3,-1.763873361E-2
1.178232907E1,6.414085161E-3,6.337726954E-3,-1.519527286E-2
1.178432817E1,6.414085161E-3,6.337726954E-3,-1.519527286E-2
1.178632814E1,1.069014147E-2,6.948592141E-3,-1.580613852E-2
1.178832810E1,9.468411095E-3,6.337726954E-3,-1.763873361E-2
1.179032807E1,8.246680722E-3,-3.817907709E-4,-1.763873361E-2
1.179232803E1,8.246680722E-3,-4.046982154E-3,-1.886046492E-2
1.179432883E1,7.635815535E-3,-1.687515154E-2,-1.886046492E-2
1.179632887E1,1.252273750E-2,-2.420553565E-2,-1.886046492E-2
1.179832890E1,9.468411095E-3,-2.970332280E-2,-1.702786796E-2
1.180032893E1,1.679879427E-2,-3.520110995E-2,-1.336267684E-2
1.180232983E1,1.557706390E-2,-4.253149405E-2,-1.397354249E-2
1.180433010E1,1.924225502E-2,-4.436408728E-2,-1.030835137E-2
1.180633053E1,1.985312067E-2,-4.130976275E-2,-5.421428941E-3
1.180833056E1,2.290744707E-2,-3.459024429E-2,7.635815564E-5
1.181033057E1,2.351831272E-2,-3.275764734E-2,3.741549561E-3
1.181233053E1,2.596177347E-2,-2.054034360E-2,3.741549561E-3
1.181433050E1,3.390302137E-2,-1.137736533E-2,7.406740915E-3
1.181633046E1,3.573561832E-2,-7.712173741E-3,7.406740915E-3
1.181833043E1,3.817907721E-2,3.894265974E-3,9.239336476E-3
1.182033003E1,4.550946131E-2,2.283108793E-2,9.850202128E-3
1.182232913E1,7.177666575E-2,9.918924421E-2,2.023491077E-2
1.182432823E1,7.177666575E-2,9.918924421E-2,2.023491077E-2
1.182632823E1,8.949175477E-2,1.480584592E-1,2.084577642E-2
1.182832826E1,9.437867999E-2,1.621083617E-1,1.840231568E-2
1.183032830E1,9.560041130E-2,1.706604809E-1,1.718058437E-2
1.183232833E1,9.621127695E-2,1.694387496E-1,2.084577642E-2
1.183432836E1,9.865473956E-2,1.700496078E-1,2.451096848E-2
1.183632839E1,9.621127695E-2,1.663844138E-1,2.817615867E-2
1.183832843E1,9.498954564E-2,1.559997052E-1,2.817615867E-2
1.184032846E1,9.254608303E-2,1.492801905E-1,2.634356357E-2
1.184232936E1,8.888089657E-2,1.370628923E-1,2.390010282E-2
1.184433023E1,8.704829961E-2,1.248455867E-1,2.206750773E-2
1.184633023E1,8.216137439E-2,1.230129898E-1,1.779145002E-2
1.184833023E1,7.788532227E-2,1.126282811E-1,1.779145002E-2
1.185033023E1,7.544185966E-2,1.028544381E-1,1.412625890E-2
1.185233023E1,8.032877743E-2,9.796751291E-2,1.351539325E-2
1.185432943E1,8.888089657E-2,8.452847600E-2,2.519819187E-3
1.185632939E1,9.376781434E-2,6.925684959E-2,-6.643159315E-3
1.185832936E1,9.621127695E-2,6.070473418E-2,-1.397354249E-2
1.186032932E1,1.084285825E-1,3.932445124E-2,-2.069306001E-2
1.186232842E1,1.243110746E-1,9.392052889E-3,-3.229949996E-2
1.186432816E1,1.243110746E-1,9.392052889E-3,-3.229949996E-2
1.186632812E1,1.346957833E-1,-6.490443368E-3,-3.779728711E-2
1.186832809E1,1.389718503E-1,-2.909245715E-2,-4.268420860E-2
1.187032806E1,1.420261711E-1,-4.192062840E-2,-4.268420860E-2
1.187232806E1,1.481348276E-1,-7.002042979E-2,-4.146247730E-2
1.187432809E1,1.554652005E-1,-9.628763795E-2,-4.390593991E-2
1.187632812E1,1.585195363E-1,-1.103375331E-1,-4.390593991E-2
1.187832815E1,1.682933718E-1,-1.335504204E-1,-4.085161164E-2
1.188032855E1,1.768454909E-1,-1.549306959E-1,-3.779728711E-2
1.188232945E1,1.811215430E-1,-1.640936732E-1,-3.718642145E-2
1.188433039E1,1.884519309E-1,-1.799761802E-1,-3.657555580E-2
1.188633042E1,1.994474977E-1,-2.007455975E-1,-3.779728711E-2
1.188833042E1,2.018909603E-1,-2.062433809E-1,-3.779728711E-2
1.189033039E1,2.043344229E-1,-2.202932835E-1,-4.146247730E-2
1.189233035E1,2.049452960E-1,-2.300671190E-1,-4.207334295E-2
1.189433032E1,2.049452960E-1,-2.312888503E-1,-4.268420860E-2
1.189633028E1,2.055561543E-1,-2.453387529E-1,-4.512767121E-2
1.189833025E1,2.122756690E-1,-2.587777972E-1,-5.001459271E-2
1.190033022E1,2.147191316E-1,-2.654972970E-1,-5.367978290E-2
1.190232932E1,2.183843255E-1,-2.654972970E-1,-4.879286140E-2
1.190432845E1,2.220495194E-1,-2.661081851E-1,-4.634939879E-2
1.190632845E1,2.251038402E-1,-2.648864388E-1,-3.840815276E-2
1.190832845E1,2.281581759E-1,-2.569451928E-1,-3.046690486E-2
1.191032845E1,2.299907655E-1,-2.373975068E-1,-1.824959926E-2
1.191232845E1,2.269364446E-1,-2.184606791E-1,-4.810563754E-3
1.191432845E1,2.177734673E-1,-1.983021349E-1,6.185010541E-3
1.191632845E1,1.902845204E-1,-9.873109311E-2,4.772384837E-2
1.191832845E1,1.511891484E-1,6.070473418E-2,1.051451787E-1
1.192032845E1,1.359175146E-1,1.034653038E-1,1.149190217E-1
1.192232935E1,1.371392459E-1,6.742425263E-2,9.659306705E-2
1.192433028E1,1.432479024E-1,-2.359467000E-2,5.810855702E-2
1.192633032E1,1.414152980E-1,-6.879869848E-2,3.917173296E-2
1.192833082E1,1.389718503E-1,-1.439351290E-1,4.963280167E-3
1.193033085E1,1.340849251E-1,-1.818087697E-1,-1.641700417E-2
1.193233088E1,1.346957833E-1,-1.873065531E-1,-2.313652076E-2
1.193433088E1,1.365283877E-1,-1.793653071E-1,-2.741257846E-2
1.193633085E1,1.359175146E-1,-1.518763751E-1,-2.802344225E-2
1.193833081E1,1.340849251E-1,-1.372155994E-1,-2.435825206E-2
1.194033078E1,1.340849251E-1,-1.115592644E-1,-1.947133057E-2
1.194232988E1,1.267545372E-1,-9.384417534E-2,-1.214094646E-2
1.194432894E1,1.267545372E-1,-9.384417534E-2,-1.214094646E-2
1.194632891E1,1.188132912E-1,-9.201157838E-2,-1.336267684E-2
1.194832888E1,1.041525230E-1,-9.689849615E-2,-1.214094646E-2
1.195032888E1,9.804387391E-2,-9.628763795E-2,-9.697485715E-3
1.195232891E1,8.765916526E-2,-8.712465316E-2,-3.588833380E-3
1.195432894E1,7.605272532E-2,-7.429648191E-2,3.741549561E-3
1.195632898E1,6.933320314E-2,-6.513350457E-2,8.017606102E-3
1.195832901E1,6.078109145E-2,-5.230533704E-2,1.168279815E-2
1.196032904E1,5.161811411E-2,-6.513350457E-2,8.017606102E-3
1.196232994E1,4.123340547E-2,-7.246389240E-2,2.519819187E-3
1.196433084E1,3.207042441E-2,-8.468119800E-2,-2.977967961E-3
1.196633088E1,2.290744707E-2,-9.140071273E-2,-9.086620063E-3
1.196833088E1,2.046398632E-2,-8.956811577E-2,-9.086620063E-3
1.197033088E1,2.168571576E-2,-7.796167582E-2,-9.086620063E-3
1.197233088E1,2.351831272E-2,-5.902485549E-2,7.635815564E-5
1.197433148E1,2.107485011E-2,-5.047274008E-2,1.298088697E-3
1.197633148E1,1.985312067E-2,-2.848159149E-2,6.795875728E-3
1.197833148E1,1.740965992E-2,-1.076649968E-2,6.795875728E-3
1.198033148E1,1.313360315E-2,-1.015563495E-2,6.795875728E-3
1.198233058E1,-1.527163084E-3,-2.298380435E-2,-7.254024968E-3
1.198432964E1,-2.748893574E-3,-1.992947794E-2,-7.254024968E-3
1.198632961E1,-8.857546374E-3,-1.626428775E-2,-8.475755341E-3
1.198832911E1,-8.246680722E-3,-1.076649968E-2,-8.475755341E-3
1.199032907E1,-1.130100712E-2,-1.015563495E-2,-1.336267684E-2
1.199232904E1,-8.857546374E-3,-1.137736533E-2,-1.336267684E-2
1.199432900E1,-1.130100712E-2,-1.626428775E-2,-1.886046492E-2
1.199632901E1,-9.468411095E-3,-1.382082608E-2,-2.252565511E-2
1.199832900E1,-6.414085161E-3,-9.926559869E-4,-1.947133057E-2
1.200032904E1,-9.468411095E-3,1.550070569E-2,-1.580613852E-2
1.200232994E1,-8.246680722E-3,2.405281924E-2,-2.008219436E-2
1.200433087E1,-1.313360315E-2,2.222022414E-2,-2.252565511E-2
1.200633090E1,-1.007927675E-2,2.649627998E-2,-2.802344225E-2
1.200833094E1,-1.191187184E-2,2.955060638E-2,-3.291036561E-2
1.201033097E1,-1.252273750E-2,2.771801129E-2,-3.779728711E-2
1.201233097E1,-1.435533352E-2,1.794416644E-2,-4.634939879E-2
1.201433094E1,-1.374446787E-2,3.283400787E-3,-6.101016700E-2
1.201633090E1,-1.802052557E-2,-1.603521290E-3,-6.589708477E-2
1.201833087E1,-1.679879427E-2,-2.214386594E-3,-6.711881608E-2
1.202033083E1,-1.924225502E-2,-1.748601720E-2,-7.567093521E-2
1.202232993E1,-3.512475267E-2,-8.590292186E-2,-1.086576581E-1
1.202432907E1,-3.512475267E-2,-8.590292186E-2,-1.086576581E-1
1.202632903E1,-6.994406879E-2,-1.824196279E-1,-1.514182240E-1
1.202832903E1,-1.102611795E-1,-3.229186535E-1,-2.088395506E-1
1.203032903E1,-1.163698286E-1,-3.534618914E-1,-2.118938863E-1
1.203232903E1,-1.078177169E-1,-3.381902575E-1,-1.679115891E-1
1.203432843E1,-9.865473956E-2,-2.899319232E-1,-1.337031275E-1
1.203632843E1,-9.193521738E-2,-2.728276849E-1,-1.282053441E-1
1.203832843E1,-1.139263660E-1,-3.021492362E-1,-1.575268805E-1
1.204032843E1,-2.061670274E-1,-6.045275331E-1,-3.255148232E-1
1.204232930E1,-2.519819140E-1,-7.945066094E-1,-4.330270886E-1
1.204433020E1,-3.014619946E-1,-1.027246237E0,-5.307655334E-1
1.204633023E1,-2.886338234E-1,-9.869291782E-1,-4.214206636E-1
1.204833026E1,-2.648100853E-1,-8.885798454E-1,-3.242930770E-1
1.205033030E1,-1.994474977E-1,-6.326273084E-1,-1.373683214E-1
1.205233033E1,-1.353066564E-1,-3.882812262E-1,-1.641700417E-2
1.205433036E1,-1.065959856E-1,-2.856558561E-1,1.840231568E-2
1.205633040E1,-5.833763257E-2,-1.286634952E-1,4.039346427E-2
1.205833043E1,-2.535090782E-2,-2.603813075E-2,3.306308016E-2
1.206033043E1,-1.130100712E-2,1.305724494E-2,2.817615867E-2
1.206232953E1,1.679879427E-2,7.780896127E-2,2.267837152E-2
1.206432860E1,1.618792862E-2,7.964155823E-2,1.901318133E-2
1.206632856E1,1.557706390E-2,7.475463301E-2,1.534798928E-2
1.206832853E1,8.246680722E-3,4.970915988E-2,6.795875728E-3
1.207032849E1,9.162978968E-4,1.916589774E-2,7.406740915E-3
1.207232846E1,-3.054326226E-4,5.115996581E-3,6.795875728E-3
1.207432846E1,-4.581489135E-3,-3.436116967E-3,1.412625890E-2
1.207632846E1,-7.024950348E-3,-1.198823005E-2,4.352414981E-3
1.207832849E1,-9.468411095E-3,-1.931861416E-2,-4.199698567E-3
1.208032853E1,-3.970623948E-3,-8.323038928E-3,-1.091921609E-2
1.208232943E1,1.679879427E-2,3.199406713E-2,-2.977967961E-3
1.208433029E1,1.496619824E-2,4.848742858E-2,-2.367102774E-3
1.208633032E1,1.679879427E-2,5.154175684E-2,-8.475755341E-3
1.208833036E1,2.351831272E-2,5.337435007E-2,-9.086620063E-3
1.209033039E1,2.290744707E-2,5.765040591E-2,-6.032294128E-3
1.209233042E1,2.351831272E-2,5.398521572E-2,2.519819187E-3
1.209433042E1,2.474004216E-2,5.215261877E-2,1.046106778E-2
1.209633042E1,1.985312067E-2,4.787656292E-2,1.046106778E-2
1.209833042E1,1.130100712E-2,3.016147204E-2,1.168279815E-2
1.210033042E1,3.970623948E-3,8.170322515E-3,1.168279815E-2
1.210232956E1,9.162978968E-4,-8.323038928E-3,1.412625890E-2
1.210432866E1,9.162978968E-4,-8.323038928E-3,1.412625890E-2
1.210632862E1,-9.162978968E-4,8.399396902E-4,1.473712362E-2
1.210832859E1,-1.527163084E-3,8.170322515E-3,1.534798928E-2
1.211032856E1,4.581489135E-3,3.871358559E-2,3.306308016E-2
1.211232852E1,2.748893574E-3,7.292203605E-2,6.055201590E-2
1.211432849E1,9.162978968E-4,8.269587904E-2,6.849326193E-2
1.211632845E1,-3.359758761E-3,9.735664725E-2,8.071056753E-2
1.211832842E1,-1.069014147E-2,1.077413559E-1,9.231700748E-2
1.212032838E1,-1.618792862E-2,1.083522215E-1,9.292787313E-2
1.212232925E1,-2.290744707E-2,1.052978933E-1,8.743008971E-2
1.212433018E1,-2.351831272E-2,1.114065498E-1,8.743008971E-2
1.212633022E1,-2.657263726E-2,1.132391468E-1,8.681922406E-2
1.212833025E1,-3.329215571E-2,1.034653038E-1,8.132143319E-2
1.213033028E1,-3.329215571E-2,1.040761694E-1,7.338018715E-2
1.213233032E1,-3.268129006E-2,1.040761694E-1,7.521278411E-2
1.213433035E1,-1.924225502E-2,9.552405030E-2,7.215845585E-2
1.213633038E1,-1.557706390E-2,7.841982692E-2,6.421720982E-2
1.213833038E1,-4.581489135E-3,7.231117040E-2,6.543894112E-2
1.214033035E1,2.748893574E-3,5.765040591E-2,6.238461286E-2
1.214232945E1,1.985312067E-2,3.260493279E-2,5.566509441E-2
1.214432868E1,1.985312067E-2,3.260493279E-2,5.566509441E-2
1.214632865E1,3.695734590E-2,2.893974073E-2,5.871942267E-2
1.214832861E1,5.406157300E-2,2.222022414E-2,6.055201590E-2
1.215032858E1,7.238753140E-2,2.222022414E-2,6.177374721E-2
1.215232855E1,7.788532227E-2,2.283108793E-2,6.666067243E-2
1.215432854E1,9.193521738E-2,2.038762718E-2,6.666067243E-2
1.215632858E1,1.017090604E-1,1.183551457E-2,6.666067243E-2
1.215832861E1,1.035416573E-1,5.726861767E-3,6.482807547E-2
1.216032864E1,1.127046347E-1,8.170322515E-3,7.399105281E-2
1.216232954E1,1.194241568E-1,3.894265974E-3,7.582364976E-2
1.216433048E1,1.237002090E-1,2.672535367E-3,7.154759020E-2
1.216633051E1,1.255328059E-1,2.672535367E-3,7.643451542E-2
1.216833054E1,1.298088580E-1,1.305724494E-2,8.132143319E-2
1.217033058E1,1.371392459E-1,1.916589774E-2,8.193229884E-2
1.217233058E1,1.420261711E-1,2.527454868E-2,8.132143319E-2
1.217433058E1,1.401935667E-1,3.504839167E-2,7.948884368E-2
1.217633058E1,1.420261711E-1,3.871358559E-2,8.254316449E-2
1.217833058E1,1.450804919E-1,4.665483162E-2,8.254316449E-2
1.218033058E1,1.383609772E-1,5.276348442E-2,8.009970188E-2
1.218232971E1,1.377501190E-1,5.337435007E-2,7.643451542E-2
1.218432878E1,1.377501190E-1,5.337435007E-2,7.643451542E-2
1.218632874E1,1.371392459E-1,6.192646548E-2,7.460191846E-2
1.218832871E1,1.365283877E-1,6.498079002E-2,7.643451542E-2
1.219032867E1,1.346957833E-1,6.864598393E-2,7.582364976E-2
1.219232864E1,1.291979998E-1,7.353290170E-2,8.132143319E-2
1.219432860E1,1.279762685E-1,7.658722997E-2,8.315403014E-2
1.219632857E1,1.267545372E-1,8.147415519E-2,8.681922406E-2
1.219832854E1,1.237002090E-1,8.880453557E-2,9.292787313E-2
1.220032854E1,1.267545372E-1,9.002626687E-2,9.537133574E-2
1.220232944E1,1.237002090E-1,8.269587904E-2,9.231700748E-2
1.220433020E1,1.237002090E-1,8.025242388E-2,9.598220140E-2
1.220633024E1,1.224784851E-1,7.475463301E-2,9.659306705E-2
1.220833027E1,1.224784851E-1,7.170030475E-2,1.002582610E-1
1.221033030E1,1.218676195E-1,7.231117040E-2,1.039234474E-1
1.221233034E1,1.279762685E-1,7.292203605E-2,1.063669100E-1
1.221433037E1,1.249219403E-1,8.025242388E-2,1.112538353E-1
1.221633037E1,1.261436790E-1,8.391761035E-2,1.149190217E-1
1.221833033E1,1.261436790E-1,8.452847600E-2,1.149190217E-1
1.222033030E1,1.212567538E-1,7.841982692E-2,1.210276783E-1
1.222232940E1,1.200350225E-1,7.108944654E-2,1.240820065E-1
1.222432847E1,1.200350225E-1,7.108944654E-2,1.240820065E-1
1.222632843E1,1.151480973E-1,6.620252132E-2,1.228602752E-1
1.222832840E1,1.145372316E-1,6.192646548E-2,1.271363348E-1
1.223032836E1,1.072068512E-1,6.070473418E-2,1.283580661E-1
1.223232836E1,1.127046347E-1,6.070473418E-2,1.314123869E-1
1.223432840E1,1.096503139E-1,5.459608138E-2,1.271363348E-1
1.223632843E1,1.065959856E-1,5.337435007E-2,1.265254617E-1
1.223832846E1,1.078177169E-1,4.787656292E-2,1.240820065E-1
1.224032850E1,1.053742543E-1,3.871358559E-2,1.191950813E-1
1.224232940E1,1.017090604E-1,3.504839167E-2,1.173624843E-1
1.224433033E1,1.023199260E-1,1.794416644E-2,1.118647009E-1
1.224633036E1,9.865473956E-2,4.505131394E-3,1.063669100E-1
1.224833040E1,9.987647086E-2,8.399396902E-4,1.063669100E-1
1.225033040E1,1.004873365E-1,-8.933904581E-3,1.002582610E-1
1.225233040E1,9.560041130E-2,-2.054034360E-2,9.598220140E-2
1.225433040E1,9.498954564E-2,-2.420553565E-2,9.414960444E-2
1.225633040E1,9.315694869E-2,-3.397937864E-2,9.048441797E-2
1.225833040E1,8.460483700E-2,-4.741841555E-2,8.437576145E-2
1.226033040E1,7.727445662E-2,-5.719225854E-2,7.826711237E-2
1.226232950E1,6.627888232E-2,-7.979427278E-2,6.177374721E-2
1.226432860E1,6.627888232E-2,-7.979427278E-2,6.177374721E-2
1.226632856E1,5.894849449E-2,-8.956811577E-2,5.322163552E-2
1.226832853E1,5.467243865E-2,-9.628763795E-2,4.650211707E-2
1.227032849E1,5.039638281E-2,-1.066723466E-1,3.733913973E-2
1.227232846E1,3.268129006E-2,-1.158353239E-1,2.573269792E-2
1.227432842E1,3.634648025E-2,-1.182787865E-1,1.962404512E-2
1.227632839E1,2.596177347E-2,-1.231657043E-1,8.628471754E-3
1.227832839E1,1.802052557E-2,-1.188896447E-1,-5.345070967E-4
1.228032842E1,9.468411095E-3,-1.146135926E-1,-3.588833380E-3
1.228232932E1,-2.748893574E-3,-8.651378751E-2,-2.977967961E-3
1.228433026E1,-1.740965992E-2,-4.741841555E-2,-2.367102774E-3
1.228633029E1,-3.268129006E-2,-2.787072770E-2,-3.588833380E-3
1.228833032E1,-4.550946131E-2,3.894265974E-3,-9.697485715E-3
1.229033036E1,-6.139195710E-2,2.649627998E-2,-1.824959926E-2
1.229233039E1,-6.627888232E-2,2.099849284E-2,-2.863430791E-2
1.229433039E1,-7.299839705E-2,-1.565342210E-2,-4.329507425E-2
1.229633036E1,-7.238753140E-2,-6.391177326E-2,-6.039930135E-2
1.229833032E1,-7.910704613E-2,-8.407033235E-2,-6.467536092E-2
1.230033029E1,-7.849618047E-2,-1.097266674E-1,-7.139487565E-2
1.230232939E1,-7.788532227E-2,-1.219439730E-1,-7.139487565E-2
1.230432845E1,-7.788532227E-2,-1.219439730E-1,-7.139487565E-2
1.230632842E1,-7.666359097E-2,-1.133918613E-1,-7.078400999E-2
1.230832839E1,-7.360926270E-2,-1.066723466E-1,-6.650795043E-2
1.231032838E1,-7.116580009E-2,-1.036180183E-1,-6.101016700E-2
1.231232842E1,-6.994406879E-2,-1.011745557E-1,-5.917757004E-2
1.231432845E1,-7.055493444E-2,-1.060614809E-1,-5.978843570E-2
1.231632848E1,-6.750060618E-2,-1.109483987E-1,-5.734497309E-2
1.231832852E1,-6.322455406E-2,-1.231657043E-1,-6.101016700E-2
1.232032855E1,-6.383541971E-2,-1.323286891E-1,-6.345362961E-2
1.232232945E1,-6.017022580E-2,-1.372155994E-1,-6.650795043E-2
1.232433035E1,-5.650503561E-2,-1.500437707E-1,-7.261660695E-2
1.232633038E1,-5.589416996E-2,-1.653154045E-1,-8.055785298E-2
1.232833038E1,-5.406157300E-2,-1.757001132E-1,-8.483391255E-2
1.233033038E1,-5.039638281E-2,-1.946369410E-1,-9.582948685E-2
1.233233038E1,-4.734205827E-2,-2.135737687E-1,-1.019381359E-1
1.233433038E1,-4.612032697E-2,-2.221258730E-1,-1.056033298E-1
1.233633038E1,-4.062253982E-2,-2.349540442E-1,-1.092685238E-1
1.233833038E1,-4.062253982E-2,-2.435061634E-1,-1.172097698E-1
1.234033035E1,-3.940080851E-2,-2.514474094E-1,-1.165989041E-1
1.234232945E1,-3.451388702E-2,-2.734385431E-1,-1.220966876E-1
1.234432852E1,-3.390302137E-2,-2.789363563E-1,-1.239292845E-1
1.234632848E1,-3.207042441E-2,-2.850449979E-1,-1.275944710E-1
1.234832845E1,-2.962696366E-2,-2.966514230E-1,-1.282053441E-1
1.235032841E1,-2.657263726E-2,-2.972623110E-1,-1.257618815E-1
1.235232838E1,-2.718350291E-2,-2.978731692E-1,-1.208749637E-1
1.235432834E1,-2.779436857E-2,-2.905427814E-1,-1.165989041E-1
1.235632805E1,-2.901609987E-2,-2.856558561E-1,-1.068250611E-1
1.235832808E1,-2.718350291E-2,-2.856558561E-1,-1.037707329E-1
1.236032811E1,-2.596177347E-2,-2.813797891E-1,-9.766208380E-2
1.236232901E1,-2.657263726E-2,-2.789363563E-1,-9.521862119E-2
1.236432994E1,-2.535090782E-2,-2.771037519E-1,-9.216429293E-2
1.236632998E1,-2.412917651E-2,-2.709950805E-1,-8.972083032E-2
1.236833001E1,-2.290744707E-2,-2.642755806E-1,-8.544477820E-2
1.237033004E1,-2.107485011E-2,-2.575560510E-1,-8.361218125E-2
1.237233004E1,-2.229658142E-2,-2.447278947E-1,-7.689265907E-2
1.237433001E1,-2.290744707E-2,-2.318997234E-1,-7.383833826E-2
1.237632998E1,-1.985312067E-2,-2.227367461E-1,-6.834054738E-2
1.237832994E1,-1.740965992E-2,-2.031890452E-1,-6.589708477E-2
1.238032991E1,-1.802052557E-2,-1.805870384E-1,-5.795583874E-2
1.238232901E1,-1.435533352E-2,-1.476003081E-1,-4.696026444E-2
1.238432811E1,-1.435533352E-2,-1.476003081E-1,-4.696026444E-2
1.238632807E1,-1.557706390E-2,-1.268308908E-1,-4.329507425E-2
1.238832807E1,-1.557706390E-2,-1.072832122E-1,-3.596469015E-2
1.239032807E1,-1.496619824E-2,-9.812022746E-2,-3.413209692E-2
1.239232807E1,-1.435533352E-2,-7.857254148E-2,-2.313652076E-2
1.239432807E1,-1.374446787E-2,-5.902485549E-2,-1.886046492E-2
1.239632807E1,-1.374446787E-2,-5.291620269E-2,-1.702786796E-2
1.239832807E1,-1.130100712E-2,-3.947716579E-2,-1.336267684E-2
1.240032807E1,-1.252273750E-2,-3.092505224E-2,-9.697485715E-3
1.240232894E1,-1.191187184E-2,-2.909245715E-2,-9.697485715E-3
1.240432984E1,-1.130100712E-2,-2.542726509E-2,-9.086620063E-3
1.240632987E1,-8.857546374E-3,-2.237293869E-2,-7.254024968E-3
1.240832990E1,-8.857546374E-3,-1.992947794E-2,-4.810563754E-3
1.241032994E1,-3.970623948E-3,-1.748601720E-2,-2.977967961E-3
1.241232997E1,-7.024950348E-3,-1.382082608E-2,-1.145372284E-3
1.241433000E1,-2.138028387E-3,-1.443169173E-2,-1.145372284E-3
1.241633034E1,-3.054326226E-4,-1.504255645E-2,7.635815564E-5
1.241833034E1,-9.162978968E-4,-1.626428775E-2,6.872233935E-4
1.242033034E1,2.138028387E-3,-1.992947794E-2,-5.345070967E-4
1.242232944E1,4.581489135E-3,-2.420553565E-2,-3.588833380E-3
1.242432850E1,3.970623948E-3,-2.725986205E-2,7.635815564E-5
1.242632847E1,3.359758761E-3,-3.031418845E-2,-1.145372284E-3
1.242832844E1,8.246680722E-3,-3.459024429E-2,-4.199698567E-3
1.243032840E1,6.414085161E-3,-4.069889709E-2,-1.756237587E-3
1.243232837E1,5.803219974E-3,-4.069889709E-2,-5.345070967E-4
1.243432837E1,1.007927675E-2,-4.436408728E-2,-1.756237587E-3
1.243632840E1,8.246680722E-3,-4.925100878E-2,-4.199698567E-3
1.243832843E1,8.246680722E-3,-5.413793400E-2,-5.421428941E-3
1.244032847E1,8.857546374E-3,-5.780312419E-2,-9.086620063E-3
1.244232937E1,1.374446787E-2,-6.391177326E-2,-1.030835137E-2
1.244433027E1,1.007927675E-2,-6.818783283E-2,-1.091921609E-2
1.244633030E1,1.313360315E-2,-7.185302675E-2,-1.091921609E-2
1.244833033E1,1.435533352E-2,-7.368562371E-2,-1.030835137E-2
1.245033037E1,1.069014147E-2,-7.490734756E-2,-1.336267684E-2
1.245233036E1,1.496619824E-2,-7.673994452E-2,-1.336267684E-2
1.245433036E1,1.435533352E-2,-7.979427278E-2,-1.458440814E-2
1.245633037E1,1.069014147E-2,-8.040513843E-2,-1.641700417E-2
1.245833036E1,1.618792862E-2,-8.468119800E-2,-1.947133057E-2
1.246033036E1,2.046398632E-2,-8.773551881E-2,-1.886046492E-2
1.246232950E1,2.168571576E-2,-8.956811577E-2,-2.313652076E-2
1.246432860E1,2.168571576E-2,-8.956811577E-2,-2.313652076E-2
1.246632856E1,2.229658142E-2,-9.140071273E-2,-2.252565511E-2
1.246832853E1,2.229658142E-2,-9.384417534E-2,-2.252565511E-2
1.247032850E1,2.290744707E-2,-9.201157838E-2,-2.680171281E-2
1.247232846E1,2.474004216E-2,-9.628763795E-2,-2.802344225E-2
1.247432843E1,2.168571576E-2,-9.750936180E-2,-2.985603921E-2
1.247632839E1,1.924225502E-2,-1.017854214E-1,-2.802344225E-2
1.247832836E1,1.374446787E-2,-9.384417534E-2,-2.496911772E-2
1.248032833E1,1.679879427E-2,-8.834638447E-2,-2.374738641E-2
1.248232919E1,1.374446787E-2,-7.857254148E-2,-2.313652076E-2
1.248433013E1,1.130100712E-2,-6.940956414E-2,-1.886046492E-2
1.248633016E1,1.007927675E-2,-6.452263892E-2,-2.008219436E-2
1.248833019E1,7.635815535E-3,-5.902485549E-2,-1.580613852E-2
1.249033022E1,7.024950348E-3,-5.291620269E-2,-1.458440814E-2
1.249233026E1,7.024950348E-3,-4.802928120E-2,-1.153008174E-2
1.249433029E1,-9.162978968E-4,-3.947716579E-2,-1.030835137E-2
1.249633029E1,-3.054326226E-4,-3.153591976E-2,-6.643159315E-3
1.249833029E1,-4.581489135E-3,-2.909245715E-2,-8.475755341E-3
1.250033026E1,-6.414085161E-3,-2.115120925E-2,-4.810563754E-3
1.250232936E1,-4.581489135E-3,-1.870774850E-2,-4.810563754E-3
1.250432846E1,-4.581489135E-3,-1.870774850E-2,-4.810563754E-3
1.250632842E1,-8.246680722E-3,-1.687515154E-2,-7.864889689E-3
1.250832839E1,-8.246680722E-3,-1.931861416E-2,-8.475755341E-3
1.251032835E1,-1.191187184E-2,-2.115120925E-2,-1.153008174E-2
1.251232835E1,-1.313360315E-2,-2.054034360E-2,-1.091921609E-2
1.251432839E1,-1.374446787E-2,-1.931861416E-2,-1.091921609E-2
1.251632842E1,-1.069014147E-2,-2.176207490E-2,-9.697485715E-3
1.251832845E1,-1.007927675E-2,-2.115120925E-2,-1.091921609E-2
1.252032849E1,-1.435533352E-2,-2.176207490E-2,-1.030835137E-2
1.252232939E1,-1.435533352E-2,-2.359467000E-2,-1.091921609E-2
1.252433032E1,-1.374446787E-2,-2.115120925E-2,-1.153008174E-2
1.252633035E1,-1.618792862E-2,-2.603813075E-2,-1.153008174E-2
1.252833038E1,-1.618792862E-2,-2.603813075E-2,-9.697485715E-3
1.253033039E1,-1.435533352E-2,-2.725986205E-2,-1.030835137E-2
1.253233039E1,-1.802052557E-2,-3.031418845E-2,-1.275181212E-2
1.253433038E1,-1.679879427E-2,-3.642284125E-2,-1.397354249E-2
1.253633039E1,-1.313360315E-2,-3.764457256E-2,-1.519527286E-2
1.253833038E1,-1.679879427E-2,-4.253149405E-2,-1.702786796E-2
1.254033038E1,-1.618792862E-2,-4.619668424E-2,-1.641700417E-2
1.254232952E1,-2.290744707E-2,-5.413793400E-2,-1.824959926E-2
1.254432858E1,-2.290744707E-2,-5.413793400E-2,-1.824959926E-2
1.254632858E1,-2.351831272E-2,-5.963572115E-2,-1.824959926E-2
1.254832855E1,-2.168571576E-2,-6.330090761E-2,-1.702786796E-2
1.255032852E1,-2.535090782E-2,-7.002042979E-2,-1.947133057E-2
1.255232848E1,-2.168571576E-2,-7.735081017E-2,-1.947133057E-2
1.255432845E1,-2.840523422E-2,-7.918340713E-2,-2.008219436E-2
1.255632841E1,-2.290744707E-2,-8.590292186E-2,-2.435825206E-2
1.255832838E1,-2.596177347E-2,-9.384417534E-2,-2.313652076E-2
1.256032838E1,-2.657263726E-2,-9.873109311E-2,-2.252565511E-2
1.256232928E1,-2.351831272E-2,-1.054506153E-1,-2.313652076E-2
1.256433018E1,-2.596177347E-2,-1.127809957E-1,-2.313652076E-2
1.256633021E1,-2.962696366E-2,-1.158353239E-1,-2.130392566E-2
1.256832981E1,-3.145955876E-2,-1.213331074E-1,-2.191479132E-2
1.257032985E1,-2.962696366E-2,-1.268308908E-1,-1.947133057E-2
1.257232988E1,-2.535090782E-2,-1.286634952E-1,-1.947133057E-2
1.257432988E1,-3.329215571E-2,-1.262200326E-1,-1.702786796E-2
1.257632988E1,-3.145955876E-2,-1.292743534E-1,-1.580613852E-2
1.257832984E1,-2.840523422E-2,-1.286634952E-1,-1.641700417E-2
1.258032981E1,-3.390302137E-2,-1.286634952E-1,-1.458440814E-2
1.258232891E1,-2.901609987E-2,-1.286634952E-1,-1.397354249E-2
1.258432798E1,-2.901609987E-2,-1.286634952E-1,-1.397354249E-2
1.258632794E1,-3.084869497E-2,-1.304960847E-1,-1.336267684E-2
1.258832791E1,-3.084869497E-2,-1.347721517E-1,-1.702786796E-2
1.259032791E1,-2.596177347E-2,-1.359938681E-1,-1.275181212E-2
1.259232791E1,-2.474004216E-2,-1.372155994E-1,-1.519527286E-2
1.259432794E1,-2.290744707E-2,-1.353830099E-1,-1.275181212E-2
1.259632798E1,-2.229658142E-2,-1.335504204E-1,-1.397354249E-2
1.259832801E1,-2.046398632E-2,-1.292743534E-1,-1.214094646E-2
1.260032804E1,-1.802052557E-2,-1.256091595E-1,-9.086620063E-3
1.260232894E1,-1.863138936E-2,-1.256091595E-1,-7.864889689E-3
1.260432987E1,-1.802052557E-2,-1.213331074E-1,-7.254024968E-3
1.260632987E1,-1.313360315E-2,-1.188896447E-1,-5.421428941E-3
1.260832987E1,-7.024950348E-3,-1.170570552E-1,-5.421428941E-3
1.261032987E1,-5.192354787E-3,-1.152244583E-1,-4.810563754E-3
1.261232987E1,-3.359758761E-3,-1.158353239E-1,-4.199698567E-3
1.261432987E1,2.748893574E-3,-1.182787865E-1,-4.199698567E-3
1.261632987E1,9.162978968E-4,-1.195005104E-1,-7.864889689E-3
1.261832987E1,5.192354787E-3,-1.219439730E-1,-6.643159315E-3
1.262032987E1,1.557706390E-2,-1.225548387E-1,-8.475755341E-3
1.262232897E1,1.740965992E-2,-1.207222417E-1,-7.254024968E-3
1.262432807E1,1.740965992E-2,-1.207222417E-1,-7.254024968E-3
1.262632804E1,2.046398632E-2,-1.225548387E-1,-7.254024968E-3
1.262832844E1,2.351831272E-2,-1.188896447E-1,-7.864889689E-3
1.263032841E1,3.084869497E-2,-1.182787865E-1,-7.864889689E-3
1.263232837E1,3.390302137E-2,-1.140027270E-1,-6.643159315E-3
1.263432834E1,3.390302137E-2,-1.140027270E-1,-7.864889689E-3
1.263632830E1,3.756821156E-2,-1.097266674E-1,-8.475755341E-3
1.263832830E1,4.123340547E-2,-1.085049361E-1,-1.091921609E-2
1.264032834E1,4.245513305E-2,-1.054506153E-1,-1.030835137E-2
1.264232924E1,4.978551716E-2,-1.036180183E-1,-1.336267684E-2
1.264433017E1,4.856378585E-2,-1.048397496E-1,-1.580613852E-2
1.264633020E1,4.917465150E-2,-1.066723466E-1,-1.580613852E-2
1.264833024E1,5.406157300E-2,-1.036180183E-1,-1.580613852E-2
1.265033027E1,5.406157300E-2,-1.023962870E-1,-1.763873361E-2
1.265233030E1,5.406157300E-2,-1.011745557E-1,-1.824959926E-2
1.265433030E1,5.528330430E-2,-1.011745557E-1,-2.252565511E-2
1.265633027E1,5.833763257E-2,-9.995282441E-2,-2.130392566E-2
1.265833023E1,5.406157300E-2,-1.023962870E-1,-2.435825206E-2
1.266033020E1,5.222897977E-2,-9.506590664E-2,-2.313652076E-2
1.266232930E1,4.978551716E-2,-9.445504099E-2,-2.985603921E-2
1.266433040E1,4.978551716E-2,-9.445504099E-2,-2.985603921E-2
1.266633037E1,5.100724846E-2,-9.140071273E-2,-2.985603921E-2
1.266833037E1,4.917465150E-2,-8.712465316E-2,-3.168863431E-2
1.267033037E1,4.917465150E-2,-8.651378751E-2,-3.352123126E-2
1.267233033E1,4.428773001E-2,-8.223773539E-2,-3.413209692E-2
1.267433033E1,4.245513305E-2,-8.040513843E-2,-3.291036561E-2
1.267633033E1,4.062253982E-2,-7.918340713E-2,-3.535382450E-2
1.267833033E1,3.634648025E-2,-7.490734756E-2,-3.474296257E-2
1.268033033E1,3.329215571E-2,-7.063129544E-2,-3.535382450E-2
1.268233120E1,2.962696366E-2,-6.574437022E-2,-3.535382450E-2
1.268433206E1,2.901609987E-2,-6.513350457E-2,-3.718642145E-2
1.268633210E1,2.474004216E-2,-6.085744873E-2,-3.779728711E-2
1.268833213E1,2.474004216E-2,-5.780312419E-2,-3.779728711E-2
1.269033216E1,2.107485011E-2,-5.291620269E-2,-3.535382450E-2
1.269233220E1,1.374446787E-2,-4.864014685E-2,-3.229949996E-2
1.269433223E1,1.069014147E-2,-4.436408728E-2,-3.535382450E-2
1.269633226E1,7.024950348E-3,-4.069889709E-2,-3.352123126E-2
1.269833230E1,7.635815535E-3,-3.520110995E-2,-3.168863431E-2
1.270033230E1,3.054326226E-4,-3.397937864E-2,-3.229949996E-2
1.270233140E1,-3.054326226E-4,-2.603813075E-2,-3.229949996E-2
1.270433053E1,-7.024950348E-3,-2.481640130E-2,-3.229949996E-2
1.270633049E1,-2.748893574E-3,-2.176207490E-2,-3.168863431E-2
1.270833046E1,-1.130100712E-2,-1.992947794E-2,-3.229949996E-2
1.271033043E1,-3.359758761E-3,-1.931861416E-2,-2.924517356E-2
1.271233039E1,-5.803219974E-3,-1.687515154E-2,-3.046690486E-2
1.271433036E1,-8.857546374E-3,-1.259909570E-2,-3.107776865E-2
1.271633036E1,-1.252273750E-2,-8.933904581E-3,-2.924517356E-2
1.271833039E1,-1.435533352E-2,-5.268712528E-3,-2.985603921E-2
1.272033042E1,-1.374446787E-2,-2.825251780E-3,-2.924517356E-2
1.272233132E1,-1.679879427E-2,-9.926559869E-4,-3.046690486E-2
1.272433022E1,-1.557706390E-2,1.450804994E-3,-2.924517356E-2
1.272633026E1,-1.679879427E-2,1.450804994E-3,-3.107776865E-2
1.272833029E1,-1.496619824E-2,1.450804994E-3,-3.352123126E-2
1.273033032E1,-1.435533352E-2,8.399396902E-4,-3.229949996E-2
1.273233039E1,-1.679879427E-2,2.290744742E-4,-3.352123126E-2
1.273433039E1,-1.557706390E-2,-3.817907709E-4,-3.474296257E-2
1.273633039E1,-1.679879427E-2,2.290744742E-4,-3.535382450E-2
1.273833039E1,-1.740965992E-2,8.399396902E-4,-3.535382450E-2
1.274033039E1,-2.046398632E-2,2.290744742E-4,-3.779728711E-2
1.274232952E1,-1.924225502E-2,-4.046982154E-3,-3.718642145E-2
1.274432866E1,-1.924225502E-2,-4.046982154E-3,-3.718642145E-2
1.274632862E1,-1.740965992E-2,-5.268712528E-3,-3.779728711E-2
1.274832859E1,-1.802052557E-2,-6.490443368E-3,-4.024074972E-2
1.275032855E1,-1.924225502E-2,-5.879578181E-3,-3.596469015E-2
1.275232852E1,-1.496619824E-2,-7.712173741E-3,-3.840815276E-2
1.275432848E1,-1.924225502E-2,-4.046982154E-3,-3.596469015E-2
1.275632845E1,-2.168571576E-2,-5.879578181E-3,-3.596469015E-2
1.275832842E1,-2.107485011E-2,-4.046982154E-3,-3.474296257E-2
1.276032838E1,-2.168571576E-2,2.290744742E-4,-3.352123126E-2
1.276232925E1,-2.168571576E-2,8.399396902E-4,-3.535382450E-2
1.276433012E1,-2.290744707E-2,3.283400787E-3,-3.046690486E-2
1.276633015E1,-2.535090782E-2,6.948592141E-3,-3.107776865E-2
1.276833018E1,-2.474004216E-2,8.781188168E-3,-2.863430791E-2
1.277033021E1,-2.657263726E-2,1.305724494E-2,-2.741257846E-2
1.277233025E1,-2.779436857E-2,1.733330078E-2,-2.802344225E-2
1.277433028E1,-2.535090782E-2,1.855503209E-2,-2.741257846E-2
1.277632998E1,-2.840523422E-2,2.160935849E-2,-2.557998151E-2
1.277832998E1,-2.840523422E-2,2.527454868E-2,-2.435825206E-2
1.278032995E1,-2.840523422E-2,2.893974073E-2,-2.313652076E-2
1.278232905E1,-2.779436857E-2,3.321579844E-2,-2.496911772E-2
1.278432811E1,-2.596177347E-2,3.321579844E-2,-2.496911772E-2
1.278632808E1,-2.535090782E-2,3.504839167E-2,-2.557998151E-2
1.278832804E1,-2.474004216E-2,3.565925732E-2,-2.374738641E-2
1.279032801E1,-2.229658142E-2,3.321579844E-2,-2.557998151E-2
1.279232798E1,-2.290744707E-2,3.382666409E-2,-2.435825206E-2
1.279432798E1,-2.229658142E-2,3.749185428E-2,-2.374738641E-2
1.279632801E1,-2.046398632E-2,4.176791012E-2,-2.191479132E-2
1.279832804E1,-2.168571576E-2,4.176791012E-2,-2.252565511E-2
1.280032768E1,-1.863138936E-2,4.665483162E-2,-1.886046492E-2
1.280232858E1,-1.740965992E-2,4.909829423E-2,-2.008219436E-2
1.280432948E1,-1.740965992E-2,4.970915988E-2,-1.824959926E-2
1.280632941E1,-1.985312067E-2,5.276348442E-2,-1.763873361E-2
1.280832944E1,-1.802052557E-2,5.765040591E-2,-1.458440814E-2
1.281032947E1,-1.985312067E-2,6.070473418E-2,-1.458440814E-2
1.281232907E1,-1.740965992E-2,6.436992437E-2,-1.580613852E-2
1.281432907E1,-1.924225502E-2,6.864598393E-2,-1.153008174E-2
1.281632907E1,-1.679879427E-2,7.170030475E-2,-1.519527286E-2
1.281832907E1,-1.618792862E-2,7.536549866E-2,-1.153008174E-2
1.282032907E1,-1.557706390E-2,8.025242388E-2,-1.336267684E-2
1.282232821E1,-1.740965992E-2,9.002626687E-2,-8.475755341E-3
1.282432727E1,-1.740965992E-2,9.002626687E-2,-8.475755341E-3
1.282632724E1,-1.863138936E-2,1.004109755E-1,-4.199698567E-3
1.282832720E1,-1.435533352E-2,1.065196246E-1,-1.756237587E-3
1.283032717E1,-1.740965992E-2,1.138500124E-1,6.872233935E-4
1.283232714E1,-1.191187184E-2,1.193477958E-1,1.298088697E-3
1.283432710E1,-1.374446787E-2,1.224021241E-1,-1.145372284E-3
1.283632740E1,-1.435533352E-2,1.248455867E-1,7.635815564E-5
1.283832737E1,-1.496619824E-2,1.248455867E-1,7.635815564E-5
1.284032737E1,-1.374446787E-2,1.260673106E-1,-5.345070967E-4
1.284232824E1,-1.313360315E-2,1.278999150E-1,-5.345070967E-4
1.284432917E1,-1.007927675E-2,1.285107732E-1,1.908953884E-3
1.284632920E1,-1.007927675E-2,1.278999150E-1,1.298088697E-3
1.284832923E1,-3.359758761E-3,1.297325045E-1,1.908953884E-3
1.285032927E1,-5.803219974E-3,1.297325045E-1,6.872233935E-4
1.285232930E1,2.138028387E-3,1.291216463E-1,6.872233935E-4
1.285432933E1,-4.581489135E-3,1.327868253E-1,2.519819187E-3
1.285632933E1,-3.970623948E-3,1.333976984E-1,2.519819187E-3
1.285832930E1,-2.138028387E-3,1.364520192E-1,1.908953884E-3
1.286032966E1,2.748893574E-3,1.364520192E-1,1.908953884E-3
1.286232876E1,-3.054326226E-4,1.388954818E-1,2.519819187E-3
1.286432790E1,-3.054326226E-4,1.388954818E-1,2.519819187E-3
1.286632796E1,1.527163084E-3,1.401172131E-1,1.908953884E-3
1.286832793E1,9.162978968E-4,1.407280862E-1,4.963280167E-3
1.287032790E1,1.527163084E-3,1.431715488E-1,8.628471754E-3
1.287232830E1,9.162978968E-4,1.456149966E-1,6.795875728E-3
1.287432830E1,4.581489135E-3,1.456149966E-1,8.017606102E-3
1.287632830E1,5.803219974E-3,1.437824070E-1,4.352414981E-3
1.287832830E1,7.635815535E-3,1.419498175E-1,6.795875728E-3
1.288032963E1,7.024950348E-3,1.407280862E-1,6.795875728E-3
1.288233050E1,8.246680722E-3,1.370628923E-1,8.017606102E-3
1.288433140E1,1.313360315E-2,1.364520192E-1,9.239336476E-3
1.288633140E1,1.252273750E-2,1.315651089E-1,8.628471754E-3
1.288833140E1,1.802052557E-2,1.309542358E-1,9.850202128E-3
1.289033143E1,1.740965992E-2,1.291216463E-1,1.046106778E-2
1.289233146E1,1.924225502E-2,1.278999150E-1,1.412625890E-2
1.289433149E1,1.863138936E-2,1.278999150E-1,1.595885493E-2
1.289633153E1,1.802052557E-2,1.297325045E-1,1.718058437E-2
1.289833156E1,1.863138936E-2,1.272890419E-1,1.901318133E-2
1.290033159E1,2.229658142E-2,1.315651089E-1,2.145664208E-2
1.290233076E1,2.168571576E-2,1.309542358E-1,2.512183413E-2
1.290433076E1,2.168571576E-2,1.309542358E-1,2.512183413E-2
1.290633072E1,1.863138936E-2,1.327868253E-1,2.634356357E-2
1.290833069E1,1.802052557E-2,1.346194297E-1,2.695442922E-2
1.291033066E1,2.107485011E-2,1.364520192E-1,3.000875562E-2
1.291233062E1,1.313360315E-2,1.315651089E-1,2.756529488E-2
1.291433059E1,1.130100712E-2,1.333976984E-1,2.634356357E-2
1.291633056E1,1.496619824E-2,1.272890419E-1,2.267837152E-2
1.291833056E1,1.313360315E-2,1.211803928E-1,2.084577642E-2
1.292033056E1,1.130100712E-2,1.187369302E-1,2.206750773E-2
1.292233146E1,8.246680722E-3,1.156826094E-1,2.084577642E-2
1.292433232E1,5.803219974E-3,1.107956842E-1,2.023491077E-2
1.292633235E1,5.192354787E-3,1.101848185E-1,1.901318133E-2
1.292833239E1,3.054326226E-4,1.083522215E-1,2.023491077E-2
1.293033242E1,3.359758761E-3,1.077413559E-1,1.962404512E-2
1.293233245E1,3.054326226E-4,1.071304902E-1,2.145664208E-2
1.293433249E1,3.054326226E-4,1.077413559E-1,1.962404512E-2
1.293633249E1,-7.024950348E-3,1.071304902E-1,2.023491077E-2
1.293833249E1,-5.192354787E-3,1.065196246E-1,1.718058437E-2
1.294033115E1,-5.803219974E-3,1.040761694E-1,1.595885493E-2
1.294233028E1,-1.007927675E-2,1.004109755E-1,1.229366288E-2
1.294432939E1,-1.007927675E-2,1.004109755E-1,1.229366288E-2
1.294632938E1,-1.435533352E-2,9.796751291E-2,1.168279815E-2
1.294832939E1,-1.435533352E-2,9.674578160E-2,9.850202128E-3
1.295032935E1,-1.557706390E-2,9.246972948E-2,8.017606102E-3
1.295232932E1,-1.374446787E-2,8.941540122E-2,5.574145354E-3
1.295432928E1,-1.679879427E-2,8.391761035E-2,3.741549561E-3
1.295632925E1,-1.557706390E-2,8.147415519E-2,1.908953884E-3
1.295832922E1,-1.740965992E-2,7.597636431E-2,4.352414981E-3
1.296032918E1,-1.740965992E-2,7.353290170E-2,1.908953884E-3
1.296233001E1,-1.191187184E-2,7.170030475E-2,1.908953884E-3
1.296432998E1,-1.313360315E-2,6.925684959E-2,-1.756237587E-3
1.296632998E1,-1.252273750E-2,6.986771524E-2,1.908953884E-3
1.296833001E1,-1.069014147E-2,6.803511828E-2,-5.345070967E-4
1.297033005E1,-8.246680722E-3,6.498079002E-2,3.130684374E-3
1.297233008E1,-1.007927675E-2,6.314819306E-2,2.519819187E-3
1.297433011E1,-8.246680722E-3,6.314819306E-2,3.130684374E-3
1.297633014E1,-4.581489135E-3,5.826127157E-2,-5.345070967E-4
1.297833018E1,-7.635815535E-3,5.765040591E-2,7.635815564E-5
1.298033021E1,-6.414085161E-3,5.581781268E-2,2.519819187E-3
1.298232934E1,-5.803219974E-3,5.276348442E-2,-2.367102774E-3
1.298432848E1,-5.803219974E-3,5.276348442E-2,-2.367102774E-3
1.298632844E1,-4.581489135E-3,4.543310404E-2,-3.588833380E-3
1.298832794E1,-7.024950348E-3,4.482223839E-2,-7.254024968E-3
1.299032791E1,-8.246680722E-3,4.115704447E-2,-6.032294128E-3
1.299232788E1,-1.374446787E-2,4.115704447E-2,-7.864889689E-3
1.299432784E1,-8.246680722E-3,3.810271993E-2,-9.697485715E-3
1.299632784E1,-9.468411095E-3,3.749185428E-2,-1.030835137E-2
1.299832784E1,-1.313360315E-2,3.627012298E-2,-1.091921609E-2
1.300032744E1,-1.191187184E-2,3.260493279E-2,-1.336267684E-2
1.300232831E1,-1.496619824E-2,3.016147204E-2,-1.458440814E-2
1.300432921E1,-1.252273750E-2,2.710714564E-2,-1.458440814E-2
1.300632881E1,-1.130100712E-2,2.344195358E-2,-1.641700417E-2
1.300832881E1,-8.857546374E-3,1.916589774E-2,-1.702786796E-2
1.301032881E1,-7.635815535E-3,1.366810966E-2,-1.763873361E-2
1.301232881E1,-8.857546374E-3,1.488984004E-2,-1.886046492E-2
1.301432884E1,-6.414085161E-3,1.000291854E-2,-1.886046492E-2
1.301632887E1,-5.803219974E-3,5.115996581E-3,-2.008219436E-2
1.301832891E1,-6.414085161E-3,5.726861767E-3,-2.252565511E-2
1.302032894E1,-4.581489135E-3,8.399396902E-4,-2.130392566E-2
1.302232811E1,-8.857546374E-3,-3.436116967E-3,-2.313652076E-2
1.302432724E1,-8.857546374E-3,-3.436116967E-3,-2.313652076E-2
1.302632727E1,3.054326226E-4,-4.657847341E-3,-2.374738641E-2
1.302832727E1,-4.581489135E-3,-7.712173741E-3,-2.435825206E-2
1.303032724E1,-3.970623948E-3,-9.544769302E-3,-2.619084716E-2
1.303232720E1,-3.970623948E-3,-1.259909570E-2,-2.619084716E-2
1.303432717E1,-1.527163084E-3,-1.687515154E-2,-2.985603921E-2
1.303632714E1,3.054326226E-4,-1.626428775E-2,-2.863430791E-2
1.303832710E1,-9.162978968E-4,-1.931861416E-2,-2.802344225E-2
1.304032707E1,-1.527163084E-3,-2.237293869E-2,-2.924517356E-2
1.304232790E1,-9.162978968E-4,-2.481640130E-2,-2.863430791E-2
1.304432873E1,-3.970623948E-3,-2.909245715E-2,-3.107776865E-2
1.304632877E1,2.138028387E-3,-3.214678168E-2,-2.863430791E-2
1.304832927E1,2.138028387E-3,-3.397937864E-2,-3.046690486E-2
1.305032930E1,3.054326226E-4,-3.459024429E-2,-2.802344225E-2
1.305232933E1,-2.138028387E-3,-3.825543448E-2,-2.802344225E-2
1.305432937E1,3.054326226E-4,-4.069889709E-2,-2.985603921E-2
1.305632940E1,9.162978968E-4,-4.375322163E-2,-2.741257846E-2
1.305832943E1,-9.162978968E-4,-4.619668424E-2,-2.680171281E-2
1.306032986E1,2.748893574E-3,-4.619668424E-2,-2.680171281E-2
1.306232900E1,-2.748893574E-3,-5.047274008E-2,-2.313652076E-2
1.306432810E1,-7.635815535E-3,-4.864014685E-2,-2.191479132E-2
1.306632850E1,-3.359758761E-3,-4.802928120E-2,-2.252565511E-2
1.306832850E1,-6.414085161E-3,-4.497495294E-2,-2.130392566E-2
1.307032850E1,-8.857546374E-3,-4.069889709E-2,-1.519527286E-2
1.307232850E1,-1.252273750E-2,-3.642284125E-2,-1.397354249E-2
1.307432846E1,-1.679879427E-2,-3.520110995E-2,-1.275181212E-2
1.307632843E1,-2.412917651E-2,-3.397937864E-2,-9.086620063E-3
1.307832840E1,-2.290744707E-2,-3.275764734E-2,-7.864889689E-3
1.308032836E1,-3.145955876E-2,-3.092505224E-2,-5.421428941E-3
1.308232919E1,-3.940080851E-2,-2.787072770E-2,-3.588833380E-3
1.308433006E1,-4.306599870E-2,-2.298380435E-2,7.635815564E-5
1.308633003E1,-4.673119262E-2,-1.320996135E-2,5.574145354E-3
1.308832999E1,-5.650503561E-2,-3.817907709E-4,1.168279815E-2
1.309032999E1,-5.650503561E-2,6.948592141E-3,1.412625890E-2
1.309232999E1,-6.078109145E-2,2.832887508E-2,1.595885493E-2
1.309433003E1,-5.894849449E-2,5.276348442E-2,1.901318133E-2
1.309633019E1,-5.833763257E-2,7.780896127E-2,2.023491077E-2
1.309833022E1,-5.345070735E-2,9.246972948E-2,1.718058437E-2
1.310033026E1,-4.489859566E-2,1.144608781E-1,1.473712362E-2
1.310232942E1,-2.962696366E-2,1.211803928E-1,5.574145354E-3
1.310432862E1,-2.962696366E-2,1.211803928E-1,5.574145354E-3
1.310632862E1,-2.229658142E-2,1.162934676E-1,7.635815564E-5
1.310832859E1,-1.374446787E-2,9.918924421E-2,-6.032294128E-3
1.311032856E1,-1.191187184E-2,8.819366992E-2,-7.864889689E-3
1.311232852E1,-5.192354787E-3,6.314819306E-2,-9.086620063E-3
1.311432849E1,-1.527163084E-3,3.565925732E-2,-1.397354249E-2
1.311632845E1,2.748893574E-3,2.893974073E-2,-1.275181212E-2
1.311832842E1,6.414085161E-3,1.916589774E-2,-1.336267684E-2
1.312032838E1,8.246680722E-3,1.611157134E-2,-1.763873361E-2
1.312232925E1,1.069014147E-2,1.550070569E-2,-1.824959926E-2
1.312433015E1,1.618792862E-2,1.000291854E-2,-2.374738641E-2
1.312633015E1,2.290744707E-2,-3.436116967E-3,-3.352123126E-2
1.312833015E1,2.290744707E-2,-6.490443368E-3,-3.474296257E-2
1.313033015E1,2.779436857E-2,-2.115120925E-2,-4.085161164E-2
1.313233015E1,2.779436857E-2,-2.787072770E-2,-4.390593991E-2
1.313433015E1,2.535090782E-2,-2.848159149E-2,-4.329507425E-2
1.313633015E1,1.679879427E-2,-3.031418845E-2,-4.146247730E-2
1.313833015E1,1.252273750E-2,-2.725986205E-2,-3.840815276E-2
1.314033018E1,1.007927675E-2,-2.909245715E-2,-3.901901841E-2
1.314232935E1,3.359758761E-3,-2.237293869E-2,-3.413209692E-2
1.314433055E1,-3.054326226E-4,-1.626428775E-2,-3.413209692E-2
1.314633058E1,-2.138028387E-3,-1.259909570E-2,-3.229949996E-2
1.314833062E1,-3.054326226E-4,-2.825251780E-3,-3.291036561E-2
1.315033065E1,-4.581489135E-3,8.170322515E-3,-3.535382450E-2
1.315233068E1,-4.581489135E-3,1.305724494E-2,-3.352123126E-2
1.315433068E1,-6.414085161E-3,2.222022414E-2,-3.779728711E-2
1.315633052E1,-7.024950348E-3,2.710714564E-2,-3.962988406E-2
1.315833048E1,-4.581489135E-3,2.955060638E-2,-4.085161164E-2
1.316033045E1,-9.468411095E-3,3.260493279E-2,-4.268420860E-2
1.316233128E1,-6.414085161E-3,3.443752974E-2,-4.512767121E-2
1.316433208E1,-7.635815535E-3,3.382666409E-2,-4.573853686E-2
1.316633205E1,-6.414085161E-3,3.627012298E-2,-4.207334295E-2
1.316833205E1,-3.054326226E-4,3.627012298E-2,-4.024074972E-2
1.317033205E1,-3.359758761E-3,3.993531689E-2,-3.901901841E-2
1.317233208E1,5.803219974E-3,4.665483162E-2,-3.596469015E-2
1.317433211E1,8.246680722E-3,5.093089119E-2,-3.229949996E-2
1.317633214E1,1.252273750E-2,5.398521572E-2,-3.229949996E-2
1.317833218E1,2.168571576E-2,6.070473418E-2,-2.863430791E-2
1.318033221E1,2.596177347E-2,6.498079002E-2,-2.435825206E-2
1.318233138E1,3.512475267E-2,6.681338698E-2,-2.252565511E-2
1.318433051E1,3.512475267E-2,6.681338698E-2,-2.252565511E-2
1.318633051E1,3.940080851E-2,6.803511828E-2,-2.252565511E-2
1.318833051E1,4.306599870E-2,6.620252132E-2,-2.130392566E-2
1.319033051E1,4.673119262E-2,6.253732741E-2,-1.947133057E-2
1.319233051E1,4.917465150E-2,6.253732741E-2,-2.008219436E-2
1.319433051E1,5.100724846E-2,5.948300287E-2,-1.886046492E-2
1.319633051E1,5.589416996E-2,5.765040591E-2,-2.008219436E-2
1.319833051E1,5.711590126E-2,4.787656292E-2,-2.374738641E-2
1.320033028E1,5.711590126E-2,4.482223839E-2,-2.130392566E-2
1.320233111E1,6.078109145E-2,3.627012298E-2,-2.619084716E-2
1.320432991E1,5.772676691E-2,2.893974073E-2,-2.741257846E-2
1.320632988E1,5.528330430E-2,2.588541433E-2,-2.680171281E-2
1.320832984E1,5.528330430E-2,1.550070569E-2,-2.741257846E-2
1.321032981E1,5.406157300E-2,9.392052889E-3,-2.924517356E-2
1.321232977E1,5.406157300E-2,5.115996581E-3,-2.619084716E-2
1.321432974E1,5.345070735E-2,-2.214386594E-3,-2.680171281E-2
1.321632974E1,4.734205827E-2,-8.323038928E-3,-2.863430791E-2
1.321832977E1,4.184427112E-2,-1.076649968E-2,-2.863430791E-2
1.322032980E1,4.001167417E-2,-1.320996135E-2,-2.741257846E-2
1.322232897E1,3.023782931E-2,-1.809688285E-2,-2.863430791E-2
1.322432817E1,3.023782931E-2,-1.809688285E-2,-2.863430791E-2
1.322632820E1,2.229658142E-2,-2.176207490E-2,-2.924517356E-2
1.322832824E1,1.740965992E-2,-2.054034360E-2,-2.680171281E-2
1.323032827E1,1.252273750E-2,-1.748601720E-2,-2.435825206E-2
1.323232827E1,9.468411095E-3,-1.504255645E-2,-2.374738641E-2
1.323432824E1,3.970623948E-3,-1.259909570E-2,-2.680171281E-2
1.323632820E1,-9.162978968E-4,-1.320996135E-2,-2.680171281E-2
1.323832817E1,-6.414085161E-3,-1.137736533E-2,-2.985603921E-2
1.324032813E1,-1.374446787E-2,-1.198823005E-2,-2.924517356E-2
1.324232897E1,-1.618792862E-2,-1.076649968E-2,-2.924517356E-2
1.324432997E1,-1.374446787E-2,-7.712173741E-3,-2.924517356E-2
1.324632997E1,-1.557706390E-2,-7.101308554E-3,-2.985603921E-2
1.324832997E1,-2.107485011E-2,-4.046982154E-3,-3.046690486E-2
1.325033083E1,-2.168571576E-2,-4.046982154E-3,-3.107776865E-2
1.325233087E1,-2.474004216E-2,-2.214386594E-3,-2.985603921E-2
1.325433090E1,-2.351831272E-2,2.061670180E-3,-2.985603921E-2
1.325633093E1,-2.718350291E-2,3.283400787E-3,-2.985603921E-2
1.325833096E1,-2.657263726E-2,5.726861767E-3,-2.924517356E-2
1.326033120E1,-2.535090782E-2,3.283400787E-3,-3.291036561E-2
1.326233036E1,-2.657263726E-2,2.061670180E-3,-3.229949996E-2
1.326432946E1,-2.657263726E-2,2.061670180E-3,-3.229949996E-2
1.326632946E1,-2.351831272E-2,2.290744742E-4,-3.229949996E-2
1.326832946E1,-2.474004216E-2,-3.436116967E-3,-3.352123126E-2
1.327032946E1,-2.229658142E-2,-4.657847341E-3,-3.107776865E-2
1.327232946E1,-2.718350291E-2,1.450804994E-3,-2.863430791E-2
1.327432946E1,-2.290744707E-2,7.559457328E-3,-2.802344225E-2
1.327632946E1,-2.962696366E-2,1.733330078E-2,-3.168863431E-2
1.327832943E1,-3.390302137E-2,2.344195358E-2,-3.596469015E-2
1.328032940E1,-2.657263726E-2,2.527454868E-2,-4.207334295E-2
1.328233023E1,-3.023782931E-2,2.283108793E-2,-4.818199575E-2
1.328433103E1,-2.535090782E-2,1.366810966E-2,-5.367978290E-2
1.328633100E1,-3.084869497E-2,1.122464892E-2,-5.551237985E-2
1.328833096E1,-2.474004216E-2,-1.603521290E-3,-6.101016700E-2
1.329033093E1,-2.229658142E-2,-1.626428775E-2,-7.200574130E-2
1.329233089E1,-2.046398632E-2,-2.420553565E-2,-7.322747260E-2
1.329433089E1,-1.374446787E-2,-4.130976275E-2,-7.444920391E-2
1.329633093E1,-1.313360315E-2,-5.780312419E-2,-7.750352472E-2
1.329833096E1,-8.857546374E-3,-6.818783283E-2,-7.567093521E-2
1.330033099E1,-7.024950348E-3,-7.796167582E-2,-7.444920391E-2
1.330233016E1,-5.192354787E-3,-9.140071273E-2,-6.834054738E-2
1.330432916E1,-5.192354787E-3,-9.140071273E-2,-6.834054738E-2
1.330609480E1,-2.138028387E-3,-9.750936180E-2,-6.284276396E-2
1.330809483E1,-3.359758761E-3,-9.873109311E-2,-6.162103266E-2
1.331009400E1,-1.527163084E-3,-9.689849615E-2,-5.978843570E-2
1.331209396E1,-3.970623948E-3,-1.023962870E-1,-5.795583874E-2
1.331409393E1,-2.748893574E-3,-1.048397496E-1,-5.673411116E-2
1.331609390E1,-3.054326226E-4,-1.054506153E-1,-5.551237985E-2
1.331809386E1,3.054326226E-4,-1.017854214E-1,-4.879286140E-2
1.332009383E1,3.054326226E-4,-1.011745557E-1,-5.062545836E-2
1.332209466E1,-3.054326226E-4,-9.995282441E-2,-4.390593991E-2
1.332409556E1,3.359758761E-3,-1.005636901E-1,-4.451680556E-2
1.332609556E1,6.414085161E-3,-1.017854214E-1,-4.207334295E-2
1.332809556E1,7.024950348E-3,-1.030071527E-1,-4.207334295E-2
1.333009556E1,7.024950348E-3,-1.066723466E-1,-4.024074972E-2
1.333209556E1,1.069014147E-2,-1.097266674E-1,-3.779728711E-2
1.333409556E1,1.252273750E-2,-1.072832122E-1,-3.352123126E-2
1.333609556E1,9.468411095E-3,-8.773551881E-2,-2.802344225E-2
1.333809556E1,7.024950348E-3,-5.597052723E-2,-2.313652076E-2
1.334009556E1,5.192354787E-3,-2.481640130E-2,-2.191479132E-2
1.334209469E1,2.748893574E-3,5.115996581E-3,-2.802344225E-2
1.334409389E1,2.748893574E-3,5.115996581E-3,-2.802344225E-2
1.334609393E1,-1.527163084E-3,1.672243699E-2,-3.291036561E-2
1.334809396E1,-3.359758761E-3,2.038762718E-2,-3.291036561E-2
1.335009399E1,-3.970623948E-3,2.527454868E-2,-3.474296257E-2
1.335209403E1,-1.007927675E-2,3.627012298E-2,-3.352123126E-2
1.335409406E1,-8.857546374E-3,3.688098863E-2,-3.718642145E-2
1.335609406E1,-1.374446787E-2,4.115704447E-2,-3.657555580E-2
1.335809403E1,-9.468411095E-3,4.360050708E-2,-3.718642145E-2
1.336009399E1,-1.069014147E-2,4.237877578E-2,-3.596469015E-2
1.336209482E1,-3.970623948E-3,4.054617882E-2,-3.535382450E-2
1.336409569E1,1.527163084E-3,4.115704447E-2,-3.291036561E-2
1.336609566E1,-3.054326226E-4,3.993531689E-2,-3.107776865E-2
1.336809562E1,-1.527163084E-3,3.993531689E-2,-2.985603921E-2
1.337009662E1,1.191187184E-2,3.321579844E-2,-2.802344225E-2
1.337209662E1,1.313360315E-2,2.955060638E-2,-2.619084716E-2
1.337409666E1,1.435533352E-2,2.710714564E-2,-2.191479132E-2
1.337609629E1,2.107485011E-2,2.344195358E-2,-1.824959926E-2
1.337809632E1,1.924225502E-2,2.160935849E-2,-1.763873361E-2
1.338009635E1,1.557706390E-2,1.672243699E-2,-1.641700417E-2
1.338209552E1,1.618792862E-2,1.061378326E-2,-1.763873361E-2
1.338409659E1,1.618792862E-2,1.061378326E-2,-1.763873361E-2
1.338609662E1,1.069014147E-2,6.948592141E-3,-1.519527286E-2
1.338809665E1,8.246680722E-3,3.283400787E-3,-1.458440814E-2
1.339009665E1,8.246680722E-3,8.399396902E-4,-1.580613852E-2
1.339209665E1,2.138028387E-3,-2.214386594E-3,-1.702786796E-2
1.339409665E1,-9.162978968E-4,-3.436116967E-3,-1.519527286E-2
1.339609665E1,-4.581489135E-3,-9.926559869E-4,-1.641700417E-2
1.339809665E1,-3.359758761E-3,-5.268712528E-3,-1.580613852E-2
1.340009665E1,-1.007927675E-2,-8.323038928E-3,-1.702786796E-2
1.340209752E1,-1.130100712E-2,-7.101308554E-3,-1.641700417E-2
1.340409832E1,-1.130100712E-2,-1.259909570E-2,-2.069306001E-2
1.340609828E1,-8.246680722E-3,-1.748601720E-2,-2.130392566E-2
1.340809825E1,-5.803219974E-3,-1.992947794E-2,-2.191479132E-2
1.341009822E1,-8.246680722E-3,-2.481640130E-2,-2.435825206E-2
1.341209808E1,-7.635815535E-3,-2.787072770E-2,-2.069306001E-2
1.341409805E1,-5.192354787E-3,-2.664899640E-2,-2.252565511E-2
1.341609801E1,-2.748893574E-3,-2.787072770E-2,-2.191479132E-2
1.341809801E1,-3.054326226E-4,-2.725986205E-2,-2.008219436E-2
1.342009801E1,3.054326226E-4,-2.664899640E-2,-2.191479132E-2
1.342209718E1,2.138028387E-3,-2.054034360E-2,-2.191479132E-2
1.342409631E1,3.359758761E-3,-2.054034360E-2,-2.069306001E-2
1.342609635E1,4.581489135E-3,-1.626428775E-2,-2.008219436E-2
1.342809638E1,3.359758761E-3,-9.544769302E-3,-2.069306001E-2
1.343009538E1,7.024950348E-3,-2.825251780E-3,-1.947133057E-2
1.343209541E1,7.635815535E-3,-3.817907709E-4,-2.191479132E-2
1.343409541E1,6.414085161E-3,5.726861767E-3,-2.191479132E-2
1.343609578E1,8.857546374E-3,1.244637929E-2,-2.252565511E-2
1.343809574E1,7.635815535E-3,1.794416644E-2,-2.252565511E-2
1.344009571E1,2.138028387E-3,3.199406713E-2,-2.496911772E-2
1.344209654E1,8.246680722E-3,4.360050708E-2,-2.130392566E-2
1.344409548E1,8.857546374E-3,5.215261877E-2,-2.130392566E-2
1.344609544E1,9.468411095E-3,5.642867833E-2,-2.252565511E-2
1.344809541E1,1.007927675E-2,5.642867833E-2,-2.374738641E-2
1.345009541E1,1.069014147E-2,5.337435007E-2,-2.252565511E-2
1.345209541E1,1.252273750E-2,4.909829423E-2,-2.313652076E-2
1.345409541E1,1.435533352E-2,5.093089119E-2,-2.130392566E-2
1.345609541E1,1.252273750E-2,5.215261877E-2,-2.191479132E-2
1.345809541E1,1.374446787E-2,5.642867833E-2,-1.886046492E-2
1.346009541E1,1.313360315E-2,5.459608138E-2,-1.886046492E-2
1.346209454E1,1.130100712E-2,5.154175684E-2,-1.275181212E-2
1.346409367E1,1.130100712E-2,5.154175684E-2,-1.275181212E-2
1.346609367E1,5.803219974E-3,6.070473418E-2,-9.697485715E-3
1.346809371E1,8.857546374E-3,6.681338698E-2,-8.475755341E-3
1.347009374E1,7.635815535E-3,7.170030475E-2,-6.643159315E-3
1.347209387E1,1.527163084E-3,7.719809562E-2,-7.864889689E-3
1.347409391E1,2.748893574E-3,7.780896127E-2,-8.475755341E-3
1.347609394E1,9.162978968E-4,7.231117040E-2,-6.643159315E-3
1.347809397E1,7.024950348E-3,5.032002553E-2,-1.091921609E-2
1.348009401E1,3.359758761E-3,2.955060638E-2,-9.697485715E-3
1.348209487E1,2.138028387E-3,2.466368489E-2,-4.810563754E-3
1.348409574E1,-1.527163084E-3,2.344195358E-2,6.185010541E-3
1.348609570E1,-1.527163084E-3,2.771801129E-2,1.107193250E-2
1.348809567E1,-2.138028387E-3,3.199406713E-2,1.046106778E-2
1.349009564E1,-5.192354787E-3,4.237877578E-2,8.628471754E-3
1.349209560E1,-2.138028387E-3,5.032002553E-2,4.352414981E-3
1.349409557E1,-2.138028387E-3,5.154175684E-2,1.298088697E-3
1.349609557E1,9.162978968E-4,4.665483162E-2,-6.643159315E-3
1.349809557E1,3.970623948E-3,2.771801129E-2,-1.153008174E-2
1.350009560E1,3.359758761E-3,1.611157134E-2,-1.336267684E-2
1.350209477E1,2.138028387E-3,-1.565342210E-2,-1.519527286E-2
1.350409390E1,3.359758761E-3,-2.359467000E-2,-1.580613852E-2
1.350609393E1,2.138028387E-3,-2.970332280E-2,-1.397354249E-2
1.350809396E1,-1.527163084E-3,-4.130976275E-2,-1.763873361E-2
1.351009400E1,-2.138028387E-3,-4.986187443E-2,-1.824959926E-2
1.351209403E1,2.748893574E-3,-5.230533704E-2,-1.824959926E-2
1.351409403E1,2.748893574E-3,-6.513350457E-2,-2.374738641E-2
1.351609403E1,7.024950348E-3,-6.757696718E-2,-2.496911772E-2
1.351809403E1,7.024950348E-3,-7.185302675E-2,-2.435825206E-2
1.352009403E1,7.635815535E-3,-8.529205620E-2,-3.107776865E-2
1.352209490E1,8.857546374E-3,-8.712465316E-2,-2.680171281E-2
1.352409576E1,1.069014147E-2,-8.407033235E-2,-2.619084716E-2
1.352609576E1,4.581489135E-3,-7.246389240E-2,-2.191479132E-2
1.352809573E1,3.970623948E-3,-6.696610153E-2,-2.557998151E-2
1.353009570E1,3.054326226E-4,-6.635523587E-2,-2.619084716E-2
1.353209566E1,-2.748893574E-3,-7.002042979E-2,-3.352123126E-2
1.353409563E1,-3.970623948E-3,-7.612907887E-2,-3.962988406E-2
1.353609559E1,-9.468411095E-3,-7.857254148E-2,-3.901901841E-2
1.353809556E1,-6.414085161E-3,-8.162686974E-2,-4.024074972E-2
1.354009553E1,-9.468411095E-3,-7.307475805E-2,-3.962988406E-2
1.354209462E1,-8.246680722E-3,-5.413793400E-2,-3.840815276E-2
1.354409373E1,-8.246680722E-3,-5.413793400E-2,-3.840815276E-2
1.354609376E1,-1.740965992E-2,-3.459024429E-2,-3.657555580E-2
1.354809379E1,-1.863138936E-2,-2.420553565E-2,-3.413209692E-2
1.355009382E1,-2.290744707E-2,-4.657847341E-3,-3.535382450E-2
1.355209386E1,-2.474004216E-2,1.488984004E-2,-3.352123126E-2
1.355409389E1,-2.596177347E-2,2.344195358E-2,-3.046690486E-2
1.355609392E1,-2.962696366E-2,4.970915988E-2,-2.802344225E-2
1.355809396E1,-3.695734590E-2,7.597636431E-2,-2.557998151E-2
1.356009396E1,-4.306599870E-2,8.758280426E-2,-2.619084716E-2
1.356209479E1,-4.306599870E-2,1.089630872E-1,-2.557998151E-2
1.356409566E1,-4.978551716E-2,1.291216463E-1,-2.680171281E-2
1.356609562E1,-4.856378585E-2,1.358411610E-1,-2.619084716E-2
1.356809559E1,-5.345070735E-2,1.517236531E-1,-2.557998151E-2
1.357009555E1,-5.894849449E-2,1.767691374E-1,-1.947133057E-2
1.357209552E1,-6.566801667E-2,1.981494129E-1,-1.580613852E-2
1.357409552E1,-8.277224004E-2,2.574033439E-1,1.298088697E-3
1.357609552E1,-1.114829108E-1,3.649156392E-1,2.634356357E-2
1.357809555E1,-1.792889535E-1,5.976552963E-1,5.627596006E-2
1.358009558E1,-2.385428846E-1,7.693084478E-1,1.515709460E-1
1.358209475E1,-4.327980280E-1,1.311145902E0,2.957351506E-1
1.358409432E1,-4.327980280E-1,1.311145902E0,2.957351506E-1
1.358609435E1,-4.853324294E-1,1.325806618E0,2.205987126E-1
1.358809438E1,-4.694499373E-1,1.057636857E0,7.154759020E-2
1.359009442E1,-4.181372523E-1,7.314347625E-1,-5.245805159E-2
1.359209445E1,-3.839288056E-1,5.909357667E-1,-9.033169597E-2
1.359409445E1,-3.045163155E-1,3.710242808E-1,-1.282053441E-1
1.359609445E1,-2.281581759E-1,2.317470014E-1,-1.129337102E-1
1.359809445E1,-1.853975952E-1,1.957059503E-1,-9.460775554E-2
1.360009445E1,-1.175915599E-1,1.517236531E-1,-5.184718594E-2
1.360209532E1,-5.467243865E-2,1.450041384E-1,-1.336267684E-2
1.360409622E1,-2.901609987E-2,1.474476010E-1,-5.345070967E-4
1.360609618E1,1.130100712E-2,1.688278764E-1,1.901318133E-2
1.360809615E1,2.901609987E-2,1.902081668E-1,3.184135258E-2
1.361009611E1,3.207042441E-2,2.012037337E-1,3.428481147E-2
1.361209608E1,4.489859566E-2,1.987602860E-1,4.100432992E-2
1.361409604E1,5.955936015E-2,1.761582643E-1,4.589125142E-2
1.361609601E1,6.627888232E-2,1.572214365E-1,5.016730726E-2
1.361809598E1,8.155050874E-2,1.230129898E-1,5.933028832E-2
1.362009594E1,9.682214260E-2,8.819366992E-2,6.666067243E-2
1.362209508E1,1.041525230E-1,4.421137273E-2,6.666067243E-2
1.362409524E1,1.041525230E-1,4.421137273E-2,6.666067243E-2
1.362609528E1,1.023199260E-1,2.893974073E-2,5.688682571E-2
1.362809531E1,1.023199260E-1,2.222022414E-2,5.322163552E-2
1.363009534E1,1.017090604E-1,1.244637929E-2,3.856086731E-2
1.363209537E1,9.498954564E-2,7.559457328E-3,2.084577642E-2
1.363409541E1,8.704829961E-2,8.170322515E-3,1.107193250E-2
1.363609544E1,6.933320314E-2,2.038762718E-2,-3.588833380E-3
1.363809544E1,5.100724846E-2,2.405281924E-2,-2.130392566E-2
1.364009541E1,4.489859566E-2,1.916589774E-2,-3.168863431E-2
1.364209624E1,2.596177347E-2,1.183551457E-2,-5.490151420E-2
1.364409667E1,1.007927675E-2,5.115996581E-3,-7.322747260E-2
1.364609664E1,-9.162978968E-4,-3.817907709E-4,-8.239044994E-2
1.364809660E1,-1.435533352E-2,2.290744742E-4,-9.705121815E-2
1.365009657E1,-3.084869497E-2,6.337726954E-3,-1.074359268E-1
1.365209654E1,-3.573561832E-2,1.000291854E-2,-1.153771728E-1
1.365409654E1,-4.123340547E-2,1.733330078E-2,-1.300379336E-1
1.365609654E1,-4.856378585E-2,2.771801129E-2,-1.440878361E-1
1.365809654E1,-5.345070735E-2,3.382666409E-2,-1.489747614E-1
1.366009654E1,-6.017022580E-2,3.871358559E-2,-1.599703431E-1
1.366209567E1,-6.627888232E-2,4.909829423E-2,-1.581377387E-1
1.366409477E1,-6.627888232E-2,4.909829423E-2,-1.581377387E-1
1.366609477E1,-7.666359097E-2,4.482223839E-2,-1.550834179E-1
1.366809477E1,-7.116580009E-2,2.160935849E-2,-1.526399553E-1
1.367009477E1,-7.483099401E-2,6.948592141E-3,-1.495856196E-1
1.367209480E1,-7.055493444E-2,-1.565342210E-2,-1.428661048E-1
1.367409484E1,-6.139195710E-2,-3.336851299E-2,-1.343140006E-1
1.367609487E1,-5.955936015E-2,-3.581197560E-2,-1.275944710E-1
1.367809490E1,-4.550946131E-2,-3.764457256E-2,-1.141554415E-1
1.368009493E1,-3.329215571E-2,-3.214678168E-2,-1.001055390E-1
1.368209583E1,-2.779436857E-2,-3.031418845E-2,-9.338602424E-2
1.368409570E1,-1.679879427E-2,-3.336851299E-2,-7.872525603E-2
1.368609567E1,-8.857546374E-3,-3.764457256E-2,-5.978843570E-2
1.368809563E1,-2.748893574E-3,-4.314235970E-2,-4.573853686E-2
1.369009560E1,1.527163084E-3,-5.413793400E-2,-2.130392566E-2
1.369209556E1,5.192354787E-3,-6.574437022E-2,-5.345070967E-4
1.369409553E1,7.635815535E-3,-7.124216110E-2,4.963280167E-3
1.369609550E1,1.374446787E-2,-7.735081017E-2,1.534798928E-2
1.369809546E1,1.679879427E-2,-7.490734756E-2,1.779145002E-2
1.370009546E1,1.679879427E-2,-7.185302675E-2,2.267837152E-2
1.370209463E1,1.191187184E-2,-6.818783283E-2,2.084577642E-2
1.370409419E1,1.191187184E-2,-6.818783283E-2,2.084577642E-2
1.370609423E1,8.857546374E-3,-6.330090761E-2,2.084577642E-2
1.370809426E1,4.581489135E-3,-5.902485549E-2,2.267837152E-2
1.371009429E1,-1.007927675E-2,-5.597052723E-2,2.390010282E-2
1.371209483E1,-2.596177347E-2,-4.986187443E-2,2.573269792E-2
1.371409486E1,-3.573561832E-2,-4.802928120E-2,2.756529488E-2
1.371609489E1,-5.161811411E-2,-4.253149405E-2,3.245221451E-2
1.371809489E1,-6.627888232E-2,-4.314235970E-2,3.000875562E-2
1.372009489E1,-6.811147183E-2,-4.558581859E-2,2.878702432E-2
1.372209576E1,-7.910704613E-2,-5.291620269E-2,2.145664208E-2
1.372409666E1,-7.849618047E-2,-6.757696718E-2,1.168279815E-2
1.372609666E1,-7.971791178E-2,-7.063129544E-2,9.850202128E-3
1.372809666E1,-8.704829961E-2,-7.124216110E-2,8.017606102E-3
1.373009666E1,-8.949175477E-2,-6.513350457E-2,1.290452853E-2
1.373209662E1,-9.132435173E-2,-6.207918003E-2,1.168279815E-2
1.373409659E1,-9.682214260E-2,-5.230533704E-2,1.290452853E-2
1.373609656E1,-1.035416573E-1,-3.703370690E-2,1.534798928E-2
1.373809652E1,-1.023199260E-1,-2.909245715E-2,1.779145002E-2
1.374009649E1,-1.102611795E-1,-1.259909570E-2,1.901318133E-2
1.374209559E1,-1.157589629E-1,-3.436116967E-3,1.779145002E-2
1.374409465E1,-1.157589629E-1,-3.436116967E-3,1.779145002E-2
1.374609465E1,-1.175915599E-1,-1.603521290E-3,1.656972058E-2
1.374809465E1,-1.194241568E-1,-1.603521290E-3,1.595885493E-2
1.375009469E1,-1.157589629E-1,-9.926559869E-4,1.473712362E-2
1.375209472E1,-1.090394482E-1,-2.825251780E-3,1.046106778E-2
1.375409475E1,-1.102611795E-1,2.061670180E-3,1.229366288E-2
1.375609479E1,-1.090394482E-1,8.170322515E-3,1.534798928E-2
1.375809482E1,-1.041525230E-1,2.038762718E-2,1.901318133E-2
1.376009485E1,-1.053742543E-1,3.016147204E-2,2.084577642E-2
1.376209572E1,-1.041525230E-1,3.321579844E-2,2.328923717E-2
1.376409615E1,-9.865473956E-2,4.237877578E-2,2.328923717E-2
1.376609612E1,-9.071348608E-2,3.688098863E-2,1.595885493E-2
1.376809608E1,-8.704829961E-2,3.077233583E-2,1.229366288E-2
1.377009605E1,-7.422012836E-2,1.122464892E-2,-5.345070967E-4
1.377209552E1,-6.505715102E-2,2.290744742E-4,-8.475755341E-3
1.377409548E1,-6.017022580E-2,3.894265974E-3,-7.864889689E-3
1.377609545E1,-5.833763257E-2,2.771801129E-2,-7.254024968E-3
1.377809545E1,-6.139195710E-2,6.559165567E-2,-5.421428941E-3
1.378009548E1,-6.322455406E-2,8.330674469E-2,-1.030835137E-2
1.378209465E1,-6.994406879E-2,1.407280862E-1,-1.519527286E-2
1.378409378E1,-7.422012836E-2,1.572214365E-1,-1.947133057E-2
1.378609381E1,-7.666359097E-2,1.718822122E-1,-2.313652076E-2
1.378809384E1,-8.277224004E-2,1.749365330E-1,-3.779728711E-2
1.379009388E1,-8.704829961E-2,1.572214365E-1,-5.978843570E-2
1.379209391E1,-8.399397135E-2,1.480584592E-1,-6.895141304E-2
1.379409394E1,-7.910704613E-2,1.376737505E-1,-8.055785298E-2
1.379609394E1,-7.238753140E-2,1.364520192E-1,-9.277515858E-2
1.379809394E1,-6.872233748E-2,1.370628923E-1,-9.521862119E-2
1.380009394E1,-5.528330430E-2,1.413389444E-1,-9.460775554E-2
1.380209481E1,-5.345070735E-2,1.443932652E-1,-8.544477820E-2
1.380409571E1,-5.467243865E-2,1.437824070E-1,-7.933612168E-2
1.380609571E1,-3.207042441E-2,1.242347211E-1,-6.467536092E-2
1.380809571E1,-1.130100712E-2,9.308059514E-2,-4.879286140E-2
1.381009568E1,-7.024950348E-3,7.780896127E-2,-4.085161164E-2
1.381209564E1,1.313360315E-2,3.688098863E-2,-2.741257846E-2
1.381409561E1,3.268129006E-2,-5.268712528E-3,-1.519527286E-2
1.381609557E1,4.428773001E-2,-2.542726509E-2,-1.214094646E-2
1.381809554E1,5.589416996E-2,-5.963572115E-2,-2.367102774E-3
1.382009551E1,6.994406879E-2,-8.407033235E-2,6.795875728E-3
1.382209461E1,7.299839705E-2,-1.054506153E-1,2.084577642E-2
1.382409374E1,7.299839705E-2,-1.054506153E-1,2.084577642E-2
1.382609374E1,7.299839705E-2,-1.078940704E-1,2.634356357E-2
1.382809377E1,6.444628537E-2,-9.812022746E-2,3.733913973E-2
1.383009380E1,5.894849449E-2,-9.078984708E-2,4.344778880E-2
1.383209384E1,4.612032697E-2,-7.551821321E-2,5.016730726E-2
1.383409387E1,3.084869497E-2,-5.902485549E-2,5.994115397E-2
1.383609390E1,2.107485011E-2,-5.047274008E-2,6.238461286E-2
1.383809394E1,-1.527163084E-3,-3.825543448E-2,6.788240373E-2
1.384009394E1,-1.191187184E-2,-2.542726509E-2,6.604980677E-2
1.384209480E1,-1.679879427E-2,-1.931861416E-2,6.666067243E-2
1.384409567E1,-3.329215571E-2,-5.268712528E-3,6.299547851E-2
1.384609564E1,-4.245513305E-2,6.948592141E-3,5.810855702E-2
1.384809560E1,-4.612032697E-2,1.305724494E-2,5.627596006E-2
1.385009557E1,-5.833763257E-2,2.283108793E-2,4.955644161E-2
1.385209553E1,-6.444628537E-2,3.321579844E-2,4.344778880E-2
1.385409550E1,-6.322455406E-2,3.565925732E-2,4.344778880E-2
1.385609550E1,-6.688974798E-2,4.054617882E-2,3.489567712E-2
1.385809550E1,-6.505715102E-2,4.115704447E-2,2.878702432E-2
1.386009550E1,-6.627888232E-2,4.237877578E-2,2.512183413E-2
1.386209463E1,-5.528330430E-2,3.932445124E-2,1.718058437E-2
1.386409373E1,-5.039638281E-2,3.504839167E-2,1.473712362E-2
1.386609373E1,-5.039638281E-2,3.504839167E-2,1.290452853E-2
1.386809373E1,-4.062253982E-2,3.260493279E-2,7.406740915E-3
1.387009373E1,-3.145955876E-2,3.016147204E-2,6.185010541E-3
1.387209373E1,-2.718350291E-2,2.893974073E-2,2.519819187E-3
1.387409377E1,-1.740965992E-2,2.955060638E-2,-5.345070967E-4
1.387609380E1,-9.468411095E-3,3.138320148E-2,-5.421428941E-3
1.387809383E1,-7.024950348E-3,3.382666409E-2,-6.643159315E-3
1.388009386E1,-3.970623948E-3,3.138320148E-2,-1.275181212E-2
1.388209476E1,9.162978968E-4,3.077233583E-2,-1.458440814E-2
1.388409566E1,2.748893574E-3,2.893974073E-2,-1.702786796E-2
1.388609570E1,3.359758761E-3,2.832887508E-2,-1.824959926E-2
1.388809570E1,2.748893574E-3,2.466368489E-2,-2.252565511E-2
1.389009566E1,6.414085161E-3,2.405281924E-2,-2.191479132E-2
1.389209563E1,5.803219974E-3,2.160935849E-2,-2.619084716E-2
1.389409560E1,7.024950348E-3,2.344195358E-2,-2.619084716E-2
1.389609556E1,5.192354787E-3,2.160935849E-2,-2.863430791E-2
1.389809553E1,3.359758761E-3,2.160935849E-2,-3.229949996E-2
1.390009549E1,4.581489135E-3,2.160935849E-2,-3.107776865E-2
1.390209459E1,7.024950348E-3,2.222022414E-2,-3.352123126E-2
1.390409559E1,7.024950348E-3,2.222022414E-2,-3.352123126E-2
1.390609563E1,8.857546374E-3,2.222022414E-2,-3.352123126E-2
1.390809566E1,6.414085161E-3,1.977676153E-2,-3.352123126E-2
1.391009569E1,5.803219974E-3,1.794416644E-2,-3.352123126E-2
1.391209572E1,1.069014147E-2,1.672243699E-2,-3.596469015E-2
1.391409576E1,8.246680722E-3,1.733330078E-2,-3.474296257E-2
1.391609579E1,1.191187184E-2,1.672243699E-2,-3.352123126E-2
1.391809582E1,1.374446787E-2,1.611157134E-2,-2.924517356E-2
1.392009586E1,1.313360315E-2,1.611157134E-2,-2.680171281E-2
1.392209672E1,1.313360315E-2,1.366810966E-2,-2.313652076E-2
1.392409762E1,8.246680722E-3,1.733330078E-2,-2.008219436E-2
1.392609762E1,9.468411095E-3,1.855503209E-2,-1.641700417E-2
1.392809762E1,1.313360315E-2,1.977676153E-2,-1.214094646E-2
1.393009762E1,9.468411095E-3,2.099849284E-2,-7.864889689E-3
1.393209762E1,3.970623948E-3,1.977676153E-2,-2.977967961E-3
1.393409759E1,5.192354787E-3,2.160935849E-2,-5.345070967E-4
1.393609756E1,2.748893574E-3,2.160935849E-2,3.130684374E-3
1.393809752E1,-4.581489135E-3,2.283108793E-2,6.795875728E-3
1.394009749E1,-5.192354787E-3,2.649627998E-2,8.017606102E-3
1.394209659E1,-1.252273750E-2,3.321579844E-2,1.412625890E-2
1.394409569E1,-1.252273750E-2,3.321579844E-2,1.412625890E-2
1.394609565E1,-1.435533352E-2,3.382666409E-2,1.595885493E-2
1.394809562E1,-1.863138936E-2,3.627012298E-2,2.206750773E-2
1.395009562E1,-1.924225502E-2,4.237877578E-2,2.328923717E-2
1.395209565E1,-2.229658142E-2,4.482223839E-2,2.390010282E-2
1.395409568E1,-2.779436857E-2,4.726569727E-2,2.573269792E-2
1.395609572E1,-3.023782931E-2,5.093089119E-2,2.634356357E-2
1.395809575E1,-3.390302137E-2,5.215261877E-2,2.634356357E-2
1.396009578E1,-3.451388702E-2,5.520694703E-2,2.634356357E-2
1.396209668E1,-3.940080851E-2,5.520694703E-2,2.451096848E-2
1.396409572E1,-3.756821156E-2,5.887213722E-2,2.695442922E-2
1.396609572E1,-4.123340547E-2,5.765040591E-2,2.512183413E-2
1.396809568E1,-4.062253982E-2,6.009386852E-2,2.390010282E-2
1.397009565E1,-4.001167417E-2,6.192646548E-2,2.145664208E-2
1.397209562E1,-4.367686436E-2,6.559165567E-2,2.084577642E-2
1.397409558E1,-4.062253982E-2,6.253732741E-2,1.901318133E-2
1.397609555E1,-4.245513305E-2,6.498079002E-2,1.962404512E-2
1.397809551E1,-3.695734590E-2,6.375905871E-2,1.779145002E-2
1.398009548E1,-3.756821156E-2,6.620252132E-2,1.656972058E-2
1.398209461E1,-3.084869497E-2,6.864598393E-2,1.290452853E-2
1.398409375E1,-3.084869497E-2,6.864598393E-2,1.290452853E-2
1.398609378E1,-2.779436857E-2,7.108944654E-2,1.229366288E-2
1.398809381E1,-2.351831272E-2,7.292203605E-2,1.412625890E-2
1.399009384E1,-2.168571576E-2,7.414376736E-2,9.239336476E-3
1.399209388E1,-1.618792862E-2,7.170030475E-2,9.850202128E-3
1.399409391E1,-1.252273750E-2,7.170030475E-2,8.017606102E-3
1.399609394E1,-1.007927675E-2,6.986771524E-2,6.185010541E-3
1.399809398E1,-6.414085161E-3,6.375905871E-2,1.298088697E-3
1.400009398E1,-3.970623948E-3,6.314819306E-2,-5.345070967E-4
1.400209484E1,-2.138028387E-3,5.887213722E-2,-1.145372284E-3
1.400409571E1,3.970623948E-3,5.215261877E-2,-2.977967961E-3
1.400609571E1,2.748893574E-3,4.848742858E-2,-2.977967961E-3
1.400809571E1,7.635815535E-3,4.237877578E-2,-6.032294128E-3
1.401009571E1,1.496619824E-2,3.871358559E-2,-6.643159315E-3
1.401209567E1,1.252273750E-2,3.382666409E-2,-8.475755341E-3
1.401409564E1,1.740965992E-2,2.588541433E-2,-9.697485715E-3
1.401609561E1,2.168571576E-2,2.222022414E-2,-1.030835137E-2
1.401809557E1,2.168571576E-2,1.977676153E-2,-1.153008174E-2
1.402009554E1,2.535090782E-2,1.488984004E-2,-9.697485715E-3
1.402209464E1,2.657263726E-2,8.781188168E-3,-8.475755341E-3
1.402409370E1,2.657263726E-2,8.781188168E-3,-8.475755341E-3
1.402609367E1,3.329215571E-2,3.894265974E-3,-1.091921609E-2
1.402809367E1,3.145955876E-2,-9.926559869E-4,-4.810563754E-3
1.403009370E1,3.023782931E-2,-9.926559869E-4,-5.421428941E-3
1.403209374E1,2.840523422E-2,-4.046982154E-3,-3.588833380E-3
1.403409377E1,2.657263726E-2,-6.490443368E-3,6.872233935E-4
1.403609380E1,2.779436857E-2,-8.933904581E-3,1.298088697E-3
1.403809384E1,2.535090782E-2,-9.544769302E-3,3.741549561E-3
1.404009387E1,2.168571576E-2,-9.544769302E-3,7.406740915E-3
1.404209477E1,2.168571576E-2,-1.137736533E-2,8.017606102E-3
1.404409567E1,1.802052557E-2,-1.198823005E-2,1.168279815E-2
1.404609563E1,1.496619824E-2,-1.320996135E-2,1.718058437E-2
1.404809560E1,1.130100712E-2,-1.198823005E-2,2.084577642E-2
1.405009557E1,9.468411095E-3,-1.259909570E-2,2.206750773E-2
1.405209553E1,7.635815535E-3,-1.137736533E-2,2.817615867E-2
1.405409550E1,6.414085161E-3,-1.137736533E-2,2.817615867E-2
1.405609546E1,2.138028387E-3,-8.933904581E-3,3.245221451E-2
1.405809543E1,2.138028387E-3,-8.323038928E-3,3.733913973E-2
1.406009543E1,-2.138028387E-3,-4.657847341E-3,3.978259861E-2
1.406209456E1,-2.748893574E-3,-3.436116967E-3,4.405865446E-2
1.406409373E1,-2.748893574E-3,-3.436116967E-3,4.405865446E-2
1.406609373E1,-6.414085161E-3,-1.603521290E-3,4.833471403E-2
1.406809373E1,-1.527163084E-3,-5.268712528E-3,4.833471403E-2
1.407009373E1,-4.581489135E-3,-7.101308554E-3,5.016730726E-2
1.407209373E1,-3.970623948E-3,-7.712173741E-3,5.077817291E-2
1.407409373E1,-3.359758761E-3,-8.933904581E-3,5.505422875E-2
1.407609373E1,-5.803219974E-3,-6.490443368E-3,5.994115397E-2
1.407809376E1,3.054326226E-4,-3.817907709E-4,6.421720982E-2
1.408009380E1,-3.359758761E-3,-9.926559869E-4,6.482807547E-2
1.408209470E1,-8.246680722E-3,-3.817907709E-4,6.482807547E-2
1.408409563E1,-3.970623948E-3,-1.198823005E-2,5.871942267E-2
1.408609566E1,-6.414085161E-3,-1.748601720E-2,5.810855702E-2
1.408809569E1,-9.162978968E-4,-2.542726509E-2,5.444336683E-2
1.409009569E1,5.803219974E-3,-2.787072770E-2,5.566509441E-2
1.409209569E1,5.192354787E-3,-2.664899640E-2,5.749769136E-2
1.409409566E1,8.857546374E-3,-2.237293869E-2,5.688682571E-2
1.409609563E1,5.803219974E-3,-1.748601720E-2,6.055201590E-2
1.409809559E1,1.007927675E-2,-1.382082608E-2,6.238461286E-2
1.410009556E1,3.970623948E-3,-1.198823005E-2,6.299547851E-2
1.410209466E1,-3.054326226E-4,-1.443169173E-2,6.177374721E-2
1.410409372E1,-3.054326226E-4,-1.443169173E-2,6.177374721E-2
1.410609372E1,-5.192354787E-3,-1.687515154E-2,6.177374721E-2
1.410809376E1,-5.803219974E-3,-1.687515154E-2,5.994115397E-2
1.411009379E1,-8.246680722E-3,-1.626428775E-2,5.871942267E-2
1.411209382E1,-1.557706390E-2,-8.933904581E-3,5.688682571E-2
1.411409386E1,-1.557706390E-2,-3.436116967E-3,5.383250117E-2
1.411609389E1,-2.107485011E-2,2.290744742E-4,5.322163552E-2
1.411809392E1,-2.412917651E-2,8.781188168E-3,4.955644161E-2
1.412009396E1,-2.718350291E-2,1.733330078E-2,4.711298272E-2
1.412209486E1,-3.268129006E-2,2.283108793E-2,4.650211707E-2
1.412409569E1,-3.390302137E-2,3.077233583E-2,4.161519557E-2
1.412609569E1,-3.451388702E-2,3.504839167E-2,3.856086731E-2
1.412809569E1,-3.878994286E-2,3.871358559E-2,3.672827408E-2
1.413009569E1,-3.940080851E-2,4.665483162E-2,3.184135258E-2
1.413209622E1,-4.123340547E-2,5.215261877E-2,2.695442922E-2
1.413409622E1,-4.001167417E-2,5.276348442E-2,2.206750773E-2
1.413609622E1,-3.756821156E-2,5.520694703E-2,1.412625890E-2
1.413809619E1,-3.695734590E-2,5.032002553E-2,4.352414981E-3
1.414009615E1,-3.756821156E-2,5.093089119E-2,2.519819187E-3
1.414209525E1,-2.412917651E-2,4.421137273E-2,-9.086620063E-3
1.414409435E1,-1.985312067E-2,4.054617882E-2,-1.091921609E-2
1.414609432E1,-1.618792862E-2,3.810271993E-2,-1.336267684E-2
1.414809428E1,-1.007927675E-2,3.504839167E-2,-1.763873361E-2
1.415009425E1,-7.024950348E-3,2.832887508E-2,-2.191479132E-2
1.415209422E1,-9.162978968E-4,2.649627998E-2,-2.191479132E-2
1.415409422E1,7.024950348E-3,2.038762718E-2,-2.191479132E-2
1.415609425E1,1.130100712E-2,1.305724494E-2,-2.313652076E-2
1.415809428E1,1.435533352E-2,1.000291854E-2,-2.374738641E-2
1.416009432E1,1.740965992E-2,5.115996581E-3,-2.313652076E-2
1.416209522E1,1.924225502E-2,2.290744742E-4,-1.763873361E-2
1.416409615E1,1.863138936E-2,-1.603521290E-3,-1.519527286E-2
1.416609618E1,1.618792862E-2,-2.825251780E-3,-1.214094646E-2
1.416809618E1,2.107485011E-2,-4.046982154E-3,-1.030835137E-2
1.417009615E1,2.229658142E-2,-3.436116967E-3,-9.086620063E-3
1.417209611E1,2.107485011E-2,-4.046982154E-3,-9.086620063E-3
1.417409608E1,1.863138936E-2,-2.214386594E-3,-7.864889689E-3
1.417609605E1,1.802052557E-2,-3.436116967E-3,-7.864889689E-3
1.417809601E1,1.313360315E-2,-9.926559869E-4,-6.032294128E-3
1.418009598E1,1.435533352E-2,-9.926559869E-4,-5.421428941E-3
1.418209508E1,1.374446787E-2,1.450804994E-3,-7.864889689E-3
1.418409424E1,1.374446787E-2,1.450804994E-3,-7.864889689E-3
1.418609428E1,7.024950348E-3,3.283400787E-3,-7.254024968E-3
1.418809431E1,9.468411095E-3,6.337726954E-3,-4.810563754E-3
1.419009434E1,1.252273750E-2,7.559457328E-3,-2.977967961E-3
1.419209384E1,2.138028387E-3,1.000291854E-2,7.635815564E-5
1.419409388E1,3.359758761E-3,1.672243699E-2,1.298088697E-3
1.419609391E1,3.054326226E-4,1.977676153E-2,4.963280167E-3
1.419809394E1,-3.054326226E-4,2.344195358E-2,8.628471754E-3
1.420009398E1,3.054326226E-4,3.138320148E-2,9.850202128E-3
1.420209484E1,-5.192354787E-3,3.321579844E-2,1.229366288E-2
1.420409571E1,-3.054326226E-4,3.749185428E-2,1.473712362E-2
1.420609571E1,-3.054326226E-4,4.115704447E-2,1.718058437E-2
1.420809571E1,-3.054326226E-4,4.176791012E-2,1.779145002E-2
1.421009571E1,-3.359758761E-3,4.360050708E-2,2.145664208E-2
1.421209571E1,-2.138028387E-3,4.604396969E-2,1.901318133E-2
1.421409571E1,-3.970623948E-3,4.482223839E-2,2.267837152E-2
1.421609567E1,-1.527163084E-3,4.543310404E-2,2.328923717E-2
1.421809564E1,2.748893574E-3,4.604396969E-2,2.267837152E-2
1.422009561E1,1.527163084E-3,4.604396969E-2,2.328923717E-2
1.422209471E1,3.970623948E-3,4.543310404E-2,2.390010282E-2
1.422409377E1,6.414085161E-3,4.237877578E-2,2.328923717E-2
1.422609374E1,4.581489135E-3,4.482223839E-2,2.451096848E-2
1.422809370E1,4.581489135E-3,4.360050708E-2,2.451096848E-2
1.423009370E1,4.581489135E-3,4.665483162E-2,2.451096848E-2
1.423209370E1,2.138028387E-3,4.421137273E-2,2.451096848E-2
1.423409374E1,4.581489135E-3,4.482223839E-2,2.451096848E-2
1.423609377E1,6.414085161E-3,4.604396969E-2,2.512183413E-2
1.423809380E1,4.581489135E-3,4.787656292E-2,2.390010282E-2
1.424009384E1,2.748893574E-3,4.787656292E-2,2.267837152E-2
1.424209474E1,2.748893574E-3,4.543310404E-2,2.206750773E-2
1.424409560E1,3.970623948E-3,4.604396969E-2,2.206750773E-2
1.424609560E1,1.527163084E-3,4.726569727E-2,2.206750773E-2
1.424809560E1,-3.054326226E-4,5.093089119E-2,2.206750773E-2
1.425009557E1,-9.162978968E-4,4.848742858E-2,2.145664208E-2
1.425209553E1,-3.054326226E-4,4.909829423E-2,2.084577642E-2
1.425409550E1,-1.527163084E-3,5.093089119E-2,2.206750773E-2
1.425609547E1,-1.527163084E-3,5.215261877E-2,2.145664208E-2
1.425809543E1,-3.359758761E-3,4.970915988E-2,1.962404512E-2
1.426009540E1,-3.970623948E-3,5.154175684E-2,2.206750773E-2
1.426209453E1,-1.527163084E-3,4.970915988E-2,2.206750773E-2
1.426409363E1,-1.527163084E-3,4.970915988E-2,2.206750773E-2
1.426609363E1,3.054326226E-4,5.093089119E-2,2.206750773E-2
1.426809363E1,3.054326226E-4,5.093089119E-2,2.206750773E-2
1.427009363E1,9.162978968E-4,5.093089119E-2,2.390010282E-2
1.427209363E1,9.162978968E-4,5.154175684E-2,2.206750773E-2
1.427409363E1,3.359758761E-3,5.093089119E-2,2.145664208E-2
1.427609363E1,3.359758761E-3,4.848742858E-2,2.145664208E-2
1.427809363E1,6.414085161E-3,4.848742858E-2,1.901318133E-2
1.428009366E1,3.359758761E-3,4.726569727E-2,1.901318133E-2
1.428209456E1,5.192354787E-3,4.482223839E-2,2.267837152E-2
1.428409550E1,7.024950348E-3,4.482223839E-2,2.206750773E-2
1.428609553E1,5.803219974E-3,4.360050708E-2,2.206750773E-2
1.428809556E1,5.803219974E-3,4.360050708E-2,2.267837152E-2
1.429009560E1,5.192354787E-3,3.749185428E-2,2.390010282E-2
1.429209563E1,3.359758761E-3,3.810271993E-2,2.328923717E-2
1.429409563E1,9.162978968E-4,3.688098863E-2,2.145664208E-2
1.429609559E1,6.414085161E-3,3.199406713E-2,2.328923717E-2
1.429809556E1,5.192354787E-3,3.321579844E-2,2.634356357E-2
1.430009553E1,7.024950348E-3,3.504839167E-2,2.145664208E-2
1.430209463E1,6.414085161E-3,3.260493279E-2,2.206750773E-2
1.430409376E1,6.414085161E-3,3.260493279E-2,2.206750773E-2
1.430609372E1,5.192354787E-3,3.321579844E-2,1.962404512E-2
1.430809369E1,7.024950348E-3,3.443752974E-2,2.145664208E-2
1.431009369E1,9.468411095E-3,3.321579844E-2,2.206750773E-2
1.431209372E1,5.192354787E-3,2.955060638E-2,2.206750773E-2
1.431409376E1,6.414085161E-3,2.893974073E-2,2.023491077E-2
1.431609379E1,8.857546374E-3,2.893974073E-2,1.779145002E-2
1.431809382E1,8.246680722E-3,2.955060638E-2,1.840231568E-2
1.432009386E1,1.007927675E-2,2.955060638E-2,1.779145002E-2
1.432209476E1,5.803219974E-3,2.893974073E-2,1.962404512E-2
1.432409569E1,1.007927675E-2,3.138320148E-2,1.779145002E-2
1.432609572E1,1.252273750E-2,3.016147204E-2,1.656972058E-2
1.432809572E1,8.246680722E-3,3.260493279E-2,1.962404512E-2
1.433009572E1,8.857546374E-3,3.077233583E-2,1.718058437E-2
1.433209572E1,1.313360315E-2,3.138320148E-2,1.840231568E-2
1.433409572E1,1.252273750E-2,3.199406713E-2,1.901318133E-2
1.433609572E1,1.496619824E-2,3.321579844E-2,2.023491077E-2
1.433809572E1,1.802052557E-2,3.199406713E-2,1.840231568E-2
1.434009569E1,1.557706390E-2,3.077233583E-2,1.962404512E-2
1.434209479E1,1.679879427E-2,2.771801129E-2,1.840231568E-2
1.434409385E1,1.679879427E-2,2.771801129E-2,1.840231568E-2
1.434609382E1,1.496619824E-2,2.344195358E-2,1.656972058E-2
1.434809379E1,1.863138936E-2,2.222022414E-2,1.656972058E-2
1.435009375E1,1.252273750E-2,2.160935849E-2,1.534798928E-2
1.435209372E1,1.191187184E-2,1.977676153E-2,1.473712362E-2
1.435409368E1,1.496619824E-2,2.038762718E-2,1.290452853E-2
1.435609368E1,1.618792862E-2,1.733330078E-2,1.412625890E-2
1.435809372E1,1.863138936E-2,1.733330078E-2,1.595885493E-2
1.436009375E1,1.618792862E-2,1.550070569E-2,1.351539325E-2
1.436209465E1,1.252273750E-2,1.244637929E-2,1.290452853E-2
1.436409552E1,1.313360315E-2,9.392052889E-3,1.046106778E-2
1.436609555E1,1.496619824E-2,9.392052889E-3,9.850202128E-3
1.436809558E1,1.496619824E-2,6.948592141E-3,9.239336476E-3
1.437009562E1,1.007927675E-2,4.505131394E-3,1.046106778E-2
1.437209562E1,1.252273750E-2,5.115996581E-3,7.406740915E-3
1.437409558E1,1.130100712E-2,2.061670180E-3,9.239336476E-3
1.437609555E1,1.618792862E-2,-9.926559869E-4,8.017606102E-3
1.437809551E1,1.679879427E-2,1.450804994E-3,8.017606102E-3
1.438009548E1,1.435533352E-2,-2.825251780E-3,7.406740915E-3
1.438209458E1,1.496619824E-2,-2.825251780E-3,7.406740915E-3
1.438409558E1,1.496619824E-2,-2.825251780E-3,7.406740915E-3
1.438609555E1,1.374446787E-2,-3.436116967E-3,9.239336476E-3
1.438809554E1,1.252273750E-2,-5.879578181E-3,9.239336476E-3
1.439009558E1,9.468411095E-3,-7.101308554E-3,9.850202128E-3
1.439209561E1,1.252273750E-2,-6.490443368E-3,9.850202128E-3
1.439409564E1,1.374446787E-2,-8.323038928E-3,9.239336476E-3
1.439609568E1,1.252273750E-2,-1.015563495E-2,1.046106778E-2
1.439809571E1,1.191187184E-2,-8.933904581E-3,9.239336476E-3
1.440009574E1,1.985312067E-2,-8.323038928E-3,9.850202128E-3
1.440209664E1,1.557706390E-2,-1.015563495E-2,8.628471754E-3
1.440409758E1,1.618792862E-2,-7.101308554E-3,5.574145354E-3
1.440609758E1,1.313360315E-2,-5.268712528E-3,6.185010541E-3
1.440809758E1,1.130100712E-2,-7.712173741E-3,6.795875728E-3
1.441009758E1,1.374446787E-2,-7.712173741E-3,5.574145354E-3
1.441209758E1,1.069014147E-2,-1.076649968E-2,4.963280167E-3
1.441409758E1,1.313360315E-2,-1.015563495E-2,6.185010541E-3
1.441609758E1,1.069014147E-2,-1.137736533E-2,6.795875728E-3
1.441809754E1,1.007927675E-2,-1.076649968E-2,6.185010541E-3
1.442009751E1,1.374446787E-2,-8.933904581E-3,4.963280167E-3
1.442209661E1,1.069014147E-2,-8.933904581E-3,4.352414981E-3
1.442409571E1,1.069014147E-2,-8.933904581E-3,4.352414981E-3
1.442609567E1,1.069014147E-2,-7.101308554E-3,4.352414981E-3
1.442809564E1,1.313360315E-2,-5.268712528E-3,6.795875728E-3
1.443009561E1,1.191187184E-2,-2.214386594E-3,3.130684374E-3
1.443209557E1,1.130100712E-2,-5.879578181E-3,1.908953884E-3
1.443409557E1,1.313360315E-2,-5.268712528E-3,6.872233935E-4
1.443609560E1,1.007927675E-2,-6.490443368E-3,1.298088697E-3
1.443809564E1,1.191187184E-2,-3.436116967E-3,3.741549561E-3
1.444009567E1,8.246680722E-3,-3.436116967E-3,1.298088697E-3
1.444209657E1,8.857546374E-3,-3.436116967E-3,2.519819187E-3
1.444409557E1,1.252273750E-2,8.399396902E-4,4.352414981E-3
1.444609560E1,1.069014147E-2,3.283400787E-3,4.963280167E-3
1.444809564E1,5.803219974E-3,3.283400787E-3,3.741549561E-3
1.445009564E1,1.191187184E-2,5.115996581E-3,3.130684374E-3
1.445209560E1,8.246680722E-3,3.283400787E-3,2.519819187E-3
1.445409557E1,6.414085161E-3,3.283400787E-3,1.298088697E-3
1.445609554E1,1.069014147E-2,8.399396902E-4,6.872233935E-4
1.445809550E1,4.581489135E-3,8.399396902E-4,6.872233935E-4
1.446009547E1,3.970623948E-3,2.290744742E-4,6.872233935E-4
1.446209457E1,2.138028387E-3,3.283400787E-3,-5.345070967E-4
1.446409363E1,2.138028387E-3,3.283400787E-3,-5.345070967E-4
1.446609363E1,6.414085161E-3,3.894265974E-3,6.872233935E-4
1.446809363E1,2.138028387E-3,3.894265974E-3,7.635815564E-5
1.447009363E1,3.359758761E-3,1.450804994E-3,7.635815564E-5
1.447209363E1,5.803219974E-3,2.290744742E-4,-4.199698567E-3
1.447409363E1,9.162978968E-4,-3.436116967E-3,-4.199698567E-3
1.447609363E1,-3.054326226E-4,-4.046982154E-3,-4.199698567E-3
1.447809363E1,-3.054326226E-4,-5.268712528E-3,-3.588833380E-3
1.448009363E1,-3.054326226E-4,-4.046982154E-3,-4.810563754E-3
1.448209450E1,-3.359758761E-3,-2.825251780E-3,-5.421428941E-3
1.448409540E1,-9.162978968E-4,-2.214386594E-3,-6.032294128E-3
1.448609543E1,-2.138028387E-3,-4.046982154E-3,-9.086620063E-3
1.448809546E1,-5.803219974E-3,-4.046982154E-3,-8.475755341E-3
1.449009550E1,-2.748893574E-3,-6.490443368E-3,-6.032294128E-3
1.449209553E1,2.138028387E-3,-8.323038928E-3,-7.254024968E-3
1.449409556E1,-5.803219974E-3,-8.323038928E-3,-9.086620063E-3
1.449609556E1,-3.359758761E-3,-1.259909570E-2,-1.091921609E-2
1.449809556E1,3.054326226E-4,-1.382082608E-2,-1.275181212E-2
1.450009553E1,-3.359758761E-3,-1.320996135E-2,-9.086620063E-3
1.450209463E1,-3.970623948E-3,-1.076649968E-2,-1.153008174E-2
1.450409370E1,-3.359758761E-3,-1.259909570E-2,-9.697485715E-3
1.450609366E1,-1.527163084E-3,-1.259909570E-2,-1.153008174E-2
1.450809363E1,-4.581489135E-3,-1.076649968E-2,-1.214094646E-2
1.451009359E1,-3.054326226E-4,-1.137736533E-2,-1.214094646E-2
1.451209359E1,-1.527163084E-3,-1.443169173E-2,-1.397354249E-2
1.451409363E1,9.162978968E-4,-1.443169173E-2,-1.336267684E-2
1.451609366E1,-3.054326226E-4,-1.504255645E-2,-1.336267684E-2
1.451809369E1,-3.359758761E-3,-1.809688285E-2,-1.458440814E-2
1.452009373E1,-2.138028387E-3,-1.443169173E-2,-1.336267684E-2
1.452209463E1,-4.581489135E-3,-1.443169173E-2,-1.458440814E-2
1.452409556E1,-3.970623948E-3,-1.565342210E-2,-1.458440814E-2
1.452609559E1,-4.581489135E-3,-1.320996135E-2,-1.214094646E-2
1.452809562E1,-3.359758761E-3,-1.320996135E-2,-1.458440814E-2
1.453009563E1,-9.162978968E-4,-1.259909570E-2,-1.458440814E-2
1.453209562E1,-3.970623948E-3,-1.198823005E-2,-1.336267684E-2
1.453409562E1,-5.192354787E-3,-1.015563495E-2,-1.336267684E-2
1.453609563E1,-5.192354787E-3,-6.490443368E-3,-1.458440814E-2
1.453809562E1,-3.970623948E-3,-5.879578181E-3,-1.397354249E-2
1.454009563E1,-4.581489135E-3,-1.603521290E-3,-1.397354249E-2
1.454209476E1,-3.054326226E-4,-1.603521290E-3,-1.336267684E-2
1.454409386E1,-3.054326226E-4,-1.603521290E-3,-1.336267684E-2
1.454609382E1,-3.359758761E-3,-2.214386594E-3,-1.397354249E-2
1.454809379E1,-3.970623948E-3,-9.926559869E-4,-1.397354249E-2
1.455009376E1,-4.581489135E-3,-3.817907709E-4,-1.397354249E-2
1.455209372E1,-3.970623948E-3,8.399396902E-4,-1.641700417E-2
1.455409369E1,-6.414085161E-3,2.061670180E-3,-1.458440814E-2
1.455609365E1,-5.192354787E-3,8.399396902E-4,-1.702786796E-2
1.455809362E1,-9.468411095E-3,3.283400787E-3,-1.519527286E-2
1.456009362E1,-7.635815535E-3,3.283400787E-3,-1.214094646E-2
1.456209452E1,-8.246680722E-3,3.894265974E-3,-1.458440814E-2
1.456409545E1,-7.024950348E-3,4.505131394E-3,-1.397354249E-2
1.456609549E1,-7.024950348E-3,4.505131394E-3,-1.519527286E-2
1.456809552E1,-7.635815535E-3,5.115996581E-3,-1.519527286E-2
1.457009555E1,-3.970623948E-3,4.505131394E-3,-1.519527286E-2
1.457209559E1,-9.468411095E-3,6.948592141E-3,-1.580613852E-2
1.457409558E1,-6.414085161E-3,6.948592141E-3,-1.458440814E-2
1.457609559E1,-3.970623948E-3,7.559457328E-3,-1.397354249E-2
1.457809555E1,-7.635815535E-3,5.726861767E-3,-1.519527286E-2
1.458009552E1,-1.007927675E-2,7.559457328E-3,-1.336267684E-2
1.458209462E1,-9.468411095E-3,4.505131394E-3,-1.519527286E-2
1.458409368E1,-8.246680722E-3,2.061670180E-3,-1.397354249E-2
1.458609365E1,-7.024950348E-3,4.505131394E-3,-1.397354249E-2
1.458809362E1,-5.192354787E-3,3.283400787E-3,-1.275181212E-2
1.459009362E1,3.054326226E-4,8.399396902E-4,-1.336267684E-2
1.459209362E1,-2.138028387E-3,2.290744742E-4,-1.275181212E-2
1.459409365E1,-5.803219974E-3,2.672535367E-3,-1.336267684E-2
1.459609368E1,-9.162978968E-4,2.672535367E-3,-1.153008174E-2
1.459809371E1,-7.024950348E-3,1.450804994E-3,-1.275181212E-2
1.460009375E1,-3.054326226E-4,2.061670180E-3,-9.697485715E-3
1.460209465E1,-2.138028387E-3,3.283400787E-3,-7.864889689E-3
1.460409555E1,-1.527163084E-3,2.672535367E-3,-9.697485715E-3
1.460609558E1,-3.359758761E-3,2.061670180E-3,-9.697485715E-3
1.460809558E1,-2.748893574E-3,8.399396902E-4,-7.254024968E-3
1.461009558E1,-1.527163084E-3,1.450804994E-3,-7.864889689E-3
1.461209558E1,-9.162978968E-4,8.399396902E-4,-6.643159315E-3
1.461409558E1,-1.527163084E-3,-2.825251780E-3,-7.864889689E-3
1.461609558E1,-3.054326226E-4,-3.817907709E-4,-5.421428941E-3
1.461809558E1,-2.748893574E-3,-9.926559869E-4,-6.032294128E-3
1.462009558E1,-1.527163084E-3,-2.825251780E-3,-3.588833380E-3
1.462209468E1,-2.138028387E-3,-1.603521290E-3,-4.199698567E-3
1.462409375E1,-2.138028387E-3,-1.603521290E-3,-4.199698567E-3
1.462609371E1,-9.162978968E-4,8.399396902E-4,-4.199698567E-3
1.462809368E1,-7.635815535E-3,-9.926559869E-4,-4.199698567E-3
1.463009364E1,-8.246680722E-3,-1.603521290E-3,-5.421428941E-3
1.463209361E1,-8.246680722E-3,-9.926559869E-4,-5.421428941E-3
1.463409358E1,-5.803219974E-3,-9.926559869E-4,-7.254024968E-3
1.463609354E1,-8.246680722E-3,2.290744742E-4,-6.643159315E-3
1.463809354E1,-1.252273750E-2,-1.603521290E-3,-5.421428941E-3
1.464009358E1,-9.468411095E-3,-2.825251780E-3,-7.254024968E-3
1.464209448E1,-1.007927675E-2,-9.926559869E-4,-6.643159315E-3
1.464409541E1,-1.069014147E-2,-1.603521290E-3,-6.643159315E-3
1.464609544E1,-1.069014147E-2,-9.926559869E-4,-8.475755341E-3
1.464809547E1,-1.069014147E-2,2.290744742E-4,-9.086620063E-3
1.465009551E1,-1.618792862E-2,-9.926559869E-4,-7.254024968E-3
1.465209554E1,-1.435533352E-2,-1.603521290E-3,-7.254024968E-3
1.465409554E1,-1.374446787E-2,-9.926559869E-4,-9.697485715E-3
1.465609551E1,-1.374446787E-2,-1.603521290E-3,-7.254024968E-3
1.465809671E1,-1.130100712E-2,1.450804994E-3,-6.032294128E-3
1.466009667E1,-1.069014147E-2,1.450804994E-3,-6.643159315E-3
1.466209577E1,-9.468411095E-3,2.672535367E-3,-7.254024968E-3
1.466409490E1,-9.468411095E-3,2.672535367E-3,-7.254024968E-3
1.466609487E1,-8.857546374E-3,2.672535367E-3,-9.086620063E-3
1.466809487E1,-6.414085161E-3,8.399396902E-4,-7.254024968E-3
1.467009487E1,-6.414085161E-3,2.672535367E-3,-6.032294128E-3
1.467209487E1,-7.024950348E-3,2.061670180E-3,-6.032294128E-3
1.467409487E1,-7.024950348E-3,2.061670180E-3,-7.254024968E-3
1.467609487E1,-3.970623948E-3,3.894265974E-3,-6.032294128E-3
1.467809487E1,-4.581489135E-3,2.061670180E-3,-7.254024968E-3
1.468009487E1,-5.803219974E-3,2.061670180E-3,-6.032294128E-3
1.468209574E1,-2.138028387E-3,2.672535367E-3,-6.643159315E-3
1.468409664E1,-1.527163084E-3,2.672535367E-3,-5.421428941E-3
1.468609667E1,-3.054326226E-4,5.115996581E-3,-5.421428941E-3
1.468809670E1,-1.527163084E-3,1.450804994E-3,-7.254024968E-3
1.469009674E1,-9.162978968E-4,2.672535367E-3,-5.421428941E-3
1.469209677E1,-1.527163084E-3,3.283400787E-3,-6.643159315E-3
1.469409680E1,-3.054326226E-4,4.505131394E-3,-3.588833380E-3
1.469609684E1,-2.138028387E-3,3.894265974E-3,-6.032294128E-3
1.469809687E1,-9.162978968E-4,5.115996581E-3,-5.421428941E-3
1.470009687E1,2.138028387E-3,4.505131394E-3,-6.643159315E-3
1.470209597E1,9.162978968E-4,4.505131394E-3,-6.032294128E-3
1.470409503E1,9.162978968E-4,4.505131394E-3,-6.032294128E-3
1.470609500E1,3.054326226E-4,2.672535367E-3,-6.032294128E-3
1.470809497E1,-3.054326226E-4,4.505131394E-3,-6.032294128E-3
1.471009493E1,3.054326226E-4,3.283400787E-3,-7.254024968E-3
1.471209490E1,3.054326226E-4,5.115996581E-3,-6.643159315E-3
1.471409486E1,-2.138028387E-3,3.283400787E-3,-7.254024968E-3
1.471609486E1,-3.054326226E-4,3.283400787E-3,-7.254024968E-3
1.471809366E1,3.054326226E-4,1.450804994E-3,-6.032294128E-3
1.472009370E1,-2.138028387E-3,2.672535367E-3,-8.475755341E-3
1.472209460E1,3.054326226E-4,2.672535367E-3,-9.086620063E-3
1.472409546E1,-9.162978968E-4,1.450804994E-3,-8.475755341E-3
1.472609550E1,-9.162978968E-4,8.399396902E-4,-7.864889689E-3
1.472809553E1,9.162978968E-4,8.399396902E-4,-7.864889689E-3
1.473009556E1,-5.192354787E-3,3.894265974E-3,-7.254024968E-3
1.473209560E1,-2.138028387E-3,4.505131394E-3,-5.421428941E-3
1.473409560E1,-2.748893574E-3,5.726861767E-3,-6.643159315E-3
1.473609560E1,-5.803219974E-3,5.726861767E-3,-6.032294128E-3
1.473809560E1,-4.581489135E-3,4.505131394E-3,-6.643159315E-3
1.474009560E1,-4.581489135E-3,5.726861767E-3,-5.421428941E-3
1.474209473E1,-4.581489135E-3,1.000291854E-2,-7.864889689E-3
1.474409383E1,-4.581489135E-3,1.000291854E-2,-7.864889689E-3
1.474609379E1,-4.581489135E-3,1.122464892E-2,-6.032294128E-3
1.474809376E1,-7.635815535E-3,1.366810966E-2,-7.254024968E-3
1.475009373E1,-3.970623948E-3,1.244637929E-2,-9.086620063E-3
1.475209369E1,-5.803219974E-3,1.550070569E-2,-6.032294128E-3
1.475409366E1,-6.414085161E-3,1.488984004E-2,-7.864889689E-3
1.475609362E1,-4.581489135E-3,1.672243699E-2,-6.032294128E-3
1.475809359E1,-9.468411095E-3,1.550070569E-2,-9.086620063E-3
1.476009356E1,-8.857546374E-3,1.488984004E-2,-7.864889689E-3
1.476209442E1,-7.024950348E-3,1.550070569E-2,-7.864889689E-3
1.476409536E1,-8.246680722E-3,1.672243699E-2,-6.643159315E-3
1.476609539E1,-5.192354787E-3,1.733330078E-2,-8.475755341E-3
1.476809542E1,-7.024950348E-3,1.550070569E-2,-8.475755341E-3
1.477009545E1,1.527163084E-3,1.550070569E-2,-8.475755341E-3
1.477209549E1,-6.414085161E-3,1.427897532E-2,-8.475755341E-3
1.477409552E1,-4.581489135E-3,1.488984004E-2,-1.153008174E-2
1.477609555E1,-3.359758761E-3,1.611157134E-2,-9.086620063E-3
1.477809555E1,-8.857546374E-3,1.672243699E-2,-1.091921609E-2
1.478009552E1,-2.748893574E-3,1.427897532E-2,-1.214094646E-2
1.478209462E1,-7.635815535E-3,1.122464892E-2,-1.030835137E-2
1.478409372E1,-7.635815535E-3,1.122464892E-2,-1.030835137E-2
1.478609368E1,-6.414085161E-3,1.061378326E-2,-1.091921609E-2
1.478809365E1,-5.192354787E-3,1.061378326E-2,-1.030835137E-2
1.479009362E1,-5.192354787E-3,8.781188168E-3,-1.397354249E-2
1.479209358E1,-5.192354787E-3,9.392052889E-3,-1.397354249E-2
1.479409358E1,-6.414085161E-3,8.781188168E-3,-1.458440814E-2
1.479609362E1,-7.024950348E-3,8.781188168E-3,-1.458440814E-2
1.479809365E1,-3.970623948E-3,8.170322515E-3,-1.091921609E-2
1.480009368E1,-5.803219974E-3,8.781188168E-3,-1.214094646E-2
1.480209458E1,-5.192354787E-3,8.781188168E-3,-1.153008174E-2
1.480409552E1,-2.748893574E-3,8.170322515E-3,-1.336267684E-2
1.480609555E1,-3.970623948E-3,8.170322515E-3,-1.153008174E-2
1.480809558E1,-2.138028387E-3,7.559457328E-3,-1.153008174E-2
1.481009561E1,-6.414085161E-3,8.781188168E-3,-1.275181212E-2
1.481209561E1,-5.192354787E-3,5.726861767E-3,-1.397354249E-2
1.481409561E1,-4.581489135E-3,6.337726954E-3,-1.275181212E-2
1.481609561E1,-3.970623948E-3,8.170322515E-3,-1.458440814E-2
1.481809561E1,-6.414085161E-3,6.948592141E-3,-1.091921609E-2
1.482009561E1,-3.359758761E-3,8.781188168E-3,-1.397354249E-2
1.482209475E1,-1.527163084E-3,9.392052889E-3,-1.519527286E-2
1.482409381E1,-1.527163084E-3,9.392052889E-3,-1.519527286E-2
1.482609378E1,-5.192354787E-3,1.000291854E-2,-1.091921609E-2
1.482809374E1,-7.024950348E-3,1.183551457E-2,-1.153008174E-2
1.483009371E1,-1.527163084E-3,1.122464892E-2,-9.697485715E-3
1.483209368E1,-3.970623948E-3,1.305724494E-2,-1.214094646E-2
1.483409364E1,-2.138028387E-3,1.244637929E-2,-1.091921609E-2
1.483609361E1,-3.970623948E-3,1.183551457E-2,-1.214094646E-2
1.483809358E1,-2.138028387E-3,1.305724494E-2,-9.697485715E-3
1.484009358E1,-4.581489135E-3,1.427897532E-2,-1.030835137E-2
1.484209444E1,-5.192354787E-3,1.488984004E-2,-9.697485715E-3
1.484409534E1,-2.138028387E-3,1.611157134E-2,-8.475755341E-3
1.484609537E1,-3.359758761E-3,1.855503209E-2,-7.254024968E-3
1.484809541E1,-5.803219974E-3,1.733330078E-2,-7.254024968E-3
1.485009544E1,-3.359758761E-3,1.855503209E-2,-9.697485715E-3
1.485209547E1,-3.359758761E-3,1.794416644E-2,-7.254024968E-3
1.485409551E1,-3.359758761E-3,1.733330078E-2,-8.475755341E-3
1.485609551E1,-2.138028387E-3,1.611157134E-2,-9.086620063E-3
1.485809547E1,-1.527163084E-3,1.794416644E-2,-7.254024968E-3
1.486009544E1,-7.024950348E-3,1.855503209E-2,-6.643159315E-3
1.486209454E1,-2.748893574E-3,1.977676153E-2,-6.032294128E-3
1.486409554E1,-3.359758761E-3,2.038762718E-2,-7.864889689E-3
1.486609550E1,-3.359758761E-3,1.794416644E-2,-8.475755341E-3
1.486809547E1,-2.748893574E-3,1.611157134E-2,-7.864889689E-3
1.487009544E1,-3.970623948E-3,1.611157134E-2,-8.475755341E-3
1.487209544E1,-5.192354787E-3,1.427897532E-2,-7.864889689E-3
1.487409547E1,-1.527163084E-3,1.366810966E-2,-7.254024968E-3
1.487609550E1,9.162978968E-4,1.122464892E-2,-8.475755341E-3
1.487809554E1,-1.527163084E-3,1.061378326E-2,-7.254024968E-3
1.488009557E1,-1.527163084E-3,1.061378326E-2,-9.086620063E-3
1.488209647E1,-1.527163084E-3,8.170322515E-3,-8.475755341E-3
1.488409740E1,-9.162978968E-4,8.781188168E-3,-6.032294128E-3
1.488609743E1,-3.359758761E-3,7.559457328E-3,-9.086620063E-3
1.488809747E1,9.162978968E-4,6.948592141E-3,-8.475755341E-3
1.489009747E1,9.162978968E-4,6.337726954E-3,-7.254024968E-3
1.489209747E1,3.054326226E-4,3.894265974E-3,-9.697485715E-3
1.489409747E1,-1.527163084E-3,8.399396902E-4,-1.030835137E-2
1.489609747E1,-3.054326226E-4,-9.926559869E-4,-1.030835137E-2
1.489809747E1,-1.527163084E-3,-3.436116967E-3,-1.030835137E-2
1.490009747E1,-1.527163084E-3,-7.101308554E-3,-1.030835137E-2
1.490209660E1,-3.054326226E-4,-7.712173741E-3,-1.091921609E-2
1.490409573E1,-3.054326226E-4,-7.712173741E-3,-1.091921609E-2
1.490609570E1,-2.748893574E-3,-9.544769302E-3,-1.030835137E-2
1.490809567E1,-2.138028387E-3,-9.544769302E-3,-1.153008174E-2
1.491009563E1,9.162978968E-4,-1.015563495E-2,-1.091921609E-2
1.491209560E1,-2.748893574E-3,-1.015563495E-2,-1.091921609E-2
1.491409556E1,-3.970623948E-3,-1.015563495E-2,-1.275181212E-2
1.491609553E1,-2.138028387E-3,-1.076649968E-2,-1.275181212E-2
1.491809553E1,-2.138028387E-3,-1.382082608E-2,-1.030835137E-2
1.492009553E1,-9.162978968E-4,-1.137736533E-2,-1.030835137E-2
1.492209643E1,-9.162978968E-4,-1.259909570E-2,-1.336267684E-2
1.492409543E1,-9.162978968E-4,-1.320996135E-2,-1.091921609E-2
1.492609546E1,3.054326226E-4,-1.198823005E-2,-1.214094646E-2
1.492809550E1,-3.054326226E-4,-1.137736533E-2,-9.086620063E-3
1.493009553E1,3.359758761E-3,-1.015563495E-2,-9.086620063E-3
1.493209556E1,-9.162978968E-4,-8.933904581E-3,-1.214094646E-2
1.493409556E1,3.054326226E-4,-1.015563495E-2,-9.697485715E-3
1.493609553E1,3.359758761E-3,-6.490443368E-3,-9.697485715E-3
1.493809549E1,9.162978968E-4,-5.879578181E-3,-9.086620063E-3
1.494009546E1,9.162978968E-4,-5.268712528E-3,-8.475755341E-3
1.494209456E1,9.162978968E-4,-5.268712528E-3,-6.643159315E-3
1.494409362E1,-3.054326226E-4,-4.657847341E-3,-6.032294128E-3
1.494609359E1,-3.054326226E-4,-3.436116967E-3,-8.475755341E-3
1.494809356E1,3.359758761E-3,-9.926559869E-4,-6.032294128E-3
1.495009356E1,1.527163084E-3,-3.436116967E-3,-5.421428941E-3
1.495209356E1,3.359758761E-3,-3.817907709E-4,-4.810563754E-3
1.495409356E1,3.970623948E-3,2.290744742E-4,-6.643159315E-3
1.495609356E1,1.527163084E-3,-9.926559869E-4,-3.588833380E-3
1.495809356E1,-3.054326226E-4,1.450804994E-3,-7.254024968E-3
1.496009356E1,-1.527163084E-3,3.894265974E-3,-4.199698567E-3
1.496209442E1,2.138028387E-3,1.450804994E-3,-5.421428941E-3
1.496409532E1,1.527163084E-3,2.672535367E-3,-7.254024968E-3
1.496609532E1,1.527163084E-3,2.061670180E-3,-2.367102774E-3
1.496809536E1,3.359758761E-3,1.450804994E-3,-5.421428941E-3
1.497009539E1,-2.748893574E-3,2.061670180E-3,-5.421428941E-3
1.497209542E1,3.054326226E-4,2.290744742E-4,-5.421428941E-3
1.497409546E1,3.054326226E-4,1.450804994E-3,-4.810563754E-3
1.497609549E1,-2.748893574E-3,-1.603521290E-3,-5.421428941E-3
1.497809552E1,9.162978968E-4,-3.817907709E-4,-4.199698567E-3
1.498009555E1,-2.138028387E-3,8.399396902E-4,-7.864889689E-3
1.498209469E1,2.138028387E-3,-9.926559869E-4,-6.643159315E-3
1.498409375E1,2.138028387E-3,-9.926559869E-4,-6.643159315E-3
1.498609372E1,-2.138028387E-3,-3.817907709E-4,-6.032294128E-3
1.498809368E1,-9.162978968E-4,-3.436116967E-3,-9.697485715E-3
1.499009365E1,3.054326226E-4,-2.214386594E-3,-7.254024968E-3
1.499209362E1,2.138028387E-3,-3.436116967E-3,-1.091921609E-2
1.499409358E1,9.162978968E-4,-4.657847341E-3,-1.153008174E-2
1.499609358E1,-9.162978968E-4,-5.268712528E-3,-1.091921609E-2
1.499809358E1,-3.054326226E-4,-6.490443368E-3,-1.030835137E-2
1.500009362E1,2.138028387E-3,-5.268712528E-3,-1.275181212E-2
1.500209452E1,3.359758761E-3,-5.879578181E-3,-1.030835137E-2
1.500409545E1,3.359758761E-3,-6.490443368E-3,-1.397354249E-2
1.500609548E1,3.359758761E-3,-7.712173741E-3,-1.275181212E-2
1.500809552E1,2.138028387E-3,-6.490443368E-3,-1.336267684E-2
1.501009555E1,3.970623948E-3,-7.101308554E-3,-1.153008174E-2
1.501209558E1,4.581489135E-3,-7.712173741E-3,-1.030835137E-2
1.501409558E1,3.970623948E-3,-5.879578181E-3,-1.091921609E-2
1.501609558E1,2.748893574E-3,-7.101308554E-3,-1.030835137E-2
1.501809558E1,7.024950348E-3,-4.657847341E-3,-9.697485715E-3
1.502009558E1,6.414085161E-3,-7.101308554E-3,-1.091921609E-2
1.502209471E1,6.414085161E-3,-5.879578181E-3,-1.030835137E-2
1.502409381E1,6.414085161E-3,-5.879578181E-3,-1.030835137E-2
1.502609381E1,3.970623948E-3,-3.436116967E-3,-1.030835137E-2
1.502809378E1,5.192354787E-3,-4.046982154E-3,-8.475755341E-3
1.503009375E1,3.359758761E-3,-2.214386594E-3,-1.030835137E-2
1.503209371E1,4.581489135E-3,-1.603521290E-3,-9.697485715E-3
1.503409368E1,3.359758761E-3,1.450804994E-3,-9.697485715E-3
1.503609364E1,5.803219974E-3,-3.817907709E-4,-1.030835137E-2
1.503809361E1,3.970623948E-3,-9.926559869E-4,-8.475755341E-3
1.504009358E1,3.359758761E-3,1.450804994E-3,-1.030835137E-2
1.504209441E1,3.970623948E-3,3.283400787E-3,-1.153008174E-2
1.504409531E1,5.192354787E-3,2.061670180E-3,-8.475755341E-3
1.504609534E1,2.138028387E-3,4.505131394E-3,-9.086620063E-3
1.504809538E1,5.803219974E-3,4.505131394E-3,-9.086620063E-3
1.505009541E1,5.192354787E-3,1.450804994E-3,-9.697485715E-3
1.505209544E1,5.192354787E-3,5.115996581E-3,-8.475755341E-3
1.505409547E1,2.138028387E-3,3.894265974E-3,-8.475755341E-3
1.505609551E1,4.581489135E-3,3.283400787E-3,-8.475755341E-3
1.505809554E1,5.192354787E-3,5.115996581E-3,-7.254024968E-3
1.506009554E1,1.130100712E-2,5.115996581E-3,-7.254024968E-3
1.506209464E1,1.191187184E-2,6.337726954E-3,-7.254024968E-3
1.506409371E1,1.191187184E-2,6.337726954E-3,-7.254024968E-3
1.506609367E1,8.246680722E-3,7.559457328E-3,-6.032294128E-3
1.506809364E1,1.191187184E-2,8.781188168E-3,-6.643159315E-3
1.507009360E1,1.496619824E-2,6.948592141E-3,-3.588833380E-3
1.507209357E1,1.191187184E-2,8.170322515E-3,-2.977967961E-3
1.507409357E1,1.313360315E-2,9.392052889E-3,-3.588833380E-3
1.507609357E1,1.618792862E-2,7.559457328E-3,-2.977967961E-3
1.507809360E1,1.557706390E-2,5.115996581E-3,-1.756237587E-3
1.508009364E1,1.618792862E-2,6.337726954E-3,-5.345070967E-4
1.508209454E1,1.924225502E-2,6.948592141E-3,-2.367102774E-3
1.508409540E1,1.802052557E-2,6.948592141E-3,-5.345070967E-4
1.508609544E1,1.740965992E-2,7.559457328E-3,-5.345070967E-4
1.508809547E1,2.168571576E-2,6.337726954E-3,-5.345070967E-4
1.509009550E1,2.290744707E-2,6.337726954E-3,6.872233935E-4
1.509209553E1,1.924225502E-2,3.894265974E-3,1.298088697E-3
1.509409553E1,2.290744707E-2,4.505131394E-3,7.635815564E-5
1.509609553E1,2.046398632E-2,3.894265974E-3,7.635815564E-5
1.509809553E1,1.985312067E-2,2.672535367E-3,7.635815564E-5
1.510009553E1,2.229658142E-2,6.337726954E-3,1.908953884E-3
1.510209467E1,2.168571576E-2,4.505131394E-3,7.635815564E-5
1.510409380E1,2.168571576E-2,4.505131394E-3,7.635815564E-5
1.510609377E1,2.168571576E-2,5.726861767E-3,1.298088697E-3
1.510809373E1,2.168571576E-2,6.337726954E-3,1.298088697E-3
1.511009370E1,2.229658142E-2,5.726861767E-3,2.519819187E-3
1.511209366E1,2.168571576E-2,5.726861767E-3,1.298088697E-3
1.511409363E1,2.168571576E-2,5.115996581E-3,1.298088697E-3
1.511609360E1,2.351831272E-2,8.170322515E-3,6.872233935E-4
1.511809356E1,2.412917651E-2,8.170322515E-3,1.908953884E-3
1.512009353E1,2.168571576E-2,5.726861767E-3,2.519819187E-3
1.512209439E1,2.229658142E-2,6.948592141E-3,1.298088697E-3
1.512409533E1,2.596177347E-2,8.170322515E-3,6.872233935E-4
1.512609536E1,2.535090782E-2,8.781188168E-3,1.298088697E-3
1.512809539E1,2.474004216E-2,9.392052889E-3,1.908953884E-3
1.513009543E1,2.596177347E-2,6.337726954E-3,4.352414981E-3
1.513209546E1,2.657263726E-2,7.559457328E-3,3.130684374E-3
1.513409549E1,2.596177347E-2,9.392052889E-3,2.519819187E-3
1.513609553E1,2.840523422E-2,7.559457328E-3,1.298088697E-3
1.513809552E1,2.840523422E-2,5.115996581E-3,1.908953884E-3
1.514009549E1,2.901609987E-2,4.505131394E-3,-5.345070967E-4
1.514209459E1,1.924225502E-2,4.505131394E-3,7.635815564E-5
1.514409372E1,1.924225502E-2,4.505131394E-3,7.635815564E-5
1.514609369E1,3.023782931E-2,8.399396902E-4,2.519819187E-3
1.514809366E1,3.207042441E-2,-3.817907709E-4,6.872233935E-4
1.515009362E1,3.084869497E-2,-9.926559869E-4,1.908953884E-3
1.515209359E1,3.207042441E-2,-3.436116967E-3,1.908953884E-3
1.515409359E1,3.145955876E-2,-4.046982154E-3,1.298088697E-3
1.515609359E1,3.084869497E-2,-5.268712528E-3,7.635815564E-5
1.515809359E1,3.207042441E-2,-6.490443368E-3,-1.145372284E-3
1.516009359E1,3.512475267E-2,-7.101308554E-3,7.635815564E-5
1.516209445E1,3.145955876E-2,-8.323038928E-3,-5.345070967E-4
1.516409532E1,3.084869497E-2,-1.076649968E-2,-1.145372284E-3
1.516609532E1,2.779436857E-2,-9.544769302E-3,-1.145372284E-3
1.516809532E1,3.023782931E-2,-1.198823005E-2,-3.588833380E-3
1.517009532E1,2.779436857E-2,-1.382082608E-2,-2.977967961E-3
1.517209535E1,3.023782931E-2,-1.198823005E-2,-2.977967961E-3
1.517409539E1,2.596177347E-2,-1.320996135E-2,-2.367102774E-3
1.517609542E1,2.474004216E-2,-1.443169173E-2,-2.367102774E-3
1.517809545E1,2.535090782E-2,-1.504255645E-2,-2.367102774E-3
1.518009548E1,2.351831272E-2,-1.565342210E-2,-1.756237587E-3
1.518209465E1,2.290744707E-2,-1.259909570E-2,7.635815564E-5
1.518409375E1,2.290744707E-2,-1.259909570E-2,7.635815564E-5
1.518609372E1,2.168571576E-2,-1.443169173E-2,-1.756237587E-3
1.518809368E1,2.168571576E-2,-1.382082608E-2,1.908953884E-3
1.519009365E1,2.046398632E-2,-1.259909570E-2,-1.756237587E-3
1.519209362E1,1.863138936E-2,-1.076649968E-2,1.298088697E-3
1.519409358E1,1.557706390E-2,-8.933904581E-3,7.635815564E-5
1.519609355E1,1.435533352E-2,-1.137736533E-2,7.635815564E-5
1.519809351E1,1.252273750E-2,-1.015563495E-2,6.872233935E-4
1.520009351E1,1.191187184E-2,-9.544769302E-3,6.872233935E-4
1.520209441E1,1.435533352E-2,-7.712173741E-3,3.130684374E-3
1.520409528E1,8.246680722E-3,-7.712173741E-3,4.352414981E-3
1.520609531E1,1.007927675E-2,-5.268712528E-3,3.130684374E-3
1.520809534E1,1.252273750E-2,-4.657847341E-3,3.130684374E-3
1.521009538E1,7.635815535E-3,-3.436116967E-3,4.352414981E-3
1.521209541E1,7.635815535E-3,-4.657847341E-3,7.406740915E-3
1.521409544E1,7.024950348E-3,-3.436116967E-3,4.352414981E-3
1.521609548E1,7.024950348E-3,-4.046982154E-3,5.574145354E-3
1.521809548E1,8.857546374E-3,8.399396902E-4,6.795875728E-3
1.522009548E1,8.246680722E-3,-3.817907709E-4,8.017606102E-3
1.522209461E1,5.803219974E-3,8.399396902E-4,9.239336476E-3
1.522409371E1,6.414085161E-3,8.399396902E-4,8.017606102E-3
1.522609371E1,1.527163084E-3,8.399396902E-4,6.795875728E-3
1.522809371E1,3.359758761E-3,2.290744742E-4,9.239336476E-3
1.523009371E1,9.162978968E-4,2.290744742E-4,6.185010541E-3
1.523209368E1,5.192354787E-3,8.399396902E-4,8.628471754E-3
1.523409364E1,4.581489135E-3,2.290744742E-4,8.017606102E-3
1.523609361E1,3.970623948E-3,-1.603521290E-3,6.795875728E-3
1.523809357E1,2.748893574E-3,-1.603521290E-3,8.628471754E-3
1.524009354E1,2.138028387E-3,-4.046982154E-3,6.795875728E-3
1.524209437E1,3.359758761E-3,-3.436116967E-3,6.185010541E-3
1.524409524E1,3.970623948E-3,-4.657847341E-3,8.017606102E-3
1.524609524E1,-1.527163084E-3,-5.268712528E-3,7.406740915E-3
1.524809524E1,-1.527163084E-3,-5.268712528E-3,6.185010541E-3
1.525009527E1,-4.581489135E-3,-3.436116967E-3,5.574145354E-3
1.525209531E1,3.054326226E-4,-7.712173741E-3,6.795875728E-3
1.525409534E1,-4.581489135E-3,-7.101308554E-3,4.963280167E-3
1.525609537E1,-2.138028387E-3,-5.879578181E-3,3.741549561E-3
1.525809540E1,-3.359758761E-3,-6.490443368E-3,3.741549561E-3
1.526009544E1,-5.803219974E-3,-7.712173741E-3,1.298088697E-3
1.526209457E1,-9.468411095E-3,-6.490443368E-3,6.872233935E-4
1.526409367E1,-9.468411095E-3,-6.490443368E-3,6.872233935E-4
1.526609364E1,-8.857546374E-3,-7.712173741E-3,-1.756237587E-3
1.526809360E1,-1.069014147E-2,-7.101308554E-3,-1.756237587E-3
1.527009357E1,-1.252273750E-2,-8.933904581E-3,-2.977967961E-3
1.527209353E1,-1.007927675E-2,-7.101308554E-3,-4.810563754E-3
1.527409350E1,-1.679879427E-2,-7.712173741E-3,-6.032294128E-3
1.527609347E1,-1.557706390E-2,-7.712173741E-3,-6.032294128E-3
1.527809347E1,-2.351831272E-2,-7.712173741E-3,-6.643159315E-3
1.528009350E1,-1.740965992E-2,-7.712173741E-3,-9.086620063E-3
1.528209440E1,-1.863138936E-2,-8.933904581E-3,-9.086620063E-3
1.528409533E1,-1.802052557E-2,-9.544769302E-3,-1.030835137E-2
1.528609537E1,-2.535090782E-2,-7.101308554E-3,-9.697485715E-3
1.528809540E1,-2.412917651E-2,-5.879578181E-3,-1.214094646E-2
1.529009543E1,-2.290744707E-2,-7.101308554E-3,-9.697485715E-3
1.529209546E1,-2.535090782E-2,-7.712173741E-3,-1.091921609E-2
1.529409550E1,-2.412917651E-2,-8.933904581E-3,-1.336267684E-2
1.529609550E1,-2.718350291E-2,-7.712173741E-3,-1.397354249E-2
1.529809550E1,-2.290744707E-2,-5.879578181E-3,-1.275181212E-2
1.530009550E1,-2.596177347E-2,-8.323038928E-3,-1.397354249E-2
1.530209463E1,-2.168571576E-2,-8.933904581E-3,-1.458440814E-2
1.530409373E1,-2.351831272E-2,-6.490443368E-3,-1.336267684E-2
1.530609373E1,-2.229658142E-2,-1.015563495E-2,-1.214094646E-2
1.530809373E1,-1.924225502E-2,-9.544769302E-3,-1.519527286E-2
1.531009370E1,-1.679879427E-2,-1.015563495E-2,-1.458440814E-2
1.531209366E1,-1.863138936E-2,-9.544769302E-3,-1.397354249E-2
1.531409363E1,-1.496619824E-2,-1.076649968E-2,-1.275181212E-2
1.531609359E1,-1.007927675E-2,-9.544769302E-3,-1.275181212E-2
1.531809356E1,-1.191187184E-2,-7.101308554E-3,-1.153008174E-2
1.532009353E1,-7.024950348E-3,-7.101308554E-3,-1.153008174E-2
1.532209436E1,-2.748893574E-3,-7.712173741E-3,-1.153008174E-2
1.532409522E1,-3.970623948E-3,-7.101308554E-3,-1.336267684E-2
1.532609523E1,-7.024950348E-3,-6.490443368E-3,-1.030835137E-2
1.532809526E1,3.359758761E-3,-6.490443368E-3,-1.153008174E-2
1.533009529E1,-3.054326226E-4,-9.544769302E-3,-1.153008174E-2
1.533209532E1,-3.054326226E-4,-5.879578181E-3,-1.030835137E-2
1.533409536E1,5.192354787E-3,-5.268712528E-3,-9.086620063E-3
1.533609539E1,5.803219974E-3,-1.603521290E-3,-7.864889689E-3
1.533809542E1,4.581489135E-3,-1.603521290E-3,-8.475755341E-3
1.534009542E1,1.069014147E-2,1.450804994E-3,-7.254024968E-3
1.534209456E1,1.252273750E-2,3.894265974E-3,-7.254024968E-3
1.534409556E1,1.252273750E-2,3.894265974E-3,-7.254024968E-3
1.534609552E1,1.069014147E-2,6.337726954E-3,-3.588833380E-3
1.534809549E1,1.252273750E-2,6.948592141E-3,-2.977967961E-3
1.535009545E1,1.130100712E-2,5.726861767E-3,-2.367102774E-3
1.535209542E1,1.069014147E-2,6.948592141E-3,-4.199698567E-3
1.535409539E1,1.007927675E-2,6.948592141E-3,-2.977967961E-3
1.535609539E1,1.374446787E-2,9.392052889E-3,-5.345070967E-4
1.535809542E1,1.069014147E-2,1.061378326E-2,1.298088697E-3
1.536009545E1,1.130100712E-2,1.000291854E-2,2.519819187E-3
1.536209635E1,1.435533352E-2,1.244637929E-2,4.352414981E-3
1.536409729E1,8.246680722E-3,1.244637929E-2,5.574145354E-3
1.536609732E1,1.435533352E-2,1.305724494E-2,6.185010541E-3
1.536809735E1,1.252273750E-2,1.366810966E-2,7.406740915E-3
1.537009738E1,1.191187184E-2,1.305724494E-2,8.017606102E-3
1.537209742E1,1.313360315E-2,1.305724494E-2,6.185010541E-3
1.537409742E1,1.374446787E-2,1.244637929E-2,8.017606102E-3
1.537609742E1,8.857546374E-3,1.061378326E-2,8.628471754E-3
1.537809742E1,1.435533352E-2,9.392052889E-3,6.795875728E-3
1.538009742E1,1.007927675E-2,8.170322515E-3,5.574145354E-3
1.538209655E1,1.069014147E-2,5.115996581E-3,4.352414981E-3
1.538409568E1,1.069014147E-2,5.115996581E-3,4.352414981E-3
1.538609568E1,9.468411095E-3,5.115996581E-3,6.185010541E-3
1.538809565E1,1.313360315E-2,3.283400787E-3,5.574145354E-3
1.539009562E1,1.130100712E-2,2.061670180E-3,3.130684374E-3
1.539209558E1,1.191187184E-2,-2.214386594E-3,4.963280167E-3
1.539409555E1,1.557706390E-2,-2.214386594E-3,3.130684374E-3
1.539609551E1,9.468411095E-3,-1.603521290E-3,3.130684374E-3
1.539809548E1,1.130100712E-2,-3.436116967E-3,2.519819187E-3
1.540009545E1,1.313360315E-2,-8.323038928E-3,2.519819187E-3
1.540209628E1,1.252273750E-2,-8.323038928E-3,1.298088697E-3
1.540409524E1,1.557706390E-2,-7.712173741E-3,-5.345070967E-4
1.540609528E1,1.130100712E-2,-1.137736533E-2,-2.977967961E-3
1.540809531E1,1.557706390E-2,-1.198823005E-2,-5.345070967E-4
1.541009534E1,1.557706390E-2,-1.259909570E-2,-3.588833380E-3
1.541209538E1,1.374446787E-2,-1.382082608E-2,-5.345070967E-4
1.541409541E1,1.557706390E-2,-1.504255645E-2,-7.864889689E-3
1.541609544E1,1.496619824E-2,-1.687515154E-2,-4.810563754E-3
1.541809544E1,1.802052557E-2,-1.870774850E-2,-9.086620063E-3
1.542009544E1,1.130100712E-2,-1.992947794E-2,-7.254024968E-3
1.542209454E1,1.313360315E-2,-2.359467000E-2,-9.086620063E-3
1.542409361E1,1.313360315E-2,-2.359467000E-2,-9.086620063E-3
1.542609357E1,1.191187184E-2,-2.603813075E-2,-1.091921609E-2
1.542809354E1,7.635815535E-3,-2.542726509E-2,-1.091921609E-2
1.543009351E1,9.468411095E-3,-2.787072770E-2,-1.275181212E-2
1.543209347E1,1.191187184E-2,-2.725986205E-2,-1.214094646E-2
1.543409347E1,8.857546374E-3,-2.848159149E-2,-1.397354249E-2
1.543609347E1,8.246680722E-3,-3.092505224E-2,-1.214094646E-2
1.543809347E1,4.581489135E-3,-2.970332280E-2,-1.397354249E-2
1.544009347E1,8.857546374E-3,-3.092505224E-2,-1.091921609E-2
1.544209434E1,8.857546374E-3,-3.092505224E-2,-1.458440814E-2
1.544409520E1,5.192354787E-3,-3.275764734E-2,-1.397354249E-2
1.544609520E1,7.635815535E-3,-3.336851299E-2,-1.763873361E-2
1.544809520E1,3.970623948E-3,-3.459024429E-2,-1.580613852E-2
1.545009520E1,3.054326226E-4,-3.581197560E-2,-1.763873361E-2
1.545209524E1,3.359758761E-3,-3.520110995E-2,-1.641700417E-2
1.545409527E1,-9.162978968E-4,-3.642284125E-2,-1.886046492E-2
1.545609530E1,-3.359758761E-3,-3.214678168E-2,-1.824959926E-2
1.545809497E1,-3.970623948E-3,-3.336851299E-2,-2.069306001E-2
1.546009500E1,-7.024950348E-3,-3.275764734E-2,-1.947133057E-2
1.546209417E1,-1.007927675E-2,-3.153591976E-2,-1.763873361E-2
1.546409330E1,-1.007927675E-2,-3.153591976E-2,-1.763873361E-2
1.546609330E1,-5.803219974E-3,-2.787072770E-2,-1.824959926E-2
1.546809327E1,-1.069014147E-2,-2.909245715E-2,-1.886046492E-2
1.547009323E1,-8.246680722E-3,-2.909245715E-2,-2.069306001E-2
1.547209320E1,-1.069014147E-2,-2.603813075E-2,-2.069306001E-2
1.547409317E1,-8.246680722E-3,-2.664899640E-2,-1.824959926E-2
1.547609313E1,-8.857546374E-3,-2.420553565E-2,-2.069306001E-2
1.547809310E1,-1.130100712E-2,-2.603813075E-2,-2.130392566E-2
1.548009306E1,-1.252273750E-2,-2.359467000E-2,-2.191479132E-2
1.548209393E1,-1.069014147E-2,-2.298380435E-2,-2.130392566E-2
1.548409486E1,-8.857546374E-3,-2.481640130E-2,-2.130392566E-2
1.548609490E1,-1.007927675E-2,-2.115120925E-2,-1.886046492E-2
1.548809493E1,-8.857546374E-3,-1.992947794E-2,-2.069306001E-2
1.549009496E1,-5.192354787E-3,-2.176207490E-2,-2.130392566E-2
1.549209499E1,-7.024950348E-3,-2.298380435E-2,-2.191479132E-2
1.549409503E1,-7.635815535E-3,-2.237293869E-2,-2.130392566E-2
1.549609506E1,-7.635815535E-3,-2.481640130E-2,-2.252565511E-2
1.549809509E1,-7.024950348E-3,-2.359467000E-2,-2.374738641E-2
1.550009509E1,-1.527163084E-3,-2.481640130E-2,-2.313652076E-2
1.550209423E1,-5.192354787E-3,-2.664899640E-2,-2.496911772E-2
1.550409339E1,-5.192354787E-3,-2.664899640E-2,-2.496911772E-2
1.550609339E1,-1.527163084E-3,-2.664899640E-2,-2.313652076E-2
1.550809339E1,-3.970623948E-3,-2.909245715E-2,-2.496911772E-2
1.551009339E1,3.054326226E-4,-2.787072770E-2,-2.435825206E-2
1.551209336E1,-1.527163084E-3,-2.970332280E-2,-2.557998151E-2
1.551409332E1,1.527163084E-3,-2.909245715E-2,-2.557998151E-2
1.551609329E1,2.138028387E-3,-3.153591976E-2,-2.557998151E-2
1.551809362E1,3.970623948E-3,-3.153591976E-2,-2.802344225E-2
1.552009359E1,3.054326226E-4,-3.153591976E-2,-2.741257846E-2
1.552209442E1,9.162978968E-4,-3.214678168E-2,-2.741257846E-2
1.552409529E1,9.162978968E-4,-3.153591976E-2,-2.741257846E-2
1.552609525E1,3.970623948E-3,-3.459024429E-2,-2.680171281E-2
1.552809525E1,3.054326226E-4,-3.275764734E-2,-2.619084716E-2
1.553009529E1,3.359758761E-3,-3.214678168E-2,-2.557998151E-2
1.553209532E1,5.192354787E-3,-3.153591976E-2,-2.741257846E-2
1.553409535E1,2.138028387E-3,-3.153591976E-2,-2.557998151E-2
1.553609539E1,3.970623948E-3,-2.787072770E-2,-2.619084716E-2
1.553809542E1,4.581489135E-3,-2.848159149E-2,-2.374738641E-2
1.554009545E1,6.414085161E-3,-2.603813075E-2,-2.496911772E-2
1.554209462E1,8.246680722E-3,-2.481640130E-2,-2.496911772E-2
1.554409372E1,8.246680722E-3,-2.481640130E-2,-2.496911772E-2
1.554609368E1,5.803219974E-3,-2.176207490E-2,-2.252565511E-2
1.554809365E1,4.581489135E-3,-1.992947794E-2,-2.191479132E-2
1.555009362E1,5.803219974E-3,-1.870774850E-2,-2.313652076E-2
1.555209358E1,3.970623948E-3,-1.870774850E-2,-2.130392566E-2
1.555409355E1,3.970623948E-3,-1.626428775E-2,-2.252565511E-2
1.555609351E1,4.581489135E-3,-1.504255645E-2,-2.069306001E-2
1.555809348E1,2.748893574E-3,-1.504255645E-2,-2.191479132E-2
1.556009348E1,5.192354787E-3,-1.076649968E-2,-2.069306001E-2
1.556209435E1,5.803219974E-3,-1.198823005E-2,-2.130392566E-2
1.556409518E1,5.803219974E-3,-1.137736533E-2,-2.130392566E-2
1.556609518E1,7.024950348E-3,-1.198823005E-2,-2.191479132E-2
1.556809518E1,3.359758761E-3,-1.076649968E-2,-1.886046492E-2
1.557009518E1,5.803219974E-3,-1.076649968E-2,-1.947133057E-2
1.557209518E1,6.414085161E-3,-1.015563495E-2,-1.947133057E-2
1.557409518E1,6.414085161E-3,-9.544769302E-3,-1.763873361E-2
1.557609518E1,9.468411095E-3,-8.933904581E-3,-1.947133057E-2
1.557809521E1,7.635815535E-3,-1.015563495E-2,-1.763873361E-2
1.558009524E1,7.024950348E-3,-1.198823005E-2,-1.824959926E-2
1.558209441E1,6.414085161E-3,-1.137736533E-2,-1.763873361E-2
1.558409358E1,5.803219974E-3,-1.076649968E-2,-1.947133057E-2
1.558609361E1,6.414085161E-3,-1.259909570E-2,-1.886046492E-2
1.558809364E1,7.635815535E-3,-1.320996135E-2,-2.191479132E-2
1.559009364E1,4.581489135E-3,-1.382082608E-2,-1.763873361E-2
1.559209364E1,2.138028387E-3,-1.382082608E-2,-1.763873361E-2
1.559409361E1,4.581489135E-3,-1.565342210E-2,-2.008219436E-2
1.559609358E1,3.970623948E-3,-1.687515154E-2,-2.130392566E-2
1.559809354E1,2.138028387E-3,-1.748601720E-2,-2.069306001E-2
1.560009351E1,5.803219974E-3,-1.748601720E-2,-2.008219436E-2
1.560209434E1,2.748893574E-3,-1.992947794E-2,-2.008219436E-2
1.560409521E1,1.527163084E-3,-1.931861416E-2,-1.886046492E-2
1.560609521E1,2.748893574E-3,-1.992947794E-2,-2.130392566E-2
1.560809524E1,4.581489135E-3,-2.298380435E-2,-2.191479132E-2
1.561009527E1,5.192354787E-3,-2.298380435E-2,-2.130392566E-2
1.561209530E1,2.748893574E-3,-2.359467000E-2,-2.435825206E-2
1.561409534E1,3.054326226E-4,-2.420553565E-2,-2.008219436E-2
1.561609537E1,3.054326226E-4,-2.420553565E-2,-2.008219436E-2
1.561809540E1,2.138028387E-3,-2.542726509E-2,-2.191479132E-2
1.562009544E1,1.527163084E-3,-2.664899640E-2,-2.374738641E-2
1.562209460E1,2.748893574E-3,-2.542726509E-2,-2.313652076E-2
1.562409377E1,2.748893574E-3,-2.542726509E-2,-2.313652076E-2
1.562609377E1,1.527163084E-3,-2.603813075E-2,-2.130392566E-2
1.562809377E1,3.054326226E-4,-2.664899640E-2,-2.130392566E-2
1.563009377E1,3.970623948E-3,-2.664899640E-2,-2.191479132E-2
1.563209377E1,9.162978968E-4,-2.787072770E-2,-2.069306001E-2
1.563409377E1,2.138028387E-3,-2.909245715E-2,-2.252565511E-2
1.563609377E1,2.748893574E-3,-2.848159149E-2,-2.069306001E-2
1.563809374E1,5.192354787E-3,-2.848159149E-2,-2.130392566E-2
1.564009370E1,9.162978968E-4,-2.725986205E-2,-1.947133057E-2
1.564209453E1,3.359758761E-3,-2.603813075E-2,-1.824959926E-2
1.564409537E1,9.162978968E-4,-2.909245715E-2,-1.947133057E-2
1.564609533E1,3.970623948E-3,-2.725986205E-2,-1.886046492E-2
1.564809530E1,-3.054326226E-4,-2.603813075E-2,-1.947133057E-2
1.565009527E1,2.748893574E-3,-2.420553565E-2,-1.947133057E-2
1.565209523E1,5.192354787E-3,-2.481640130E-2,-1.947133057E-2
1.565409523E1,1.527163084E-3,-2.359467000E-2,-2.008219436E-2
1.565609526E1,2.748893574E-3,-2.115120925E-2,-1.641700417E-2
1.565809530E1,1.527163084E-3,-2.176207490E-2,-1.824959926E-2
1.566009533E1,-2.138028387E-3,-2.054034360E-2,-1.702786796E-2
1.566209450E1,-2.138028387E-3,-2.115120925E-2,-1.580613852E-2
1.566409363E1,1.527163084E-3,-1.870774850E-2,-1.458440814E-2
1.566609366E1,2.748893574E-3,-1.992947794E-2,-1.458440814E-2
1.566809366E1,-3.054326226E-4,-1.748601720E-2,-1.580613852E-2
1.567009366E1,-3.054326226E-4,-1.504255645E-2,-1.519527286E-2
1.567209363E1,-9.162978968E-4,-1.626428775E-2,-1.275181212E-2
1.567409359E1,-3.359758761E-3,-1.443169173E-2,-1.091921609E-2
1.567609356E1,-2.138028387E-3,-1.320996135E-2,-1.214094646E-2
1.567809353E1,-5.803219974E-3,-1.382082608E-2,-1.153008174E-2
1.568009349E1,-2.138028387E-3,-1.382082608E-2,-1.030835137E-2
1.568209433E1,1.527163084E-3,-1.198823005E-2,-1.214094646E-2
1.568409516E1,-9.162978968E-4,-1.259909570E-2,-1.153008174E-2
1.568609519E1,-5.192354787E-3,-1.382082608E-2,-1.153008174E-2
1.568809522E1,-4.581489135E-3,-1.565342210E-2,-1.153008174E-2
1.569009526E1,-4.581489135E-3,-1.443169173E-2,-8.475755341E-3
1.569209529E1,-2.748893574E-3,-1.687515154E-2,-1.091921609E-2
1.569409532E1,-5.192354787E-3,-1.809688285E-2,-1.214094646E-2
1.569609536E1,-4.581489135E-3,-1.809688285E-2,-1.214094646E-2
1.569809539E1,-7.024950348E-3,-1.748601720E-2,-1.153008174E-2
1.570009542E1,-1.007927675E-2,-1.931861416E-2,-1.275181212E-2
1.570209456E1,-7.024950348E-3,-2.237293869E-2,-1.336267684E-2
1.570409366E1,-7.024950348E-3,-2.237293869E-2,-1.336267684E-2
1.570609366E1,-6.414085161E-3,-2.298380435E-2,-1.397354249E-2
1.570809366E1,-7.024950348E-3,-2.359467000E-2,-1.336267684E-2
1.571009366E1,-8.246680722E-3,-2.542726509E-2,-1.397354249E-2
1.571209366E1,-7.635815535E-3,-2.725986205E-2,-1.214094646E-2
1.571409366E1,-8.246680722E-3,-2.787072770E-2,-1.458440814E-2
1.571609362E1,-9.468411095E-3,-2.787072770E-2,-1.519527286E-2
1.571809359E1,-7.024950348E-3,-3.031418845E-2,-1.275181212E-2
1.572009355E1,-1.527163084E-3,-2.909245715E-2,-1.397354249E-2
1.572209439E1,-5.803219974E-3,-2.970332280E-2,-1.397354249E-2
1.572409525E1,-3.970623948E-3,-3.092505224E-2,-1.458440814E-2
1.572609522E1,-4.581489135E-3,-2.970332280E-2,-1.336267684E-2
1.572809518E1,-3.359758761E-3,-3.153591976E-2,-1.091921609E-2
1.573009515E1,-9.162978968E-4,-3.031418845E-2,-1.214094646E-2
1.573209515E1,-1.527163084E-3,-3.092505224E-2,-1.153008174E-2
1.573409518E1,-2.748893574E-3,-2.970332280E-2,-1.275181212E-2
1.573609522E1,-3.054326226E-4,-2.909245715E-2,-1.214094646E-2
1.573809525E1,-9.162978968E-4,-3.031418845E-2,-1.214094646E-2
1.574009528E1,1.527163084E-3,-3.092505224E-2,-1.275181212E-2
1.574209445E1,-9.162978968E-4,-2.970332280E-2,-1.153008174E-2
1.574409365E1,-9.162978968E-4,-2.970332280E-2,-1.153008174E-2
1.574609365E1,9.162978968E-4,-2.787072770E-2,-1.153008174E-2
1.574809365E1,-9.162978968E-4,-2.848159149E-2,-9.086620063E-3
1.575009361E1,-3.054326226E-4,-2.725986205E-2,-9.697485715E-3
1.575209358E1,-9.162978968E-4,-2.542726509E-2,-1.091921609E-2
1.575409355E1,-9.162978968E-4,-2.725986205E-2,-9.086620063E-3
1.575609351E1,9.162978968E-4,-2.787072770E-2,-8.475755341E-3
1.575809431E1,-9.162978968E-4,-2.603813075E-2,-9.697485715E-3
1.576009428E1,9.162978968E-4,-2.542726509E-2,-6.643159315E-3
1.576209514E1,3.054326226E-4,-2.298380435E-2,-9.086620063E-3
1.576409608E1,2.748893574E-3,-2.237293869E-2,-6.643159315E-3
1.576609611E1,2.138028387E-3,-2.115120925E-2,-7.254024968E-3
1.576809614E1,1.527163084E-3,-2.115120925E-2,-5.421428941E-3
1.577009618E1,2.138028387E-3,-1.992947794E-2,-7.254024968E-3
1.577209621E1,3.970623948E-3,-1.870774850E-2,-7.864889689E-3
1.577409624E1,2.748893574E-3,-1.870774850E-2,-6.032294128E-3
1.577609628E1,4.581489135E-3,-1.809688285E-2,-5.421428941E-3
1.577809631E1,6.414085161E-3,-1.748601720E-2,-6.032294128E-3
1.578009631E1,6.414085161E-3,-1.626428775E-2,-4.199698567E-3
1.578209544E1,8.857546374E-3,-1.259909570E-2,-3.588833380E-3
1.578409454E1,8.857546374E-3,-1.259909570E-2,-3.588833380E-3
1.578609454E1,8.857546374E-3,-1.198823005E-2,-2.367102774E-3
1.578809454E1,4.581489135E-3,-1.320996135E-2,-3.588833380E-3
1.579009454E1,6.414085161E-3,-1.137736533E-2,-5.421428941E-3
1.579209454E1,8.857546374E-3,-8.323038928E-3,-4.199698567E-3
1.579409451E1,4.581489135E-3,-1.015563495E-2,-4.810563754E-3
1.579609447E1,5.192354787E-3,-7.101308554E-3,-2.367102774E-3
1.579809444E1,3.970623948E-3,-6.490443368E-3,-2.367102774E-3
1.580009441E1,8.246680722E-3,-7.101308554E-3,-5.345070967E-4
1.580209524E1,1.069014147E-2,-4.657847341E-3,-5.345070967E-4
1.580409604E1,8.246680722E-3,-9.926559869E-4,1.298088697E-3
1.580609600E1,8.246680722E-3,-1.603521290E-3,7.635815564E-5
1.580809597E1,1.007927675E-2,-1.603521290E-3,1.908953884E-3
1.581009597E1,1.007927675E-2,-9.926559869E-4,2.519819187E-3
1.581209600E1,1.069014147E-2,-9.926559869E-4,4.352414981E-3
1.581409604E1,1.374446787E-2,2.290744742E-4,4.963280167E-3
1.581609607E1,1.191187184E-2,2.672535367E-3,6.185010541E-3
1.581809527E1,1.374446787E-2,2.061670180E-3,6.185010541E-3
1.582009530E1,1.374446787E-2,3.894265974E-3,7.406740915E-3
1.582209447E1,1.557706390E-2,3.894265974E-3,9.850202128E-3
1.582409550E1,1.557706390E-2,3.894265974E-3,9.850202128E-3
1.582609550E1,1.252273750E-2,5.115996581E-3,9.239336476E-3
1.582809547E1,1.863138936E-2,5.726861767E-3,1.046106778E-2
1.583009543E1,1.802052557E-2,4.505131394E-3,8.017606102E-3
1.583209540E1,1.740965992E-2,5.726861767E-3,1.351539325E-2
1.583409537E1,1.496619824E-2,3.894265974E-3,1.107193250E-2
1.583609533E1,1.496619824E-2,2.672535367E-3,1.107193250E-2
1.583809530E1,1.191187184E-2,2.061670180E-3,1.107193250E-2
1.584009490E1,1.557706390E-2,2.061670180E-3,1.290452853E-2
1.584209576E1,1.435533352E-2,3.894265974E-3,1.107193250E-2
1.584409670E1,1.130100712E-2,8.399396902E-4,1.229366288E-2
1.584609673E1,1.435533352E-2,1.450804994E-3,1.229366288E-2
1.584809676E1,1.191187184E-2,-3.817907709E-4,1.046106778E-2
1.585009680E1,1.863138936E-2,-1.603521290E-3,9.850202128E-3
1.585209683E1,1.374446787E-2,-2.825251780E-3,1.046106778E-2
1.585409686E1,1.130100712E-2,-4.046982154E-3,8.628471754E-3
1.585609689E1,1.679879427E-2,-3.436116967E-3,9.850202128E-3
1.585809689E1,1.007927675E-2,-4.657847341E-3,1.107193250E-2
1.586009689E1,1.007927675E-2,-7.101308554E-3,9.239336476E-3
1.586209603E1,1.313360315E-2,-7.101308554E-3,8.017606102E-3
1.586409516E1,1.313360315E-2,-7.101308554E-3,8.017606102E-3
1.586609516E1,1.069014147E-2,-6.490443368E-3,1.046106778E-2
1.586809516E1,8.857546374E-3,-1.015563495E-2,7.406740915E-3
1.587009516E1,7.635815535E-3,-8.933904581E-3,7.406740915E-3
1.587209513E1,7.635815535E-3,-9.544769302E-3,4.352414981E-3
1.587409509E1,1.191187184E-2,-1.015563495E-2,3.741549561E-3
1.587609506E1,1.313360315E-2,-1.137736533E-2,3.741549561E-3
1.587809502E1,1.191187184E-2,-1.076649968E-2,5.574145354E-3
1.588009499E1,1.130100712E-2,-8.933904581E-3,3.130684374E-3
1.588209582E1,7.635815535E-3,-9.544769302E-3,4.963280167E-3
1.588409476E1,9.468411095E-3,-1.015563495E-2,2.519819187E-3
1.588609472E1,8.857546374E-3,-1.076649968E-2,2.519819187E-3
1.588809472E1,7.635815535E-3,-7.712173741E-3,1.298088697E-3
1.589009476E1,8.857546374E-3,-7.712173741E-3,6.795875728E-3
1.589209479E1,1.007927675E-2,-8.323038928E-3,1.908953884E-3
1.589409482E1,8.246680722E-3,-7.712173741E-3,4.352414981E-3
1.589609485E1,8.246680722E-3,-7.101308554E-3,1.908953884E-3
1.589809489E1,9.468411095E-3,-7.101308554E-3,6.872233935E-4
1.590009532E1,5.803219974E-3,-8.323038928E-3,4.352414981E-3
1.590209449E1,1.007927675E-2,-7.712173741E-3,2.519819187E-3
1.590409359E1,1.007927675E-2,-7.712173741E-3,2.519819187E-3
1.590609355E1,7.024950348E-3,-9.544769302E-3,3.741549561E-3
1.590809352E1,5.192354787E-3,-7.712173741E-3,3.741549561E-3
1.591009348E1,5.803219974E-3,-7.712173741E-3,3.741549561E-3
1.591209345E1,8.246680722E-3,-8.933904581E-3,3.741549561E-3
1.591409342E1,8.246680722E-3,-8.323038928E-3,4.963280167E-3
1.591609338E1,7.635815535E-3,-9.544769302E-3,3.130684374E-3
1.591809338E1,7.635815535E-3,-1.076649968E-2,5.574145354E-3
1.592009338E1,5.803219974E-3,-1.076649968E-2,1.908953884E-3
1.592209425E1,5.803219974E-3,-9.544769302E-3,4.963280167E-3
1.592409511E1,5.803219974E-3,-1.015563495E-2,3.741549561E-3
1.592609511E1,7.024950348E-3,-1.137736533E-2,4.352414981E-3
1.592809511E1,7.635815535E-3,-1.320996135E-2,2.519819187E-3
1.593009511E1,6.414085161E-3,-9.544769302E-3,3.741549561E-3
1.593209511E1,5.803219974E-3,-9.544769302E-3,3.130684374E-3
1.593409511E1,5.803219974E-3,-1.076649968E-2,1.298088697E-3
1.593609515E1,3.970623948E-3,-1.015563495E-2,3.130684374E-3
1.593809518E1,5.803219974E-3,-1.137736533E-2,1.908953884E-3
1.594009521E1,8.246680722E-3,-8.933904581E-3,2.519819187E-3
1.594209438E1,5.803219974E-3,-9.544769302E-3,3.741549561E-3
1.594409351E1,7.635815535E-3,-7.712173741E-3,4.963280167E-3
1.594609355E1,8.246680722E-3,-9.544769302E-3,2.519819187E-3
1.594809358E1,3.359758761E-3,-8.323038928E-3,1.908953884E-3
1.595009358E1,7.024950348E-3,-5.268712528E-3,3.130684374E-3
1.595209354E1,8.246680722E-3,-4.657847341E-3,3.741549561E-3
1.595409351E1,7.024950348E-3,-4.046982154E-3,4.352414981E-3
1.595609348E1,7.635815535E-3,-2.214386594E-3,6.795875728E-3
1.595809344E1,8.246680722E-3,1.450804994E-3,5.574145354E-3
1.596009341E1,1.069014147E-2,2.290744742E-4,5.574145354E-3
1.596209424E1,9.468411095E-3,8.399396902E-4,4.963280167E-3
1.596409511E1,8.246680722E-3,2.061670180E-3,8.017606102E-3
1.596609511E1,1.252273750E-2,5.115996581E-3,6.185010541E-3
1.596809514E1,1.435533352E-2,5.726861767E-3,6.185010541E-3
1.597009517E1,1.130100712E-2,5.726861767E-3,6.795875728E-3
1.597209521E1,1.618792862E-2,8.170322515E-3,6.185010541E-3
1.597409524E1,1.313360315E-2,7.559457328E-3,8.628471754E-3
1.597609527E1,1.313360315E-2,6.337726954E-3,7.406740915E-3
1.597809531E1,1.374446787E-2,8.781188168E-3,8.017606102E-3
1.598009534E1,1.496619824E-2,8.170322515E-3,7.406740915E-3
1.598209450E1,1.435533352E-2,8.170322515E-3,7.406740915E-3
1.598409364E1,1.435533352E-2,8.170322515E-3,7.406740915E-3
1.598609364E1,1.313360315E-2,8.170322515E-3,8.628471754E-3
1.598809364E1,1.557706390E-2,8.781188168E-3,7.406740915E-3
1.599009364E1,1.313360315E-2,8.170322515E-3,6.795875728E-3
1.599209364E1,1.618792862E-2,7.559457328E-3,8.017606102E-3
1.599409364E1,1.496619824E-2,6.948592141E-3,8.628471754E-3
1.599609360E1,1.007927675E-2,7.559457328E-3,5.574145354E-3
1.599809357E1,1.374446787E-2,4.505131394E-3,7.406740915E-3
1.600009354E1,1.496619824E-2,5.115996581E-3,8.017606102E-3
1.600209437E1,1.252273750E-2,3.283400787E-3,5.574145354E-3
1.600409523E1,1.557706390E-2,2.061670180E-3,6.795875728E-3
1.600609520E1,1.496619824E-2,3.283400787E-3,9.239336476E-3
1.600809517E1,1.069014147E-2,3.283400787E-3,7.406740915E-3
1.601009513E1,1.252273750E-2,3.283400787E-3,7.406740915E-3
1.601209513E1,1.130100712E-2,2.672535367E-3,6.185010541E-3
1.601409516E1,1.130100712E-2,3.894265974E-3,5.574145354E-3
1.601609520E1,1.374446787E-2,3.894265974E-3,6.795875728E-3
1.601809523E1,9.468411095E-3,2.672535367E-3,4.963280167E-3
1.602009526E1,1.007927675E-2,2.061670180E-3,3.741549561E-3
1.602209443E1,8.246680722E-3,2.672535367E-3,4.352414981E-3
1.602409443E1,5.803219974E-3,2.672535367E-3,4.963280167E-3
1.602609446E1,9.468411095E-3,2.672535367E-3,4.352414981E-3
1.602809446E1,8.246680722E-3,2.061670180E-3,4.963280167E-3
1.603009443E1,7.635815535E-3,2.061670180E-3,1.908953884E-3
1.603209440E1,9.468411095E-3,8.399396902E-4,3.130684374E-3
1.603409436E1,2.748893574E-3,3.894265974E-3,4.963280167E-3
1.603609433E1,1.069014147E-2,2.061670180E-3,3.741549561E-3
1.603809429E1,4.581489135E-3,4.505131394E-3,3.130684374E-3
1.604009426E1,8.857546374E-3,4.505131394E-3,3.741549561E-3
1.604209509E1,7.635815535E-3,3.283400787E-3,1.908953884E-3
1.604409596E1,7.024950348E-3,3.894265974E-3,3.741549561E-3
1.604609599E1,5.192354787E-3,5.726861767E-3,3.741549561E-3
1.604809602E1,4.581489135E-3,3.894265974E-3,3.130684374E-3
1.605009606E1,5.192354787E-3,4.505131394E-3,4.963280167E-3
1.605209609E1,8.246680722E-3,4.505131394E-3,1.908953884E-3
1.605409612E1,5.803219974E-3,5.726861767E-3,3.130684374E-3
1.605609616E1,6.414085161E-3,4.505131394E-3,3.130684374E-3
1.605809619E1,5.192354787E-3,6.948592141E-3,4.352414981E-3
1.606009622E1,3.359758761E-3,4.505131394E-3,4.963280167E-3
1.606209536E1,3.970623948E-3,5.726861767E-3,3.130684374E-3
1.606409446E1,3.970623948E-3,5.726861767E-3,3.130684374E-3
1.606609446E1,3.359758761E-3,5.115996581E-3,4.352414981E-3
1.606809446E1,4.581489135E-3,5.726861767E-3,3.741549561E-3
1.607009446E1,6.414085161E-3,5.726861767E-3,6.185010541E-3
1.607209446E1,4.581489135E-3,4.505131394E-3,4.352414981E-3
1.607409442E1,4.581489135E-3,6.948592141E-3,3.130684374E-3
1.607609439E1,5.192354787E-3,5.726861767E-3,3.130684374E-3
1.607809435E1,7.024950348E-3,6.948592141E-3,4.352414981E-3
1.608009432E1,3.970623948E-3,3.894265974E-3,4.963280167E-3
1.608209515E1,2.748893574E-3,5.115996581E-3,2.519819187E-3
1.608409515E1,5.803219974E-3,6.948592141E-3,3.741549561E-3
1.608609512E1,3.359758761E-3,5.115996581E-3,2.519819187E-3
1.608809508E1,2.748893574E-3,4.505131394E-3,4.963280167E-3
1.609009508E1,4.581489135E-3,6.337726954E-3,1.908953884E-3
1.609209508E1,2.138028387E-3,6.337726954E-3,4.963280167E-3
1.609409512E1,4.581489135E-3,5.115996581E-3,2.519819187E-3
1.609609515E1,2.138028387E-3,4.505131394E-3,4.352414981E-3
1.609809518E1,2.748893574E-3,6.948592141E-3,4.352414981E-3
1.610009522E1,5.192354787E-3,5.115996581E-3,4.352414981E-3
1.610209438E1,6.414085161E-3,6.948592141E-3,4.963280167E-3
1.610409352E1,6.414085161E-3,6.948592141E-3,4.963280167E-3
1.610609352E1,3.970623948E-3,6.337726954E-3,4.352414981E-3
1.610809348E1,8.246680722E-3,5.115996581E-3,6.185010541E-3
1.611009345E1,9.162978968E-4,7.559457328E-3,8.628471754E-3
1.611209341E1,5.192354787E-3,6.948592141E-3,4.963280167E-3
1.611409338E1,8.246680722E-3,8.781188168E-3,6.185010541E-3
1.611609334E1,1.527163084E-3,7.559457328E-3,5.574145354E-3
1.611809331E1,5.192354787E-3,8.781188168E-3,7.406740915E-3
1.612009328E1,7.635815535E-3,8.781188168E-3,5.574145354E-3
1.612209414E1,7.635815535E-3,5.726861767E-3,9.239336476E-3
1.612409504E1,6.414085161E-3,7.559457328E-3,8.628471754E-3
1.612609504E1,7.024950348E-3,9.392052889E-3,7.406740915E-3
1.612809504E1,1.007927675E-2,7.559457328E-3,5.574145354E-3
1.613009504E1,8.246680722E-3,6.948592141E-3,6.185010541E-3
1.613209504E1,8.857546374E-3,9.392052889E-3,6.185010541E-3
1.613409504E1,8.246680722E-3,6.948592141E-3,8.628471754E-3
1.613609504E1,8.246680722E-3,9.392052889E-3,9.239336476E-3
1.613809504E1,1.130100712E-2,9.392052889E-3,7.406740915E-3
1.614009508E1,1.007927675E-2,6.337726954E-3,6.795875728E-3
1.614209424E1,1.130100712E-2,9.392052889E-3,6.795875728E-3
1.614409338E1,1.130100712E-2,9.392052889E-3,6.795875728E-3
1.614609254E1,1.252273750E-2,1.000291854E-2,1.107193250E-2
1.614809257E1,1.191187184E-2,9.392052889E-3,1.107193250E-2
1.615009261E1,1.435533352E-2,9.392052889E-3,1.107193250E-2
1.615209224E1,1.191187184E-2,8.170322515E-3,9.239336476E-3
1.615409224E1,1.191187184E-2,8.170322515E-3,1.168279815E-2
1.615609221E1,9.468411095E-3,8.170322515E-3,1.046106778E-2
1.615809217E1,1.191187184E-2,7.559457328E-3,8.017606102E-3
1.616009214E1,1.069014147E-2,8.781188168E-3,1.107193250E-2
1.616209297E1,1.191187184E-2,9.392052889E-3,1.168279815E-2
1.616409384E1,1.496619824E-2,6.337726954E-3,9.239336476E-3
1.616609380E1,1.007927675E-2,5.726861767E-3,1.168279815E-2
1.616809380E1,1.069014147E-2,6.948592141E-3,1.107193250E-2
1.617009380E1,1.252273750E-2,6.948592141E-3,1.229366288E-2
1.617209384E1,1.252273750E-2,5.115996581E-3,1.046106778E-2
1.617409387E1,9.468411095E-3,5.726861767E-3,1.412625890E-2
1.617609390E1,1.007927675E-2,5.726861767E-3,1.290452853E-2
1.617809394E1,1.130100712E-2,5.115996581E-3,1.351539325E-2
1.618009397E1,9.468411095E-3,5.726861767E-3,1.168279815E-2
1.618209313E1,1.313360315E-2,6.337726954E-3,1.229366288E-2
1.618409227E1,1.313360315E-2,6.337726954E-3,1.229366288E-2
1.618609227E1,1.007927675E-2,6.948592141E-3,1.351539325E-2
1.618809227E1,1.252273750E-2,6.337726954E-3,1.290452853E-2
1.619009227E1,5.803219974E-3,6.948592141E-3,1.351539325E-2
1.619209227E1,1.069014147E-2,6.948592141E-3,1.351539325E-2
1.619409227E1,1.130100712E-2,8.170322515E-3,1.290452853E-2
1.619609227E1,1.069014147E-2,8.170322515E-3,1.351539325E-2
1.619809227E1,1.313360315E-2,8.781188168E-3,1.229366288E-2
1.620009223E1,1.252273750E-2,8.170322515E-3,1.412625890E-2
1.620209307E1,1.069014147E-2,7.559457328E-3,1.168279815E-2
1.620409393E1,8.857546374E-3,9.392052889E-3,1.351539325E-2
1.620609476E1,1.191187184E-2,8.170322515E-3,1.229366288E-2
1.620809473E1,1.557706390E-2,6.337726954E-3,1.046106778E-2
1.621009470E1,1.191187184E-2,7.559457328E-3,1.168279815E-2
1.621209506E1,1.252273750E-2,7.559457328E-3,1.046106778E-2
1.621409503E1,1.191187184E-2,6.948592141E-3,7.406740915E-3
1.621609503E1,1.191187184E-2,7.559457328E-3,8.017606102E-3
1.621809506E1,1.374446787E-2,8.170322515E-3,8.017606102E-3
1.622009510E1,1.130100712E-2,5.726861767E-3,5.574145354E-3
1.622209426E1,1.191187184E-2,6.948592141E-3,7.406740915E-3
1.622409343E1,1.191187184E-2,6.948592141E-3,7.406740915E-3
1.622609346E1,1.007927675E-2,5.115996581E-3,5.574145354E-3
1.622809349E1,9.468411095E-3,3.283400787E-3,4.963280167E-3
1.623009353E1,1.007927675E-2,3.894265974E-3,5.574145354E-3
1.623209453E1,8.857546374E-3,3.894265974E-3,4.352414981E-3
1.623409449E1,7.024950348E-3,4.505131394E-3,6.185010541E-3
1.623609446E1,7.635815535E-3,4.505131394E-3,3.741549561E-3
1.623809442E1,6.414085161E-3,3.283400787E-3,3.741549561E-3
1.624009439E1,6.414085161E-3,2.672535367E-3,2.519819187E-3
1.624209522E1,7.024950348E-3,2.061670180E-3,2.519819187E-3
1.624409609E1,1.527163084E-3,2.672535367E-3,2.519819187E-3
1.624609609E1,4.581489135E-3,4.505131394E-3,4.963280167E-3
1.624809609E1,8.246680722E-3,3.283400787E-3,1.908953884E-3
1.625009612E1,6.414085161E-3,1.450804994E-3,2.519819187E-3
1.625209659E1,5.192354787E-3,2.061670180E-3,2.519819187E-3
1.625409662E1,5.803219974E-3,3.894265974E-3,3.130684374E-3
1.625609665E1,7.635815535E-3,3.283400787E-3,6.872233935E-4
1.625809669E1,5.803219974E-3,2.672535367E-3,1.298088697E-3
1.626009672E1,3.970623948E-3,4.505131394E-3,6.872233935E-4
1.626209589E1,3.970623948E-3,3.894265974E-3,1.298088697E-3
1.626409499E1,3.970623948E-3,3.894265974E-3,1.298088697E-3
1.626609499E1,2.748893574E-3,3.894265974E-3,2.519819187E-3
1.626809499E1,5.192354787E-3,3.894265974E-3,-5.345070967E-4
1.627009499E1,2.748893574E-3,4.505131394E-3,1.298088697E-3
1.627209499E1,1.527163084E-3,2.672535367E-3,1.298088697E-3
1.627409499E1,9.162978968E-4,3.283400787E-3,1.298088697E-3
1.627609499E1,2.138028387E-3,3.283400787E-3,6.872233935E-4
1.627809495E1,2.138028387E-3,2.672535367E-3,1.908953884E-3
1.628009492E1,2.138028387E-3,2.061670180E-3,1.298088697E-3
1.628209575E1,3.054326226E-4,3.894265974E-3,1.298088697E-3
1.628409658E1,5.192354787E-3,1.450804994E-3,1.908953884E-3
1.628609655E1,-1.527163084E-3,3.283400787E-3,6.872233935E-4
1.628809652E1,-1.527163084E-3,2.061670180E-3,-5.345070967E-4
1.629009648E1,-1.527163084E-3,8.399396902E-4,2.519819187E-3
1.629209545E1,3.359758761E-3,3.894265974E-3,1.908953884E-3
1.629409545E1,1.527163084E-3,1.450804994E-3,1.298088697E-3
1.629609548E1,2.748893574E-3,3.894265974E-3,1.908953884E-3
1.629809551E1,9.162978968E-4,2.672535367E-3,3.741549561E-3
1.630009555E1,3.970623948E-3,3.894265974E-3,2.519819187E-3
1.630209471E1,5.192354787E-3,2.672535367E-3,3.130684374E-3
1.630409385E1,3.359758761E-3,4.505131394E-3,3.130684374E-3
1.630609388E1,3.970623948E-3,8.399396902E-4,2.519819187E-3
1.630809391E1,3.970623948E-3,5.115996581E-3,6.185010541E-3
1.631009391E1,8.857546374E-3,5.115996581E-3,4.963280167E-3
1.631209345E1,9.468411095E-3,6.948592141E-3,4.963280167E-3
1.631409341E1,3.970623948E-3,6.337726954E-3,7.406740915E-3
1.631609338E1,1.130100712E-2,8.170322515E-3,6.185010541E-3
1.631809334E1,1.130100712E-2,7.559457328E-3,8.017606102E-3
1.632009331E1,8.246680722E-3,1.122464892E-2,1.046106778E-2
1.632209414E1,1.191187184E-2,1.000291854E-2,9.239336476E-3
1.632409504E1,1.130100712E-2,1.183551457E-2,9.850202128E-3
1.632609504E1,9.468411095E-3,1.183551457E-2,1.229366288E-2
1.632809504E1,1.130100712E-2,1.183551457E-2,1.168279815E-2
1.633009504E1,1.007927675E-2,1.305724494E-2,1.107193250E-2
1.633209504E1,9.468411095E-3,1.366810966E-2,1.168279815E-2
1.633409504E1,8.857546374E-3,1.366810966E-2,1.046106778E-2
1.633609504E1,1.130100712E-2,1.427897532E-2,1.351539325E-2
1.633809504E1,1.191187184E-2,1.488984004E-2,1.229366288E-2
1.634009504E1,1.130100712E-2,1.611157134E-2,1.107193250E-2
1.634209418E1,9.468411095E-3,1.366810966E-2,1.229366288E-2
1.634409334E1,9.468411095E-3,1.366810966E-2,1.229366288E-2
1.634609337E1,1.007927675E-2,1.488984004E-2,1.107193250E-2
1.634809341E1,1.069014147E-2,1.427897532E-2,1.046106778E-2
1.635009344E1,1.130100712E-2,1.672243699E-2,1.229366288E-2
1.635209347E1,1.191187184E-2,1.733330078E-2,1.168279815E-2
1.635409351E1,1.435533352E-2,1.672243699E-2,1.229366288E-2
1.635609351E1,1.496619824E-2,1.427897532E-2,1.168279815E-2
1.635809347E1,8.246680722E-3,1.672243699E-2,1.168279815E-2
1.636009344E1,1.069014147E-2,1.305724494E-2,1.046106778E-2
1.636209427E1,8.857546374E-3,1.611157134E-2,1.168279815E-2
1.636409514E1,9.468411095E-3,1.427897532E-2,1.168279815E-2
1.636609510E1,1.007927675E-2,1.488984004E-2,1.046106778E-2
1.636809507E1,9.468411095E-3,1.366810966E-2,1.168279815E-2
1.637009504E1,1.007927675E-2,1.366810966E-2,1.107193250E-2
1.637209504E1,6.414085161E-3,1.366810966E-2,1.229366288E-2
1.637409507E1,6.414085161E-3,1.488984004E-2,1.290452853E-2
1.637609510E1,8.857546374E-3,1.244637929E-2,1.107193250E-2
1.637809513E1,6.414085161E-3,1.183551457E-2,9.239336476E-3
1.638009517E1,5.803219974E-3,1.244637929E-2,1.046106778E-2
1.638209433E1,4.581489135E-3,1.305724494E-2,1.046106778E-2
1.638409347E1,9.468411095E-3,1.183551457E-2,1.107193250E-2
1.638609350E1,8.857546374E-3,1.122464892E-2,1.229366288E-2
1.638809353E1,9.468411095E-3,1.305724494E-2,1.107193250E-2
1.639009313E1,7.635815535E-3,1.244637929E-2,1.351539325E-2
1.639209313E1,5.192354787E-3,1.122464892E-2,9.850202128E-3
1.639409313E1,6.414085161E-3,1.244637929E-2,1.412625890E-2
1.639609313E1,6.414085161E-3,1.244637929E-2,1.168279815E-2
1.639809313E1,8.857546374E-3,1.183551457E-2,1.229366288E-2
1.640009313E1,5.803219974E-3,1.244637929E-2,1.351539325E-2
1.640209400E1,5.803219974E-3,1.244637929E-2,1.351539325E-2
1.640409483E1,6.414085161E-3,1.122464892E-2,1.290452853E-2
1.640609480E1,1.007927675E-2,1.244637929E-2,1.290452853E-2
1.640809476E1,7.635815535E-3,1.305724494E-2,1.473712362E-2
1.641009473E1,7.635815535E-3,1.488984004E-2,1.351539325E-2
1.641209470E1,1.007927675E-2,1.427897532E-2,1.595885493E-2
1.641409466E1,1.069014147E-2,1.672243699E-2,1.595885493E-2
1.641609463E1,8.857546374E-3,1.611157134E-2,1.656972058E-2
1.641809463E1,1.191187184E-2,1.611157134E-2,1.779145002E-2
1.642009463E1,8.857546374E-3,1.672243699E-2,1.901318133E-2
1.642209379E1,1.252273750E-2,1.794416644E-2,1.840231568E-2
1.642409293E1,1.252273750E-2,1.794416644E-2,1.840231568E-2
1.642609296E1,1.191187184E-2,1.733330078E-2,1.840231568E-2
1.642809299E1,1.435533352E-2,1.794416644E-2,1.840231568E-2
1.643009302E1,1.252273750E-2,2.099849284E-2,1.840231568E-2
1.643209306E1,1.130100712E-2,1.916589774E-2,1.779145002E-2
1.643409306E1,1.252273750E-2,2.038762718E-2,1.901318133E-2
1.643609302E1,8.246680722E-3,2.099849284E-2,1.779145002E-2
1.643809299E1,1.130100712E-2,1.916589774E-2,1.840231568E-2
1.644009296E1,9.468411095E-3,2.038762718E-2,1.779145002E-2
1.644209379E1,1.007927675E-2,2.038762718E-2,1.840231568E-2
1.644409466E1,8.246680722E-3,2.160935849E-2,1.901318133E-2
1.644609462E1,9.468411095E-3,2.038762718E-2,1.840231568E-2
1.644809459E1,1.130100712E-2,2.160935849E-2,1.718058437E-2
1.645009499E1,1.007927675E-2,2.160935849E-2,1.901318133E-2
1.645209502E1,1.313360315E-2,2.344195358E-2,1.718058437E-2
1.645409505E1,1.374446787E-2,2.160935849E-2,1.779145002E-2
1.645609509E1,8.857546374E-3,2.283108793E-2,1.656972058E-2
1.645809512E1,1.130100712E-2,2.283108793E-2,1.779145002E-2
1.646009515E1,1.191187184E-2,2.222022414E-2,1.779145002E-2
1.646209432E1,1.130100712E-2,2.588541433E-2,1.718058437E-2
1.646409348E1,1.130100712E-2,2.588541433E-2,1.718058437E-2
1.646609352E1,1.069014147E-2,2.405281924E-2,1.718058437E-2
1.646809352E1,1.252273750E-2,2.466368489E-2,1.901318133E-2
1.647009352E1,1.374446787E-2,2.466368489E-2,1.840231568E-2
1.647209352E1,1.069014147E-2,2.405281924E-2,1.779145002E-2
1.647409352E1,1.435533352E-2,2.344195358E-2,1.779145002E-2
1.647609352E1,1.069014147E-2,2.466368489E-2,1.595885493E-2
1.647809352E1,1.069014147E-2,2.405281924E-2,1.595885493E-2
1.648009352E1,1.069014147E-2,2.466368489E-2,1.840231568E-2
1.648209435E1,1.191187184E-2,2.160935849E-2,1.656972058E-2
1.648409522E1,1.313360315E-2,2.283108793E-2,1.718058437E-2
1.648609518E1,9.468411095E-3,2.466368489E-2,1.962404512E-2
1.648809515E1,1.374446787E-2,2.344195358E-2,1.656972058E-2
1.649009511E1,1.313360315E-2,2.222022414E-2,1.718058437E-2
1.649209508E1,1.191187184E-2,2.222022414E-2,1.718058437E-2
1.649409505E1,1.374446787E-2,2.038762718E-2,1.656972058E-2
1.649609505E1,1.191187184E-2,2.038762718E-2,1.779145002E-2
1.649809505E1,1.191187184E-2,1.977676153E-2,1.718058437E-2
1.650009508E1,1.191187184E-2,1.733330078E-2,1.656972058E-2
1.650209425E1,1.191187184E-2,1.855503209E-2,1.779145002E-2
1.650409338E1,1.191187184E-2,1.855503209E-2,1.779145002E-2
1.650609341E1,1.374446787E-2,1.611157134E-2,1.412625890E-2
1.650809344E1,1.313360315E-2,1.672243699E-2,1.779145002E-2
1.651009348E1,1.618792862E-2,1.366810966E-2,1.840231568E-2
1.651209348E1,8.857546374E-3,1.550070569E-2,1.412625890E-2
1.651409344E1,1.435533352E-2,1.488984004E-2,1.412625890E-2
1.651609341E1,1.191187184E-2,1.305724494E-2,1.595885493E-2
1.651809338E1,1.191187184E-2,1.305724494E-2,1.412625890E-2
1.652009334E1,1.130100712E-2,1.550070569E-2,1.412625890E-2
1.652209417E1,1.191187184E-2,1.244637929E-2,1.534798928E-2
1.652409501E1,1.496619824E-2,1.244637929E-2,1.229366288E-2
1.652609497E1,1.191187184E-2,1.305724494E-2,1.412625890E-2
1.652809497E1,1.191187184E-2,1.183551457E-2,1.351539325E-2
1.653009497E1,1.191187184E-2,1.305724494E-2,1.290452853E-2
1.653209497E1,1.313360315E-2,1.183551457E-2,1.168279815E-2
1.653409497E1,1.313360315E-2,1.000291854E-2,1.168279815E-2
1.653609497E1,1.252273750E-2,1.122464892E-2,1.168279815E-2
1.653809497E1,1.130100712E-2,1.061378326E-2,1.290452853E-2
1.654009497E1,1.191187184E-2,1.000291854E-2,9.850202128E-3
1.654209411E1,1.130100712E-2,1.122464892E-2,9.850202128E-3
1.654409321E1,1.130100712E-2,1.122464892E-2,9.850202128E-3
1.654609324E1,1.007927675E-2,1.000291854E-2,1.046106778E-2
1.654809327E1,8.857546374E-3,8.781188168E-3,8.017606102E-3
1.655009330E1,1.007927675E-2,8.170322515E-3,9.850202128E-3
1.655209334E1,7.635815535E-3,6.948592141E-3,8.017606102E-3
1.655409337E1,8.246680722E-3,6.337726954E-3,6.795875728E-3
1.655609340E1,4.581489135E-3,7.559457328E-3,8.017606102E-3
1.655809344E1,2.748893574E-3,7.559457328E-3,6.185010541E-3
1.656009344E1,9.162978968E-4,7.559457328E-3,6.795875728E-3
1.656209427E1,3.970623948E-3,7.559457328E-3,6.795875728E-3
1.656409514E1,5.803219974E-3,6.948592141E-3,6.185010541E-3
1.656609510E1,3.970623948E-3,8.170322515E-3,4.963280167E-3
1.656809507E1,2.748893574E-3,1.000291854E-2,6.795875728E-3
1.657009503E1,3.054326226E-4,1.122464892E-2,7.406740915E-3
1.657209500E1,3.970623948E-3,1.122464892E-2,8.017606102E-3
1.657409500E1,3.054326226E-4,1.061378326E-2,7.406740915E-3
1.657609500E1,5.192354787E-3,1.183551457E-2,6.795875728E-3
1.657809503E1,9.162978968E-4,1.427897532E-2,8.017606102E-3
1.658009507E1,2.748893574E-3,1.672243699E-2,5.574145354E-3
1.658209423E1,-2.748893574E-3,1.916589774E-2,4.352414981E-3
1.658409343E1,3.054326226E-4,1.733330078E-2,4.963280167E-3
1.658609346E1,9.162978968E-4,1.977676153E-2,5.574145354E-3
1.658809350E1,2.138028387E-3,1.855503209E-2,3.741549561E-3
1.659009353E1,-9.162978968E-4,1.977676153E-2,4.963280167E-3
1.659209356E1,-3.054326226E-4,2.038762718E-2,5.574145354E-3
1.659409356E1,9.162978968E-4,2.038762718E-2,3.741549561E-3
1.659609356E1,9.162978968E-4,1.916589774E-2,1.908953884E-3
1.659809356E1,-3.054326226E-4,2.099849284E-2,7.635815564E-5
1.660009356E1,-3.054326226E-4,1.977676153E-2,3.130684374E-3
1.660209443E1,-1.527163084E-3,1.977676153E-2,-5.345070967E-4
1.660409533E1,3.054326226E-4,1.977676153E-2,1.298088697E-3
1.660609530E1,-9.162978968E-4,2.099849284E-2,1.298088697E-3
1.660809526E1,2.138028387E-3,1.977676153E-2,7.635815564E-5
1.661009523E1,2.748893574E-3,2.222022414E-2,6.872233935E-4
1.661209519E1,-2.138028387E-3,2.160935849E-2,6.872233935E-4
1.661409516E1,3.054326226E-4,2.099849284E-2,-5.345070967E-4
1.661609513E1,4.581489135E-3,2.160935849E-2,6.872233935E-4
1.661809509E1,8.857546374E-3,2.222022414E-2,1.908953884E-3
1.662009506E1,4.581489135E-3,2.283108793E-2,-5.345070967E-4
1.662209419E1,7.635815535E-3,2.099849284E-2,-5.345070967E-4
1.662409332E1,7.635815535E-3,2.099849284E-2,-5.345070967E-4
1.662609336E1,4.581489135E-3,2.160935849E-2,1.298088697E-3
1.662809339E1,8.246680722E-3,2.099849284E-2,6.872233935E-4
1.663009342E1,7.635815535E-3,2.038762718E-2,7.635815564E-5
1.663209346E1,8.857546374E-3,1.916589774E-2,-1.756237587E-3
1.663409349E1,8.857546374E-3,1.977676153E-2,-1.145372284E-3
1.663609352E1,1.069014147E-2,2.038762718E-2,7.635815564E-5
1.663809352E1,8.857546374E-3,2.038762718E-2,1.298088697E-3
1.664009349E1,1.007927675E-2,1.977676153E-2,7.635815564E-5
1.664209432E1,8.246680722E-3,2.038762718E-2,1.298088697E-3
1.664409512E1,1.435533352E-2,2.099849284E-2,1.908953884E-3
1.664609509E1,6.414085161E-3,2.038762718E-2,6.872233935E-4
1.664809505E1,9.468411095E-3,2.038762718E-2,3.130684374E-3
1.665009502E1,1.130100712E-2,2.222022414E-2,1.298088697E-3
1.665209498E1,1.007927675E-2,2.038762718E-2,1.908953884E-3
1.665409498E1,9.468411095E-3,2.038762718E-2,1.908953884E-3
1.665609502E1,5.803219974E-3,1.977676153E-2,4.352414981E-3
1.665809505E1,6.414085161E-3,1.977676153E-2,3.130684374E-3
1.666009508E1,8.246680722E-3,2.160935849E-2,3.741549561E-3
1.666209425E1,7.635815535E-3,2.099849284E-2,4.352414981E-3
1.666409338E1,3.970623948E-3,2.099849284E-2,4.352414981E-3
1.666609342E1,5.192354787E-3,1.916589774E-2,4.963280167E-3
1.666809345E1,7.024950348E-3,1.977676153E-2,4.963280167E-3
1.667009348E1,5.192354787E-3,1.977676153E-2,5.574145354E-3
1.667209348E1,6.414085161E-3,1.916589774E-2,6.795875728E-3
1.667409348E1,5.192354787E-3,1.916589774E-2,6.795875728E-3
1.667609348E1,3.970623948E-3,1.672243699E-2,7.406740915E-3
1.667809348E1,5.803219974E-3,1.733330078E-2,8.017606102E-3
1.668009348E1,3.359758761E-3,1.611157134E-2,9.850202128E-3
1.668209435E1,-3.054326226E-4,1.611157134E-2,1.046106778E-2
1.668409521E1,4.581489135E-3,1.550070569E-2,9.850202128E-3
1.668609518E1,-3.054326226E-4,1.488984004E-2,9.239336476E-3
1.668809515E1,5.192354787E-3,1.122464892E-2,1.046106778E-2
1.669009511E1,2.748893574E-3,1.366810966E-2,1.168279815E-2
1.669209508E1,5.192354787E-3,1.061378326E-2,1.046106778E-2
1.669409504E1,6.414085161E-3,1.122464892E-2,1.046106778E-2
1.669609501E1,3.970623948E-3,9.392052889E-3,1.168279815E-2
1.669809498E1,7.635815535E-3,1.183551457E-2,1.229366288E-2
1.670009498E1,7.635815535E-3,1.122464892E-2,1.046106778E-2
1.670209414E1,5.192354787E-3,8.781188168E-3,1.107193250E-2
1.670409434E1,5.192354787E-3,8.781188168E-3,1.107193250E-2
1.670609438E1,6.414085161E-3,6.337726954E-3,1.168279815E-2
1.670809441E1,5.192354787E-3,5.726861767E-3,1.046106778E-2
1.671009444E1,6.414085161E-3,5.726861767E-3,1.229366288E-2
1.671209447E1,5.803219974E-3,5.115996581E-3,1.107193250E-2
1.671409451E1,5.803219974E-3,3.894265974E-3,1.290452853E-2
1.671609451E1,5.803219974E-3,4.505131394E-3,1.168279815E-2
1.671809447E1,8.246680722E-3,4.505131394E-3,1.107193250E-2
1.672009444E1,7.024950348E-3,2.061670180E-3,1.046106778E-2
1.672209527E1,7.024950348E-3,2.672535367E-3,1.107193250E-2
1.672409614E1,8.246680722E-3,8.399396902E-4,1.046106778E-2
1.672609610E1,3.970623948E-3,1.450804994E-3,7.406740915E-3
1.672809607E1,6.414085161E-3,1.450804994E-3,1.046106778E-2
1.673009604E1,8.246680722E-3,2.061670180E-3,8.628471754E-3
1.673209604E1,8.246680722E-3,1.450804994E-3,9.850202128E-3
1.673409604E1,1.069014147E-2,8.399396902E-4,8.017606102E-3
1.673609604E1,9.468411095E-3,-1.603521290E-3,8.017606102E-3
1.673809604E1,1.007927675E-2,-9.926559869E-4,6.795875728E-3
1.674009604E1,8.857546374E-3,-1.603521290E-3,8.017606102E-3
1.674209517E1,8.246680722E-3,-1.603521290E-3,8.628471754E-3
1.674409427E1,8.246680722E-3,-9.926559869E-4,6.795875728E-3
1.674609427E1,1.191187184E-2,-2.825251780E-3,6.795875728E-3
1.674809427E1,1.130100712E-2,-3.817907709E-4,4.963280167E-3
1.675009430E1,1.557706390E-2,-3.817907709E-4,4.963280167E-3
1.675209434E1,1.313360315E-2,-1.603521290E-3,5.574145354E-3
1.675409437E1,1.618792862E-2,-2.825251780E-3,3.741549561E-3
1.675609440E1,1.863138936E-2,-1.603521290E-3,6.185010541E-3
1.675809443E1,1.679879427E-2,-2.214386594E-3,4.352414981E-3
1.676009447E1,1.985312067E-2,-1.603521290E-3,5.574145354E-3
1.676209533E1,2.168571576E-2,-3.817907709E-4,4.963280167E-3
1.676409513E1,2.046398632E-2,-1.603521290E-3,7.406740915E-3
1.676609510E1,2.107485011E-2,-9.926559869E-4,5.574145354E-3
1.676809506E1,2.290744707E-2,-9.926559869E-4,4.963280167E-3
1.677009503E1,2.290744707E-2,-3.817907709E-4,5.574145354E-3
1.677209500E1,2.168571576E-2,-1.603521290E-3,6.185010541E-3
1.677409496E1,2.107485011E-2,-3.817907709E-4,6.795875728E-3
1.677609493E1,2.535090782E-2,-1.603521290E-3,4.963280167E-3
1.677809493E1,1.924225502E-2,-1.603521290E-3,8.017606102E-3
1.678009496E1,1.802052557E-2,-1.603521290E-3,5.574145354E-3
1.678209413E1,1.924225502E-2,-3.817907709E-4,7.406740915E-3
1.678409326E1,1.924225502E-2,-3.817907709E-4,7.406740915E-3
1.678609329E1,1.740965992E-2,-3.817907709E-4,8.628471754E-3
1.678809333E1,1.679879427E-2,2.290744742E-4,8.017606102E-3
1.679009336E1,8.857546374E-3,3.283400787E-3,6.795875728E-3
1.679209339E1,1.802052557E-2,8.399396902E-4,8.628471754E-3
1.679409343E1,1.618792862E-2,2.672535367E-3,8.017606102E-3
1.679609343E1,1.740965992E-2,3.894265974E-3,8.628471754E-3
1.679809343E1,1.435533352E-2,2.672535367E-3,9.850202128E-3
1.680009343E1,1.435533352E-2,3.283400787E-3,8.017606102E-3
1.680209429E1,1.496619824E-2,2.672535367E-3,9.239336476E-3
1.680409519E1,1.557706390E-2,3.894265974E-3,8.017606102E-3
1.680609519E1,1.374446787E-2,5.115996581E-3,9.239336476E-3
1.680809519E1,1.130100712E-2,3.283400787E-3,9.239336476E-3
1.681009516E1,1.007927675E-2,5.115996581E-3,1.046106778E-2
1.681209512E1,1.191187184E-2,4.505131394E-3,1.168279815E-2
1.681409509E1,1.191187184E-2,5.115996581E-3,1.046106778E-2
1.681609506E1,1.374446787E-2,5.726861767E-3,1.046106778E-2
1.681809502E1,1.069014147E-2,6.948592141E-3,1.229366288E-2
1.682009499E1,9.468411095E-3,6.337726954E-3,1.107193250E-2
1.682209409E1,1.069014147E-2,6.948592141E-3,1.168279815E-2
1.682409319E1,1.069014147E-2,6.948592141E-3,1.168279815E-2
1.682609319E1,1.252273750E-2,7.559457328E-3,1.107193250E-2
1.682809322E1,1.130100712E-2,7.559457328E-3,1.046106778E-2
1.683009325E1,1.007927675E-2,7.559457328E-3,1.046106778E-2
1.683209329E1,1.069014147E-2,8.170322515E-3,8.628471754E-3
1.683409332E1,9.468411095E-3,6.948592141E-3,8.628471754E-3
1.683609335E1,6.414085161E-3,5.726861767E-3,9.850202128E-3
1.683809339E1,7.024950348E-3,6.337726954E-3,7.406740915E-3
1.684009339E1,8.246680722E-3,6.337726954E-3,7.406740915E-3
1.684209425E1,1.191187184E-2,6.948592141E-3,8.017606102E-3
1.684409512E1,8.246680722E-3,6.337726954E-3,7.406740915E-3
1.684609508E1,8.246680722E-3,5.115996581E-3,6.795875728E-3
1.684809505E1,7.635815535E-3,6.948592141E-3,4.963280167E-3
1.685009502E1,5.803219974E-3,6.948592141E-3,4.352414981E-3
1.685209498E1,8.246680722E-3,4.505131394E-3,4.352414981E-3
1.685409495E1,5.192354787E-3,3.894265974E-3,2.519819187E-3
1.685609495E1,7.635815535E-3,3.894265974E-3,2.519819187E-3
1.685809495E1,1.007927675E-2,3.283400787E-3,6.872233935E-4
1.686009495E1,5.803219974E-3,2.061670180E-3,7.635815564E-5
1.686209408E1,5.192354787E-3,2.061670180E-3,-1.145372284E-3
1.686409318E1,5.192354787E-3,2.061670180E-3,-1.145372284E-3
1.686609318E1,7.024950348E-3,8.399396902E-4,-1.145372284E-3
1.686809318E1,7.024950348E-3,2.290744742E-4,-1.145372284E-3
1.687009318E1,3.359758761E-3,-3.817907709E-4,-2.977967961E-3
1.687209318E1,2.748893574E-3,-2.214386594E-3,-3.588833380E-3
1.687409321E1,4.581489135E-3,-1.603521290E-3,-2.977967961E-3
1.687609325E1,3.359758761E-3,-5.879578181E-3,-5.421428941E-3
1.687809328E1,4.581489135E-3,-5.268712528E-3,-3.588833380E-3
1.688009331E1,5.803219974E-3,-4.657847341E-3,-1.756237587E-3
1.688209421E1,3.359758761E-3,-5.879578181E-3,-4.199698567E-3
1.688409515E1,1.527163084E-3,-6.490443368E-3,-5.421428941E-3
1.688609518E1,3.359758761E-3,-8.933904581E-3,-4.810563754E-3
1.688809518E1,2.748893574E-3,-7.712173741E-3,-5.421428941E-3
1.689009514E1,3.970623948E-3,-1.015563495E-2,-4.810563754E-3
1.689209511E1,5.192354787E-3,-1.320996135E-2,-6.643159315E-3
1.689409508E1,5.192354787E-3,-1.076649968E-2,-3.588833380E-3
1.689609504E1,4.581489135E-3,-1.137736533E-2,-6.032294128E-3
1.689809501E1,3.359758761E-3,-1.320996135E-2,-6.643159315E-3
1.690009498E1,6.414085161E-3,-1.259909570E-2,-4.810563754E-3
1.690209408E1,3.359758761E-3,-1.443169173E-2,-6.032294128E-3
1.690409318E1,3.359758761E-3,-1.443169173E-2,-6.032294128E-3
1.690609321E1,4.581489135E-3,-1.259909570E-2,-4.199698567E-3
1.690809324E1,3.359758761E-3,-1.259909570E-2,-4.199698567E-3
1.691009327E1,5.192354787E-3,-1.259909570E-2,-2.977967961E-3
1.691209331E1,3.970623948E-3,-1.137736533E-2,-4.199698567E-3
1.691409334E1,6.414085161E-3,-8.323038928E-3,-2.367102774E-3
1.691609337E1,8.246680722E-3,-1.015563495E-2,-4.810563754E-3
1.691809434E1,3.359758761E-3,-8.933904581E-3,-2.367102774E-3
1.692009437E1,5.803219974E-3,-8.323038928E-3,-4.199698567E-3
1.692209524E1,5.192354787E-3,-5.268712528E-3,-1.756237587E-3
1.692409614E1,7.024950348E-3,-3.436116967E-3,-2.367102774E-3
1.692609614E1,8.246680722E-3,-3.436116967E-3,-2.977967961E-3
1.692809614E1,6.414085161E-3,-2.825251780E-3,-2.367102774E-3
1.693009524E1,7.024950348E-3,-2.825251780E-3,-2.367102774E-3
1.693209524E1,8.857546374E-3,2.290744742E-4,7.635815564E-5
1.693409520E1,7.024950348E-3,-9.926559869E-4,7.635815564E-5
1.693609517E1,8.857546374E-3,2.290744742E-4,-1.145372284E-3
1.693809514E1,8.246680722E-3,1.450804994E-3,-1.756237587E-3
1.694009510E1,9.468411095E-3,1.450804994E-3,-1.145372284E-3
1.694209420E1,1.252273750E-2,-9.926559869E-4,-5.345070967E-4
1.694409330E1,1.252273750E-2,-9.926559869E-4,-5.345070967E-4
1.694609327E1,1.130100712E-2,-1.603521290E-3,-5.345070967E-4
1.694809323E1,1.191187184E-2,-9.926559869E-4,-1.756237587E-3
1.695009323E1,1.618792862E-2,-2.825251780E-3,7.635815564E-5
1.695209327E1,1.069014147E-2,-5.268712528E-3,-1.756237587E-3
1.695409330E1,1.007927675E-2,-2.214386594E-3,1.298088697E-3
1.695609333E1,1.618792862E-2,-2.825251780E-3,-2.367102774E-3
1.695809337E1,1.924225502E-2,-6.490443368E-3,-5.345070967E-4
1.696009340E1,1.496619824E-2,-4.657847341E-3,1.908953884E-3
1.696209430E1,1.557706390E-2,-7.101308554E-3,7.635815564E-5
1.696409523E1,1.618792862E-2,-7.101308554E-3,1.908953884E-3
1.696609523E1,1.740965992E-2,-6.490443368E-3,-1.756237587E-3
1.696809520E1,1.924225502E-2,-8.933904581E-3,-5.345070967E-4
1.697009516E1,1.618792862E-2,-7.101308554E-3,1.908953884E-3
1.697209513E1,1.618792862E-2,-7.101308554E-3,1.908953884E-3
1.697409510E1,2.046398632E-2,-5.879578181E-3,1.908953884E-3
1.697609506E1,1.985312067E-2,-9.544769302E-3,6.872233935E-4
1.697809410E1,2.046398632E-2,-9.544769302E-3,6.872233935E-4
1.698009406E1,1.802052557E-2,-9.544769302E-3,1.298088697E-3
1.698209319E1,2.290744707E-2,-1.076649968E-2,1.298088697E-3
1.698409233E1,2.290744707E-2,-1.076649968E-2,1.298088697E-3
1.698609236E1,2.046398632E-2,-1.015563495E-2,7.635815564E-5
1.698809239E1,2.168571576E-2,-1.015563495E-2,-5.345070967E-4
1.699009333E1,2.168571576E-2,-1.076649968E-2,6.872233935E-4
1.699209336E1,1.863138936E-2,-1.076649968E-2,-5.345070967E-4
1.699409339E1,1.863138936E-2,-1.198823005E-2,1.298088697E-3
1.699609342E1,1.863138936E-2,-9.544769302E-3,1.298088697E-3
1.699809346E1,1.802052557E-2,-9.544769302E-3,1.908953884E-3
1.700009346E1,1.863138936E-2,-1.015563495E-2,6.872233935E-4
1.700209432E1,1.313360315E-2,-9.544769302E-3,-5.345070967E-4
1.700409519E1,1.618792862E-2,-8.933904581E-3,7.635815564E-5
1.700609519E1,1.191187184E-2,-1.076649968E-2,-5.345070967E-4
1.700809519E1,1.618792862E-2,-1.076649968E-2,6.872233935E-4
1.701009519E1,1.069014147E-2,-8.323038928E-3,-5.345070967E-4
1.701209516E1,1.069014147E-2,-1.015563495E-2,7.635815564E-5
1.701409512E1,7.024950348E-3,-1.259909570E-2,-1.756237587E-3
1.701609509E1,9.468411095E-3,-1.137736533E-2,-5.345070967E-4
1.701809505E1,8.246680722E-3,-1.137736533E-2,-2.977967961E-3
1.702009502E1,8.857546374E-3,-9.544769302E-3,-5.345070967E-4
1.702209412E1,9.468411095E-3,-9.544769302E-3,-1.756237587E-3
1.702409319E1,6.414085161E-3,-1.076649968E-2,-3.588833380E-3
1.702609315E1,7.635815535E-3,-8.933904581E-3,-1.756237587E-3
1.702809315E1,9.468411095E-3,-1.076649968E-2,-2.977967961E-3
1.703009319E1,5.192354787E-3,-1.137736533E-2,-4.199698567E-3
1.703209322E1,7.024950348E-3,-1.015563495E-2,-3.588833380E-3
1.703409325E1,5.803219974E-3,-1.198823005E-2,-5.421428941E-3
1.703609328E1,7.024950348E-3,-1.259909570E-2,-6.032294128E-3
1.703809332E1,7.024950348E-3,-1.259909570E-2,-4.810563754E-3
1.704009335E1,7.024950348E-3,-1.504255645E-2,-9.086620063E-3
1.704209425E1,5.192354787E-3,-1.565342210E-2,-9.697485715E-3
1.704409515E1,6.414085161E-3,-1.382082608E-2,-4.810563754E-3
1.704609512E1,8.857546374E-3,-1.504255645E-2,-9.086620063E-3
1.704809508E1,5.192354787E-3,-1.504255645E-2,-7.864889689E-3
1.705009505E1,5.192354787E-3,-1.443169173E-2,-8.475755341E-3
1.705209501E1,1.069014147E-2,-1.504255645E-2,-8.475755341E-3
1.705409498E1,1.007927675E-2,-1.565342210E-2,-7.864889689E-3
1.705609495E1,8.246680722E-3,-1.504255645E-2,-9.086620063E-3
1.705809491E1,8.857546374E-3,-1.687515154E-2,-6.643159315E-3
1.706009491E1,1.130100712E-2,-1.687515154E-2,-8.475755341E-3
1.706209408E1,5.192354787E-3,-1.565342210E-2,-6.643159315E-3
1.706409321E1,5.192354787E-3,-1.565342210E-2,-6.643159315E-3
1.706609324E1,1.069014147E-2,-1.382082608E-2,-5.421428941E-3
1.706809328E1,1.069014147E-2,-1.504255645E-2,-5.421428941E-3
1.707009331E1,8.857546374E-3,-1.443169173E-2,-4.199698567E-3
1.707209334E1,1.191187184E-2,-1.320996135E-2,-5.421428941E-3
1.707409338E1,9.468411095E-3,-1.259909570E-2,-6.032294128E-3
1.707609341E1,1.069014147E-2,-1.443169173E-2,-7.864889689E-3
1.707809341E1,7.024950348E-3,-1.137736533E-2,-6.643159315E-3
1.708009341E1,8.246680722E-3,-1.382082608E-2,-6.032294128E-3
1.708209428E1,9.468411095E-3,-1.259909570E-2,-5.421428941E-3
1.708409518E1,7.024950348E-3,-1.382082608E-2,-5.421428941E-3
1.708609518E1,3.054326226E-4,-1.259909570E-2,-6.032294128E-3
1.708809518E1,2.748893574E-3,-1.198823005E-2,-7.254024968E-3
1.709009514E1,1.527163084E-3,-1.320996135E-2,-9.086620063E-3
1.709209511E1,9.162978968E-4,-1.320996135E-2,-9.086620063E-3
1.709409507E1,2.138028387E-3,-1.137736533E-2,-7.254024968E-3
1.709609504E1,3.054326226E-4,-1.259909570E-2,-8.475755341E-3
1.709809500E1,-2.748893574E-3,-1.504255645E-2,-7.864889689E-3
1.710009497E1,-9.162978968E-4,-1.198823005E-2,-9.086620063E-3
1.710209407E1,-1.527163084E-3,-1.504255645E-2,-9.086620063E-3
1.710409314E1,-2.748893574E-3,-1.259909570E-2,-1.091921609E-2
1.710609314E1,-3.359758761E-3,-1.382082608E-2,-9.697485715E-3
1.710809317E1,-2.748893574E-3,-1.382082608E-2,-1.091921609E-2
1.711009320E1,-2.138028387E-3,-1.565342210E-2,-1.153008174E-2
1.711209324E1,-1.527163084E-3,-1.565342210E-2,-1.580613852E-2
1.711409327E1,-2.138028387E-3,-1.870774850E-2,-1.275181212E-2
1.711609330E1,-2.138028387E-3,-1.870774850E-2,-1.580613852E-2
1.711809334E1,-1.527163084E-3,-2.115120925E-2,-1.519527286E-2
1.712009337E1,-2.748893574E-3,-1.992947794E-2,-1.336267684E-2
1.712209423E1,-1.527163084E-3,-2.176207490E-2,-1.580613852E-2
1.712409510E1,2.138028387E-3,-2.237293869E-2,-1.519527286E-2
1.712609507E1,2.138028387E-3,-2.359467000E-2,-1.886046492E-2
1.712809503E1,3.054326226E-4,-2.481640130E-2,-1.641700417E-2
1.713009500E1,6.414085161E-3,-2.359467000E-2,-1.886046492E-2
1.713209496E1,5.192354787E-3,-2.725986205E-2,-1.824959926E-2
1.713409493E1,6.414085161E-3,-2.848159149E-2,-1.763873361E-2
1.713609490E1,5.803219974E-3,-2.909245715E-2,-1.886046492E-2
1.713809490E1,7.635815535E-3,-3.092505224E-2,-1.702786796E-2
1.714009490E1,9.468411095E-3,-3.153591976E-2,-1.702786796E-2
1.714209403E1,1.130100712E-2,-3.397937864E-2,-1.702786796E-2
1.714409313E1,1.130100712E-2,-3.397937864E-2,-1.702786796E-2
1.714609313E1,1.007927675E-2,-3.214678168E-2,-1.702786796E-2
1.714809313E1,1.069014147E-2,-3.275764734E-2,-1.580613852E-2
1.715009313E1,1.191187184E-2,-3.336851299E-2,-1.580613852E-2
1.715209313E1,1.679879427E-2,-3.275764734E-2,-1.397354249E-2
1.715409313E1,1.435533352E-2,-3.092505224E-2,-1.397354249E-2
1.715609316E1,1.679879427E-2,-3.092505224E-2,-1.275181212E-2
1.715809320E1,1.435533352E-2,-2.970332280E-2,-9.086620063E-3
1.716009323E1,1.557706390E-2,-2.970332280E-2,-1.153008174E-2
1.716209413E1,1.740965992E-2,-2.787072770E-2,-8.475755341E-3
1.716409506E1,1.924225502E-2,-2.664899640E-2,-7.254024968E-3
1.716609509E1,1.802052557E-2,-2.787072770E-2,-7.864889689E-3
1.716809509E1,1.679879427E-2,-2.603813075E-2,-7.864889689E-3
1.717009509E1,1.802052557E-2,-2.603813075E-2,-7.864889689E-3
1.717209506E1,1.985312067E-2,-2.664899640E-2,-7.864889689E-3
1.717409503E1,2.107485011E-2,-2.359467000E-2,-4.810563754E-3
1.717609499E1,2.351831272E-2,-2.481640130E-2,-4.199698567E-3
1.717809496E1,2.351831272E-2,-2.298380435E-2,-4.199698567E-3
1.718009492E1,2.229658142E-2,-2.176207490E-2,-4.810563754E-3
1.718209402E1,2.535090782E-2,-2.176207490E-2,-2.367102774E-3
1.718409312E1,2.535090782E-2,-2.176207490E-2,-2.367102774E-3
1.718609316E1,2.840523422E-2,-2.298380435E-2,-1.756237587E-3
1.718809319E1,3.573561832E-2,-2.115120925E-2,1.908953884E-3
1.719009322E1,3.390302137E-2,-2.176207490E-2,3.130684374E-3
1.719209326E1,3.878994286E-2,-2.176207490E-2,3.130684374E-3
1.719409329E1,4.062253982E-2,-2.542726509E-2,3.741549561E-3
1.719609332E1,4.428773001E-2,-2.481640130E-2,5.574145354E-3
1.719809336E1,4.428773001E-2,-2.420553565E-2,8.628471754E-3
1.720009339E1,4.673119262E-2,-2.542726509E-2,9.850202128E-3
1.720209425E1,5.100724846E-2,-2.725986205E-2,9.239336476E-3
1.720409515E1,5.589416996E-2,-2.725986205E-2,9.239336476E-3
1.720609515E1,5.528330430E-2,-2.725986205E-2,1.412625890E-2
1.720809515E1,6.383541971E-2,-2.725986205E-2,1.595885493E-2
1.721009515E1,6.688974798E-2,-2.542726509E-2,1.473712362E-2
1.721209515E1,6.994406879E-2,-2.542726509E-2,1.840231568E-2
1.721409515E1,7.299839705E-2,-2.664899640E-2,2.084577642E-2
1.721609512E1,7.483099401E-2,-2.909245715E-2,2.023491077E-2
1.721809509E1,8.032877743E-2,-2.848159149E-2,2.390010282E-2
1.722009505E1,7.910704613E-2,-2.848159149E-2,2.512183413E-2
1.722209415E1,8.643743396E-2,-2.970332280E-2,2.328923717E-2
1.722409322E1,8.643743396E-2,-2.970332280E-2,2.328923717E-2
1.722609318E1,9.010262042E-2,-3.214678168E-2,2.573269792E-2
1.722809315E1,9.071348608E-2,-3.336851299E-2,2.573269792E-2
1.723009312E1,9.498954564E-2,-3.275764734E-2,2.634356357E-2
1.723209312E1,9.682214260E-2,-3.397937864E-2,2.939788997E-2
1.723409315E1,9.560041130E-2,-3.520110995E-2,2.878702432E-2
1.723609318E1,1.029307917E-1,-3.397937864E-2,2.939788997E-2
1.723809322E1,1.053742543E-1,-3.520110995E-2,2.939788997E-2
1.724009325E1,1.041525230E-1,-3.520110995E-2,3.000875562E-2
1.724209415E1,1.102611795E-1,-3.581197560E-2,3.061962128E-2
1.724409508E1,1.139263660E-1,-3.825543448E-2,3.306308016E-2
1.724609508E1,1.157589629E-1,-3.825543448E-2,3.123048507E-2
1.724809508E1,1.175915599E-1,-3.764457256E-2,3.184135258E-2
1.725009505E1,1.212567538E-1,-3.947716579E-2,3.000875562E-2
1.725209501E1,1.243110746E-1,-4.069889709E-2,3.245221451E-2
1.725409498E1,1.304197311E-1,-3.764457256E-2,2.817615867E-2
1.725609494E1,1.359175146E-1,-3.947716579E-2,3.061962128E-2
1.725809491E1,1.359175146E-1,-3.947716579E-2,2.878702432E-2
1.726009488E1,1.420261711E-1,-3.886630014E-2,3.123048507E-2
1.726209401E1,1.505782902E-1,-3.703370690E-2,2.817615867E-2
1.726409314E1,1.505782902E-1,-3.703370690E-2,2.817615867E-2
1.726609318E1,1.597412676E-1,-3.764457256E-2,2.451096848E-2
1.726809321E1,1.664607823E-1,-3.886630014E-2,2.451096848E-2
1.727009324E1,1.689042449E-1,-3.886630014E-2,2.145664208E-2
1.727209328E1,1.756237596E-1,-4.008803144E-2,2.084577642E-2
1.727409331E1,1.805106848E-1,-4.069889709E-2,1.962404512E-2
1.727609334E1,1.860084683E-1,-4.314235970E-2,1.718058437E-2
1.727809337E1,1.915062517E-1,-4.436408728E-2,1.595885493E-2
1.728009337E1,1.982257664E-1,-4.925100878E-2,1.229366288E-2
1.728209424E1,2.006692290E-1,-4.864014685E-2,1.107193250E-2
1.728409514E1,2.055561543E-1,-5.108360574E-2,8.628471754E-3
1.728609514E1,2.092213482E-1,-5.719225854E-2,6.185010541E-3
1.728809514E1,2.122756690E-1,-5.841398984E-2,4.352414981E-3
1.729009514E1,2.153300047E-1,-6.146831438E-2,1.298088697E-3
1.729209514E1,2.208277881E-1,-6.513350457E-2,-2.367102774E-3
1.729409511E1,2.214386463E-1,-6.818783283E-2,-2.367102774E-3
1.729609507E1,2.208277881E-1,-7.063129544E-2,-2.977967961E-3
1.729809504E1,2.244929820E-1,-7.368562371E-2,-4.810563754E-3
1.730009500E1,2.257147133E-1,-7.796167582E-2,-7.864889689E-3
1.730209410E1,2.275473028E-1,-7.979427278E-2,-1.091921609E-2
1.730409317E1,2.306016237E-1,-8.284860104E-2,-9.086620063E-3
1.730609314E1,2.281581759E-1,-8.345946670E-2,-7.254024968E-3
1.730809310E1,2.281581759E-1,-8.590292186E-2,-1.030835137E-2
1.731009310E1,2.336559594E-1,-8.651378751E-2,-1.030835137E-2
1.731209314E1,2.293798923E-1,-8.834638447E-2,-1.153008174E-2
1.731409317E1,2.318233550E-1,-8.834638447E-2,-1.336267684E-2
1.731609320E1,2.287690341E-1,-8.590292186E-2,-1.030835137E-2
1.731809323E1,2.324342281E-1,-8.529205620E-2,-1.275181212E-2
1.732009327E1,2.244929820E-1,-8.345946670E-2,-1.091921609E-2
1.732209417E1,2.306016237E-1,-8.529205620E-2,-9.086620063E-3
1.732409507E1,2.306016237E-1,-8.101600409E-2,-4.810563754E-3
1.732609507E1,2.348776907E-1,-8.040513843E-2,-3.588833380E-3
1.732809503E1,2.367102802E-1,-7.551821321E-2,-4.199698567E-3
1.733009500E1,2.397646159E-1,-7.063129544E-2,6.872233935E-4
1.733209496E1,2.415972054E-1,-6.757696718E-2,1.298088697E-3
1.733409493E1,2.440406680E-1,-6.330090761E-2,4.963280167E-3
1.733609490E1,2.470949888E-1,-5.719225854E-2,9.850202128E-3
1.733809486E1,2.507601976E-1,-5.352706835E-2,1.412625890E-2
1.734009486E1,2.544253767E-1,-4.986187443E-2,1.168279815E-2
1.734209400E1,2.550362349E-1,-4.558581859E-2,2.084577642E-2
1.734409310E1,2.550362349E-1,-4.558581859E-2,2.084577642E-2
1.734609310E1,2.641992271E-1,-4.253149405E-2,2.328923717E-2
1.734809310E1,2.641992271E-1,-3.825543448E-2,2.817615867E-2
1.735009310E1,2.666426897E-1,-3.947716579E-2,2.878702432E-2
1.735209310E1,2.709187269E-1,-3.703370690E-2,3.184135258E-2
1.735409310E1,2.654209435E-1,-3.703370690E-2,3.550654277E-2
1.735609310E1,2.727513313E-1,-3.581197560E-2,3.550654277E-2
1.735809313E1,2.739730477E-1,-3.459024429E-2,4.100432992E-2
1.736009316E1,2.733621895E-1,-3.703370690E-2,4.344778880E-2
1.736209406E1,2.739730477E-1,-3.642284125E-2,4.528038576E-2
1.736409500E1,2.709187269E-1,-3.642284125E-2,4.650211707E-2
1.736609503E1,2.684752643E-1,-3.947716579E-2,4.894557595E-2
1.736809506E1,2.709187269E-1,-4.192062840E-2,5.138903856E-2
1.737009509E1,2.715296149E-1,-4.253149405E-2,5.383250117E-2
1.737209509E1,2.654209435E-1,-4.558581859E-2,5.138903856E-2
1.737409506E1,2.648100853E-1,-4.619668424E-2,5.383250117E-2
1.737609503E1,2.605340183E-1,-5.169447139E-2,5.383250117E-2
1.737809499E1,2.629774809E-1,-5.780312419E-2,5.383250117E-2
1.738009496E1,2.605340183E-1,-6.085744873E-2,5.261076987E-2
1.738209406E1,2.574796975E-1,-6.635523587E-2,5.199990422E-2
1.738409312E1,2.556470931E-1,-7.063129544E-2,5.199990422E-2
1.738609309E1,2.544253767E-1,-7.368562371E-2,5.016730726E-2
1.738809309E1,2.532036304E-1,-7.979427278E-2,4.833471403E-2
1.739009312E1,2.483167201E-1,-8.529205620E-2,4.711298272E-2
1.739209316E1,2.513710558E-1,-8.773551881E-2,4.711298272E-2
1.739409319E1,2.519819140E-1,-9.628763795E-2,4.528038576E-2
1.739609322E1,2.464841306E-1,-1.005636901E-1,4.405865446E-2
1.739809326E1,2.458732575E-1,-1.054506153E-1,4.405865446E-2
1.740009329E1,2.495384514E-1,-1.091158018E-1,4.222606122E-2
1.740209419E1,2.495384514E-1,-1.164461896E-1,4.222606122E-2
1.740409512E1,2.507601976E-1,-1.182787865E-1,4.283692688E-2
1.740609512E1,2.544253767E-1,-1.262200326E-1,4.161519557E-2
1.740809512E1,2.544253767E-1,-1.311069578E-1,4.039346427E-2
1.741009512E1,2.580905557E-1,-1.323286891E-1,4.100432992E-2
1.741209512E1,2.593123019E-1,-1.384373307E-1,3.978259861E-2
1.741409512E1,2.660318017E-1,-1.408807933E-1,4.100432992E-2
1.741609512E1,2.672535479E-1,-1.439351290E-1,4.100432992E-2
1.741809509E1,2.690861523E-1,-1.451568604E-1,3.978259861E-2
1.742009505E1,2.758056521E-1,-1.488220394E-1,4.161519557E-2
1.742209415E1,2.800817192E-1,-1.506546438E-1,4.589125142E-2
1.742409325E1,2.800817192E-1,-1.506546438E-1,4.589125142E-2
1.742609322E1,2.855795026E-1,-1.524872333E-1,4.466952011E-2
1.742809318E1,2.874121070E-1,-1.512655020E-1,4.466952011E-2
1.743009315E1,2.898555696E-1,-1.524872333E-1,4.528038576E-2
1.743209312E1,2.947424948E-1,-1.518763751E-1,4.466952011E-2
1.743409312E1,3.008511364E-1,-1.530981064E-1,4.772384837E-2
1.743609315E1,3.020728528E-1,-1.530981064E-1,4.650211707E-2
1.743809318E1,3.063489199E-1,-1.518763751E-1,4.833471403E-2
1.744009322E1,3.063489199E-1,-1.543198377E-1,5.077817291E-2
1.744209412E1,3.069597781E-1,-1.537089646E-1,5.138903856E-2
1.744409505E1,3.142901659E-1,-1.512655020E-1,5.199990422E-2
1.744609508E1,3.173444867E-1,-1.488220394E-1,5.077817291E-2
1.744809512E1,3.149010241E-1,-1.469894499E-1,5.016730726E-2
1.745009512E1,3.197879493E-1,-1.463785917E-1,5.261076987E-2
1.745209508E1,3.216205537E-1,-1.451568604E-1,5.077817291E-2
1.745409505E1,3.216205537E-1,-1.445459872E-1,5.199990422E-2
1.745609501E1,3.234531581E-1,-1.421025246E-1,5.138903856E-2
1.745809498E1,3.234531581E-1,-1.396590620E-1,5.077817291E-2
1.746009494E1,3.265074790E-1,-1.359938681E-1,5.322163552E-2
1.746209404E1,3.246748745E-1,-1.280526221E-1,5.322163552E-2
1.746409311E1,3.301726580E-1,-1.256091595E-1,5.383250117E-2
1.746609311E1,3.289509416E-1,-1.249983013E-1,5.261076987E-2
1.746809314E1,3.301726580E-1,-1.225548387E-1,5.199990422E-2
1.747009318E1,3.332269788E-1,-1.195005104E-1,5.077817291E-2
1.747209321E1,3.301726580E-1,-1.188896447E-1,5.016730726E-2
1.747409324E1,3.283400834E-1,-1.164461896E-1,4.650211707E-2
1.747609328E1,3.277291954E-1,-1.133918613E-1,4.772384837E-2
1.747809331E1,3.301726580E-1,-1.121701300E-1,4.711298272E-2
1.748009294E1,3.307835162E-1,-1.091158018E-1,4.772384837E-2
1.748209384E1,3.332269788E-1,-1.036180183E-1,4.772384837E-2
1.748409471E1,3.332269788E-1,-1.030071527E-1,4.833471403E-2
1.748609471E1,3.320052624E-1,-9.995282441E-2,4.466952011E-2
1.748809471E1,3.313944042E-1,-1.011745557E-1,4.344778880E-2
1.749009471E1,3.344487250E-1,-9.812022746E-2,4.466952011E-2
1.749209471E1,3.320052624E-1,-9.750936180E-2,3.917173296E-2
1.749409471E1,3.326161206E-1,-9.262244403E-2,3.917173296E-2
1.749609467E1,3.344487250E-1,-9.078984708E-2,4.100432992E-2
1.749809464E1,3.350595832E-1,-8.651378751E-2,3.733913973E-2
1.750009461E1,3.350595832E-1,-8.651378751E-2,3.611740842E-2
1.750209371E1,3.313944042E-1,-8.284860104E-2,3.489567712E-2
1.750409277E1,3.313944042E-1,-8.284860104E-2,3.489567712E-2
1.750609274E1,3.283400834E-1,-8.223773539E-2,3.184135258E-2
1.750809270E1,3.283400834E-1,-7.918340713E-2,3.123048507E-2
1.751009267E1,3.258966208E-1,-8.040513843E-2,2.939788997E-2
1.751209267E1,3.246748745E-1,-7.551821321E-2,2.512183413E-2
1.751409270E1,3.246748745E-1,-7.612907887E-2,2.451096848E-2
1.751609274E1,3.185662329E-1,-7.185302675E-2,2.084577642E-2
1.751809277E1,3.173444867E-1,-7.002042979E-2,1.656972058E-2
1.752009280E1,3.149010241E-1,-6.696610153E-2,1.412625890E-2
1.752209370E1,3.100140989E-1,-6.391177326E-2,8.628471754E-3
1.752409464E1,3.094032407E-1,-6.269004941E-2,4.963280167E-3
1.752609467E1,3.032945991E-1,-6.024658307E-2,2.519819187E-3
1.752809467E1,2.977968156E-1,-5.719225854E-2,-3.588833380E-3
1.753009463E1,2.886338234E-1,-5.352706835E-2,-1.030835137E-2
1.753209460E1,2.831360400E-1,-5.169447139E-2,-1.153008174E-2
1.753409457E1,2.764165103E-1,-4.864014685E-2,-1.824959926E-2
1.753609453E1,2.678644061E-1,-4.253149405E-2,-2.252565511E-2
1.753809450E1,2.593123019E-1,-3.764457256E-2,-2.741257846E-2
1.754009486E1,2.538145185E-1,-3.764457256E-2,-2.924517356E-2
1.754209396E1,2.379320115E-1,-3.031418845E-2,-4.024074972E-2
1.754409306E1,2.379320115E-1,-3.031418845E-2,-4.024074972E-2
1.754609306E1,2.226603776E-1,-2.481640130E-2,-4.451680556E-2
1.754809306E1,2.171625942E-1,-2.054034360E-2,-5.306891724E-2
1.755009306E1,2.018909603E-1,-1.320996135E-2,-5.673411116E-2
1.755209306E1,1.927279830E-1,-1.259909570E-2,-5.978843570E-2
1.755409306E1,1.805106848E-1,-7.101308554E-3,-6.467536092E-2
1.755609306E1,1.664607823E-1,-9.926559869E-4,-6.711881608E-2
1.755809306E1,1.554652005E-1,4.505131394E-3,-7.078400999E-2
1.756009306E1,1.395827085E-1,1.244637929E-2,-7.383833826E-2
1.756209396E1,1.243110746E-1,2.038762718E-2,-7.811439037E-2
1.756409490E1,1.188132912E-1,2.344195358E-2,-7.994698733E-2
1.756609493E1,1.004873365E-1,3.138320148E-2,-8.300131559E-2
1.756809496E1,8.399397135E-2,3.504839167E-2,-9.033169597E-2
1.757009500E1,7.666359097E-2,3.871358559E-2,-9.155342728E-2
1.757209503E1,5.955936015E-2,4.298964143E-2,-9.827294946E-2
1.757409503E1,4.123340547E-2,5.154175684E-2,-9.949467331E-2
1.757609503E1,3.512475267E-2,5.459608138E-2,-1.013272703E-1
1.757809500E1,1.618792862E-2,5.948300287E-2,-1.062141955E-1
1.758009496E1,-5.803219974E-3,6.681338698E-2,-1.098793894E-1
1.758209406E1,-3.756821156E-2,7.414376736E-2,-1.165989041E-1
1.758409313E1,-3.756821156E-2,7.414376736E-2,-1.165989041E-1
1.758609309E1,-5.528330430E-2,8.147415519E-2,-1.208749637E-1
1.758809306E1,-6.322455406E-2,8.147415519E-2,-1.245401502E-1
1.759009306E1,-8.582656831E-2,8.208502084E-2,-1.306488067E-1
1.759209306E1,-1.120937690E-1,8.636107296E-2,-1.324813962E-1
1.759409309E1,-1.249219403E-1,8.880453557E-2,-1.361465901E-1
1.759609312E1,-1.456913650E-1,8.941540122E-2,-1.434769779E-1
1.759809316E1,-1.768454909E-1,9.063713253E-2,-1.453095675E-1
1.760009319E1,-1.841758788E-1,9.063713253E-2,-1.489747614E-1
1.760209409E1,-2.122756690E-1,9.430231899E-2,-1.526399553E-1
1.760409502E1,-2.336559594E-1,9.918924421E-2,-1.550834179E-1
1.760609506E1,-2.477058619E-1,1.016327068E-1,-1.563051492E-1
1.760809506E1,-2.788599730E-1,1.016327068E-1,-1.593594700E-1
1.761009506E1,-3.032945991E-1,1.010218412E-1,-1.660789847E-1
1.761209506E1,-3.185662329E-1,1.022435725E-1,-1.648572534E-1
1.761409506E1,-3.491095006E-1,1.010218412E-1,-1.660789847E-1
1.761609506E1,-3.802636266E-1,1.010218412E-1,-1.673007160E-1
1.761809506E1,-3.937026560E-1,9.674578160E-2,-1.685224473E-1
1.762009506E1,-4.248567820E-1,9.491318464E-2,-1.685224473E-1
1.762209416E1,-4.682282209E-1,9.124799818E-2,-1.691333205E-1
1.762409322E1,-4.682282209E-1,9.124799818E-2,-1.691333205E-1
1.762609319E1,-5.024366379E-1,9.308059514E-2,-1.691333205E-1
1.762809316E1,-5.305364728E-1,9.185886383E-2,-1.654681265E-1
1.763009312E1,-5.494732857E-1,9.124799818E-2,-1.636355221E-1
1.763209309E1,-5.739079118E-1,9.308059514E-2,-1.618029326E-1
1.763409305E1,-6.013968587E-1,9.185886383E-2,-1.581377387E-1
1.763609302E1,-6.142250299E-1,9.002626687E-2,-1.587486118E-1
1.763809302E1,-6.423248053E-1,9.124799818E-2,-1.508073509E-1
1.764009305E1,-6.692028642E-1,9.124799818E-2,-1.465312988E-1
1.764209395E1,-6.850853562E-1,9.308059514E-2,-1.422552466E-1
1.764409488E1,-7.076873779E-1,9.063713253E-2,-1.361465901E-1
1.764609492E1,-7.327328324E-1,8.513934165E-2,-1.282053441E-1
1.764809495E1,-7.449501753E-1,8.208502084E-2,-1.227075532E-1
1.765009498E1,-7.669413090E-1,7.903069258E-2,-1.153771728E-1
1.765209502E1,-7.870998979E-1,7.353290170E-2,-1.043815985E-1
1.765409502E1,-7.968736887E-1,6.925684959E-2,-9.644035250E-2
1.765609498E1,-8.158105612E-1,6.070473418E-2,-8.727737516E-2
1.765809495E1,-8.274169564E-1,4.909829423E-2,-7.811439037E-2
1.766009492E1,-8.487972617E-1,4.237877578E-2,-6.101016700E-2
1.766209402E1,-8.707883954E-1,5.032002553E-2,-4.512767121E-2
1.766409318E1,-8.707883954E-1,5.032002553E-2,-4.512767121E-2
1.766609315E1,-8.817839622E-1,5.826127157E-2,-3.779728711E-2
1.766809315E1,-8.860600591E-1,6.131559983E-2,-3.413209692E-2
1.767009315E1,-8.836165667E-1,5.581781268E-2,-2.374738641E-2
1.767209315E1,-8.787296414E-1,4.787656292E-2,-1.030835137E-2
1.767409315E1,-8.793405294E-1,4.726569727E-2,-4.199698567E-3
1.767609315E1,-8.720101118E-1,4.604396969E-2,1.473712362E-2
1.767809315E1,-8.689557910E-1,4.665483162E-2,3.245221451E-2
1.768009315E1,-8.695666790E-1,4.604396969E-2,4.039346427E-2
1.768209401E1,-8.585711122E-1,5.337435007E-2,5.444336683E-2
1.768409491E1,-8.536841869E-1,5.826127157E-2,6.971499324E-2
1.768609495E1,-8.524624705E-1,6.192646548E-2,7.765624672E-2
1.768809498E1,-8.573493958E-1,6.864598393E-2,9.537133574E-2
1.769009501E1,-8.555167913E-1,7.047858089E-2,1.124755666E-1
1.769209505E1,-8.555167913E-1,6.803511828E-2,1.198059469E-1
1.769409508E1,-8.640688658E-1,6.559165567E-2,1.362993121E-1
1.769609511E1,-8.793405294E-1,6.925684959E-2,1.430188268E-1
1.769809514E1,-8.897252083E-1,7.841982692E-2,1.454622895E-1
1.770009514E1,-8.940013051E-1,1.059087589E-1,1.442405581E-1
1.770209424E1,-9.196576476E-1,1.584431678E-1,1.253037304E-1
1.770409331E1,-9.196576476E-1,1.584431678E-1,1.253037304E-1
1.770609328E1,-9.404270649E-1,1.810451895E-1,1.014799923E-1
1.770809324E1,-9.636399150E-1,1.889864355E-1,7.765624672E-2
1.771009321E1,-9.819658995E-1,1.871538460E-1,6.238461286E-2
1.771209317E1,-1.013120055E0,1.822669208E-1,3.184135258E-2
1.771409314E1,-1.052215338E0,1.706604809E-1,1.298088697E-3
1.771609314E1,-1.076039076E0,1.553888470E-1,-2.191479132E-2
1.771809317E1,-1.140179992E0,1.107956842E-1,-7.383833826E-2
1.772009321E1,-1.218370676E0,4.787656292E-2,-1.428661048E-1
1.772209411E1,-1.269072533E0,7.559457328E-3,-1.801288873E-1
1.772409494E1,-1.379028320E0,-7.002042979E-2,-2.589305043E-1
1.772609497E1,-1.510364294E0,-1.683697402E-1,-3.542254865E-1
1.772809500E1,-1.579392076E0,-2.190715522E-1,-3.994295001E-1
1.773009504E1,-1.724167109E0,-3.284164369E-1,-4.715116024E-1
1.773209507E1,-1.880548716E0,-4.414264858E-1,-5.442045927E-1
1.773409507E1,-1.954463363E0,-5.012912750E-1,-5.796347857E-1
1.773609507E1,-2.104125261E0,-6.246860623E-1,-6.407212615E-1
1.773809507E1,-2.245235205E0,-7.395287156E-1,-6.969208717E-1
1.774009507E1,-2.311819553E0,-7.951174974E-1,-7.250207067E-1
1.774209420E1,-2.473088026E0,-9.264535308E-1,-7.964919209E-1
1.774409330E1,-2.514626741E0,-9.576076269E-1,-8.135961294E-1
1.774609327E1,-2.545780897E0,-9.869291782E-1,-8.282569051E-1
1.774809324E1,-2.595261097E0,-1.038241863E0,-8.478046060E-1
1.775009320E1,-2.621528149E0,-1.083445907E0,-8.588001728E-1
1.775209317E1,-2.621528149E0,-1.099328399E0,-8.600218892E-1
1.775409313E1,-2.609921694E0,-1.120097756E0,-8.563567400E-1
1.775609310E1,-2.579378605E0,-1.133536816E0,-8.478046060E-1
1.775809307E1,-2.559830904E0,-1.137202024E0,-8.416959643E-1
1.776009303E1,-2.512794256E0,-1.136591196E0,-8.209265471E-1
1.776209390E1,-2.459648848E0,-1.135980248E0,-7.989353538E-1
1.776409483E1,-2.425440550E0,-1.132315040E0,-7.830528617E-1
1.776609486E1,-2.361299515E0,-1.121930361E0,-7.653377652E-1
1.776809490E1,-2.284330606E0,-1.102993608E0,-7.506770492E-1
1.777009493E1,-2.242180824E0,-1.091997981E0,-7.427358031E-1
1.777209496E1,-2.157881498E0,-1.062676430E0,-7.256315351E-1
1.777409500E1,-2.060142994E0,-1.024802804E0,-7.085273266E-1
1.777609503E1,-1.955074191E0,-9.857074022E-1,-6.969208717E-1
1.777809503E1,-1.895209432E0,-9.655488729E-1,-6.792057753E-1
1.778009500E1,-1.774258137E0,-9.362273216E-1,-6.596581340E-1
1.778209410E1,-1.575116038E0,-8.934667706E-1,-6.340017915E-1
1.778409320E1,-1.575116038E0,-8.934667706E-1,-6.340017915E-1
1.778609316E1,-1.434006214E0,-8.458192945E-1,-6.150649190E-1
1.778809313E1,-1.280068159E0,-7.835110426E-1,-5.991824269E-1
1.779009309E1,-1.201877356E0,-7.444156408E-1,-5.887977481E-1
1.779209306E1,-1.042441487E0,-6.637814641E-1,-5.753586888E-1
1.779409306E1,-8.866708875E-1,-5.648213029E-1,-5.588653684E-1
1.779609309E1,-8.042041063E-1,-5.098434091E-1,-5.515349507E-1
1.779809312E1,-6.423248053E-1,-3.937790096E-1,-5.325981379E-1
1.780009316E1,-4.871650338E-1,-2.783254683E-1,-5.130504370E-1
1.780209406E1,-4.077525437E-1,-2.178498209E-1,-5.057200789E-1
1.780409499E1,-2.501493096E-1,-1.066723466E-1,-4.861723781E-1
1.780609502E1,-1.090394482E-1,2.290744742E-4,-4.666246772E-1
1.780809506E1,-3.695734590E-2,4.787656292E-2,-4.556291103E-1
1.781009509E1,9.498954564E-2,1.370628923E-1,-4.324162304E-1
1.781209509E1,2.202169150E-1,2.103667259E-1,-4.043164253E-1
1.781409509E1,2.770273983E-1,2.396882474E-1,-3.896556795E-1
1.781609509E1,3.869831264E-1,2.928335369E-1,-3.585015535E-1
1.781809509E1,4.853324294E-1,3.300963044E-1,-3.285691440E-1
1.782009509E1,5.262604356E-1,3.465896547E-1,-3.132975101E-1
1.782209422E1,6.362161636E-1,3.850741684E-1,-2.687043548E-1
1.782409329E1,6.630942225E-1,3.911828399E-1,-2.558761835E-1
1.782609326E1,6.899722815E-1,3.966806233E-1,-2.461023331E-1
1.782809322E1,7.315111160E-1,4.009566605E-1,-2.204459906E-1
1.783009319E1,7.590000629E-1,4.052327275E-1,-1.990657151E-1
1.783209315E1,7.675521970E-1,4.040110111E-1,-1.880701333E-1
1.783409312E1,7.706065178E-1,3.942371607E-1,-1.734093726E-1
1.783609308E1,7.596109509E-1,3.783546686E-1,-1.624137908E-1
1.783809305E1,7.480044961E-1,3.704134226E-1,-1.593594700E-1
1.784009305E1,7.162395120E-1,3.490331173E-1,-1.538616866E-1
1.784209392E1,6.692028642E-1,3.307071626E-1,-1.532508135E-1
1.784409482E1,6.411030889E-1,3.252093792E-1,-1.520290822E-1
1.784609485E1,5.842925906E-1,3.191007376E-1,-1.556942761E-1
1.784809488E1,5.054910183E-1,3.026073575E-1,-1.648572534E-1
1.785009492E1,4.706716835E-1,2.940552533E-1,-1.697441787E-1
1.785209495E1,3.857614100E-1,2.800053656E-1,-1.721876413E-1
1.785409498E1,3.057380617E-1,2.647337317E-1,-1.758528352E-1
1.785609498E1,2.666426897E-1,2.586250603E-1,-1.758528352E-1
1.785809495E1,1.847867370E-1,2.409099787E-1,-1.752419621E-1
1.786009491E1,1.133155003E-1,2.311361432E-1,-1.691333205E-1
1.786209401E1,1.863138936E-2,2.293035388E-1,-1.532508135E-1
1.786409308E1,1.863138936E-2,2.293035388E-1,-1.532508135E-1
1.786609305E1,-2.351831272E-2,2.360230535E-1,-1.349248588E-1
1.786809301E1,-4.123340547E-2,2.390773892E-1,-1.269836128E-1
1.787009298E1,-6.933320314E-2,2.500729561E-1,-1.037707329E-1
1.787209298E1,-8.643743396E-2,2.549598813E-1,-8.544477820E-2
1.787409301E1,-9.132435173E-2,2.567924857E-1,-7.689265907E-2
1.787609304E1,-9.498954564E-2,2.567924857E-1,-5.795583874E-2
1.787809308E1,-9.437867999E-2,2.537381649E-1,-4.329507425E-2
1.788009311E1,-9.132435173E-2,2.488512248E-1,-3.596469015E-2
1.788209401E1,-8.216137439E-2,2.390773892E-1,-2.619084716E-2
1.788409494E1,-7.422012836E-2,2.280818075E-1,-1.336267684E-2
1.788609498E1,-6.444628537E-2,2.183079720E-1,-1.091921609E-2
1.788809501E1,-5.283984542E-2,2.054798007E-1,-3.588833380E-3
1.789009501E1,-4.062253982E-2,1.847103834E-1,-1.145372284E-3
1.789209501E1,-3.390302137E-2,1.798234582E-1,7.635815564E-5
1.789409501E1,-2.168571576E-2,1.645518243E-1,2.519819187E-3
1.789609501E1,-8.857546374E-3,1.523345262E-1,7.635815564E-5
1.789809501E1,-2.748893574E-3,1.456149966E-1,-2.367102774E-3
1.790009501E1,3.359758761E-3,1.437824070E-1,-4.199698567E-3
1.790209414E1,2.290744707E-2,1.352302879E-1,-9.697485715E-3
1.790409361E1,2.290744707E-2,1.352302879E-1,-9.697485715E-3
1.790609357E1,3.390302137E-2,1.340085566E-1,-1.397354249E-2
1.790809354E1,4.550946131E-2,1.340085566E-1,-1.702786796E-2
1.791009351E1,6.261368841E-2,1.358411610E-1,-2.191479132E-2
1.791209347E1,6.811147183E-2,1.401172131E-1,-2.374738641E-2
1.791409344E1,7.910704613E-2,1.468367279E-1,-2.863430791E-2
1.791609340E1,9.621127695E-2,1.559997052E-1,-3.535382450E-2
1.791809340E1,1.053742543E-1,1.590540409E-1,-3.840815276E-2
1.792009340E1,1.163698286E-1,1.682170182E-1,-4.451680556E-2
1.792209430E1,1.291979998E-1,1.700496078E-1,-5.062545836E-2
1.792409524E1,1.334740520E-1,1.706604809E-1,-5.490151420E-2
1.792609527E1,1.377501190E-1,1.694387496E-1,-5.734497309E-2
1.792809530E1,1.511891484E-1,1.718822122E-1,-6.223189831E-2
1.793009534E1,1.566869318E-1,1.700496078E-1,-6.406449527E-2
1.793209537E1,1.621847153E-1,1.700496078E-1,-6.467536092E-2
1.793409537E1,1.658499092E-1,1.737148017E-1,-6.772968173E-2
1.793609534E1,1.652390510E-1,1.743256748E-1,-6.772968173E-2
1.793809530E1,1.719585657E-1,1.810451895E-1,-6.772968173E-2
1.794009527E1,1.756237596E-1,1.859321147E-1,-6.834054738E-2
1.794209437E1,1.805106848E-1,1.914298981E-1,-6.528622657E-2
1.794409343E1,1.805106848E-1,1.914298981E-1,-6.528622657E-2
1.794609340E1,1.792889535E-1,1.902081668E-1,-6.162103266E-2
1.794809337E1,1.786780804E-1,1.883755773E-1,-5.978843570E-2
1.795009336E1,1.829541475E-1,1.853212416E-1,-5.429064855E-2
1.795209336E1,1.847867370E-1,1.828777790E-1,-4.940372705E-2
1.795409337E1,1.847867370E-1,1.792125851E-1,-4.573853686E-2
1.795609336E1,1.853975952E-1,1.749365330E-1,-3.779728711E-2
1.795809336E1,1.841758788E-1,1.712713391E-1,-2.802344225E-2
1.796009337E1,1.786780804E-1,1.663844138E-1,-2.680171281E-2
1.796209423E1,1.798998117E-1,1.590540409E-1,-2.008219436E-2
1.796409473E1,1.805106848E-1,1.505019218E-1,-1.275181212E-2
1.796609473E1,1.811215430E-1,1.492801905E-1,-6.032294128E-3
1.796809476E1,1.786780804E-1,1.401172131E-1,6.872233935E-4
1.797009480E1,1.780672222E-1,1.321759671E-1,7.406740915E-3
1.797209483E1,1.774563491E-1,1.297325045E-1,1.046106778E-2
1.797409486E1,1.774563491E-1,1.169043332E-1,1.718058437E-2
1.797609490E1,1.768454909E-1,9.980010986E-2,2.023491077E-2
1.797809493E1,1.768454909E-1,9.002626687E-2,2.390010282E-2
1.798009496E1,1.792889535E-1,7.353290170E-2,3.428481147E-2
1.798209410E1,1.823432744E-1,5.032002553E-2,4.589125142E-2
1.798409316E1,1.823432744E-1,5.032002553E-2,4.589125142E-2
1.798609313E1,1.860084683E-1,3.871358559E-2,5.566509441E-2
1.798809309E1,1.902845204E-1,2.710714564E-2,6.543894112E-2
1.799009306E1,1.963931769E-1,2.405281924E-2,6.849326193E-2
1.799209303E1,2.098322064E-1,1.305724494E-2,7.948884368E-2
1.799409299E1,2.208277881E-1,2.672535367E-3,8.926268667E-2
1.799609299E1,2.281581759E-1,-7.101308554E-3,9.537133574E-2
1.799809299E1,2.391537428E-1,-1.870774850E-2,1.088103727E-1
1.800009302E1,2.550362349E-1,-2.542726509E-2,1.234711409E-1
1.800209392E1,2.617557645E-1,-2.909245715E-2,1.326341182E-1
1.800409486E1,2.770273983E-1,-3.031418845E-2,1.442405581E-1
1.800609489E1,2.953533530E-1,-3.153591976E-2,1.564578563E-1
1.800809492E1,3.032945991E-1,-3.336851299E-2,1.643991023E-1
1.801009496E1,3.185662329E-1,-3.642284125E-2,1.784490049E-1
1.801209499E1,3.326161206E-1,-3.397937864E-2,1.931097806E-1
1.801409499E1,3.497203588E-1,-3.703370690E-2,2.071596831E-1
1.801609499E1,3.521638215E-1,-4.008803144E-2,2.138791978E-1
1.801809499E1,3.668245673E-1,-4.497495294E-2,2.267073691E-1
1.802009499E1,3.796527386E-1,-4.497495294E-2,2.407572716E-1
1.802209412E1,3.949243724E-1,-4.192062840E-2,2.566397488E-1
1.802409322E1,3.943135142E-1,-4.069889709E-2,2.627484202E-1
1.802609322E1,4.077525437E-1,-2.970332280E-2,2.822960913E-1
1.802809319E1,4.126394689E-1,-2.481640130E-2,2.884047627E-1
1.803009315E1,4.211915731E-1,-1.443169173E-2,3.000111878E-1
1.803209312E1,4.266893864E-1,-4.046982154E-3,3.110067546E-1
1.803409309E1,4.321871698E-1,1.450804994E-3,3.201697469E-1
1.803609305E1,4.346306324E-1,1.244637929E-2,3.287218511E-1
1.803809302E1,4.358523488E-1,2.099849284E-2,3.409391642E-1
1.804009298E1,4.352414906E-1,2.405281924E-2,3.446043432E-1
1.804209382E1,4.346306324E-1,2.955060638E-2,3.562107980E-1
1.804409472E1,4.346306324E-1,3.565925732E-2,3.678172231E-1
1.804609475E1,4.315762818E-1,3.810271993E-2,3.739258945E-1
1.804809478E1,4.285219610E-1,4.360050708E-2,3.843106031E-1
1.805009482E1,4.187481403E-1,4.604396969E-2,3.940844536E-1
1.805209485E1,4.181372523E-1,5.398521572E-2,4.008039534E-1
1.805409488E1,4.101960063E-1,6.192646548E-2,4.142429829E-1
1.805609492E1,4.040873647E-1,7.292203605E-2,4.221842289E-1
1.805809495E1,3.967569768E-1,8.025242388E-2,4.270711541E-1
1.806009495E1,3.875939846E-1,9.124799818E-2,4.380667508E-1
1.806209405E1,3.765984178E-1,1.083522215E-1,4.508949220E-1
1.806409311E1,3.765984178E-1,1.083522215E-1,4.508949220E-1
1.806609308E1,3.686571717E-1,1.199586615E-1,4.570035636E-1
1.806809305E1,3.558290005E-1,1.395063549E-1,4.649448097E-1
1.807009301E1,3.509420753E-1,1.480584592E-1,4.679991305E-1
1.807209298E1,3.399465084E-1,1.639409661E-1,4.734969139E-1
1.807409298E1,3.344487250E-1,1.828777790E-1,4.765512347E-1
1.807609298E1,3.320052624E-1,1.944842190E-1,4.802164435E-1
1.807809301E1,3.210096955E-1,2.140319049E-1,4.844925106E-1
1.808009304E1,3.130684495E-1,2.323578745E-1,4.851033688E-1
1.808209394E1,3.063489199E-1,2.402991205E-1,4.851033688E-1
1.808409488E1,2.990185320E-1,2.580142021E-1,4.844925106E-1
1.808609491E1,2.880229652E-1,2.769510448E-1,4.844925106E-1
1.808809494E1,2.843577862E-1,2.855031490E-1,4.851033688E-1
1.809009498E1,2.776382565E-1,3.087160289E-1,4.838816226E-1
1.809209501E1,2.678644061E-1,3.276528418E-1,4.826599061E-1
1.809409501E1,2.648100853E-1,3.368158340E-1,4.814381599E-1
1.809609501E1,2.587014437E-1,3.508657217E-1,4.765512347E-1
1.809809501E1,2.446515262E-1,3.704134226E-1,4.710534513E-1
1.810009501E1,2.428189367E-1,3.795763850E-1,4.661665261E-1
1.810209414E1,2.306016237E-1,4.088979363E-1,4.563927054E-1
1.810409324E1,2.238821089E-1,4.150065780E-1,4.508949220E-1
1.810609321E1,2.189951837E-1,4.266130030E-1,4.478405714E-1
1.810809317E1,2.061670274E-1,4.388303161E-1,4.411210716E-1
1.811009314E1,1.982257664E-1,4.516584873E-1,4.325689375E-1
1.811209311E1,1.951714456E-1,4.602105916E-1,4.289037585E-1
1.811409307E1,1.872301996E-1,4.699844420E-1,4.209625125E-1
1.811609304E1,1.817324162E-1,4.767039716E-1,4.069126248E-1
1.811809300E1,1.756237596E-1,4.803691506E-1,3.995822370E-1
1.812009297E1,1.701259762E-1,4.870886803E-1,3.898083866E-1
1.812209384E1,1.725694388E-1,4.870886803E-1,3.751476109E-1
1.812409477E1,1.713477075E-1,4.870886803E-1,3.672063649E-1
1.812609480E1,1.713477075E-1,4.840343595E-1,3.568216562E-1
1.812809484E1,1.658499092E-1,4.815908968E-1,3.458260894E-1
1.813009487E1,1.640173197E-1,4.846452177E-1,3.372739851E-1
1.813209490E1,1.615738571E-1,4.913647175E-1,3.323870599E-1
1.813409493E1,1.621847153E-1,4.999168515E-1,3.250566721E-1
1.813609497E1,1.652390510E-1,5.109124184E-1,3.213914633E-1
1.813809497E1,1.670716405E-1,5.176319480E-1,3.134502172E-1
1.814009493E1,1.676825136E-1,5.310709476E-1,3.097850382E-1
1.814209403E1,1.744020283E-1,5.487860441E-1,2.975677252E-1
1.814409320E1,1.744020283E-1,5.487860441E-1,2.975677252E-1
1.814609316E1,1.786780804E-1,5.646685362E-1,2.951242626E-1
1.814809313E1,1.829541475E-1,5.756641626E-1,2.871830165E-1
1.815009310E1,1.847867370E-1,5.793293118E-1,2.810743749E-1
1.815209306E1,1.878410578E-1,5.903248787E-1,2.774091661E-1
1.815409306E1,1.927279830E-1,5.964335799E-1,2.615266740E-1
1.815609306E1,2.006692290E-1,6.013205051E-1,2.578614950E-1
1.815809306E1,2.025018334E-1,6.037639380E-1,2.432007194E-1
1.816009306E1,2.061670274E-1,6.043748260E-1,2.254856378E-1
1.816209393E1,2.153300047E-1,6.049856544E-1,2.169335186E-1
1.816409483E1,2.244929820E-1,6.074291468E-1,2.010510266E-1
1.816609483E1,2.287690341E-1,6.092617512E-1,1.802816093E-1
1.816809483E1,2.312124968E-1,6.080399752E-1,1.711186320E-1
1.817009483E1,2.379320115E-1,6.117051840E-1,1.503492147E-1
1.817209486E1,2.440406680E-1,6.147595048E-1,1.301906556E-1
1.817409490E1,2.464841306E-1,6.178138256E-1,1.191950813E-1
1.817609493E1,2.593123019E-1,6.281985641E-1,1.008691266E-1
1.817809496E1,2.648100853E-1,6.428593397E-1,8.009970188E-2
1.818009499E1,2.696970105E-1,6.465244889E-1,6.788240373E-2
1.818209416E1,2.806925774E-1,6.495788097E-1,3.184135258E-2
1.818409326E1,2.837468982E-1,6.501896977E-1,1.534798928E-2
1.818609323E1,2.837468982E-1,6.428593397E-1,-1.145372284E-3
1.818809319E1,2.868012190E-1,6.306419969E-1,-3.474296257E-2
1.819009316E1,2.935207486E-1,6.104834676E-1,-7.567093521E-2
1.819209312E1,2.935207486E-1,5.994879007E-1,-9.888381511E-2
1.819409309E1,2.947424948E-1,5.695554614E-1,-1.471421719E-1
1.819609306E1,2.977968156E-1,5.304601192E-1,-2.002874464E-1
1.819809302E1,2.971859276E-1,5.072472095E-1,-2.314415723E-1
1.820009302E1,2.947424948E-1,4.620431960E-1,-2.949715555E-1
1.820209392E1,2.959642112E-1,4.143957198E-1,-3.597232699E-1
1.820409476E1,2.990185320E-1,3.887393773E-1,-3.951534629E-1
1.820609479E1,3.002402782E-1,3.380375504E-1,-4.623486400E-1
1.820809482E1,2.996293902E-1,2.867248654E-1,-5.246568918E-1
1.821009485E1,2.984076738E-1,2.610685229E-1,-5.582544804E-1
1.821209489E1,3.020728528E-1,2.115884423E-1,-6.199518442E-1
1.821409492E1,3.081815243E-1,1.688278764E-1,-6.712645292E-1
1.821609495E1,3.094032407E-1,1.505019218E-1,-6.926448345E-1
1.821809495E1,3.179553747E-1,1.144608781E-1,-7.250207067E-1
1.822009495E1,3.246748745E-1,7.353290170E-2,-7.433466315E-1
1.822209409E1,3.252857327E-1,2.649627998E-2,-7.549530864E-1
1.822409319E1,3.252857327E-1,2.649627998E-2,-7.549530864E-1
1.822609319E1,3.283400834E-1,-3.436116967E-3,-7.476227283E-1
1.822809319E1,3.338378668E-1,-1.076649968E-2,-7.421249151E-1
1.823009319E1,3.405573666E-1,-2.359467000E-2,-7.250207067E-1
1.823209315E1,3.491095006E-1,-2.970332280E-2,-7.103599310E-1
1.823409312E1,3.558290005E-1,-3.275764734E-2,-7.018077970E-1
1.823609308E1,3.656028509E-1,-2.848159149E-2,-6.804275513E-1
1.823809305E1,3.857614100E-1,-1.687515154E-2,-6.590472460E-1
1.824009302E1,3.906483352E-1,-7.712173741E-3,-6.504951119E-1
1.824209385E1,4.083634019E-1,1.427897532E-2,-6.321691871E-1
1.824409472E1,4.230241776E-1,3.810271993E-2,-6.059019566E-1
1.824609472E1,4.321871698E-1,5.337435007E-2,-5.906303525E-1
1.824809472E1,4.437935948E-1,8.391761035E-2,-5.509241223E-1
1.825009475E1,4.560109079E-1,1.059087589E-1,-5.081635118E-1
1.825209478E1,4.602869749E-1,1.144608781E-1,-4.861723781E-1
1.825409481E1,4.633412957E-1,1.327868253E-1,-4.385249019E-1
1.825609485E1,4.676173329E-1,1.492801905E-1,-3.945426047E-1
1.825809488E1,4.682282209E-1,1.578323096E-1,-3.511711657E-1
1.826009491E1,4.621195495E-1,1.559997052E-1,-3.267365396E-1
1.826209405E1,4.321871698E-1,1.382846236E-1,-2.528218627E-1
1.826409328E1,4.321871698E-1,1.382846236E-1,-2.528218627E-1
1.826609324E1,4.046982229E-1,1.211803928E-1,-1.972331107E-1
1.826809321E1,3.662137091E-1,9.674578160E-2,-1.367574632E-1
1.827009318E1,3.252857327E-1,7.231117040E-2,-7.811439037E-2
1.827209314E1,3.075706363E-1,5.826127157E-2,-4.818199575E-2
1.827409311E1,2.715296149E-1,3.382666409E-2,2.519819187E-3
1.827609308E1,2.232712507E-1,1.183551457E-2,4.894557595E-2
1.827809308E1,2.025018334E-1,5.115996581E-3,6.910412759E-2
1.828009311E1,1.560760736E-1,-1.443169173E-2,1.112538353E-1
1.828209401E1,1.090394482E-1,-3.459024429E-2,1.430188268E-1
1.828409494E1,8.949175477E-2,-4.497495294E-2,1.613447815E-1
1.828609497E1,3.940080851E-2,-6.757696718E-2,1.863902509E-1
1.828809501E1,-8.246680722E-3,-8.956811577E-2,2.138791978E-1
1.829009504E1,-2.962696366E-2,-1.023962870E-1,2.218204439E-1
1.829209507E1,-7.727445662E-2,-1.262200326E-1,2.462550551E-1
1.829409511E1,-1.182024255E-1,-1.512655020E-1,2.651918828E-1
1.829609511E1,-1.438587606E-1,-1.653154045E-1,2.743548453E-1
1.829809511E1,-1.884519309E-1,-1.946369410E-1,2.890156209E-1
1.830009511E1,-2.318233550E-1,-2.215150148E-1,3.018437922E-1
1.830209424E1,-3.002402782E-1,-2.538908720E-1,3.158936799E-1
1.830409334E1,-3.002402782E-1,-2.538908720E-1,3.158936799E-1
1.830609334E1,-3.387247920E-1,-2.661081851E-1,3.220023513E-1
1.830809334E1,-3.570507467E-1,-2.740494311E-1,3.244458139E-1
1.831009331E1,-3.882048726E-1,-2.722168267E-1,3.323870599E-1
1.831209300E1,-4.150829315E-1,-2.636647224E-1,3.397174478E-1
1.831409297E1,-4.285219610E-1,-2.587777972E-1,3.427717686E-1
1.831609294E1,-4.468479156E-1,-2.428952903E-1,3.458260894E-1
1.831809290E1,-4.584543705E-1,-2.215150148E-1,3.446043432E-1
1.832009287E1,-4.657847583E-1,-2.129628956E-1,3.433826268E-1
1.832209370E1,-4.731151462E-1,-1.915826052E-1,3.348305225E-1
1.832409444E1,-4.828889668E-1,-1.634828150E-1,3.256675303E-1
1.832609444E1,-4.828889668E-1,-1.500437707E-1,3.183371425E-1
1.832809447E1,-4.914411008E-1,-1.170570552E-1,3.061198592E-1
1.833009450E1,-4.963280261E-1,-7.735081017E-2,2.890156209E-1
1.833209453E1,-4.951062799E-1,-5.658139288E-2,2.810743749E-1
1.833409457E1,-4.951062799E-1,-7.101308554E-3,2.584723532E-1
1.833609460E1,-4.883867502E-1,4.237877578E-2,2.309834212E-1
1.833809463E1,-4.865541756E-1,6.803511828E-2,2.157117873E-1
1.834009463E1,-4.743368626E-1,1.242347211E-1,1.760055423E-1
1.834209377E1,-4.450153410E-1,2.042580694E-1,1.124755666E-1
1.834409283E1,-4.450153410E-1,2.042580694E-1,1.124755666E-1
1.834609280E1,-4.150829315E-1,2.598468065E-1,7.093672454E-2
1.834809276E1,-3.863722682E-1,3.038291037E-1,3.123048507E-2
1.835009273E1,-3.704897761E-1,3.233767748E-1,1.229366288E-2
1.835209270E1,-3.338378668E-1,3.569743633E-1,-2.069306001E-2
1.835409266E1,-2.947424948E-1,3.765220642E-1,-5.062545836E-2
1.835609266E1,-2.733621895E-1,3.789655268E-1,-6.406449527E-2
1.835809270E1,-2.318233550E-1,3.673590720E-1,-9.094256163E-2
1.836009273E1,-1.847867370E-1,3.386484087E-1,-1.104902476E-1
1.836209363E1,-1.591303945E-1,3.166572750E-1,-1.196532324E-1
1.836409456E1,-1.090394482E-1,2.610685229E-1,-1.349248588E-1
1.836609459E1,-5.222897977E-2,1.944842190E-1,-1.465312988E-1
1.836809463E1,-2.351831272E-2,1.602757722E-1,-1.495856196E-1
1.837009466E1,4.184427112E-2,8.575020730E-2,-1.526399553E-1
1.837209496E1,1.023199260E-1,1.000291854E-2,-1.526399553E-1
1.837409496E1,1.371392459E-1,-2.359467000E-2,-1.526399553E-1
1.837609496E1,2.073887438E-1,-9.445504099E-2,-1.446987092E-1
1.837809496E1,2.739730477E-1,-1.567633003E-1,-1.324813962E-1
1.838009496E1,3.423899710E-1,-2.129628956E-1,-1.214858219E-1
1.838209409E1,4.382958114E-1,-2.880993187E-1,-9.582948685E-2
1.838409359E1,4.382958114E-1,-2.880993187E-1,-9.582948685E-2
1.838609359E1,4.969388843E-1,-3.296381533E-1,-7.200574130E-2
1.838809356E1,5.238169432E-1,-3.418554664E-1,-6.162103266E-2
1.839009352E1,5.818491578E-1,-3.650683463E-1,-3.474296257E-2
1.839209349E1,6.270532012E-1,-3.803399801E-1,-9.086620063E-3
1.839409346E1,6.557638645E-1,-3.858377635E-1,3.130684374E-3
1.839609342E1,6.881396770E-1,-3.937790096E-1,2.573269792E-2
1.839809339E1,7.205155492E-1,-3.974441886E-1,5.016730726E-2
1.840009336E1,7.339546084E-1,-3.931681514E-1,6.299547851E-2
1.840209419E1,7.614435554E-1,-3.809508383E-1,8.926268667E-2
1.840409509E1,7.736608386E-1,-3.644574881E-1,1.118647009E-1
1.840609512E1,7.742717266E-1,-3.559053540E-1,1.259146035E-1
1.840809515E1,7.791585922E-1,-3.381902575E-1,1.479057521E-1
1.841009519E1,7.736608386E-1,-3.223077655E-1,1.705077589E-1
1.841209522E1,7.663304210E-1,-3.137556612E-1,1.821141988E-1
1.841409525E1,7.467827797E-1,-3.045926690E-1,2.047162205E-1
1.841609529E1,7.241807580E-1,-3.070361316E-1,2.267073691E-1
1.841809529E1,7.119634151E-1,-3.107013404E-1,2.383138090E-1
1.842009529E1,6.765332818E-1,-3.210860491E-1,2.584723532E-1
1.842209439E1,6.270532012E-1,-3.259729743E-1,2.865721583E-1
1.842409345E1,6.270532012E-1,-3.259729743E-1,2.865721583E-1
1.842609342E1,5.873469114E-1,-3.314707577E-1,2.994003296E-1
1.842809338E1,5.549710989E-1,-3.388011456E-1,3.091741800E-1
1.843009335E1,5.396994352E-1,-3.442989290E-1,3.122285008E-1
1.843209332E1,4.969388843E-1,-3.656792045E-1,3.171154261E-1
1.843409332E1,4.523457289E-1,-3.962224722E-1,3.165045679E-1
1.843609332E1,4.254676402E-1,-4.145484269E-1,3.165045679E-1
1.843809332E1,3.802636266E-1,-4.512003362E-1,3.146719635E-1
1.844009332E1,3.258966208E-1,-4.884631336E-1,3.140611053E-1
1.844209418E1,2.996293902E-1,-5.055673718E-1,3.134502172E-1
1.844409468E1,2.434297949E-1,-5.416083932E-1,3.085633218E-1
1.844609468E1,1.908953935E-1,-5.807037950E-1,2.987894714E-1
1.844809468E1,1.591303945E-1,-6.039166451E-1,2.926808000E-1
1.845009468E1,1.004873365E-1,-6.436228752E-1,2.816852331E-1
1.845209472E1,4.306599870E-2,-6.833291054E-1,2.694679201E-1
1.845409475E1,1.802052557E-2,-6.992116570E-1,2.651918828E-1
1.845609478E1,-3.634648025E-2,-7.212027907E-1,2.529745698E-1
1.845809481E1,-8.277224004E-2,-7.358635664E-1,2.389246672E-1
1.846009485E1,-1.023199260E-1,-7.389178872E-1,2.315942794E-1
1.846209401E1,-1.627955884E-1,-7.358635664E-1,2.144900560E-1
1.846409315E1,-1.750128865E-1,-7.291440368E-1,2.120465934E-1
1.846609315E1,-1.908953935E-1,-7.242571115E-1,2.053270787E-1
1.846809311E1,-2.214386463E-1,-7.120398283E-1,1.961641014E-1
1.847009308E1,-2.422080636E-1,-6.986007690E-1,1.857793927E-1
1.847209304E1,-2.507601976E-1,-6.937138438E-1,1.790598780E-1
1.847409301E1,-2.611449063E-1,-6.827182770E-1,1.705077589E-1
1.847609298E1,-2.641992271E-1,-6.698901057E-1,1.613447815E-1
1.847809294E1,-2.654209435E-1,-6.680575013E-1,1.595121920E-1
1.848009291E1,-2.605340183E-1,-6.637814641E-1,1.546252668E-1
1.848209377E1,-2.538145185E-1,-6.680575013E-1,1.564578563E-1
1.848409471E1,-2.483167201E-1,-6.674466133E-1,1.546252668E-1
1.848609474E1,-2.251038402E-1,-6.698901057E-1,1.601230502E-1
1.848809477E1,-2.000583708E-1,-6.796639562E-1,1.650099754E-1
1.849009481E1,-1.884519309E-1,-6.863834858E-1,1.686751693E-1
1.849209484E1,-1.579086632E-1,-7.016550899E-1,1.766164154E-1
1.849409487E1,-1.230893433E-1,-7.218136191E-1,1.876119822E-1
1.849609490E1,-8.765916526E-2,-7.535786629E-1,1.955532432E-1
1.849809494E1,-6.627888232E-2,-7.651850581E-1,2.028836161E-1
1.850009494E1,-3.084869497E-2,-7.902305722E-1,2.144900560E-1
1.850209407E1,2.779436857E-2,-8.293259144E-1,2.346486151E-1
1.850409330E1,2.779436857E-2,-8.293259144E-1,2.346486151E-1
1.850609330E1,6.566801667E-2,-8.500953317E-1,2.493093759E-1
1.850809330E1,1.004873365E-1,-8.708647490E-1,2.548071742E-1
1.851009330E1,1.188132912E-1,-8.763625622E-1,2.578614950E-1
1.851209327E1,1.481348276E-1,-8.836929202E-1,2.645809948E-1
1.851409324E1,1.756237596E-1,-8.879690170E-1,2.676353455E-1
1.851609320E1,1.896736622E-1,-8.898015618E-1,2.719113827E-1
1.851809317E1,2.128865421E-1,-8.952993751E-1,2.767983079E-1
1.852009313E1,2.348776907E-1,-9.050732255E-1,2.737439871E-1
1.852209397E1,2.470949888E-1,-9.117927551E-1,2.725222707E-1
1.852409483E1,2.666426897E-1,-9.282860756E-1,2.688570619E-1
1.852609480E1,2.806925774E-1,-9.411142468E-1,2.621375620E-1
1.852809480E1,2.910772860E-1,-9.453903437E-1,2.590832114E-1
1.853009483E1,3.020728528E-1,-9.533315897E-1,2.548071742E-1
1.853209486E1,3.087923825E-1,-9.606619477E-1,2.480876446E-1
1.853409490E1,3.124575615E-1,-9.618836641E-1,2.450333238E-1
1.853609493E1,3.130684495E-1,-9.649379849E-1,2.370920777E-1
1.853809496E1,3.161227703E-1,-9.643271565E-1,2.303725630E-1
1.854009500E1,3.149010241E-1,-9.643271565E-1,2.267073691E-1
1.854209416E1,3.075706363E-1,-9.692140818E-1,2.169335186E-1
1.854409326E1,3.032945991E-1,-9.704357982E-1,2.151009291E-1
1.854609323E1,2.984076738E-1,-9.728792906E-1,2.120465934E-1
1.854809320E1,2.849686444E-1,-9.716575146E-1,2.047162205E-1
1.855009316E1,2.745839357E-1,-9.692140818E-1,1.955532432E-1
1.855209313E1,2.678644061E-1,-9.655488729E-1,1.918880492E-1
1.855409309E1,2.532036304E-1,-9.594402313E-1,1.845576614E-1
1.855609306E1,2.367102802E-1,-9.539424181E-1,1.778381467E-1
1.855809302E1,2.306016237E-1,-9.539424181E-1,1.729512215E-1
1.856009302E1,2.092213482E-1,-9.496663809E-1,1.705077589E-1
1.856209393E1,1.921171248E-1,-9.447794557E-1,1.698969007E-1
1.856409472E1,1.841758788E-1,-9.441685677E-1,1.668425649E-1
1.856609476E1,1.658499092E-1,-9.417251348E-1,1.643991023E-1
1.856809479E1,1.481348276E-1,-9.362273216E-1,1.613447815E-1
1.857009482E1,1.426370293E-1,-9.350056052E-1,1.607339233E-1
1.857209486E1,1.273654103E-1,-9.301186800E-1,1.576795876E-1
1.857409489E1,1.108720452E-1,-9.276752472E-1,1.509600729E-1
1.857609492E1,9.865473956E-2,-9.264535308E-1,1.497383416E-1
1.857809492E1,8.032877743E-2,-9.203448296E-1,1.393536329E-1
1.858009492E1,5.772676691E-2,-9.148470759E-1,1.216385439E-1
1.858209406E1,2.107485011E-2,-9.295078516E-1,1.045343131E-1
1.858409316E1,2.107485011E-2,-9.295078516E-1,1.045343131E-1
1.858609316E1,1.252273750E-2,-9.233991504E-1,1.057560444E-1
1.858809316E1,7.024950348E-3,-9.179013968E-1,1.106429696E-1
1.859009312E1,9.468411095E-3,-8.989645839E-1,1.246928647E-1
1.859209309E1,1.863138936E-2,-8.751408458E-1,1.356884390E-1
1.859409305E1,2.596177347E-2,-8.617017865E-1,1.393536329E-1
1.859609302E1,3.940080851E-2,-8.403214812E-1,1.515709460E-1
1.859809299E1,5.589416996E-2,-8.219955564E-1,1.589013189E-1
1.860009295E1,6.200282276E-2,-8.128325939E-1,1.637882441E-1
1.860209378E1,8.765916526E-2,-7.975609303E-1,1.723403633E-1
1.860409465E1,1.017090604E-1,-7.877870798E-1,1.863902509E-1
1.860609465E1,1.084285825E-1,-7.865653634E-1,1.906663179E-1
1.860809468E1,1.255328059E-1,-7.853436470E-1,2.059379518E-1
1.861009472E1,1.383609772E-1,-7.835110426E-1,2.199878395E-1
1.861209475E1,1.493565589E-1,-7.847327590E-1,2.260964960E-1
1.861409478E1,1.634064466E-1,-7.829001546E-1,2.395355403E-1
1.861609482E1,1.835650057E-1,-7.816784382E-1,2.554180324E-1
1.861809485E1,1.982257664E-1,-7.835110426E-1,2.688570619E-1
1.862009488E1,2.067778856E-1,-7.804567218E-1,2.786309123E-1
1.862209402E1,2.409863323E-1,-7.682393789E-1,2.987894714E-1
1.862409315E1,2.409863323E-1,-7.682393789E-1,2.987894714E-1
1.862609311E1,2.587014437E-1,-7.719045877E-1,3.110067546E-1
1.862809308E1,2.751947939E-1,-7.755697966E-1,3.226132095E-1
1.863009305E1,2.910772860E-1,-7.816784382E-1,3.317761719E-1
1.863209301E1,2.984076738E-1,-7.810675502E-1,3.427717686E-1
1.863409298E1,3.155119121E-1,-7.816784382E-1,3.525456190E-1
1.863609294E1,3.283400834E-1,-7.877870798E-1,3.653737605E-1
1.863809294E1,3.368921876E-1,-7.908414006E-1,3.727041483E-1
1.864009298E1,3.491095006E-1,-7.926740050E-1,3.830888569E-1
1.864209388E1,3.588833213E-1,-7.945066094E-1,3.983604908E-1
1.864409481E1,3.649919927E-1,-7.938957214E-1,4.001930952E-1
1.864609484E1,3.747658134E-1,-7.920631766E-1,4.093560576E-1
1.864809488E1,3.869831264E-1,-7.920631766E-1,4.221842289E-1
1.865009491E1,3.888157308E-1,-7.914522886E-1,4.295146167E-1
1.865209494E1,3.949243724E-1,-7.945066094E-1,4.405102134E-1
1.865409498E1,4.034765065E-1,-7.993935347E-1,4.551709592E-1
1.865609498E1,4.053090811E-1,-7.963392138E-1,4.649448097E-1
1.865809498E1,4.193589985E-1,-7.963392138E-1,4.783838391E-1
1.866009498E1,4.303545654E-1,-7.975609303E-1,4.875468314E-1
1.866209411E1,4.376849532E-1,-8.030587435E-1,4.930446148E-1
1.866409321E1,4.376849532E-1,-8.030587435E-1,4.930446148E-1
1.866609321E1,4.431827366E-1,-8.018369675E-1,4.979315400E-1
1.866809317E1,4.462370574E-1,-8.006152511E-1,5.009858608E-1
1.867009314E1,4.529565871E-1,-7.908414006E-1,5.046510696E-1
1.867209311E1,4.657847583E-1,-7.786241174E-1,5.064836740E-1
1.867409307E1,4.639521539E-1,-7.743480802E-1,5.064836740E-1
1.867609304E1,4.773911834E-1,-7.664068341E-1,5.070945024E-1
1.867809300E1,4.841107130E-1,-7.633524537E-1,5.070945024E-1
1.868009297E1,4.865541756E-1,-7.596873045E-1,5.015967488E-1
1.868209380E1,4.920519590E-1,-7.566329837E-1,5.028184652E-1
1.868409464E1,5.006040931E-1,-7.541894913E-1,5.009858608E-1
1.868609467E1,5.018258095E-1,-7.535786629E-1,5.009858608E-1
1.868809470E1,5.079344511E-1,-7.456374168E-1,5.034292936E-1
1.869009474E1,5.146539807E-1,-7.376961708E-1,5.052618980E-1
1.869209477E1,5.152648091E-1,-7.334200740E-1,5.052618980E-1
1.869409480E1,5.244278312E-1,-7.242571115E-1,5.015967488E-1
1.869609483E1,5.360342264E-1,-7.193701863E-1,4.973206818E-1
1.869809487E1,5.415320396E-1,-7.144832611E-1,4.954880774E-1
1.870009487E1,5.494732857E-1,-7.089854479E-1,4.906011522E-1
1.870209397E1,5.598580241E-1,-7.053202987E-1,4.844925106E-1
1.870409303E1,5.598580241E-1,-7.053202987E-1,4.844925106E-1
1.870609300E1,5.641340613E-1,-7.004333735E-1,4.814381599E-1
1.870809297E1,5.702427030E-1,-6.906595230E-1,4.759403765E-1
1.871009293E1,5.726861954E-1,-6.869943142E-1,4.728860557E-1
1.871209290E1,5.732970238E-1,-6.827182770E-1,4.649448097E-1
1.871409286E1,5.751296282E-1,-6.790530682E-1,4.551709592E-1
1.871609286E1,5.739079118E-1,-6.747770309E-1,4.521166384E-1
1.871809290E1,5.775730610E-1,-6.656140685E-1,4.429536462E-1
1.872009293E1,5.720753074E-1,-6.521750093E-1,4.325689375E-1
1.872209383E1,5.714644194E-1,-6.460663676E-1,4.289037585E-1
1.872409476E1,5.708535910E-1,-6.356816292E-1,4.130212665E-1
1.872609480E1,5.665774941E-1,-6.295729876E-1,4.032474160E-1
1.872809483E1,5.629123449E-1,-6.289620996E-1,3.953061700E-1
1.873009486E1,5.537493229E-1,-6.338490248E-1,3.836997449E-1
1.873209489E1,5.403103232E-1,-6.448446512E-1,3.739258945E-1
1.873409489E1,5.439754725E-1,-6.515641212E-1,3.672063649E-1
1.873609489E1,5.274821520E-1,-6.588945389E-1,3.525456190E-1
1.873809489E1,5.152648091E-1,-6.637814641E-1,3.384957016E-1
1.874009489E1,5.097670555E-1,-6.631705761E-1,3.220023513E-1
1.874209403E1,5.067127347E-1,-6.637814641E-1,3.030655086E-1
1.874409316E1,5.012149215E-1,-6.662248969E-1,2.939025462E-1
1.874609313E1,4.993823469E-1,-6.705009937E-1,2.731331289E-1
1.874809309E1,4.987714589E-1,-6.711118221E-1,2.676353455E-1
1.875009306E1,4.957171381E-1,-6.753878593E-1,2.529745698E-1
1.875209302E1,4.926628172E-1,-6.796639562E-1,2.358703464E-1
1.875409299E1,4.920519590E-1,-6.833291054E-1,2.279291004E-1
1.875609296E1,4.883867502E-1,-6.943247318E-1,2.114357352E-1
1.875809292E1,4.926628172E-1,-7.053202987E-1,1.961641014E-1
1.876009289E1,4.883867502E-1,-7.120398283E-1,1.888337135E-1
1.876209375E1,4.877758920E-1,-7.248679996E-1,1.772272736E-1
1.876409469E1,4.853324294E-1,-7.425830364E-1,1.631773859E-1
1.876609472E1,4.841107130E-1,-7.480808496E-1,1.552361250E-1
1.876809475E1,4.847215712E-1,-7.554112077E-1,1.424079537E-1
1.877009479E1,4.822781086E-1,-7.664068341E-1,1.271363348E-1
1.877209482E1,4.804455042E-1,-7.731263041E-1,1.222494096E-1
1.877409485E1,4.798346460E-1,-7.877870798E-1,1.094212383E-1
1.877609489E1,4.657847583E-1,-8.055021763E-1,9.720393270E-2
1.877809488E1,4.608978331E-1,-8.152760267E-1,9.231700748E-2
1.878009485E1,4.505131245E-1,-8.433758020E-1,8.193229884E-2
1.878209395E1,4.309654236E-1,-8.714756370E-1,6.727153808E-2
1.878409302E1,4.309654236E-1,-8.714756370E-1,6.727153808E-2
1.878609298E1,4.248567820E-1,-8.824712038E-1,5.994115397E-2
1.878809295E1,4.193589985E-1,-8.928559422E-1,5.383250117E-2
1.879009292E1,4.126394689E-1,-8.995754123E-1,4.955644161E-2
1.879209288E1,4.028656185E-1,-9.172905087E-1,4.161519557E-2
1.879409288E1,3.882048726E-1,-9.380599260E-1,3.611740842E-2
1.879609288E1,3.808744848E-1,-9.472229481E-1,3.550654277E-2
1.879809298E1,3.570507467E-1,-9.673814774E-1,2.939788997E-2
1.880009298E1,3.484986126E-1,-9.789879322E-1,2.756529488E-2
1.880209385E1,3.362813294E-1,-9.844856858E-1,2.939788997E-2
1.880409471E1,3.222314119E-1,-9.954812527E-1,3.061962128E-2
1.880609471E1,3.014619946E-1,-1.004644275E0,3.000875562E-2
1.880809471E1,2.984076738E-1,-1.007698536E0,2.634356357E-2
1.881009471E1,2.831360400E-1,-1.011974692E0,2.512183413E-2
1.881209475E1,2.678644061E-1,-1.020526767E0,2.206750773E-2
1.881409478E1,2.556470931E-1,-1.026635408E0,1.962404512E-2
1.881609481E1,2.428189367E-1,-1.033965826E0,2.145664208E-2
1.881809484E1,2.263255715E-1,-1.045572281E0,1.718058437E-2
1.882009488E1,2.104430795E-1,-1.050459146E0,1.901318133E-2
1.882209404E1,1.676825136E-1,-1.085278511E0,1.656972058E-2
1.882409314E1,1.560760736E-1,-1.091997981E0,1.473712362E-2
1.882609314E1,1.450804919E-1,-1.096274018E0,1.229366288E-2
1.882809311E1,1.316414624E-1,-1.091387153E0,1.107193250E-2
1.883009308E1,1.169806942E-1,-1.091387153E0,6.795875728E-3
1.883209304E1,1.035416573E-1,-1.095663190E0,8.628471754E-3
1.883409301E1,8.032877743E-2,-1.104826212E0,5.574145354E-3
1.883609297E1,5.711590126E-2,-1.115821719E0,3.741549561E-3
1.883809294E1,5.283984542E-2,-1.118876100E0,1.298088697E-3
1.884009294E1,3.084869497E-2,-1.126817346E0,-9.086620063E-3
1.884209381E1,1.435533352E-2,-1.129871607E0,-2.008219436E-2
1.884409474E1,1.130100712E-2,-1.126817346E0,-2.680171281E-2
1.884609477E1,-3.054326226E-4,-1.104826212E0,-4.024074972E-2
1.884809481E1,-2.138028387E-3,-1.071228623E0,-5.490151420E-2
1.885009484E1,-9.162978968E-4,-1.059011221E0,-6.223189831E-2
1.885209487E1,-1.130100712E-2,-1.042517900E0,-7.506006956E-2
1.885409490E1,-2.168571576E-2,-1.029689670E0,-9.155342728E-2
1.885609494E1,-3.329215571E-2,-1.012585521E0,-1.104902476E-1
1.885809484E1,-3.634648025E-2,-1.004644275E0,-1.202640980E-1
1.886009484E1,-5.100724846E-2,-9.869291782E-1,-1.428661048E-1
1.886209397E1,-6.017022580E-2,-9.502772689E-1,-1.795180291E-1
1.886409314E1,-6.017022580E-2,-9.502772689E-1,-1.795180291E-1
1.886609314E1,-6.627888232E-2,-9.295078516E-1,-2.039526403E-1
1.886809314E1,-7.238753140E-2,-9.093492627E-1,-2.332741618E-1
1.887009314E1,-7.238753140E-2,-8.995754123E-1,-2.467132062E-1
1.887209310E1,-7.971791178E-2,-8.812494874E-1,-2.772564590E-1
1.887409307E1,-8.827003092E-2,-8.641452193E-1,-3.065779805E-1
1.887609303E1,-9.498954564E-2,-8.555931449E-1,-3.218496144E-1
1.887809300E1,-9.926560521E-2,-8.421540856E-1,-3.511711657E-1
1.888009297E1,-1.047633886E-1,-8.256607652E-1,-3.866013288E-1
1.888209380E1,-1.127046347E-1,-8.226063848E-1,-4.049273133E-1
1.888409467E1,-1.243110746E-1,-8.116108179E-1,-4.409683347E-1
1.888609463E1,-1.365283877E-1,-8.073347807E-1,-4.770093858E-1
1.888809463E1,-1.469130963E-1,-8.012261391E-1,-4.971679449E-1
1.889009466E1,-1.579086632E-1,-7.963392138E-1,-5.368741751E-1
1.889209470E1,-1.762346178E-1,-7.908414006E-1,-5.784130096E-1
1.889409473E1,-1.878410578E-1,-7.920631766E-1,-5.961281061E-1
1.889609476E1,-2.092213482E-1,-7.853436470E-1,-6.346126199E-1
1.889809480E1,-2.306016237E-1,-7.835110426E-1,-6.724863052E-1
1.890009483E1,-2.434297949E-1,-7.810675502E-1,-6.944774389E-1
1.890209400E1,-2.770273983E-1,-7.786241174E-1,-7.506770492E-1
1.890409310E1,-2.910772860E-1,-7.798458338E-1,-7.702246904E-1
1.890609306E1,-3.014619946E-1,-7.780132294E-1,-7.879397869E-1
1.890809303E1,-3.240640163E-1,-7.749589086E-1,-8.233699799E-1
1.891009299E1,-3.491095006E-1,-7.755697966E-1,-8.588001728E-1
1.891209296E1,-3.619376719E-1,-7.761806250E-1,-8.746826649E-1
1.891409293E1,-3.869831264E-1,-7.755697966E-1,-9.101128578E-1
1.891609289E1,-4.132503271E-1,-7.755697966E-1,-9.455430508E-1
1.891809289E1,-4.266893864E-1,-7.737371922E-1,-9.608146548E-1
1.892009289E1,-4.560109079E-1,-7.639633417E-1,-9.950231314E-1
1.892209379E1,-4.896084964E-1,-7.572438121E-1,-1.029842496E0
1.892409466E1,-5.067127347E-1,-7.523568869E-1,-1.046946645E0
1.892609469E1,-5.342016816E-1,-7.419722080E-1,-1.079933405E0
1.892809472E1,-5.677992702E-1,-7.260897160E-1,-1.114141822E0
1.893009476E1,-5.879577994E-1,-7.175375819E-1,-1.127580881E0
1.893209479E1,-6.264423132E-1,-6.967681646E-1,-1.158735037E0
1.893409482E1,-6.600399017E-1,-6.692792177E-1,-1.189889193E0
1.893609482E1,-6.801984310E-1,-6.503424048E-1,-1.203328133E0
1.893809482E1,-7.205155492E-1,-6.161339283E-1,-1.228373647E0
1.894009482E1,-7.577783465E-1,-5.733733773E-1,-1.258306026E0
1.894209396E1,-8.243626356E-1,-5.037347674E-1,-1.309618711E0
1.894409306E1,-8.243626356E-1,-5.037347674E-1,-1.309618711E0
1.894609306E1,-8.775079250E-1,-4.554764032E-1,-1.341994643E0
1.894809306E1,-8.976664543E-1,-4.322635233E-1,-1.356044531E0
1.895009302E1,-9.465357065E-1,-3.809508383E-1,-1.385976911E0
1.895209299E1,-9.972375035E-1,-3.247512281E-1,-1.419574499E0
1.895409295E1,-1.020450354E0,-2.984840274E-1,-1.433624387E0
1.895609292E1,-1.069930434E0,-2.459496260E-1,-1.460502386E0
1.895809289E1,-1.113301873E0,-1.964695305E-1,-1.483104467E0
1.896009285E1,-1.142623425E0,-1.744783819E-1,-1.494099975E0
1.896209368E1,-1.193936110E0,-1.384373307E-1,-1.507539034E0
1.896409455E1,-1.234253287E0,-1.127809957E-1,-1.517312884E0
1.896609455E1,-1.256855249E0,-1.030071527E-1,-1.517923832E0
1.896809458E1,-1.300226688E0,-8.956811577E-2,-1.514258623E0
1.897009462E1,-1.347263336E0,-8.651378751E-2,-1.503262997E0
1.897209465E1,-1.371087074E0,-8.834638447E-2,-1.497765183E0
1.897409468E1,-1.416901946E0,-1.036180183E-1,-1.473330617E0
1.897609472E1,-1.467603803E0,-1.280526221E-1,-1.453782916E0
1.897809475E1,-1.516472936E0,-1.622610837E-1,-1.435456991E0
1.898009478E1,-1.540296674E0,-1.781435758E-1,-1.425683141E0
1.898209391E1,-1.601994157E0,-2.312888503E-1,-1.397583365E0
1.898409298E1,-1.601994157E0,-2.312888503E-1,-1.397583365E0
1.898609295E1,-1.647198081E0,-2.654972970E-1,-1.379868269E0
1.898809291E1,-1.680184841E0,-2.929862440E-1,-1.367650867E0
1.899009288E1,-1.710117221E0,-3.125339448E-1,-1.358487964E0
1.899209284E1,-1.723556280E0,-3.192534447E-1,-1.355433583E0
1.899409281E1,-1.744325757E0,-3.290272951E-1,-1.346270680E0
1.899609281E1,-1.768149495E0,-3.320816159E-1,-1.337718487E0
1.899809281E1,-1.766927719E0,-3.296381533E-1,-1.331609845E0
1.900009281E1,-1.784642816E0,-3.235295117E-1,-1.313283920E0
1.900209368E1,-1.787086248E0,-3.070361316E-1,-1.280297160E0
1.900409458E1,-1.790140629E0,-2.935971022E-1,-1.258306026E0
1.900609458E1,-1.783421040E0,-2.813797891E-1,-1.207604289E0
1.900809458E1,-1.761429906E0,-2.722168267E-1,-1.141630769E0
1.901009458E1,-1.754099607E0,-2.703842223E-1,-1.106200576E0
1.901209458E1,-1.722334504E0,-2.654972970E-1,-1.032285929E0
1.901409461E1,-1.699732542E0,-2.587777972E-1,-9.492082596E-1
1.901609464E1,-1.684460878E0,-2.557234764E-1,-9.070585370E-1
1.901809468E1,-1.672243595E0,-2.520582676E-1,-8.160396218E-1
1.902009471E1,-1.662469745E0,-2.453387529E-1,-7.152468562E-1
1.902209387E1,-1.662469745E0,-2.300671190E-1,-5.539784431E-1
1.902409301E1,-1.662469745E0,-2.300671190E-1,-5.539784431E-1
1.902609304E1,-1.665524125E0,-2.123520374E-1,-4.403574765E-1
1.902809304E1,-1.672243595E0,-1.976912618E-1,-3.847687542E-1
1.903009301E1,-1.690569520E0,-1.640936732E-1,-2.687043548E-1
1.903209297E1,-1.713171601E0,-1.201113760E-1,-1.618029326E-1
1.903409294E1,-1.719280243E0,-9.628763795E-2,-1.111011133E-1
1.903609290E1,-1.751045227E0,-3.581197560E-2,-1.091921609E-2
1.903809287E1,-1.778534174E0,5.215261877E-2,7.765624672E-2
1.904009284E1,-1.791362286E0,1.077413559E-1,1.185842156E-1
1.904209367E1,-1.819462180E0,2.366339266E-1,1.949423701E-1
1.904409457E1,-1.841453314E0,3.899610937E-1,2.676353455E-1
1.904609460E1,-1.859168410E0,4.730387628E-1,3.006220460E-1
1.904809464E1,-1.873218298E0,6.514114141E-1,3.690389693E-1
1.905009467E1,-1.883602977E0,8.371144533E-1,4.429536462E-1
1.905209470E1,-1.884213805E0,9.244682193E-1,4.759403765E-1
1.905409473E1,-1.880548716E0,1.100397348E0,5.498550534E-1
1.905609477E1,-1.878716111E0,1.265331030E0,6.207154393E-1
1.905809480E1,-1.874439955E0,1.338024020E0,6.530913115E-1
1.906009483E1,-1.870774865E0,1.473636031E0,7.037931085E-1
1.906209397E1,-1.873829126E0,1.634904504E0,7.575492859E-1
1.906409307E1,-1.873829126E0,1.634904504E0,7.575492859E-1
1.906609307E1,-1.883602977E0,1.718593001E0,7.801512480E-1
1.906809307E1,-1.906815886E0,1.788842559E0,7.935903072E-1
1.907009307E1,-1.921476603E0,1.820607543E0,7.954229116E-1
1.907209307E1,-1.947132945E0,1.886580944E0,7.972555161E-1
1.907409303E1,-1.966069818E0,1.955608726E0,7.935903072E-1
1.907609300E1,-1.975232720E0,1.996536732E0,7.880925536E-1
1.907809296E1,-1.981952310E0,2.100994587E0,7.813730240E-1
1.908009293E1,-1.985006571E0,2.205452681E0,7.728208899E-1
1.908209376E1,-1.983173966E0,2.257987022E0,7.673230767E-1
1.908409463E1,-1.975232720E0,2.349616766E0,7.526623607E-1
1.908609460E1,-1.977065325E0,2.418033600E0,7.160104513E-1
1.908809443E1,-1.976454496E0,2.465681314E0,6.622542739E-1
1.909009443E1,-1.975843668E0,2.484617949E0,6.347653270E-1
1.909209443E1,-1.969124079E0,2.527989388E0,5.706244707E-1
1.909409446E1,-1.959961176E0,2.551202297E0,5.382486582E-1
1.909609449E1,-1.958739400E0,2.576247931E0,4.698317349E-1
1.909809453E1,-1.947132945E0,2.574415207E0,3.959170282E-1
1.910009456E1,-1.938580871E0,2.551202297E0,3.122285008E-1
1.910209373E1,-1.894598603E0,2.479120255E0,1.808924675E-1
1.910409299E1,-1.894598603E0,2.479120255E0,1.808924675E-1
1.910609299E1,-1.857335806E0,2.411314249E0,9.109527618E-2
1.910809296E1,-1.837177277E0,2.367331982E0,4.711298272E-2
1.911009292E1,-1.787086248E0,2.270204306E0,-4.757113010E-2
1.911209289E1,-1.722334504E0,2.155361652E0,-1.459204406E-1
1.911409286E1,-1.688736916E0,2.082057714E0,-1.935679317E-1
1.911609282E1,-1.619709253E0,1.912848115E0,-2.925280929E-1
1.911809279E1,-1.548237920E0,1.719203830E0,-3.945426047E-1
1.912009275E1,-1.506699085E0,1.614135027E0,-4.415792227E-1
1.912209362E1,-1.420567155E0,1.398499608E0,-5.362633467E-1
1.912409455E1,-1.330159068E0,1.171868563E0,-6.205627322E-1
1.912609459E1,-1.288009405E0,1.058858514E0,-6.614906788E-1
1.912809462E1,-1.189049244E0,8.383361697E-1,-7.366271019E-1
1.913009465E1,-1.077871680E0,6.508005857E-1,-8.099309802E-1
1.913209469E1,-1.021672130E0,5.738315582E-1,-8.380307555E-1
1.913409432E1,-9.092729092E-1,4.467715621E-1,-8.887325525E-1
1.913609435E1,-7.834346890E-1,3.563635051E-1,-9.241627455E-1
1.913809438E1,-7.272350788E-1,3.227659166E-1,-9.376018047E-1
1.914009438E1,-6.087272167E-1,2.671771944E-1,-9.589820504E-1
1.914209352E1,-4.315762818E-1,2.054798007E-1,-9.730319977E-1
1.914409262E1,-4.315762818E-1,2.054798007E-1,-9.730319977E-1
1.914609262E1,-3.191770911E-1,1.608866304E-1,-9.773080349E-1
1.914809275E1,-2.177734673E-1,1.083522215E-1,-9.797514677E-1
1.915009325E1,-1.682933718E-1,7.841982692E-2,-9.809732437E-1
1.915209325E1,-7.727445662E-2,1.977676153E-2,-9.785297513E-1
1.915409322E1,-3.359758761E-3,-3.825543448E-2,-9.742537141E-1
1.915609318E1,3.573561832E-2,-6.452263892E-2,-9.730319977E-1
1.915809315E1,9.865473956E-2,-1.072832122E-1,-9.663124681E-1
1.916009311E1,1.499674171E-1,-1.427133977E-1,-9.608146548E-1
1.916209395E1,1.707368344E-1,-1.555415690E-1,-9.608146548E-1
1.916409468E1,2.079996169E-1,-1.683697402E-1,-9.650907516E-1
1.916609465E1,2.403754741E-1,-1.683697402E-1,-9.687559009E-1
1.916809465E1,2.532036304E-1,-1.616502106E-1,-9.687559009E-1
1.917009465E1,2.703078687E-1,-1.366047412E-1,-9.681450725E-1
1.917209468E1,2.819143236E-1,-1.011745557E-1,-9.650907516E-1
1.917409471E1,2.892446816E-1,-8.040513843E-2,-9.602038264E-1
1.917609474E1,2.959642112E-1,-3.642284125E-2,-9.516516924E-1
1.917809478E1,2.990185320E-1,1.488984004E-2,-9.351583123E-1
1.918009481E1,2.947424948E-1,4.176791012E-2,-9.278279543E-1
1.918209398E1,2.800817192E-1,1.242347211E-1,-8.978955746E-1
1.918409308E1,2.745839357E-1,1.517236531E-1,-8.832347989E-1
1.918609304E1,2.617557645E-1,1.779908538E-1,-8.710174561E-1
1.918809301E1,2.458732575E-1,2.311361432E-1,-8.435285687E-1
1.919009298E1,2.183843255E-1,2.830596864E-1,-8.111526966E-1
1.919209294E1,1.976149082E-1,3.056617081E-1,-7.995462418E-1
1.919409331E1,1.664607823E-1,3.569743633E-1,-7.647269368E-1
1.919609327E1,1.298088580E-1,4.125631154E-1,-7.323510647E-1
1.919809324E1,1.120937690E-1,4.412737787E-1,-7.134142518E-1
1.920009324E1,6.933320314E-2,5.060254931E-1,-6.792057753E-1
1.920209377E1,2.535090782E-2,5.756641626E-1,-6.394995451E-1
1.920409467E1,8.246680722E-3,6.110942960E-1,-6.193410158E-1
1.920609467E1,-3.573561832E-2,6.801220775E-1,-5.808565021E-1
1.920809467E1,-8.521570265E-2,7.448738217E-1,-5.417611003E-1
1.921009417E1,-1.114829108E-1,7.772496939E-1,-5.216025710E-1
1.921209417E1,-1.548543423E-1,8.328384161E-1,-4.831180573E-1
1.921409417E1,-2.104430795E-1,8.884271383E-1,-4.434117973E-1
1.921609417E1,-2.617557645E-1,9.409615397E-1,-4.043164253E-1
1.921809420E1,-2.837468982E-1,9.629526734E-1,-3.872122169E-1
1.922009424E1,-3.289509416E-1,1.009378433E0,-3.493385613E-1
1.922209340E1,-3.924809098E-1,1.069243312E0,-2.919172347E-1
1.922409267E1,-3.924809098E-1,1.069243312E0,-2.919172347E-1
1.922609270E1,-4.273002446E-1,1.101619124E0,-2.509892583E-1
1.922809274E1,-4.627304375E-1,1.129108071E0,-2.186134011E-1
1.923009277E1,-4.731151462E-1,1.140103579E0,-2.045634985E-1
1.923209277E1,-4.999932051E-1,1.159040451E0,-1.697441787E-1
1.923409274E1,-5.213735104E-1,1.176144719E0,-1.440878361E-1
1.923609270E1,-5.335907936E-1,1.182864189E0,-1.306488067E-1
1.923809267E1,-5.500841737E-1,1.191416264E0,-1.037707329E-1
1.924009263E1,-5.629123449E-1,1.192027211E0,-8.177958429E-2
1.924209347E1,-5.696318150E-1,1.191416264E0,-6.650795043E-2
1.924409433E1,-5.739079118E-1,1.177977324E0,-4.512767121E-2
1.924609433E1,-5.763513446E-1,1.154153466E0,-2.313652076E-2
1.924809433E1,-5.781839490E-1,1.138270974E0,-1.519527286E-2
1.925009437E1,-5.708535910E-1,1.105284333E0,3.130684374E-3
1.925209440E1,-5.647448897E-1,1.068021536E0,2.267837152E-2
1.925409443E1,-5.568036437E-1,1.042976022E0,2.634356357E-2
1.925609446E1,-5.445863605E-1,9.971611500E-1,3.795000166E-2
1.925809450E1,-5.140430927E-1,9.452376366E-1,4.466952011E-2
1.926009453E1,-5.061018467E-1,9.208030105E-1,5.138903856E-2
1.926209403E1,-4.486805201E-1,8.444448709E-1,6.177374721E-2
1.926409313E1,-4.260784984E-1,8.163450360E-1,6.604980677E-2
1.926609313E1,-4.108068645E-1,7.882452607E-1,7.276932150E-2
1.926809313E1,-3.601050675E-1,7.320456505E-1,8.315403014E-2
1.927009313E1,-3.155119121E-1,6.740134358E-1,9.537133574E-2
1.927209313E1,-2.849686444E-1,6.446918845E-1,1.027017161E-1
1.927409313E1,-2.354885489E-1,5.897140503E-1,1.167516187E-1
1.927609313E1,-1.798998117E-1,5.384013653E-1,1.344667077E-1
1.927809310E1,-1.530217379E-1,5.157993436E-1,1.448514163E-1
1.928009306E1,-9.132435173E-2,4.718170464E-1,1.625665128E-1
1.928209390E1,-3.084869497E-2,4.308890700E-1,1.827250719E-1
1.928409463E1,-3.970623948E-3,4.119522572E-1,1.967749745E-1
1.928609459E1,6.078109145E-2,3.856850564E-1,2.181552500E-1
1.928809456E1,1.151480973E-1,3.624721766E-1,2.432007194E-1
1.929009453E1,1.414152980E-1,3.557526469E-1,2.535854280E-1
1.929209449E1,1.921171248E-1,3.459787965E-1,2.786309123E-1
1.929409449E1,2.458732575E-1,3.435353339E-1,3.030655086E-1
1.929609452E1,2.690861523E-1,3.447570801E-1,3.177262843E-1
1.929809456E1,3.069597781E-1,3.502548635E-1,3.397174478E-1
1.930009459E1,3.515529633E-1,3.545309305E-1,3.635411859E-1
1.930209376E1,4.004221559E-1,3.655264974E-1,3.995822370E-1
1.930409289E1,4.004221559E-1,3.655264974E-1,3.995822370E-1
1.930609292E1,4.291328490E-1,3.722459972E-1,4.246276915E-1
1.930809256E1,4.395175576E-1,3.728568852E-1,4.368450046E-1
1.931009256E1,4.645630121E-1,3.777438104E-1,4.612796307E-1
1.931209252E1,4.822781086E-1,3.856850564E-1,4.899902940E-1
1.931409249E1,4.926628172E-1,3.875176311E-1,5.058727860E-1
1.931609245E1,5.140430927E-1,3.966806233E-1,5.345834494E-1
1.931809242E1,5.293147564E-1,4.052327275E-1,5.645158291E-1
1.932009239E1,5.360342264E-1,4.107305110E-1,5.834526420E-1
1.932209322E1,5.500841737E-1,4.198935032E-1,6.103307605E-1
1.932409412E1,5.604688525E-1,4.290564656E-1,6.427065730E-1
1.932609412E1,5.647448897E-1,4.327216744E-1,6.591999531E-1
1.932809412E1,5.787948370E-1,4.394411743E-1,6.915758252E-1
1.933009412E1,5.885686874E-1,4.486041665E-1,7.251734138E-1
1.933209412E1,5.934556127E-1,4.510476291E-1,7.422776222E-1
1.933409412E1,5.989533663E-1,4.595997334E-1,7.764860988E-1
1.933609412E1,6.123924255E-1,4.608214796E-1,8.064184785E-1
1.933809412E1,6.197227836E-1,4.632649422E-1,8.412377834E-1
1.934009412E1,6.233879924E-1,4.657084048E-1,8.565094471E-1
1.934209325E1,6.374378800E-1,4.705953002E-1,9.041569233E-1
1.934409242E1,6.374378800E-1,4.705953002E-1,9.041569233E-1
1.934609245E1,6.490443349E-1,4.791474342E-1,9.371436238E-1
1.934809248E1,6.661485434E-1,4.913647175E-1,9.658542871E-1
1.935009252E1,6.850853562E-1,5.066363811E-1,9.988410473E-1
1.935209255E1,6.979135275E-1,5.164102316E-1,1.013501763E0
1.935409258E1,7.229590416E-1,5.396230817E-1,1.039769053E0
1.935609258E1,7.449501753E-1,5.622251034E-1,1.066036224E0
1.935809255E1,7.620543838E-1,5.768858790E-1,1.077642679E0
1.936009252E1,7.901542187E-1,6.025422215E-1,1.102077246E0
1.936209335E1,8.200865984E-1,6.306419969E-1,1.125900984E0
1.936409421E1,8.353582025E-1,6.465244889E-1,1.140561819E0
1.936609418E1,8.683449626E-1,6.782894731E-1,1.163163781E0
1.936809455E1,9.031642675E-1,7.106653452E-1,1.187598348E0
1.937009451E1,9.221010804E-1,7.289913297E-1,1.199815750E0
1.937209451E1,9.605855942E-1,7.662540674E-1,1.224250317E0
1.937409455E1,9.972375035E-1,7.992408276E-1,1.246241450E0
1.937609458E1,1.018617749E0,8.157341480E-1,1.256015301E0
1.937809461E1,1.049771905E0,8.505535126E-1,1.275563002E0
1.938009464E1,1.085202098E0,8.823184967E-1,1.289612889E0
1.938209381E1,1.131016970E0,9.293550849E-1,1.306717157E0
1.938409294E1,1.131016970E0,9.293550849E-1,1.306717157E0
1.938609298E1,1.158505917E0,9.537897110E-1,1.314658403E0
1.938809301E1,1.170723200E0,9.672287703E-1,1.320767045E0
1.939009301E1,1.195768714E0,9.922742248E-1,1.324432254E0
1.939209301E1,1.212262034E0,1.008767605E0,1.323821306E0
1.939409301E1,1.226311922E0,1.019152284E0,1.321988702E0
1.939609301E1,1.235474944E0,1.032591343E0,1.317101836E0
1.939809301E1,1.239140153E0,1.041754365E0,1.305495381E0
1.940009301E1,1.244637966E0,1.047252059E0,1.299386740E0
1.940209388E1,1.240361929E0,1.053971648E0,1.283504248E0
1.940409471E1,1.240972757E0,1.061912894E0,1.264567375E0
1.940609427E1,1.237307549E0,1.064356327E0,1.248074055E0
1.940809424E1,1.225701094E0,1.066188931E0,1.219363332E0
1.941009421E1,1.214094639E0,1.066188931E0,1.182711482E0
1.941209417E1,1.206764340E0,1.066799760E0,1.165607214E0
1.941409414E1,1.182329655E0,1.063134551E0,1.126511812E0
1.941609410E1,1.155451655E0,1.055804253E0,1.080086112E0
1.941809410E1,1.143234253E0,1.053971648E0,1.056262374E0
1.942009410E1,1.105971575E0,1.043586969E0,1.010447502E0
1.942209327E1,1.052826285E0,1.016098022E0,9.267589450E-1
1.942409250E1,1.052826285E0,1.016098022E0,9.267589450E-1
1.942609254E1,1.010676503E0,9.873872995E-1,8.681158423E-1
1.942809257E1,9.563095570E-1,9.440158606E-1,8.009206653E-1
1.943009260E1,9.263771176E-1,9.177486897E-1,7.679339647E-1
1.943209264E1,8.683449626E-1,8.584947586E-1,6.995170712E-1
1.943409264E1,8.017606139E-1,7.943539023E-1,6.317110062E-1
1.943609260E1,7.706065178E-1,7.595345974E-1,5.975025892E-1
1.943809257E1,7.064656615E-1,6.868416071E-1,5.284748077E-1
1.944009253E1,6.362161636E-1,6.153703928E-1,4.563927054E-1
1.944209337E1,6.007859707E-1,5.823836327E-1,4.203516543E-1
1.944409423E1,5.378668308E-1,5.151884556E-1,3.446043432E-1
1.944609420E1,4.706716835E-1,4.510476291E-1,2.670244575E-1
1.944809416E1,4.450153410E-1,4.241695404E-1,2.279291004E-1
1.945009416E1,3.869831264E-1,3.771329224E-1,1.485166103E-1
1.945209420E1,3.265074790E-1,3.349832296E-1,7.521278411E-2
1.945409423E1,2.776382565E-1,3.148246706E-1,3.733913973E-2
1.945609426E1,2.507601976E-1,2.781727612E-1,-3.229949996E-2
1.945809430E1,2.055561543E-1,2.439643145E-1,-1.001055390E-1
1.946009433E1,1.621847153E-1,2.073123902E-1,-1.660789847E-1
1.946209350E1,1.108720452E-1,1.694387496E-1,-2.247220576E-1
1.946409266E1,9.376781434E-2,1.517236531E-1,-2.528218627E-1
1.946609309E1,4.856378585E-2,1.156826094E-1,-3.041345477E-1
1.946809309E1,2.962696366E-2,9.918924421E-2,-3.273474276E-1
1.947009309E1,-1.313360315E-2,7.536549866E-2,-3.652210534E-1
1.947209309E1,-5.283984542E-2,5.948300287E-2,-3.927100003E-1
1.947409309E1,-6.994406879E-2,5.642867833E-2,-4.037055671E-1
1.947609309E1,-9.865473956E-2,6.192646548E-2,-4.165337384E-1
1.947809309E1,-1.316414624E-1,8.025242388E-2,-4.195880592E-1
1.948009309E1,-1.395827085E-1,9.369145334E-2,-4.153120220E-1
1.948209393E1,-1.554652005E-1,1.327868253E-1,-3.988186419E-1
1.948409469E1,-1.670716405E-1,1.761582643E-1,-3.743840456E-1
1.948609466E1,-1.744020283E-1,1.987602860E-1,-3.615558743E-1
1.948809463E1,-1.756237596E-1,2.482403666E-1,-3.242930770E-1
1.949009459E1,-1.798998117E-1,3.044399619E-1,-2.839759886E-1
1.949209456E1,-1.811215430E-1,3.374266922E-1,-2.613739669E-1
1.949409452E1,-1.780672222E-1,4.131739736E-1,-2.180025280E-1
1.949609452E1,-1.701259762E-1,5.023602843E-1,-1.666898578E-1
1.949809452E1,-1.695151031E-1,5.542838573E-1,-1.410335153E-1
1.950009456E1,-1.572978050E-1,6.617961526E-1,-8.727737516E-2
1.950209372E1,-1.420261711E-1,8.310058117E-1,-1.519527286E-2
1.950409286E1,-1.420261711E-1,8.310058117E-1,-1.519527286E-2
1.950609289E1,-1.291979998E-1,9.366855025E-1,3.428481147E-2
1.950809292E1,-1.273654103E-1,1.029536963E0,8.071056753E-2
1.951009295E1,-1.261436790E-1,1.069854140E0,9.537133574E-2
1.951209295E1,-1.255328059E-1,1.137660146E0,1.253037304E-1
1.951409292E1,-1.328631938E-1,1.188362002E0,1.460731477E-1
1.951609289E1,-1.346957833E-1,1.203022718E0,1.589013189E-1
1.951809285E1,-1.389718503E-1,1.231733441E0,1.766164154E-1
1.952009282E1,-1.444696337E-1,1.247615933E0,1.894445866E-1
1.952209365E1,-1.444696337E-1,1.251891971E0,1.949423701E-1
1.952409448E1,-1.371392459E-1,1.268996239E0,2.108248621E-1
1.952609445E1,-1.206458881E-1,1.289765596E0,2.279291004E-1
1.952809445E1,-1.120937690E-1,1.300150275E0,2.340377420E-1
1.953009445E1,-8.643743396E-2,1.320919752E0,2.456441820E-1
1.953209445E1,-5.711590126E-2,1.339856505E0,2.548071742E-1
1.953409445E1,-4.245513305E-2,1.347186923E0,2.615266740E-1
1.953609445E1,-9.468411095E-3,1.367956400E0,2.676353455E-1
1.953809445E1,2.840523422E-2,1.386282325E0,2.743548453E-1
1.954009445E1,4.978551716E-2,1.393001795E0,2.761874497E-1
1.954209358E1,1.145372316E-1,1.402164817E0,2.804635167E-1
1.954409268E1,1.328631938E-1,1.399110436E0,2.816852331E-1
1.954609272E1,1.603521258E-1,1.391780138E0,2.822960913E-1
1.954809275E1,1.921171248E-1,1.361236811E0,2.786309123E-1
1.955009278E1,2.220495194E-1,1.311756730E0,2.670244575E-1
1.955209282E1,2.373211533E-1,1.278770089E0,2.584723532E-1
1.955409285E1,2.593123019E-1,1.198135853E0,2.346486151E-1
1.955609288E1,2.721404731E-1,1.099786520E0,2.016618848E-1
1.955809291E1,2.776382565E-1,1.044197798E0,1.833359301E-1
1.956009291E1,2.843577862E-1,9.275225401E-1,1.417970955E-1
1.956209375E1,2.868012190E-1,7.986299396E-1,8.620835841E-2
1.956409461E1,2.825251818E-1,7.283804417E-1,5.627596006E-2
1.956609458E1,2.727513313E-1,5.762749910E-1,-9.086620063E-3
1.956809454E1,2.574796975E-1,4.174500406E-1,-8.788824081E-2
1.957009451E1,2.495384514E-1,3.398701549E-1,-1.312596649E-1
1.957209448E1,2.238821089E-1,1.755474061E-1,-2.241111845E-1
1.957409448E1,1.945605874E-1,1.061378326E-2,-3.285691440E-1
1.957609448E1,1.566869318E-1,-1.512655020E-1,-4.403574765E-1
1.957809451E1,1.401935667E-1,-2.294562608E-1,-4.959462285E-1
1.958009454E1,1.047633886E-1,-3.809508383E-1,-6.083454490E-1
1.958209371E1,4.856378585E-2,-5.770385861E-1,-7.732790709E-1
1.958409294E1,4.856378585E-2,-5.770385861E-1,-7.732790709E-1
1.958609298E1,1.496619824E-2,-6.949355602E-1,-8.826239109E-1
1.958809301E1,-1.985312067E-2,-7.993935347E-1,-9.858601689E-1
1.959009304E1,-3.756821156E-2,-8.470410109E-1,-1.037172794E0
1.959209307E1,-5.894849449E-2,-9.246209264E-1,-1.131856918E0
1.959409307E1,-6.444628537E-2,-9.734901190E-1,-1.213101983E0
1.959609307E1,-6.872233748E-2,-9.887617826E-1,-1.249143124E0
1.959809307E1,-6.444628537E-2,-1.005255103E0,-1.309007883E0
1.960009307E1,-5.528330430E-2,-1.013807178E0,-1.357877135E0
1.960209394E1,-4.673119262E-2,-1.015639782E0,-1.379257321E0
1.960409484E1,-1.740965992E-2,-1.013807178E0,-1.415298462E0
1.960609481E1,2.168571576E-2,-1.002200842E0,-1.443398237E0
1.960809477E1,4.612032697E-2,-9.881508946E-1,-1.450728655E0
1.961009474E1,1.053742543E-1,-9.380599260E-1,-1.447674274E0
1.961209470E1,1.652390510E-1,-8.824712038E-1,-1.439733028E0
1.961409467E1,2.012801021E-1,-8.568148613E-1,-1.428737402E0
1.961609464E1,2.654209435E-1,-8.073347807E-1,-1.403081059E0
1.961809460E1,3.356704414E-1,-7.590764165E-1,-1.367650867E0
1.962009457E1,3.698789179E-1,-7.321983576E-1,-1.349935889E0
1.962209370E1,4.731151462E-1,-6.430120468E-1,-1.290681958E0
1.962409283E1,5.067127347E-1,-6.155230999E-1,-1.265636444E0
1.962609370E1,5.256495476E-1,-5.923101902E-1,-1.241201878E0
1.962809373E1,5.653557777E-1,-5.544365644E-1,-1.186834812E0
1.963009377E1,5.849034786E-1,-5.177846551E-1,-1.113530993E0
1.963209380E1,5.928447247E-1,-5.025130510E-1,-1.073213935E0
1.963409383E1,5.958990455E-1,-4.774675369E-1,-9.736428261E-1
1.963609387E1,5.916230083E-1,-4.548655450E-1,-8.575784564E-1
1.963809387E1,5.885686874E-1,-4.365395904E-1,-7.928267121E-1
1.964009383E1,5.751296282E-1,-4.053854346E-1,-6.627124548E-1
1.964209466E1,5.623014569E-1,-3.748421967E-1,-5.295438170E-1
1.964409543E1,5.525276065E-1,-3.546836376E-1,-4.611268938E-1
1.964609540E1,5.317581892E-1,-3.155882657E-1,-3.218496144E-1
1.964809536E1,5.073235631E-1,-2.789363563E-1,-1.831832081E-1
1.965009533E1,4.969388843E-1,-2.612212598E-1,-1.092685238E-1
1.965209529E1,4.725042582E-1,-2.312888503E-1,3.367394581E-2
1.965409529E1,4.480696619E-1,-1.958586723E-1,1.723403633E-1
1.965609533E1,4.346306324E-1,-1.811978966E-1,2.377029359E-1
1.965809536E1,4.065308273E-1,-1.329395473E-1,3.641520441E-1
1.966009539E1,3.753767014E-1,-7.490734756E-2,4.759403765E-1
1.966209456E1,3.307835162E-1,2.893974073E-2,6.164394021E-1
1.966409369E1,3.307835162E-1,2.893974073E-2,6.164394021E-1
1.966609372E1,3.008511364E-1,1.126282811E-1,6.964627504E-1
1.966809376E1,2.904664278E-1,1.566105783E-1,7.312820554E-1
1.967009379E1,2.580905557E-1,2.470186353E-1,7.942011952E-1
1.967209379E1,2.275473028E-1,3.362049460E-1,8.534551263E-1
1.967409379E1,2.159408629E-1,3.807981312E-1,8.815549016E-1
1.967609379E1,1.841758788E-1,4.657084048E-1,9.285915494E-1
1.967809379E1,1.511891484E-1,5.408447981E-1,9.713521004E-1
1.968009379E1,1.401935667E-1,5.762749910E-1,9.884563088E-1
1.968209466E1,1.072068512E-1,6.367506385E-1,1.023275614E0
1.968409552E1,7.910704613E-2,6.862307191E-1,1.050764561E0
1.968609466E1,6.322455406E-2,7.070001364E-1,1.062371016E0
1.968809462E1,2.107485011E-2,7.387651801E-1,1.080696940E0
1.969009459E1,-1.679879427E-2,7.583128214E-1,1.088027358E0
1.969209455E1,-3.390302137E-2,7.680866718E-1,1.090470791E0
1.969409452E1,-7.177666575E-2,7.815257311E-1,1.087416530E0
1.969609449E1,-1.108720452E-1,7.955756187E-1,1.077642679E0
1.969809445E1,-1.444696337E-1,8.059603572E-1,1.061760187E0
1.970009445E1,-1.609629989E-1,8.084037900E-1,1.047099352E0
1.970209362E1,-2.043344229E-1,8.267297745E-1,1.009225726E0
1.970409275E1,-2.043344229E-1,8.267297745E-1,1.009225726E0
1.970609278E1,-2.281581759E-1,8.462774158E-1,9.762390256E-1
1.970809282E1,-2.562579811E-1,8.652142882E-1,9.347001910E-1
1.971009285E1,-2.788599730E-1,8.749880791E-1,8.888853192E-1
1.971209288E1,-2.874121070E-1,8.762098551E-1,8.626180887E-1
1.971409292E1,-3.100140989E-1,8.670468330E-1,8.070293665E-1
1.971609292E1,-3.216205537E-1,8.542186618E-1,7.465536594E-1
1.971809288E1,-3.234531581E-1,8.474991918E-1,7.141778469E-1
1.972009285E1,-3.265074790E-1,8.346710205E-1,6.469826698E-1
1.972209368E1,-3.234531581E-1,8.200102448E-1,5.773440003E-1
1.972409455E1,-3.136793077E-1,8.090146780E-1,5.437464118E-1
1.972609451E1,-3.032945991E-1,7.748062015E-1,4.759403765E-1
1.972809448E1,-2.874121070E-1,7.259370089E-1,4.081343412E-1
1.973009445E1,-2.813034356E-1,6.917285323E-1,3.751476109E-1
1.973209444E1,-2.593123019E-1,6.062073708E-1,3.152828217E-1
1.973409405E1,-2.367102802E-1,5.048037767E-1,2.615266740E-1
1.973609404E1,-2.269364446E-1,4.431063831E-1,2.377029359E-1
1.973809404E1,-1.970040351E-1,3.105486333E-1,1.918880492E-1
1.974009405E1,-1.682933718E-1,1.602757722E-1,1.509600729E-1
1.974209318E1,-1.078177169E-1,-1.103375331E-1,1.008691266E-1
1.974409228E1,-1.078177169E-1,-1.103375331E-1,1.008691266E-1
1.974609228E1,-5.711590126E-2,-3.333033621E-1,7.582364976E-2
1.974809228E1,-2.657263726E-2,-4.628067911E-1,7.032585889E-2
1.975009234E1,5.467243865E-2,-7.572438121E-1,6.910412759E-2
1.975209238E1,1.389718503E-1,-1.060232997E0,8.681922406E-2
1.975409241E1,1.878410578E-1,-1.201953769E0,9.659306705E-2
1.975609244E1,2.776382565E-1,-1.440802097E0,1.259146035E-1
1.975809248E1,3.625485301E-1,-1.624061584E0,1.576795876E-1
1.976009251E1,4.132503271E-1,-1.699198008E0,1.680642962E-1
1.976209338E1,4.914411008E-1,-1.807321191E0,1.900554448E-1
1.976409424E1,5.635231733E-1,-1.875738144E0,2.089922726E-1
1.976609421E1,5.910121202E-1,-1.897729278E0,2.151009291E-1
1.976809417E1,6.447682381E-1,-1.913611770E0,2.309834212E-1
1.977009414E1,6.869179606E-1,-1.904448748E0,2.395355403E-1
1.977209410E1,7.095199823E-1,-1.893453240E0,2.438115925E-1
1.977409407E1,7.418958545E-1,-1.853746891E0,2.511419654E-1
1.977609404E1,7.681630254E-1,-1.807321191E0,2.584723532E-1
1.977809404E1,7.773260474E-1,-1.777388811E0,2.651918828E-1
1.978009407E1,7.901542187E-1,-1.721800089E0,2.792417705E-1
1.978209324E1,7.919867635E-1,-1.668654799E0,3.012329340E-1
1.978409237E1,7.919867635E-1,-1.668654799E0,3.012329340E-1
1.978609240E1,7.907650471E-1,-1.664378762E0,3.103958964E-1
1.978809244E1,7.736608386E-1,-1.670487404E0,3.281109929E-1
1.979009247E1,7.693848014E-1,-1.676596045E0,3.366630971E-1
1.979209250E1,7.522805333E-1,-1.686369896E0,3.531564772E-1
1.979409293E1,7.302893996E-1,-1.699808955E0,3.745367527E-1
1.979609293E1,7.217372656E-1,-1.703474045E0,3.861432076E-1
1.979809293E1,6.985244155E-1,-1.710193634E0,4.038582742E-1
1.980009293E1,6.850853562E-1,-1.707750201E0,4.252385795E-1
1.980209380E1,6.777549982E-1,-1.704695821E0,4.331798255E-1
1.980409470E1,6.588181853E-1,-1.697976351E0,4.490623176E-1
1.980609470E1,6.392704844E-1,-1.697976351E0,4.631122053E-1
1.980809470E1,6.301075220E-1,-1.694311142E0,4.704425931E-1
1.981009463E1,6.111706495E-1,-1.683315516E0,4.765512347E-1
1.981209460E1,6.007859707E-1,-1.677206874E0,4.808273017E-1
1.981409456E1,5.916230083E-1,-1.662546158E0,4.783838391E-1
1.981609453E1,5.910121202E-1,-1.655215740E0,4.771621227E-1
1.981809450E1,5.897904038E-1,-1.638111472E0,4.704425931E-1
1.982009446E1,5.934556127E-1,-1.613066077E0,4.631122053E-1
1.982209356E1,5.922338367E-1,-1.589853168E0,4.484514594E-1
1.982409306E1,5.922338367E-1,-1.589853168E0,4.484514594E-1
1.982609306E1,5.995642543E-1,-1.586187959E0,4.331798255E-1
1.982809310E1,6.087272167E-1,-1.585577130E0,4.282929003E-1
1.983009313E1,6.142250299E-1,-1.586187959E0,4.136321247E-1
1.983209316E1,6.264423132E-1,-1.584966183E0,3.959170282E-1
1.983409320E1,6.343835592E-1,-1.587409735E0,3.855323195E-1
1.983609323E1,6.545420885E-1,-1.590463996E0,3.665955067E-1
1.983809326E1,6.838636398E-1,-1.588020563E0,3.543781936E-1
1.984009326E1,7.009678483E-1,-1.588020563E0,3.488804102E-1
1.984209413E1,7.260133624E-1,-1.588020563E0,3.415500224E-1
1.984409499E1,7.583891749E-1,-1.586187959E0,3.372739851E-1
1.984609496E1,7.736608386E-1,-1.590463996E0,3.366630971E-1
1.984809492E1,8.084801435E-1,-1.597794414E0,3.311653137E-1
1.985009489E1,8.365799785E-1,-1.601459622E0,3.311653137E-1
1.985209486E1,8.555167913E-1,-1.611844301E0,3.311653137E-1
1.985409482E1,8.811731339E-1,-1.627115965E0,3.317761719E-1
1.985609482E1,9.123272300E-1,-1.646052718E0,3.305544555E-1
1.985809486E1,9.251554012E-1,-1.654604912E0,3.311653137E-1
1.986009489E1,9.544769526E-1,-1.674152613E0,3.366630971E-1
1.986209406E1,1.000902653E0,-1.701030612E0,3.427717686E-1
1.986409319E1,1.000902653E0,-1.701030612E0,3.427717686E-1
1.986609322E1,1.030835152E0,-1.712026238E0,3.488804102E-1
1.986809325E1,1.060767531E0,-1.725465298E0,3.525456190E-1
1.987009329E1,1.077260852E0,-1.729741335E0,3.568216562E-1
1.987209332E1,1.102917194E0,-1.737682581E0,3.696498275E-1
1.987409332E1,1.124908328E0,-1.745623827E0,3.794236779E-1
1.987609332E1,1.142012596E0,-1.748678088E0,3.830888569E-1
1.987809332E1,1.164614558E0,-1.745012879E0,3.965279162E-1
1.988009332E1,1.185994864E0,-1.736460805E0,4.044691622E-1
1.988209419E1,1.198823094E0,-1.726076126E0,4.154647291E-1
1.988409469E1,1.214094639E0,-1.698587179E0,4.258494377E-1
1.988609469E1,1.229977131E0,-1.672320008E0,4.350124002E-1
1.988809465E1,1.236696720E0,-1.648496270E0,4.405102134E-1
1.989009462E1,1.245859623E0,-1.591074944E0,4.508949220E-1
1.989209458E1,1.255022645E0,-1.524490595E0,4.637230933E-1
1.989409455E1,1.255633473E0,-1.486006021E0,4.673882723E-1
1.989609452E1,1.253190041E0,-1.399874091E0,4.796055853E-1
1.989809448E1,1.245248795E0,-1.315574646E0,4.906011522E-1
1.990009445E1,1.242805362E0,-1.271592379E0,4.936554730E-1
1.990209355E1,1.223257661E0,-1.139034629E0,5.034292936E-1
1.990409265E1,1.213483810E0,-1.099939227E0,5.095379949E-1
1.990609268E1,1.204320788E0,-1.058400393E0,5.156466365E-1
1.990809271E1,1.181107998E0,-9.814313650E-1,5.266422033E-1
1.991009275E1,1.152397275E0,-9.062949419E-1,5.443572998E-1
1.991209278E1,1.131627917E0,-8.671995997E-1,5.535202622E-1
1.991409281E1,1.102306366E0,-7.957283258E-1,5.749005675E-1
1.991609285E1,1.073595643E0,-7.212027907E-1,5.993351340E-1
1.991809285E1,1.050993681E0,-6.857725978E-1,6.115524769E-1
1.992009285E1,1.018006921E0,-6.222426295E-1,6.359871030E-1
1.992209368E1,9.874636531E-1,-5.556582808E-1,6.530913115E-1
1.992409455E1,9.697485566E-1,-5.245041847E-1,6.604216695E-1
1.992609451E1,9.398161769E-1,-4.634176493E-1,6.750824451E-1
1.992809448E1,9.056077003E-1,-4.096615016E-1,6.824128628E-1
1.993009444E1,8.964447379E-1,-3.827834427E-1,6.842454076E-1
1.993209441E1,8.738427162E-1,-3.290272951E-1,6.830236912E-1
1.993409441E1,8.573493958E-1,-2.752711475E-1,6.799693704E-1
1.993609441E1,8.402451277E-1,-2.264019251E-1,6.726390123E-1
1.993809441E1,8.298604488E-1,-2.050216496E-1,6.689738035E-1
1.994009441E1,8.206974864E-1,-1.647045463E-1,6.579782367E-1
1.994209354E1,8.072584271E-1,-1.182787865E-1,6.359871030E-1
1.994409264E1,8.072584271E-1,-1.182787865E-1,6.359871030E-1
1.994609264E1,8.035932183E-1,-8.956811577E-2,6.176611185E-1
1.994809264E1,8.054258227E-1,-6.696610153E-2,6.048329473E-1
1.995009264E1,8.023715019E-1,-6.207918003E-2,5.975025892E-1
1.995209268E1,8.035932183E-1,-4.986187443E-2,5.834526420E-1
1.995409271E1,8.090910316E-1,-3.825543448E-2,5.724570751E-1
1.995609274E1,8.121453524E-1,-3.336851299E-2,5.663484335E-1
1.995809277E1,8.219192028E-1,-2.481640130E-2,5.565745831E-1
1.996009281E1,8.304712772E-1,-1.748601720E-2,5.492442250E-1
1.996209371E1,8.347473741E-1,-1.443169173E-2,5.455790162E-1
1.996409464E1,8.390234113E-1,-1.320996135E-2,5.364160538E-1
1.996609464E1,8.432994485E-1,-1.565342210E-2,5.309182405E-1
1.996809461E1,8.457429409E-1,-1.809688285E-2,5.241987109E-1
1.997009457E1,8.487972617E-1,-2.176207490E-2,5.168683529E-1
1.997209454E1,8.445212245E-1,-2.848159149E-2,5.089271069E-1
1.997409450E1,8.414669037E-1,-3.214678168E-2,5.077053905E-1
1.997609447E1,8.298604488E-1,-4.069889709E-2,5.003749728E-1
1.997809444E1,8.219192028E-1,-4.925100878E-2,4.924337566E-1
1.998009440E1,8.060367107E-1,-5.169447139E-2,4.863250852E-1
1.998209354E1,7.840455174E-1,-6.513350457E-2,4.747186601E-1
1.998409267E1,7.681630254E-1,-6.940956414E-2,4.710534513E-1
1.998609270E1,7.583891749E-1,-7.735081017E-2,4.631122053E-1
1.998809273E1,7.241807580E-1,-9.140071273E-2,4.527274966E-1
1.999009277E1,6.924157739E-1,-1.109483987E-1,4.435645342E-1
1.999209280E1,6.740897894E-1,-1.195005104E-1,4.374558628E-1
1.999409283E1,6.380487680E-1,-1.402699351E-1,4.276820421E-1
1.999609287E1,6.007859707E-1,-1.659262776E-1,4.203516543E-1
1.999809290E1,5.787948370E-1,-1.811978966E-1,4.179081917E-1
2.000009290E1,5.409211516E-1,-2.251801938E-1,4.160755873E-1
2.000209376E1,4.993823469E-1,-2.795472145E-1,4.117995203E-1
2.000409466E1,4.786129296E-1,-3.058144152E-1,4.142429829E-1
2.000609467E1,4.444044530E-1,-3.546836376E-1,4.063017368E-1
2.000809466E1,4.083634019E-1,-3.962224722E-1,3.983604908E-1
2.001009466E1,3.973678350E-1,-4.139375687E-1,3.959170282E-1
2.001209463E1,3.625485301E-1,-4.463134110E-1,3.867540658E-1
2.001409460E1,3.326161206E-1,-4.738023579E-1,3.775910735E-1
2.001609456E1,3.210096955E-1,-4.896848500E-1,3.757584691E-1
2.001809453E1,2.941316068E-1,-5.147303343E-1,3.647629023E-1
2.002009450E1,2.709187269E-1,-5.397757888E-1,3.562107980E-1
2.002209360E1,2.342668176E-1,-5.794820189E-1,3.403283060E-1
2.002409360E1,2.342668176E-1,-5.794820189E-1,3.403283060E-1
2.002609356E1,2.171625942E-1,-5.984188914E-1,3.299435973E-1
2.002809356E1,2.037235647E-1,-6.075818539E-1,3.226132095E-1
2.003009359E1,1.890627891E-1,-6.252969503E-1,3.067307174E-1
2.003209363E1,1.768454909E-1,-6.424011588E-1,2.914590836E-1
2.003409366E1,1.652390510E-1,-6.509532928E-1,2.829069793E-1
2.003609369E1,1.518000066E-1,-6.631705761E-1,2.645809948E-1
2.003809373E1,1.414152980E-1,-6.766096354E-1,2.462550551E-1
2.004009376E1,1.340849251E-1,-6.863834858E-1,2.340377420E-1
2.004209466E1,1.249219403E-1,-7.077637315E-1,2.114357352E-1
2.004409556E1,1.218676195E-1,-7.303657532E-1,1.882228553E-1
2.004609553E1,1.151480973E-1,-7.413613200E-1,1.766164154E-1
2.004809549E1,1.072068512E-1,-7.633524537E-1,1.503492147E-1
2.005009546E1,1.047633886E-1,-7.780132294E-1,1.222494096E-1
2.005209542E1,1.041525230E-1,-7.835110426E-1,1.088103727E-1
2.005409539E1,1.072068512E-1,-7.926740050E-1,8.193229884E-2
2.005609536E1,1.108720452E-1,-7.969500422E-1,4.955644161E-2
2.005809532E1,1.114829108E-1,-8.018369675E-1,2.512183413E-2
2.006009532E1,1.145372316E-1,-8.055021763E-1,1.168279815E-2
2.006209449E1,1.261436790E-1,-8.042804599E-1,-2.924517356E-2
2.006409365E1,1.261436790E-1,-8.042804599E-1,-2.924517356E-2
2.006609369E1,1.328631938E-1,-7.945066094E-1,-5.367978290E-2
2.006809372E1,1.426370293E-1,-7.780132294E-1,-7.567093521E-2
2.007009375E1,1.603521258E-1,-7.529677749E-1,-9.155342728E-2
2.007209378E1,1.707368344E-1,-7.383069992E-1,-1.001055390E-1
2.007409382E1,1.823432744E-1,-7.144832611E-1,-1.123228446E-1
2.007609385E1,1.908953935E-1,-6.943247318E-1,-1.220966876E-1
2.007809385E1,1.945605874E-1,-6.802747846E-1,-1.233184189E-1
2.008009385E1,2.073887438E-1,-6.564510465E-1,-1.337031275E-1
2.008209472E1,2.128865421E-1,-6.246860623E-1,-1.361465901E-1
2.008409468E1,2.189951837E-1,-6.075818539E-1,-1.398117840E-1
2.008609468E1,2.232712507E-1,-5.733733773E-1,-1.392009109E-1
2.008809468E1,2.397646159E-1,-5.397757888E-1,-1.324813962E-1
2.009009465E1,2.354885489E-1,-5.226715803E-1,-1.294270754E-1
2.009209462E1,2.397646159E-1,-4.890739918E-1,-1.159880385E-1
2.009409458E1,2.360994220E-1,-4.628067911E-1,-1.025490016E-1
2.009609455E1,2.287690341E-1,-4.560872614E-1,-9.399688989E-2
2.009809451E1,2.220495194E-1,-4.334852397E-1,-7.567093521E-2
2.010009448E1,2.122756690E-1,-4.108832479E-1,-5.490151420E-2
2.010209358E1,1.988366395E-1,-3.638466001E-1,-3.229949996E-2
2.010409264E1,1.988366395E-1,-3.638466001E-1,-3.229949996E-2
2.010609264E1,1.902845204E-1,-3.265838325E-1,-1.886046492E-2
2.010809268E1,1.908953935E-1,-3.094795942E-1,-8.475755341E-3
2.011009271E1,1.762346178E-1,-2.844341397E-1,6.185010541E-3
2.011209274E1,1.627955884E-1,-2.691625059E-1,2.390010282E-2
2.011409278E1,1.536326110E-1,-2.661081851E-1,2.817615867E-2
2.011609281E1,1.285871267E-1,-2.624429762E-1,4.283692688E-2
2.011809284E1,9.926560521E-2,-2.691625059E-1,5.566509441E-2
2.012009288E1,8.949175477E-2,-2.728276849E-1,6.299547851E-2
2.012209374E1,6.444628537E-2,-2.783254683E-1,7.338018715E-2
2.012409458E1,4.428773001E-2,-2.807689309E-1,7.826711237E-2
2.012609454E1,3.268129006E-2,-2.789363563E-1,8.009970188E-2
2.012809451E1,1.618792862E-2,-2.771037519E-1,7.826711237E-2
2.013009447E1,-4.581489135E-3,-2.752711475E-1,7.460191846E-2
2.013209444E1,-1.007927675E-2,-2.722168267E-1,6.910412759E-2
2.013409441E1,-2.168571576E-2,-2.599995136E-1,6.177374721E-2
2.013609437E1,-3.451388702E-2,-2.496148050E-1,4.650211707E-2
2.013809437E1,-3.878994286E-2,-2.435061634E-1,4.039346427E-2
2.014009437E1,-4.612032697E-2,-2.306779921E-1,2.390010282E-2
2.014209350E1,-6.750060618E-2,-2.123520374E-1,-9.086620063E-3
2.014409260E1,-6.750060618E-2,-2.123520374E-1,-9.086620063E-3
2.014609260E1,-8.338310570E-2,-2.099085748E-1,-3.718642145E-2
2.014809260E1,-1.035416573E-1,-2.092977017E-1,-6.772968173E-2
2.015009260E1,-1.151480973E-1,-2.105194330E-1,-8.605564386E-2
2.015209260E1,-1.408044398E-1,-2.099085748E-1,-1.269836128E-1
2.015409260E1,-1.640173197E-1,-2.074651122E-1,-1.660789847E-1
2.015609264E1,-1.786780804E-1,-2.068542391E-1,-1.868484020E-1
2.015809267E1,-2.018909603E-1,-2.080759704E-1,-2.296089679E-1
2.016009270E1,-2.367102802E-1,-2.092977017E-1,-2.754238546E-1
2.016209360E1,-2.513710558E-1,-2.092977017E-1,-2.943606973E-1
2.016409454E1,-2.758056521E-1,-2.086868435E-1,-3.371212482E-1
2.016609457E1,-3.069597781E-1,-2.037999183E-1,-3.774383664E-1
2.016809457E1,-3.246748745E-1,-2.044107765E-1,-3.982077837E-1
2.017009457E1,-3.497203588E-1,-1.983021349E-1,-4.342488348E-1
2.017209454E1,-3.827070892E-1,-1.946369410E-1,-4.757876694E-1
2.017409450E1,-4.132503271E-1,-1.879174262E-1,-4.965570867E-1
2.017609447E1,-4.266893864E-1,-1.854739636E-1,-5.387067795E-1
2.017809443E1,-4.578435123E-1,-1.824196279E-1,-5.784130096E-1
2.018009440E1,-4.871650338E-1,-1.818087697E-1,-6.248387694E-1
2.018209350E1,-5.201517344E-1,-1.885282844E-1,-6.694319248E-1
2.018409260E1,-5.360342264E-1,-1.928043365E-1,-6.950882673E-1
2.018609263E1,-5.708535910E-1,-1.952477992E-1,-7.372379899E-1
2.018809267E1,-5.806274414E-1,-1.940260679E-1,-7.610617280E-1
2.019009270E1,-6.172793508E-1,-1.848630905E-1,-7.977136374E-1
2.019209273E1,-6.490443349E-1,-1.677588671E-1,-8.349764347E-1
2.019409276E1,-6.643159389E-1,-1.567633003E-1,-8.520806432E-1
2.019609280E1,-6.966918111E-1,-1.390482038E-1,-8.911760449E-1
2.019809283E1,-7.260133624E-1,-1.097266674E-1,-9.253844619E-1
2.020009286E1,-7.382306457E-1,-9.750936180E-2,-9.424887300E-1
2.020209373E1,-7.632761002E-1,-6.513350457E-2,-9.858601689E-1
2.020409463E1,-7.901542187E-1,-2.787072770E-2,-1.021901250E0
2.020609463E1,-8.029823899E-1,-6.490443368E-3,-1.040227175E0
2.020809463E1,-8.274169564E-1,3.016147204E-2,-1.082376838E0
2.021009463E1,-8.512406945E-1,6.925684959E-2,-1.126359105E0
2.021209463E1,-8.659014702E-1,9.369145334E-2,-1.147739410E0
2.021409463E1,-8.891143799E-1,1.370628923E-1,-1.196608663E0
2.021609460E1,-9.208793640E-1,1.834886521E-1,-1.249143124E0
2.021809456E1,-9.404270649E-1,2.060906589E-1,-1.274188519E0
2.022009453E1,-9.721920490E-1,2.457969040E-1,-1.330388188E0
2.022209363E1,-1.031445980E0,3.038291037E-1,-1.411633253E0
2.022409269E1,-1.031445980E0,3.038291037E-1,-1.411633253E0
2.022609266E1,-1.077871680E0,3.392592967E-1,-1.462945938E0
2.022809263E1,-1.137125611E0,3.575852513E-1,-1.514258623E0
2.023009259E1,-1.168279767E0,3.624721766E-1,-1.532584548E0
2.023209259E1,-1.233642340E0,3.520874679E-1,-1.571679950E0
2.023409262E1,-1.302670121E0,3.258202374E-1,-1.599168897E0
2.023609266E1,-1.332602501E0,3.068834245E-1,-1.613218784E0
2.023809269E1,-1.402241111E0,2.641228735E-1,-1.626046896E0
2.024009272E1,-1.463938594E0,2.024254650E-1,-1.626046896E0
2.024209362E1,-1.509753466E0,1.718822122E-1,-1.616883993E0
2.024409456E1,-1.583668113E0,9.613491595E-2,-1.592449307E0
2.024609456E1,-1.655750275E0,1.305724494E-2,-1.555186510E0
2.024809456E1,-1.692402124E0,-3.092505224E-2,-1.533806324E0
2.025009452E1,-1.768149495E0,-1.280526221E-1,-1.478828430E0
2.025209449E1,-1.828625083E0,-2.300671190E-1,-1.418352723E0
2.025409445E1,-1.854281425E0,-2.740494311E-1,-1.389031172E0
2.025609442E1,-1.906204939E0,-3.565162420E-1,-1.330388188E0
2.025809439E1,-1.939191699E0,-4.383721650E-1,-1.268690705E0
2.026009435E1,-1.958739400E0,-4.793001413E-1,-1.236314893E0
2.026209348E1,-2.004554272E0,-6.008623242E-1,-1.128802657E0
2.026409262E1,-2.010052204E0,-6.424011588E-1,-1.093372464E0
2.026609265E1,-2.028988838E0,-6.796639562E-1,-1.060385704E0
2.026809268E1,-2.057088614E0,-7.419722080E-1,-9.876927137E-1
2.027009272E1,-2.082134247E0,-7.883979678E-1,-9.186649919E-1
2.027209275E1,-2.099849224E0,-8.036695719E-1,-8.844565153E-1
2.027409278E1,-2.131614208E0,-8.250498772E-1,-8.178722262E-1
2.027609282E1,-2.156659842E0,-8.122217059E-1,-7.543421984E-1
2.027809285E1,-2.160935879E0,-7.969500422E-1,-7.280750275E-1
2.028009285E1,-2.174985647E0,-7.499134541E-1,-6.700428128E-1
2.028209372E1,-2.193311691E0,-6.857725978E-1,-6.132323742E-1
2.028409462E1,-2.195144176E0,-6.485098004E-1,-5.851325393E-1
2.028609462E1,-2.200642109E0,-5.581017733E-1,-5.319872499E-1
2.028809462E1,-2.205528975E0,-4.518111944E-1,-4.745659232E-1
2.029009462E1,-2.200642109E0,-3.931681514E-1,-4.434117973E-1
2.029209462E1,-2.198198557E0,-2.722168267E-1,-3.792709708E-1
2.029409458E1,-2.186592102E0,-1.347721517E-1,-3.090214431E-1
2.029609455E1,-2.169487953E0,1.611157134E-2,-2.442697436E-1
2.029809451E1,-2.154827118E0,9.735664725E-2,-2.088395506E-1
2.030009448E1,-2.129781723E0,2.592359483E-1,-1.404226422E-1
2.030209358E1,-2.088242769E0,5.084689856E-1,-3.229949996E-2
2.030409298E1,-2.088242769E0,5.084689856E-1,-3.229949996E-2
2.030609294E1,-2.067473412E0,6.734025478E-1,4.466952011E-2
2.030809291E1,-2.049758434E0,8.279514909E-1,1.228602752E-1
2.031009291E1,-2.040595293E0,9.018661976E-1,1.613447815E-1
2.031209294E1,-2.023491144E0,1.035034776E0,2.346486151E-1
2.031409298E1,-1.999667406E0,1.154764414E0,3.061198592E-1
2.031609301E1,-1.992947817E0,1.206687927E0,3.415500224E-1
2.031809304E1,-1.971567631E0,1.305648088E0,4.111886621E-1
2.032009308E1,-1.952019930E0,1.389336586E0,4.765512347E-1
2.032209398E1,-1.947132945E0,1.424155951E0,5.070945024E-1
2.032409488E1,-1.933083057E0,1.489518523E0,5.571854711E-1
2.032609488E1,-1.928807020E0,1.546329021E0,6.042220592E-1
2.032809484E1,-1.928196192E0,1.573817968E0,6.231589317E-1
2.033009481E1,-1.925752640E0,1.635515332E0,6.622542739E-1
2.033209477E1,-1.926363587E0,1.700877905E0,6.927975416E-1
2.033409474E1,-1.928196192E0,1.738751531E0,7.099017501E-1
2.033609471E1,-1.932472229E0,1.821218371E0,7.434993386E-1
2.033809467E1,-1.931861281E0,1.925676346E0,7.770969272E-1
2.034009467E1,-1.934304833E0,1.986151934E0,7.954229116E-1
2.034209380E1,-1.915978789E0,2.203009129E0,8.467355967E-1
2.034409297E1,-1.911091924E0,2.278756380E0,8.650615215E-1
2.034609300E1,-1.904372454E0,2.347784281E0,8.803331852E-1
2.034809304E1,-1.895820260E0,2.486450672E0,9.066003561E-1
2.035009307E1,-1.878105164E0,2.620230198E0,9.182068110E-1
2.035209310E1,-1.867720485E0,2.681927443E0,9.194285274E-1
2.035409314E1,-1.851837993E0,2.796159267E0,9.066003561E-1
2.035609317E1,-1.821905613E0,2.897562981E0,8.827766180E-1
2.035809317E1,-1.802357912E0,2.943988800E0,8.638398051E-1
2.036009317E1,-1.755932093E0,3.039894581E0,8.216901422E-1
2.036209404E1,-1.711949825E0,3.121750593E0,7.703774571E-1
2.036409460E1,-1.690569520E0,3.159013271E0,7.447211146E-1
2.036609460E1,-1.627650499E0,3.222543240E0,6.934084296E-1
2.036809460E1,-1.557400942E0,3.268358231E0,6.482043862E-1
2.037009460E1,-1.523192525E0,3.278131962E0,6.243806481E-1
2.037209457E1,-1.444390893E0,3.262860298E0,5.632941127E-1
2.037409453E1,-1.374141335E0,3.199941158E0,4.899902940E-1
2.037609450E1,-1.342376351E0,3.148017645E0,4.447862506E-1
2.037809446E1,-1.269072533E0,3.039894581E0,3.494912684E-1
2.038009443E1,-1.209818602E0,2.876793623E0,2.603049576E-1
2.038209353E1,-1.144456029E0,2.581134796E0,1.448514163E-1
2.038409260E1,-1.144456029E0,2.581134796E0,1.448514163E-1
2.038609256E1,-1.112691045E0,2.344119072E0,7.582364976E-2
2.038809256E1,-1.091921568E0,2.216448069E0,4.405865446E-2
2.039009260E1,-1.059545755E0,1.950110912E0,-2.130392566E-2
2.039209263E1,-1.022282958E0,1.679497600E0,-8.116871864E-2
2.039409266E1,-9.960157871E-1,1.541442037E0,-1.165989041E-1
2.039609270E1,-9.471465349E-1,1.269607067E0,-1.795180291E-1
2.039809273E1,-8.927795291E-1,1.019152284E0,-2.564870417E-1
2.040009276E1,-8.573493958E-1,9.036987424E-1,-2.968041599E-1
2.040209366E1,-7.895433307E-1,6.941719651E-1,-3.939317167E-1
2.040409453E1,-7.119634151E-1,5.231297016E-1,-4.941136241E-1
2.040609449E1,-6.783658266E-1,4.473824203E-1,-5.460371971E-1
2.040809446E1,-5.971207619E-1,3.239876628E-1,-6.346126199E-1
2.041009442E1,-5.189300179E-1,2.280818075E-1,-7.060838938E-1
2.041209439E1,-4.798346460E-1,1.871538460E-1,-7.335727811E-1
2.041409436E1,-4.034765065E-1,1.144608781E-1,-7.824420333E-1
2.041609432E1,-3.265074790E-1,5.032002553E-2,-8.252025843E-1
2.041809432E1,-2.464841306E-1,-1.565342210E-2,-8.710174561E-1
2.042009432E1,-2.098322064E-1,-5.047274008E-2,-8.948412538E-1
2.042209346E1,-8.521570265E-2,-1.579850167E-1,-9.699776769E-1
2.042409256E1,-8.521570265E-2,-1.579850167E-1,-9.699776769E-1
2.042609256E1,2.138028387E-3,-2.215150148E-1,-1.007240415E0
2.042809256E1,9.071348608E-2,-2.703842223E-1,-1.033507586E0
2.043009256E1,1.756237596E-1,-3.052035570E-1,-1.051833630E0
2.043209256E1,2.214386463E-1,-3.204751909E-1,-1.057331324E0
2.043409256E1,3.069597781E-1,-3.442989290E-1,-1.070159554E0
2.043609259E1,3.930917978E-1,-3.614031374E-1,-1.079322577E0
2.043809262E1,4.248567820E-1,-3.681226671E-1,-1.084209442E0
2.044009266E1,5.042692423E-1,-3.736204505E-1,-1.087263823E0
2.044209462E1,5.696318150E-1,-3.730095923E-1,-1.094594121E0
2.044409555E1,5.965099335E-1,-3.723987341E-1,-1.098259330E0
2.044609559E1,6.478226185E-1,-3.614031374E-1,-1.103757143E0
2.044809562E1,6.887505651E-1,-3.436880708E-1,-1.108644009E0
2.045009562E1,7.015787363E-1,-3.296381533E-1,-1.106811523E0
2.045209559E1,7.217372656E-1,-2.997057736E-1,-1.101313710E0
2.045409555E1,7.284567952E-1,-2.661081851E-1,-1.092761517E0
2.045609552E1,7.345654368E-1,-2.453387529E-1,-1.086042047E0
2.045809548E1,7.229590416E-1,-2.019673288E-1,-1.069548726E0
2.046009545E1,7.021896243E-1,-1.530981064E-1,-1.043892384E0
2.046209455E1,6.453791261E-1,-6.818783283E-2,-9.956340194E-1
2.046409362E1,6.453791261E-1,-6.818783283E-2,-9.956340194E-1
2.046609362E1,5.971207619E-1,-1.603521290E-3,-9.534842968E-1
2.046809365E1,5.708535910E-1,3.565925732E-2,-9.302713871E-1
2.047009368E1,5.073235631E-1,1.138500124E-1,-8.807913065E-1
2.047209372E1,4.370740950E-1,1.908190250E-1,-8.282569051E-1
2.047409375E1,4.004221559E-1,2.323578745E-1,-8.038222790E-1
2.047609378E1,3.203988075E-1,3.142138124E-1,-7.543421984E-1
2.047809381E1,2.293798923E-1,4.027892649E-1,-7.048621178E-1
2.048009385E1,1.866193265E-1,4.455498457E-1,-6.798166633E-1
2.048209475E1,8.704829961E-2,5.237405896E-1,-6.181192994E-1
2.048409565E1,-1.557706390E-2,6.007096171E-1,-5.576435924E-1
2.048609565E1,-6.933320314E-2,6.367506385E-1,-5.258786082E-1
2.048809565E1,-1.713477075E-1,7.173848748E-1,-4.623486400E-1
2.049009565E1,-2.721404731E-1,8.022951484E-1,-3.975969255E-1
2.049209565E1,-3.228422701E-1,8.468883038E-1,-3.688862622E-1
2.049409565E1,-4.230241776E-1,9.427941442E-1,-3.035236597E-1
2.049609561E1,-5.164865851E-1,1.033202171E0,-2.467132062E-1
2.049809558E1,-5.549710989E-1,1.078406215E0,-2.204459906E-1
2.050009554E1,-6.301075220E-1,1.162094712E0,-1.636355221E-1
2.050209358E1,-7.327328324E-1,1.268385291E0,-8.788824081E-2
2.050409264E1,-7.327328324E-1,1.268385291E0,-8.788824081E-2
2.050609261E1,-7.858781219E-1,1.325806618E0,-4.085161164E-2
2.050809258E1,-8.384125233E-1,1.371621609E0,7.406740915E-3
2.051009254E1,-8.567385077E-1,1.392390966E0,2.817615867E-2
2.051209254E1,-8.946121335E-1,1.426599383E0,7.154759020E-2
2.051409258E1,-9.202684760E-1,1.449201465E0,1.106429696E-1
2.051609261E1,-9.392052889E-1,1.457753539E0,1.277471930E-1
2.051809264E1,-9.593638778E-1,1.468749166E0,1.656208336E-1
2.052009267E1,-9.654725194E-1,1.454088330E0,2.041053474E-1
2.052209357E1,-9.642508030E-1,1.445536256E0,2.254856378E-1
2.052409451E1,-9.728028774E-1,1.410716891E0,2.676353455E-1
2.052609454E1,-9.611964822E-1,1.359404206E0,3.042872548E-1
2.052809414E1,-9.587529898E-1,1.328250170E0,3.232240677E-1
2.053009411E1,-9.428704977E-1,1.262887478E0,3.592651188E-1
2.053209407E1,-9.159924388E-1,1.214018345E0,3.965279162E-1
2.053409404E1,-8.707883954E-1,1.187140226E0,4.325689375E-1
2.053609400E1,-8.396342993E-1,1.178588152E0,4.490623176E-1
2.053809397E1,-7.693848014E-1,1.170646906E0,4.863250852E-1
2.054009394E1,-6.856962442E-1,1.160262227E0,5.248095989E-1
2.054209304E1,-5.513058901E-1,1.134605885E0,5.706244707E-1
2.054409217E1,-5.513058901E-1,1.134605885E0,5.706244707E-1
2.054609220E1,-4.480696619E-1,1.115058184E0,6.017786264E-1
2.054809224E1,-3.992004395E-1,1.105895162E0,6.146067977E-1
2.055009227E1,-2.868012190E-1,1.082682252E0,6.433174610E-1
2.055209230E1,-1.774563491E-1,1.056415081E0,6.671411991E-1
2.055409233E1,-1.188132912E-1,1.044197798E0,6.756933331E-1
2.055609237E1,-8.857546374E-3,1.018541455E0,6.958518624E-1
2.055809240E1,9.926560521E-2,9.947177172E-1,7.135669589E-1
2.056009243E1,1.518000066E-1,9.855546951E-1,7.190647721E-1
2.056209330E1,2.525927722E-1,9.653961658E-1,7.276168466E-1
2.056409420E1,3.484986126E-1,9.464593530E-1,7.386124134E-1
2.056609420E1,3.955352604E-1,9.385181069E-1,7.422776222E-1
2.056809420E1,4.834998548E-1,9.183595181E-1,7.538840771E-1
2.057009420E1,5.623014569E-1,8.982009888E-1,7.636579275E-1
2.057209420E1,5.958990455E-1,8.853728175E-1,7.661013603E-1
2.057409416E1,6.637051105E-1,8.658251166E-1,7.770969272E-1
2.057609413E1,7.223481536E-1,8.493317366E-1,7.862599492E-1
2.057809410E1,7.510588169E-1,8.438339829E-1,7.911468744E-1
2.058009406E1,7.987062931E-1,8.248971701E-1,8.027532697E-1
2.058209316E1,8.616254330E-1,8.010734320E-1,8.174140453E-1
2.058409223E1,8.616254330E-1,8.010734320E-1,8.174140453E-1
2.058609220E1,8.940013051E-1,7.815257311E-1,8.290205002E-1
2.058809256E1,9.202684760E-1,7.638106346E-1,8.394051790E-1
2.059009256E1,9.324858189E-1,7.546476722E-1,8.473464251E-1
2.059209256E1,9.459248185E-1,7.332673669E-1,8.540659547E-1
2.059409259E1,9.556986690E-1,7.082219124E-1,8.650615215E-1
2.059609263E1,9.569203854E-1,6.990588903E-1,8.711702228E-1
2.059809266E1,9.611964822E-1,6.776786447E-1,8.852201104E-1
2.060009269E1,9.581421614E-1,6.611852646E-1,9.004917145E-1
2.060209359E1,9.550877810E-1,6.514114141E-1,9.059895277E-1
2.060409449E1,9.587529898E-1,6.379724145E-1,9.206503034E-1
2.060609449E1,9.544769526E-1,6.288093925E-1,9.377545118E-1
2.060809446E1,9.544769526E-1,6.269767880E-1,9.493609667E-1
2.061009442E1,9.550877810E-1,6.294202805E-1,9.658542871E-1
2.061209439E1,9.556986690E-1,6.385832429E-1,9.878454804E-1
2.061409436E1,9.599747062E-1,6.434701681E-1,9.970084429E-1
2.061609432E1,9.642508030E-1,6.617961526E-1,1.018999577E0
2.061809429E1,9.709703326E-1,6.831763983E-1,1.040379882E0
2.062009426E1,9.746354818E-1,6.935611367E-1,1.050764561E0
2.062209339E1,9.844093323E-1,7.198283076E-1,1.077642679E0
2.062409249E1,9.911288619E-1,7.283804417E-1,1.089249134E0
2.062609249E1,9.917397499E-1,7.369325757E-1,1.093525171E0
2.062809249E1,1.005789638E0,7.558693886E-1,1.108796835E0
2.063009249E1,1.014952660E0,7.729735970E-1,1.123457551E0
2.063209249E1,1.015563488E0,7.839691639E-1,1.131398797E0
2.063409249E1,1.024726391E0,7.967973351E-1,1.145448685E0
2.063609249E1,1.034500241E0,8.059603572E-1,1.154611707E0
2.063809249E1,1.031445980E0,8.077929020E-1,1.160109401E0
2.064009252E1,1.035722017E0,8.139016032E-1,1.168050766E0
2.064209342E1,1.038776398E0,8.139016032E-1,1.175992012E0
2.064409435E1,1.037554622E0,8.163450360E-1,1.179046273E0
2.064609439E1,1.034500241E0,8.126798272E-1,1.183322310E0
2.064809442E1,1.033889413E0,8.071820736E-1,1.185154915E0
2.065009445E1,1.028391600E0,8.016842604E-1,1.184544086E0
2.065209449E1,1.024726391E0,7.919104099E-1,1.183322310E0
2.065409449E1,1.013730884E0,7.809148431E-1,1.176602840E0
2.065609445E1,9.990701079E-1,7.693084478E-1,1.164385557E0
2.065809442E1,9.929614663E-1,7.631997466E-1,1.157665968E0
2.066009438E1,9.715811610E-1,7.442629337E-1,1.135064006E0
2.066209348E1,9.343183637E-1,7.131088376E-1,1.090470791E0
2.066409258E1,9.343183637E-1,7.131088376E-1,1.090470791E0
2.066609255E1,9.074403048E-1,6.868416071E-1,1.048931956E0
2.066809255E1,8.707883954E-1,6.581309438E-1,1.006171465E0
2.067009255E1,8.500189781E-1,6.428593397E-1,9.841802716E-1
2.067209258E1,8.139779568E-1,6.165921092E-1,9.377545118E-1
2.067409262E1,7.742717266E-1,5.915466547E-1,8.852201104E-1
2.067609265E1,7.583891749E-1,5.817728043E-1,8.620072007E-1
2.067809268E1,7.150177956E-1,5.591707826E-1,8.088619709E-1
2.068009272E1,6.771441102E-1,5.322927237E-1,7.502188683E-1
2.068209362E1,6.612616181E-1,5.139667392E-1,7.202864885E-1
2.068409455E1,6.227771044E-1,4.809800088E-1,6.579782367E-1
2.068609455E1,5.824599862E-1,4.479933083E-1,5.956699848E-1
2.068809455E1,5.592471361E-1,4.272238910E-1,5.602397919E-1
2.069009455E1,5.238169432E-1,3.899610937E-1,4.997641146E-1
2.069209455E1,4.865541756E-1,3.478114009E-1,4.356232882E-1
2.069409455E1,4.639521539E-1,3.270419836E-1,4.038582742E-1
2.069609455E1,4.260784984E-1,2.842814028E-1,3.384957016E-1
2.069809455E1,3.851505518E-1,2.354121953E-1,2.737439871E-1
2.070009451E1,3.692680299E-1,2.115884423E-1,2.370920777E-1
2.070209361E1,3.026837409E-1,1.419498175E-1,1.442405581E-1
2.070409278E1,2.861903608E-1,1.205695271E-1,1.149190217E-1
2.070609275E1,2.678644061E-1,1.004109755E-1,8.865182102E-2
2.070809271E1,2.275473028E-1,5.765040591E-2,3.611740842E-2
2.071009268E1,1.939497143E-1,5.726861767E-3,-1.397354249E-2
2.071209264E1,1.701259762E-1,-1.870774850E-2,-3.840815276E-2
2.071409261E1,1.310305893E-1,-6.757696718E-2,-8.483391255E-2
2.071609261E1,9.010262042E-2,-1.140027270E-1,-1.251510233E-1
2.071809264E1,6.688974798E-2,-1.311069578E-1,-1.446987092E-1
2.072009268E1,2.657263726E-2,-1.640936732E-1,-1.770745665E-1
2.072209358E1,-1.557706390E-2,-1.836413592E-1,-2.021200359E-1
2.072409448E1,-3.756821156E-2,-1.934152097E-1,-2.100612819E-1
2.072609451E1,-7.727445662E-2,-1.976912618E-1,-2.265546471E-1
2.072809454E1,-1.133155003E-1,-1.946369410E-1,-2.344958931E-1
2.073009458E1,-1.298088580E-1,-1.879174262E-1,-2.381610870E-1
2.073209458E1,-1.646281779E-1,-1.683697402E-1,-2.338850349E-1
2.073409454E1,-1.915062517E-1,-1.421025246E-1,-2.271655202E-1
2.073609451E1,-2.037235647E-1,-1.249983013E-1,-2.204459906E-1
2.073809447E1,-2.330450863E-1,-8.834638447E-2,-2.106721550E-1
2.074009444E1,-2.550362349E-1,-3.703370690E-2,-1.923462003E-1
2.074209354E1,-2.806925774E-1,5.826127157E-2,-1.630246639E-1
2.074409261E1,-2.806925774E-1,5.826127157E-2,-1.630246639E-1
2.074609260E1,-3.020728528E-1,1.376737505E-1,-1.379791945E-1
2.074809260E1,-3.100140989E-1,1.810451895E-1,-1.227075532E-1
2.075009264E1,-3.191770911E-1,2.738966942E-1,-9.155342728E-2
2.075209267E1,-3.277291954E-1,3.716351390E-1,-6.039930135E-2
2.075409270E1,-3.271183372E-1,4.223369658E-1,-4.329507425E-2
2.075609274E1,-3.210096955E-1,5.249623060E-1,-4.199698567E-3
2.075809277E1,-3.051272035E-1,6.288093925E-1,3.306308016E-2
2.076009280E1,-3.026837409E-1,6.801220775E-1,5.077817291E-2
2.076209370E1,-2.776382565E-1,7.760279179E-1,8.804095536E-2
2.076409450E1,-2.556470931E-1,8.597164750E-1,1.198059469E-1
2.076609450E1,-2.434297949E-1,8.982009888E-1,1.326341182E-1
2.076809450E1,-2.214386463E-1,9.708939195E-1,1.546252668E-1
2.077009450E1,-2.006692290E-1,1.036867380E0,1.711186320E-1
2.077209450E1,-1.884519309E-1,1.070464969E0,1.772272736E-1
2.077409450E1,-1.695151031E-1,1.124221087E0,1.772272736E-1
2.077609450E1,-1.487456858E-1,1.168203473E0,1.729512215E-1
2.077809447E1,-1.261436790E-1,1.202411890E0,1.595121920E-1
2.078009444E1,-1.169806942E-1,1.214629173E0,1.491274834E-1
2.078209354E1,-8.704829961E-2,1.237231255E0,1.204168126E-1
2.078409294E1,-8.704829961E-2,1.237231255E0,1.204168126E-1
2.078609290E1,-6.627888232E-2,1.248837590E0,9.720393270E-2
2.078809287E1,-4.306599870E-2,1.262887478E0,7.399105281E-2
2.079009283E1,-1.435533352E-2,1.272661328E0,4.955644161E-2
2.079209280E1,-3.970623948E-3,1.276937485E0,3.428481147E-2
2.079409280E1,1.618792862E-2,1.268385291E0,1.656972058E-2
2.079609283E1,2.901609987E-2,1.233566046E0,3.741549561E-3
2.079809286E1,3.207042441E-2,1.205466151E0,-4.199698567E-3
2.080009290E1,3.940080851E-2,1.123610258E0,-2.680171281E-2
2.080209380E1,3.329215571E-2,1.000826359E0,-5.367978290E-2
2.080409473E1,2.412917651E-2,9.195812941E-1,-7.872525603E-2
2.080609476E1,-1.557706390E-2,7.210500836E-1,-1.337031275E-1
2.080809480E1,-7.360926270E-2,4.638758004E-1,-2.063960880E-1
2.081009480E1,-1.182024255E-1,3.178789914E-1,-2.516001165E-1
2.081209476E1,-2.110539377E-1,-1.504255645E-2,-3.676645160E-1
2.081409473E1,-3.210096955E-1,-3.650683463E-1,-5.099961162E-1
2.081609470E1,-3.827070892E-1,-5.403866768E-1,-5.924629569E-1
2.081809466E1,-5.042692423E-1,-8.690321445E-1,-7.787768245E-1
2.082009463E1,-6.258314252E-1,-1.151862741E0,-9.846383929E-1
2.082209373E1,-7.895433307E-1,-1.464625835E0,-1.321225166E0
2.082409283E1,-7.895433307E-1,-1.464625835E0,-1.321225166E0
2.082609283E1,-8.695666790E-1,-1.600237846E0,-1.520367265E0
2.082809283E1,-9.031642675E-1,-1.649107099E0,-1.609553576E0
2.083009283E1,-9.477574229E-1,-1.701641440E0,-1.759215593E0
2.083209283E1,-9.648616314E-1,-1.707139254E0,-1.873447299E0
2.083409283E1,-9.599747062E-1,-1.695532799E0,-1.919873118E0
2.083609283E1,-9.416487813E-1,-1.653993964E0,-2.003561735E0
2.083809283E1,-8.860600591E-1,-1.594740033E0,-2.063426495E0
2.084009283E1,-8.518515825E-1,-1.558088183E0,-2.090304613E0
2.084209369E1,-7.498371005E-1,-1.464014888E0,-2.137952089E0
2.084409429E1,-6.233879924E-1,-1.356502652E0,-2.178879976E0
2.084609433E1,-5.574145317E-1,-1.281977057E0,-2.197206020E0
2.084809436E1,-4.108068645E-1,-1.154306293E0,-2.224694967E0
2.085009439E1,-2.617557645E-1,-1.024802804E0,-2.246685982E0
2.085209442E1,-1.896736622E-1,-9.460011721E-1,-2.250962019E0
2.085409446E1,-2.351831272E-2,-7.682393789E-1,-2.243020773E0
2.085609446E1,1.420261711E-1,-5.978080034E-1,-2.219197035E0
2.085809442E1,2.208277881E-1,-5.177846551E-1,-2.203314543E0
2.086009439E1,3.759875596E-1,-3.748421967E-1,-2.155667067E0
2.086209349E1,5.958990455E-1,-1.781435758E-1,-2.032272339E0
2.086409256E1,5.958990455E-1,-1.781435758E-1,-2.032272339E0
2.086609252E1,7.418958545E-1,-4.558581859E-2,-1.919262290E0
2.086809249E1,8.738427162E-1,7.719809562E-2,-1.780595779E0
2.087009245E1,9.392052889E-1,1.401172131E-1,-1.705459356E0
2.087209245E1,1.051604509E0,2.610685229E-1,-1.539914966E0
2.087409249E1,1.149343014E0,3.551417887E-1,-1.363985777E0
2.087609252E1,1.189049244E0,3.942371607E-1,-1.271134257E0
2.087809255E1,1.259298682E0,4.486041665E-1,-1.078711629E0
2.088009259E1,1.309389710E0,4.828126132E-1,-8.814021945E-1
2.088209349E1,1.331380844E0,4.956407845E-1,-7.799985409E-1
2.088409442E1,1.354593635E0,5.188536644E-1,-5.735260844E-1
2.088609445E1,1.366200089E0,5.212971568E-1,-3.713297248E-1
2.088809448E1,1.364367485E0,5.133558512E-1,-2.674826086E-1
2.089009449E1,1.363756657E0,5.023602843E-1,-6.162103266E-2
2.089209448E1,1.347263336E0,4.699844420E-1,1.442405581E-1
2.089409448E1,1.300837517E0,4.107305110E-1,3.452152312E-1
2.089609449E1,1.262963891E0,3.624721766E-1,4.435645342E-1
2.089809448E1,1.148121238E0,2.390773892E-1,6.347653270E-1
2.090009448E1,9.911288619E-1,8.147415519E-2,8.186357617E-1
2.090209362E1,8.170322776E-1,-6.635523587E-2,9.860128760E-1
2.090409282E1,7.205155492E-1,-1.427133977E-1,1.061760187E0
2.090609278E1,5.421429276E-1,-2.630538344E-1,1.204702616E0
2.090809275E1,4.474588037E-1,-3.137556612E-1,1.268232584E0
2.091009272E1,2.764165103E-1,-3.858377635E-1,1.387962222E0
2.091209268E1,1.096503139E-1,-4.194353521E-1,1.490587592E0
2.091409265E1,3.023782931E-2,-4.194353521E-1,1.535791636E0
2.091609261E1,-1.096503139E-1,-3.962224722E-1,1.606041074E0
2.091809261E1,-2.373211533E-1,-3.504075706E-1,1.660408139E0
2.092009261E1,-2.861903608E-1,-3.168099821E-1,1.680566669E0
2.092209351E1,-3.808744848E-1,-2.037999183E-1,1.702557802E0
2.092409445E1,-4.327980280E-1,-3.764457256E-2,1.701946974E0
2.092609448E1,-4.523457289E-1,5.154175684E-2,1.695838332E0
2.092809451E1,-4.847215712E-1,2.402991205E-1,1.680566669E0
2.093009455E1,-5.042692423E-1,4.229478240E-1,1.650634289E0
2.093209458E1,-5.122104883E-1,5.182427764E-1,1.631697416E0
2.093409458E1,-5.183191895E-1,6.953937411E-1,1.584660769E0
2.093609454E1,-5.201517344E-1,8.450556993E-1,1.527850389E0
2.093809451E1,-5.268712640E-1,9.079748392E-1,1.499750495E0
2.094009448E1,-5.396994352E-1,1.003880620E0,1.437442303E0
2.094209358E1,-5.598580241E-1,1.102229953E0,1.324432254E0
2.094409264E1,-5.598580241E-1,1.102229953E0,1.324432254E0
2.094609261E1,-5.739079118E-1,1.141936183E0,1.238300204E0
2.094809258E1,-5.855143666E-1,1.160873055E0,1.146059513E0
2.095009258E1,-5.891795158E-1,1.167592525E0,1.094136000E0
2.095209258E1,-5.885686874E-1,1.170036077E0,9.951758385E-1
2.095409258E1,-5.769622326E-1,1.152320981E0,8.876635432E-1
2.095609258E1,-5.684100986E-1,1.138270974E0,8.375726342E-1
2.095809258E1,-5.409211516E-1,1.090623498E0,7.367798686E-1
2.096009258E1,-5.012149215E-1,1.018541455E0,6.402631402E-1
2.096209344E1,-4.755585790E-1,9.763917327E-1,5.944482684E-1
2.096409421E1,-4.205807149E-1,8.713229299E-1,5.132031441E-1
2.096609421E1,-3.491095006E-1,7.424303293E-1,4.405102134E-1
2.096809424E1,-3.081815243E-1,6.715700030E-1,4.081343412E-1
2.097009427E1,-2.202169150E-1,5.243514776E-1,3.470478058E-1
2.097209431E1,-1.230893433E-1,3.563635051E-1,3.000111878E-1
2.097409434E1,-7.544185966E-2,2.598468065E-1,2.822960913E-1
2.097609437E1,2.535090782E-2,5.276348442E-2,2.517528534E-1
2.097809440E1,1.334740520E-1,-1.854739636E-1,2.224313021E-1
2.098009444E1,1.933388561E-1,-3.137556612E-1,2.108248621E-1
2.098209357E1,3.796527386E-1,-7.431939244E-1,1.967749745E-1
2.098409264E1,4.499022663E-1,-8.965210915E-1,1.943315119E-1
2.098609260E1,5.238169432E-1,-1.043128729E0,1.967749745E-1
2.098809257E1,6.759223938E-1,-1.307633400E0,2.004401535E-1
2.099009254E1,8.231409192E-1,-1.518381953E0,2.077705413E-1
2.099209250E1,8.952230215E-1,-1.601459622E0,2.126574665E-1
2.099409247E1,1.025948167E0,-1.726686954E0,2.181552500E-1
2.099609247E1,1.134682178E0,-1.798158169E0,2.181552500E-1
2.099809247E1,1.183551431E0,-1.823814511E0,2.120465934E-1
2.100009250E1,1.263574719E0,-1.854357839E0,1.967749745E-1
2.100209340E1,1.327715635E0,-1.880014181E0,1.711186320E-1
2.100409433E1,1.353371978E0,-1.892231464E0,1.564578563E-1
2.100609437E1,1.393689036E0,-1.917276978E0,1.289689243E-1
2.100809440E1,1.413847566E0,-1.941100717E0,1.020908505E-1
2.101009443E1,1.425454021E0,-1.949041963E0,9.170614183E-2
2.101209446E1,1.426064968E0,-1.986304760E0,7.399105281E-2
2.101409447E1,1.397354245E0,-2.071214914E0,6.788240373E-2
2.101609447E1,1.360702276E0,-2.145740509E0,6.910412759E-2
2.101809446E1,1.330769897E0,-2.176894665E0,7.460191846E-2
2.102009446E1,1.273348570E0,-2.226985693E0,8.315403014E-2
2.102209360E1,1.162781954E0,-2.292958975E0,9.964739531E-2
2.102409273E1,1.162781954E0,-2.292958975E0,9.964739531E-2
2.102609273E1,1.079093456E0,-2.327167511E0,1.210276783E-1
2.102809270E1,1.003957033E0,-2.339384794E0,1.393536329E-1
2.103009266E1,9.618073106E-1,-2.346104383E0,1.472948790E-1
2.103209263E1,8.768970370E-1,-2.355267286E0,1.589013189E-1
2.103409260E1,8.023715019E-1,-2.346715212E0,1.582904607E-1
2.103609256E1,7.687739134E-1,-2.337552309E0,1.564578563E-1
2.103809253E1,6.948592067E-1,-2.313117504E0,1.515709460E-1
2.104009249E1,6.313292384E-1,-2.277687311E0,1.491274834E-1
2.104209333E1,5.977316499E-1,-2.252031088E0,1.485166103E-1
2.104409423E1,5.396994352E-1,-2.195831537E0,1.411862224E-1
2.104609426E1,4.877758920E-1,-2.126192808E0,1.424079537E-1
2.104809429E1,4.700607955E-1,-2.088319302E0,1.405753642E-1
2.105009432E1,4.260784984E-1,-2.017458916E0,1.442405581E-1
2.105209436E1,3.918700516E-1,-1.941711545E0,1.534035355E-1
2.105409439E1,3.839288056E-1,-1.902616143E0,1.601230502E-1
2.105609442E1,3.711006343E-1,-1.817705870E0,1.723403633E-1
2.105809446E1,3.594942093E-1,-1.732795596E0,1.839468032E-1
2.106009446E1,3.594942093E-1,-1.695532799E0,1.906663179E-1
2.106209356E1,3.625485301E-1,-1.587409735E0,2.071596831E-1
2.106409262E1,3.668245673E-1,-1.558699012E0,2.120465934E-1
2.106609259E1,3.778201640E-1,-1.530599236E0,2.187661231E-1
2.106809256E1,3.869831264E-1,-1.482951760E0,2.230421752E-1
2.107009252E1,3.955352604E-1,-1.450575829E0,2.260964960E-1
2.107209249E1,4.034765065E-1,-1.437136889E0,2.291508317E-1
2.107409249E1,4.163046777E-1,-1.423087001E0,2.364812046E-1
2.107609249E1,4.364632070E-1,-1.420643449E0,2.432007194E-1
2.107809252E1,4.437935948E-1,-1.423087001E0,2.425898612E-1
2.108009255E1,4.596760869E-1,-1.431639075E0,2.535854280E-1
2.108209345E1,4.798346460E-1,-1.445688963E0,2.511419654E-1
2.108409435E1,4.853324294E-1,-1.453019381E0,2.511419654E-1
2.108609439E1,5.097670555E-1,-1.467680097E0,2.505311072E-1
2.108809432E1,5.274821520E-1,-1.487227798E0,2.499202490E-1
2.109009435E1,5.323690772E-1,-1.497001648E0,2.535854280E-1
2.109209439E1,5.561928153E-1,-1.514716744E0,2.560288906E-1
2.109409439E1,5.745187402E-1,-1.535486102E0,2.627484202E-1
2.109609438E1,5.842925906E-1,-1.542205691E0,2.639701366E-1
2.109809438E1,6.099489331E-1,-1.551979542E0,2.633592784E-1
2.110009439E1,6.386595964E-1,-1.558088183E0,2.682462037E-1
2.110209352E1,6.973026991E-1,-1.559309840E0,2.792417705E-1
2.110409262E1,6.973026991E-1,-1.559309840E0,2.792417705E-1
2.110609258E1,7.418958545E-1,-1.557477355E0,2.884047627E-1
2.110809255E1,7.602217793E-1,-1.553812146E0,2.920699418E-1
2.111009252E1,8.066475391E-1,-1.536097050E0,3.030655086E-1
2.111209248E1,8.481863737E-1,-1.510440707E0,3.158936799E-1
2.111409245E1,8.622363210E-1,-1.494558215E0,3.232240677E-1
2.111609241E1,9.007207751E-1,-1.461571455E0,3.378848433E-1
2.111809238E1,9.239336848E-1,-1.419421792E0,3.537673354E-1
2.112009235E1,9.428704977E-1,-1.400484920E0,3.574325144E-1
2.112209321E1,9.636399150E-1,-1.358946085E0,3.635411859E-1
2.112409414E1,9.819658995E-1,-1.322905064E0,3.641520441E-1
2.112609418E1,9.917397499E-1,-1.308855176E0,3.635411859E-1
2.112809421E1,1.000902653E0,-1.275868416E0,3.641520441E-1
2.113009424E1,1.000291824E0,-1.247768641E0,3.665955067E-1
2.113209428E1,1.000291824E0,-1.231275201E0,3.708715737E-1
2.113409431E1,1.001513600E0,-1.204397202E0,3.788128197E-1
2.113609434E1,9.917397499E-1,-1.176297426E0,3.934735656E-1
2.113809434E1,9.764680862E-1,-1.142699838E0,4.117995203E-1
2.114009431E1,9.679159522E-1,-1.128039002E0,4.209625125E-1
2.114209341E1,9.502009153E-1,-1.078558922E0,4.527274966E-1
2.114409248E1,9.502009153E-1,-1.078558922E0,4.527274966E-1
2.114609244E1,9.398161769E-1,-1.043128729E0,4.710534513E-1
2.114809251E1,9.239336848E-1,-1.008920312E0,4.863250852E-1
2.115009247E1,9.025533795E-1,-9.759336114E-1,5.009858608E-1
2.115209244E1,8.940013051E-1,-9.576076269E-1,5.052618980E-1
2.115409244E1,8.732318878E-1,-9.258426428E-1,5.125923157E-1
2.115609244E1,8.536841869E-1,-8.867472410E-1,5.168683529E-1
2.115809244E1,8.408560157E-1,-8.684213161E-1,5.168683529E-1
2.116009244E1,8.292495608E-1,-8.262715936E-1,5.180900693E-1
2.116209331E1,8.060367107E-1,-7.816784382E-1,5.113705397E-1
2.116409420E1,7.999280095E-1,-7.602981329E-1,5.113705397E-1
2.116609420E1,7.858781219E-1,-7.187592983E-1,5.083162189E-1
2.116809421E1,7.706065178E-1,-6.827182770E-1,5.034292936E-1
2.117009420E1,7.626652718E-1,-6.643922925E-1,4.967097938E-1
2.117209424E1,7.473936081E-1,-6.295729876E-1,4.924337566E-1
2.117409427E1,7.363980412E-1,-5.898667574E-1,4.851033688E-1
2.117609430E1,7.327328324E-1,-5.709299445E-1,4.802164435E-1
2.117809434E1,7.217372656E-1,-5.342780352E-1,4.765512347E-1
2.118009527E1,7.180721164E-1,-4.994587004E-1,4.704425931E-1
2.118209444E1,7.089090943E-1,-4.573090076E-1,4.655556679E-1
2.118409354E1,7.089090943E-1,-4.573090076E-1,4.655556679E-1
2.118609350E1,7.070765495E-1,-4.359287024E-1,4.600578845E-1
2.118809347E1,7.076873779E-1,-4.261548519E-1,4.594470263E-1
2.119009343E1,7.003570199E-1,-4.096615016E-1,4.551709592E-1
2.119209340E1,6.973026991E-1,-3.950007260E-1,4.515057802E-1
2.119409337E1,6.954700947E-1,-3.888920844E-1,4.508949220E-1
2.119609303E1,6.954700947E-1,-3.803399801E-1,4.478405714E-1
2.119809300E1,6.954700947E-1,-3.693444133E-1,4.460079968E-1
2.120009300E1,6.954700947E-1,-3.687335253E-1,4.447862506E-1
2.120209390E1,6.973026991E-1,-3.644574881E-1,4.435645342E-1
2.120409483E1,6.942483783E-1,-3.626248837E-1,4.386776090E-1
2.120609486E1,6.948592067E-1,-3.644574881E-1,4.405102134E-1
2.120809490E1,6.966918111E-1,-3.681226671E-1,4.374558628E-1
2.121009493E1,6.893614531E-1,-3.742313087E-1,4.356232882E-1
2.121209496E1,6.893614531E-1,-3.742313087E-1,4.319580793E-1
2.121409500E1,6.844745278E-1,-3.809508383E-1,4.282929003E-1
2.121609503E1,6.820310354E-1,-3.870594800E-1,4.227951169E-1
2.121809503E1,6.740897894E-1,-3.876703680E-1,4.197407961E-1
2.122009503E1,6.679811478E-1,-3.956116140E-1,4.160755873E-1
2.122209416E1,6.606507897E-1,-4.041637182E-1,4.056908786E-1
2.122409326E1,6.606507897E-1,-4.041637182E-1,4.056908786E-1
2.122609326E1,6.520986557E-1,-4.139375687E-1,3.995822370E-1
2.122809326E1,6.429356933E-1,-4.224896729E-1,3.928627074E-1
2.123009326E1,6.411030889E-1,-4.273765981E-1,3.916409910E-1
2.123209323E1,6.362161636E-1,-4.340961277E-1,3.824779987E-1
2.123409319E1,6.319400668E-1,-4.365395904E-1,3.727041483E-1
2.123609316E1,6.264423132E-1,-4.402047694E-1,3.665955067E-1
2.123809313E1,6.239988208E-1,-4.432590902E-1,3.586542606E-1
2.124009219E1,6.160575747E-1,-4.524220824E-1,3.464369476E-1
2.124209303E1,6.123924255E-1,-4.591415823E-1,3.415500224E-1
2.124409389E1,6.044511795E-1,-4.793001413E-1,3.317761719E-1
2.124609389E1,5.940664411E-1,-5.031238794E-1,3.183371425E-1
2.124809389E1,5.867360830E-1,-5.183955431E-1,3.128393590E-1
2.125009392E1,5.726861954E-1,-5.495496392E-1,2.994003296E-1
2.125209396E1,5.671883821E-1,-5.758168697E-1,2.884047627E-1
2.125409399E1,5.574145317E-1,-5.990297198E-1,2.731331289E-1
2.125609432E1,5.488623977E-1,-6.094144583E-1,2.670244575E-1
2.125809436E1,5.390886068E-1,-6.295729876E-1,2.541962862E-1
2.126009439E1,5.311473012E-1,-6.497315168E-1,2.377029359E-1
2.126209352E1,5.134322643E-1,-6.784422398E-1,2.144900560E-1
2.126409266E1,5.134322643E-1,-6.784422398E-1,2.144900560E-1
2.126609262E1,4.987714589E-1,-6.906595230E-1,1.979966909E-1
2.126809259E1,4.920519590E-1,-6.943247318E-1,1.888337135E-1
2.127009255E1,4.841107130E-1,-7.034876943E-1,1.711186320E-1
2.127209252E1,4.718934000E-1,-7.065420151E-1,1.546252668E-1
2.127409248E1,4.651738703E-1,-7.065420151E-1,1.436296850E-1
2.127609245E1,4.560109079E-1,-7.059311271E-1,1.265254617E-1
2.127809245E1,4.419609904E-1,-7.010442019E-1,1.081995070E-1
2.128009248E1,4.413501322E-1,-6.998224854E-1,9.964739531E-2
2.128209338E1,4.297437072E-1,-6.851617098E-1,7.948884368E-2
2.128409432E1,4.248567820E-1,-6.668357849E-1,5.994115397E-2
2.128609435E1,4.126394689E-1,-6.588945389E-1,5.138903856E-2
2.128809438E1,4.126394689E-1,-6.430120468E-1,3.123048507E-2
2.129009442E1,4.089742899E-1,-6.234643459E-1,1.107193250E-2
2.129209445E1,4.065308273E-1,-6.130796075E-1,7.635815564E-5
2.129409448E1,3.985895813E-1,-5.971971154E-1,-1.641700417E-2
2.129609448E1,3.924809098E-1,-5.831472278E-1,-3.596469015E-2
2.129809448E1,3.875939846E-1,-5.739842653E-1,-4.757113010E-2
2.130009448E1,3.765984178E-1,-5.635995269E-1,-6.650795043E-2
2.130209362E1,3.625485301E-1,-5.440518856E-1,-8.910996467E-2
2.130409272E1,3.625485301E-1,-5.440518856E-1,-8.910996467E-2
2.130609272E1,3.521638215E-1,-5.312237144E-1,-1.043815985E-1
2.130809272E1,3.368921876E-1,-5.153411627E-1,-1.147663072E-1
2.131009268E1,3.332269788E-1,-5.067890882E-1,-1.208749637E-1
2.131209265E1,3.179553747E-1,-4.890739918E-1,-1.300379336E-1
2.131409261E1,3.100140989E-1,-4.719697535E-1,-1.355357319E-1
2.131609258E1,3.002402782E-1,-4.628067911E-1,-1.410335153E-1
2.131809255E1,2.843577862E-1,-4.481460154E-1,-1.428661048E-1
2.132009251E1,2.745839357E-1,-4.340961277E-1,-1.459204406E-1
2.132209334E1,2.648100853E-1,-4.261548519E-1,-1.428661048E-1
2.132409418E1,2.507601976E-1,-4.090506434E-1,-1.471421719E-1
2.132609418E1,2.318233550E-1,-3.870594800E-1,-1.514182240E-1
2.132809421E1,2.306016237E-1,-3.736204505E-1,-1.520290822E-1
2.133009424E1,2.177734673E-1,-3.485749662E-1,-1.514182240E-1
2.133209428E1,1.970040351E-1,-3.369685411E-1,-1.465312988E-1
2.133409431E1,1.823432744E-1,-3.339142203E-1,-1.428661048E-1
2.133609434E1,1.615738571E-1,-3.308598995E-1,-1.306488067E-1
2.133809438E1,1.261436790E-1,-3.271946907E-1,-1.202640980E-1
2.134009438E1,1.175915599E-1,-3.247512281E-1,-1.135445759E-1
2.134209351E1,7.238753140E-2,-3.113121986E-1,-9.766208380E-2
2.134409257E1,5.894849449E-2,-3.045926690E-1,-9.277515858E-2
2.134609254E1,4.184427112E-2,-2.997057736E-1,-8.544477820E-2
2.134809251E1,2.046398632E-2,-2.862667143E-1,-7.200574130E-2
2.135009247E1,-9.162978968E-4,-2.716059685E-1,-6.039930135E-2
2.135209244E1,-1.374446787E-2,-2.630538344E-1,-5.245805159E-2
2.135409240E1,-3.940080851E-2,-2.496148050E-1,-3.657555580E-2
2.135609240E1,-6.261368841E-2,-2.435061634E-1,-2.435825206E-2
2.135809244E1,-7.116580009E-2,-2.386192381E-1,-1.763873361E-2
2.136009247E1,-9.254608303E-2,-2.312888503E-1,-5.421428941E-3
2.136209337E1,-1.102611795E-1,-2.190715522E-1,2.519819187E-3
2.136409430E1,-1.206458881E-1,-2.105194330E-1,9.850202128E-3
2.136609434E1,-1.401935667E-1,-1.934152097E-1,1.656972058E-2
2.136809437E1,-1.572978050E-1,-1.750892550E-1,2.206750773E-2
2.137009440E1,-1.652390510E-1,-1.653154045E-1,2.573269792E-2
2.137209444E1,-1.829541475E-1,-1.494329125E-1,2.878702432E-2
2.137409444E1,-2.006692290E-1,-1.366047412E-1,3.061962128E-2
2.137609444E1,-2.226603776E-1,-1.249983013E-1,3.306308016E-2
2.137809444E1,-2.275473028E-1,-1.219439730E-1,3.123048507E-2
2.138009444E1,-2.440406680E-1,-1.207222417E-1,2.451096848E-2
2.138209357E1,-2.745839357E-1,-1.292743534E-1,1.908953884E-3
2.138409277E1,-2.745839357E-1,-1.292743534E-1,1.908953884E-3
2.138609277E1,-2.922990322E-1,-1.402699351E-1,-2.252565511E-2
2.138809273E1,-3.142901659E-1,-1.530981064E-1,-5.001459271E-2
2.139009270E1,-3.228422701E-1,-1.604284793E-1,-6.223189831E-2
2.139209267E1,-3.460551500E-1,-1.744783819E-1,-8.972083032E-2
2.139409263E1,-3.601050675E-1,-1.897500157E-1,-1.220966876E-1
2.139609260E1,-3.735440969E-1,-1.989129931E-1,-1.367574632E-1
2.139809256E1,-3.955352604E-1,-2.178498209E-1,-1.703550518E-1
2.140009253E1,-4.144720733E-1,-2.361757755E-1,-2.088395506E-1
2.140209336E1,-4.248567820E-1,-2.435061634E-1,-2.296089679E-1
2.140409426E1,-4.437935948E-1,-2.563343346E-1,-2.723695338E-1
2.140609430E1,-4.639521539E-1,-2.648864388E-1,-3.132975101E-1
2.140809433E1,-4.688390791E-1,-2.691625059E-1,-3.377321362E-1
2.141009436E1,-4.859432876E-1,-2.758820057E-1,-3.792709708E-1
2.141209440E1,-4.999932051E-1,-2.783254683E-1,-4.244749844E-1
2.141409443E1,-5.122104883E-1,-2.807689309E-1,-4.476878643E-1
2.141609446E1,-5.244278312E-1,-2.826015353E-1,-4.941136241E-1
2.141809446E1,-5.366451144E-1,-2.826015353E-1,-5.472589135E-1
2.142009446E1,-5.433646441E-1,-2.807689309E-1,-5.710826516E-1
2.142209356E1,-5.623014569E-1,-2.722168267E-1,-6.486625075E-1
2.142409266E1,-5.690209866E-1,-2.679407597E-1,-6.737080216E-1
2.142609263E1,-5.745187402E-1,-2.612212598E-1,-7.030295134E-1
2.142809259E1,-5.879577994E-1,-2.465604842E-1,-7.586182952E-1
2.143009256E1,-6.007859707E-1,-2.288453877E-1,-8.178722262E-1
2.143209252E1,-6.050620079E-1,-2.178498209E-1,-8.478046060E-1
2.143409252E1,-6.172793508E-1,-1.946369410E-1,-9.064476490E-1
2.143609253E1,-6.239988208E-1,-1.720349193E-1,-9.632581472E-1
2.143809253E1,-6.294966340E-1,-1.604284793E-1,-9.938014150E-1
2.144009252E1,-6.374378800E-1,-1.353830099E-1,-1.050611854E0
2.144209339E1,-6.411030889E-1,-1.097266674E-1,-1.108033180E0
2.144409419E1,-6.447682381E-1,-9.873109311E-2,-1.139187336E0
2.144609419E1,-6.466008425E-1,-7.368562371E-2,-1.199662924E0
2.144809419E1,-6.508769393E-1,-4.864014685E-2,-1.261360407E0
2.145009419E1,-6.612616181E-1,-3.520110995E-2,-1.293736219E0
2.145209422E1,-6.716463566E-1,-8.323038928E-3,-1.354822755E0
2.145409426E1,-6.875288486E-1,1.122464892E-2,-1.411022305E0
2.145609429E1,-6.966918111E-1,2.038762718E-2,-1.437900424E0
2.145809432E1,-7.217372656E-1,3.504839167E-2,-1.492267489E0
2.146009436E1,-7.449501753E-1,4.604396969E-2,-1.544191003E0
2.146209352E1,-7.980954647E-1,4.909829423E-2,-1.616273046E0
2.146409266E1,-7.980954647E-1,4.909829423E-2,-1.616273046E0
2.146609266E1,-8.365799785E-1,4.237877578E-2,-1.663309693E0
2.146809262E1,-8.573493958E-1,3.504839167E-2,-1.682857394E0
2.147009259E1,-8.976664543E-1,3.894265974E-3,-1.723785400E0
2.147209255E1,-9.514226317E-1,-4.008803144E-2,-1.757382989E0
2.147409252E1,-9.783006907E-1,-6.940956414E-2,-1.768378496E0
2.147609249E1,-1.031445980E0,-1.262200326E-1,-1.781817555E0
2.147809245E1,-1.080926061E0,-1.824196279E-1,-1.781817555E0
2.148009242E1,-1.113301873E0,-2.092977017E-1,-1.778152347E0
2.148209328E1,-1.165836334E0,-2.697733641E-1,-1.759215593E0
2.148409418E1,-1.222035885E0,-3.320816159E-1,-1.723174453E0
2.148609422E1,-1.246470571E0,-3.632357419E-1,-1.700572491E0
2.148809425E1,-1.306335330E0,-4.279874563E-1,-1.646205425E0
2.149009428E1,-1.366200089E0,-4.994587004E-1,-1.581453800E0
2.149209432E1,-1.436449647E0,-5.391649604E-1,-1.544191003E0
2.149409435E1,-1.472490668E0,-6.204100251E-1,-1.464167595E0
2.149609438E1,-1.538464069E0,-7.083746195E-1,-1.378035665E0
2.149809441E1,-1.618487477E0,-7.951174974E-1,-1.284573197E0
2.150009441E1,-1.657582879E0,-8.372671604E-1,-1.235704064E0
2.150209355E1,-1.790751457E0,-9.643271565E-1,-1.084820271E0
2.150409275E1,-1.790751457E0,-9.643271565E-1,-1.084820271E0
2.150609275E1,-1.890933394E0,-1.051680923E0,-9.852492809E-1
2.150809275E1,-1.999056458E0,-1.131093383E0,-8.728500605E-1
2.151009275E1,-2.107179642E0,-1.204397202E0,-7.653377652E-1
2.151209271E1,-2.159103155E0,-1.232496977E0,-7.121925354E-1
2.151409268E1,-2.268448114E0,-1.271592379E0,-6.028476357E-1
2.151609264E1,-2.373516798E0,-1.275257587E0,-5.032765865E-1
2.151809261E1,-2.421164513E0,-1.264261961E0,-4.556291103E-1
2.152009258E1,-2.518291950E0,-1.223333955E0,-3.554472029E-1
2.152209341E1,-2.606256485E0,-1.153084517E0,-2.577087879E-1
2.152409428E1,-2.648406267E0,-1.113378286E0,-2.100612819E-1
2.152609424E1,-2.711325407E0,-1.016861558E0,-1.239292845E-1
2.152809424E1,-2.756529331E0,-9.026297331E-1,-4.390593991E-2
2.153009428E1,-2.777909756E0,-8.390997648E-1,-7.864889689E-3
2.153209431E1,-2.799900770E0,-6.900486350E-1,6.238461286E-2
2.153409434E1,-2.814561605E0,-5.226715803E-1,1.277471930E-1
2.153609437E1,-2.821892023E0,-4.304309189E-1,1.607339233E-1
2.153809441E1,-2.825557232E0,-2.300671190E-1,2.181552500E-1
2.154009444E1,-2.815172434E0,-9.544769302E-3,2.755765915E-1
2.154209361E1,-2.795013905E0,3.325397670E-1,3.568216562E-1
2.154409271E1,-2.795013905E0,3.325397670E-1,3.568216562E-1
2.154609267E1,-2.774855375E0,5.506186485E-1,4.050800204E-1
2.154809264E1,-2.765081644E0,6.520223022E-1,4.276820421E-1
2.155009260E1,-2.735759974E0,8.352818489E-1,4.765512347E-1
2.155209257E1,-2.705216646E0,9.947177172E-1,5.284748077E-1
2.155409254E1,-2.685668945E0,1.062523723E0,5.541311502E-1
2.155609250E1,-2.649627924E0,1.184696794E0,6.121633053E-1
2.155809247E1,-2.611143589E0,1.284267783E0,6.640868783E-1
2.156009247E1,-2.589763165E0,1.326417565E0,6.872997880E-1
2.156209337E1,-2.556165695E0,1.394834399E0,7.306711674E-1
2.156409420E1,-2.519513607E0,1.463862181E0,7.685448527E-1
2.156609423E1,-2.498133421E0,1.500514150E0,7.874816656E-1
2.156809427E1,-2.458427191E0,1.577483177E0,8.216901422E-1
2.157009430E1,-2.419942617E0,1.660560846E0,8.504008055E-1
2.157209433E1,-2.401616812E0,1.706986547E0,8.650615215E-1
2.157409437E1,-2.360077858E0,1.810222745E0,8.864418268E-1
2.157609440E1,-2.322815180E0,1.899409175E0,9.011026025E-1
2.157809440E1,-2.297158718E0,1.941558838E0,9.004917145E-1
2.158009440E1,-2.235461473E0,2.050903797E0,8.901070356E-1
2.158209353E1,-2.143220663E0,2.259208679E0,8.699484468E-1
2.158409263E1,-2.143220663E0,2.259208679E0,8.699484468E-1
2.158609263E1,-2.082745075E0,2.411925077E0,8.607854843E-1
2.158809263E1,-2.023491144E0,2.557921886E0,8.528442383E-1
2.159009260E1,-1.993558764E0,2.624506235E0,8.479573131E-1
2.159209256E1,-1.928807020E0,2.747900963E0,8.339074254E-1
2.159409253E1,-1.862222672E0,2.855413198E0,8.180249333E-1
2.159609250E1,-1.826792479E0,2.901839018E0,8.076401949E-1
2.159809246E1,-1.746769190E0,2.980640650E0,7.838164568E-1
2.160009243E1,-1.666745782E0,3.036840200E0,7.606036067E-1
2.160209326E1,-1.619098306E0,3.056998730E0,7.496080399E-1
2.160409413E1,-1.525025129E0,3.090596437E0,7.282277346E-1
2.160609413E1,-1.430341005E0,3.084487677E0,6.982953548E-1
2.160809416E1,-1.341154695E0,3.025844574E0,6.591999531E-1
2.161009419E1,-1.299004912E0,2.972699404E0,6.280458570E-1
2.161209423E1,-1.229366302E0,2.832200289E0,5.492442250E-1
2.161409426E1,-1.156673312E0,2.649551630E0,4.698317349E-1
2.161609429E1,-1.118188858E0,2.542650223E0,4.246276915E-1
2.161809432E1,-1.050993681E0,2.288530350E0,3.244458139E-1
2.162009436E1,-9.947940707E-1,2.006310463E0,2.132683247E-1
2.162209349E1,-9.306532145E-1,1.559768081E0,3.672827408E-2
2.162409296E1,-9.306532145E-1,1.559768081E0,3.672827408E-2
2.162609292E1,-9.031642675E-1,1.265941858E0,-7.811439037E-2
2.162809289E1,-8.897252083E-1,1.130940676E0,-1.373683214E-1
2.163009286E1,-8.524624705E-1,8.982009888E-1,-2.479349375E-1
2.163209282E1,-8.097018600E-1,7.051675916E-1,-3.627775908E-1
2.163409279E1,-7.779368758E-1,6.245333552E-1,-4.189772010E-1
2.163609275E1,-7.156286240E-1,4.913647175E-1,-5.307655334E-1
2.163809275E1,-6.472117305E-1,3.838524520E-1,-6.394995451E-1
2.164009279E1,-6.166684628E-1,3.368158340E-1,-6.853144765E-1
2.164209369E1,-5.537493229E-1,2.482403666E-1,-7.714464664E-1
2.164409462E1,-4.932736754E-1,1.682170182E-1,-8.355873227E-1
2.164609465E1,-4.663956165E-1,1.327868253E-1,-8.667414188E-1
2.164809468E1,-4.101960063E-1,6.131559983E-2,-9.223301411E-1
2.165009472E1,-3.362813294E-1,-4.657847341E-3,-9.730319977E-1
2.165209475E1,-3.002402782E-1,-2.970332280E-2,-9.919688106E-1
2.165409478E1,-2.006692290E-1,-7.063129544E-2,-1.028620720E0
2.165609478E1,-1.017090604E-1,-9.506590664E-2,-1.055498838E0
2.165809478E1,-4.978551716E-2,-1.085049361E-1,-1.063440084E0
2.166009478E1,4.795292020E-2,-1.268308908E-1,-1.071992159E0
2.166209392E1,1.988366395E-1,-1.482111812E-1,-1.074435592E0
2.166409302E1,1.988366395E-1,-1.482111812E-1,-1.074435592E0
2.166609302E1,2.941316068E-1,-1.506546438E-1,-1.076268196E0
2.166809298E1,3.772092760E-1,-1.457677186E-1,-1.076879025E0
2.167009295E1,4.193589985E-1,-1.439351290E-1,-1.080544233E0
2.167209292E1,4.889976382E-1,-1.341612786E-1,-1.081155181E0
2.167409288E1,5.464189649E-1,-1.176679209E-1,-1.079322577E0
2.167609285E1,5.787948370E-1,-1.054506153E-1,-1.075657368E0
2.167809281E1,6.160575747E-1,-8.040513843E-2,-1.060996532E0
2.168009278E1,6.466008425E-1,-5.658139288E-2,-1.037783742E0
2.168209361E1,6.527095437E-1,-4.069889709E-2,-1.026788116E0
2.168409411E1,6.655376554E-1,-5.268712528E-3,-1.001742601E0
2.168609415E1,6.685920358E-1,3.688098863E-2,-9.705885053E-1
2.168809418E1,6.679811478E-1,5.765040591E-2,-9.547060132E-1
2.169009421E1,6.441574097E-1,1.016327068E-1,-9.235519171E-1
2.169209424E1,6.148358583E-1,1.498910636E-1,-8.911760449E-1
2.169409428E1,5.952881575E-1,1.779908538E-1,-8.734609485E-1
2.169609431E1,5.427537560E-1,2.372447848E-1,-8.410850763E-1
2.169809434E1,4.871650338E-1,3.013856411E-1,-8.062657714E-1
2.170009434E1,4.608978331E-1,3.374266922E-1,-7.909941077E-1
2.170209344E1,3.588833213E-1,4.528802335E-1,-7.390705943E-1
2.170409251E1,3.234531581E-1,4.956407845E-1,-7.195228934E-1
2.170609248E1,2.855795026E-1,5.359578729E-1,-7.024186850E-1
2.170809244E1,2.018909603E-1,6.172029972E-1,-6.608798504E-1
2.171009241E1,1.188132912E-1,6.923394203E-1,-6.175084114E-1
2.171209237E1,7.544185966E-2,7.308239341E-1,-5.961281061E-1
2.171409234E1,-2.107485011E-2,7.992408276E-1,-5.497023463E-1
2.171609234E1,-1.194241568E-1,8.701011539E-1,-4.965570867E-1
2.171809237E1,-1.707368344E-1,9.043096304E-1,-4.672355652E-1
2.172009241E1,-2.721404731E-1,9.635635614E-1,-4.073707461E-1
2.172209330E1,-3.723223805E-1,1.022206664E0,-3.468950987E-1
2.172409424E1,-4.181372523E-1,1.048473835E0,-3.181844354E-1
2.172609427E1,-5.091561675E-1,1.097343087E0,-2.607631087E-1
2.172809430E1,-5.977316499E-1,1.140714526E0,-2.045634985E-1
2.173009434E1,-6.398813725E-1,1.163927317E0,-1.776854247E-1
2.173209437E1,-7.235698700E-1,1.204244494E0,-1.196532324E-1
2.173409437E1,-7.993171811E-1,1.240285516E0,-6.528622657E-2
2.173609437E1,-8.683449626E-1,1.278159142E0,-1.397354249E-2
2.173809437E1,-8.958339095E-1,1.295263410E0,1.229366288E-2
2.174009437E1,-9.520334601E-1,1.327028394E0,6.177374721E-2
2.174209350E1,-1.013120055E0,1.372843266E0,1.301906556E-1
2.174409300E1,-1.013120055E0,1.372843266E0,1.301906556E-1
2.174609297E1,-1.039998055E0,1.395445347E0,1.686751693E-1
2.174809294E1,-1.058323979E0,1.408884287E0,2.059379518E-1
2.175009290E1,-1.060156584E0,1.407662630E0,2.218204439E-1
2.175209287E1,-1.061378360E0,1.396667004E0,2.554180324E-1
2.175409283E1,-1.050382733E0,1.363069415E0,2.853504419E-1
2.175609280E1,-1.043052435E0,1.344743490E0,3.000111878E-1
2.175809276E1,-1.014952660E0,1.299539447E0,3.281109929E-1
2.176009273E1,-9.734137654E-1,1.247615933E0,3.525456190E-1
2.176209360E1,-9.465357065E-1,1.217072606E0,3.635411859E-1
2.176409453E1,-8.878926635E-1,1.154153466E0,3.867540658E-1
2.176609456E1,-8.066475391E-1,1.086347461E0,4.032474160E-1
2.176809460E1,-7.699956298E-1,1.049695611E0,4.099669456E-1
2.177009463E1,-6.722571850E-1,9.745591283E-1,4.264602959E-1
2.177209466E1,-5.677992702E-1,8.963683844E-1,4.417319298E-1
2.177409470E1,-5.067127347E-1,8.597164750E-1,4.502840340E-1
2.177609473E1,-3.851505518E-1,7.906886935E-1,4.649448097E-1
2.177809473E1,-2.696970105E-1,7.387651801E-1,4.814381599E-1
2.178009469E1,-2.073887438E-1,7.179957628E-1,4.899902940E-1
2.178209379E1,-3.207042441E-2,6.697373986E-1,5.132031441E-1
2.178409286E1,2.290744707E-2,6.526331306E-1,5.211443901E-1
2.178609283E1,7.849618047E-2,6.398049593E-1,5.278639197E-1
2.178809279E1,1.744020283E-1,6.080399752E-1,5.431355834E-1
2.179009276E1,2.611449063E-1,5.707772374E-1,5.553528666E-1
2.179209272E1,3.039054573E-1,5.506186485E-1,5.602397919E-1
2.179409272E1,3.698789179E-1,5.133558512E-1,5.755113959E-1
2.179609272E1,4.309654236E-1,4.773148298E-1,5.883395672E-1
2.179809272E1,4.602869749E-1,4.583780169E-1,5.950590968E-1
2.180009272E1,5.079344511E-1,4.253912866E-1,6.042220592E-1
2.180209359E1,5.464189649E-1,3.960697651E-1,6.182720065E-1
2.180409409E1,5.702427030E-1,3.850741684E-1,6.243806481E-1
2.180609409E1,6.007859707E-1,3.624721766E-1,6.378196478E-1
2.180809409E1,6.264423132E-1,3.417027593E-1,6.500369906E-1
2.181009409E1,6.423248053E-1,3.325397670E-1,6.567565203E-1
2.181209412E1,6.612616181E-1,3.154355288E-1,6.701955199E-1
2.181409416E1,6.759223938E-1,3.026073575E-1,6.842454076E-1
2.181609419E1,6.838636398E-1,2.916117907E-1,6.915758252E-1
2.181809422E1,6.905831695E-1,2.800053656E-1,7.062366009E-1
2.182009426E1,6.973026991E-1,2.677880526E-1,7.190647721E-1
2.182209342E1,6.905831695E-1,2.409099787E-1,7.465536594E-1
2.182409252E1,6.905831695E-1,2.409099787E-1,7.465536594E-1
2.182609252E1,6.801984310E-1,2.195297033E-1,7.661013603E-1
2.182809249E1,6.716463566E-1,2.097558528E-1,7.715991735E-1
2.183009245E1,6.563746929E-1,1.963168234E-1,7.893142700E-1
2.183209242E1,6.398813725E-1,1.840995103E-1,8.070293665E-1
2.183409238E1,6.356052756E-1,1.798234582E-1,8.168032169E-1
2.183609235E1,6.227771044E-1,1.779908538E-1,8.345182538E-1
2.183809232E1,6.081163287E-1,1.767691374E-1,8.534551263E-1
2.184009232E1,6.062837839E-1,1.773799956E-1,8.613963723E-1
2.184209318E1,5.965099335E-1,1.871538460E-1,8.858309388E-1
2.184409412E1,5.910121202E-1,2.012037337E-1,9.047678113E-1
2.184609415E1,5.922338367E-1,2.073123902E-1,9.163742065E-1
2.184809418E1,5.873469114E-1,2.238057554E-1,9.377545118E-1
2.185009422E1,5.861251950E-1,2.445751727E-1,9.627999663E-1
2.185209425E1,5.958990455E-1,2.677880526E-1,9.762390256E-1
2.185409428E1,5.995642543E-1,2.836705446E-1,1.000062823E0
2.185609431E1,6.111706495E-1,3.160464168E-1,1.025108218E0
2.185809431E1,6.276640296E-1,3.526983261E-1,1.051375389E0
2.186009431E1,6.423248053E-1,3.722459972E-1,1.059927583E0
2.186209345E1,6.808093190E-1,4.437172413E-1,1.094746828E0
2.186409295E1,6.808093190E-1,4.437172413E-1,1.094746828E0
2.186609295E1,7.040221691E-1,4.919756055E-1,1.115516305E0
2.186809295E1,7.333437204E-1,5.359578729E-1,1.132009625E0
2.187009295E1,7.583891749E-1,5.744423866E-1,1.148503065E0
2.187209291E1,7.699956298E-1,5.909357667E-1,1.155833364E0
2.187409288E1,7.932085395E-1,6.245333552E-1,1.168661594E0
2.187609285E1,8.109236360E-1,6.508005857E-1,1.183322310E0
2.187809281E1,8.225300312E-1,6.654613018E-1,1.187598348E0
2.188009278E1,8.353582025E-1,6.935611367E-1,1.200426579E0
2.188209361E1,8.487972617E-1,7.204391956E-1,1.208978653E0
2.188409448E1,8.567385077E-1,7.338782549E-1,1.210811257E0
2.188609444E1,8.707883954E-1,7.607563138E-1,1.213254690E0
2.188809444E1,8.701775670E-1,7.796931267E-1,1.208367825E0
2.189009448E1,8.683449626E-1,7.882452607E-1,1.205313444E0
2.189209451E1,8.616254330E-1,8.041277528E-1,1.196150541E0
2.189409454E1,8.500189781E-1,8.114581108E-1,1.180878878E0
2.189609457E1,8.426886201E-1,8.157341480E-1,1.169883251E0
2.189809461E1,8.261952400E-1,8.242862821E-1,1.147281289E0
2.190009464E1,8.011497855E-1,8.285623193E-1,1.121624947E0
2.190209381E1,7.583891749E-1,8.169559240E-1,1.070923090E0
2.190409381E1,7.583891749E-1,8.169559240E-1,1.070923090E0
2.190609377E1,7.217372656E-1,7.919104099E-1,1.028773427E0
2.190809374E1,7.028004527E-1,7.809148431E-1,1.003727913E0
2.191009370E1,6.630942225E-1,7.522041798E-1,9.554696083E-1
2.191209367E1,6.227771044E-1,7.143305540E-1,9.053786397E-1
2.191409364E1,6.026185751E-1,6.941719651E-1,8.785005808E-1
2.191609360E1,5.653557777E-1,6.520223022E-1,8.271878958E-1
2.191809360E1,5.207626224E-1,6.068182588E-1,7.703774571E-1
2.192009360E1,5.012149215E-1,5.811619163E-1,7.410559058E-1
2.192209447E1,4.651738703E-1,5.261840224E-1,6.818019748E-1
2.192409497E1,4.291328490E-1,4.705953002E-1,6.256023645E-1
2.192609497E1,4.114177525E-1,4.443280995E-1,5.968917012E-1
2.192809497E1,3.753767014E-1,3.814089894E-1,5.388594866E-1
2.193009497E1,3.454442918E-1,3.142138124E-1,4.851033688E-1
2.193209497E1,3.283400834E-1,2.818379402E-1,4.563927054E-1
2.193409497E1,2.947424948E-1,2.170862406E-1,4.044691622E-1
2.193609500E1,2.684752643E-1,1.602757722E-1,3.488804102E-1
2.193809503E1,2.532036304E-1,1.340085566E-1,3.250566721E-1
2.194009507E1,2.232712507E-1,9.491318464E-2,2.774091661E-1
2.194209423E1,1.805106848E-1,5.520694703E-2,2.077705413E-1
2.194409337E1,1.805106848E-1,5.520694703E-2,2.077705413E-1
2.194609340E1,1.554652005E-1,4.298964143E-2,1.650099754E-1
2.194809343E1,1.334740520E-1,4.054617882E-2,1.253037304E-1
2.195009343E1,1.230893433E-1,4.360050708E-2,1.069777757E-1
2.195209340E1,1.035416573E-1,5.887213722E-2,7.276932150E-2
2.195409336E1,8.399397135E-2,7.964155823E-2,4.100432992E-2
2.195609333E1,7.666359097E-2,9.308059514E-2,2.817615867E-2
2.195809330E1,6.139195710E-2,1.254564524E-1,3.741549561E-3
2.196009326E1,5.039638281E-2,1.614975035E-1,-1.763873361E-2
2.196209410E1,4.184427112E-2,1.810451895E-1,-2.557998151E-2
2.196409406E1,3.207042441E-2,2.244166136E-1,-3.107776865E-2
2.196609406E1,1.252273750E-2,2.659554482E-1,-3.352123126E-2
2.196809409E1,8.246680722E-3,2.848922908E-1,-3.168863431E-2
2.197009413E1,-1.435533352E-2,3.270419836E-1,-2.252565511E-2
2.197209416E1,-3.451388702E-2,3.679699600E-1,-1.214094646E-2
2.197409419E1,-5.467243865E-2,4.125631154E-1,6.795875728E-3
2.197609423E1,-5.894849449E-2,4.321108162E-1,1.412625890E-2
2.197809426E1,-8.460483700E-2,4.785365760E-1,3.367394581E-2
2.198009429E1,-1.004873365E-1,5.188536644E-1,5.322163552E-2
2.198209346E1,-1.261436790E-1,5.866597295E-1,8.865182102E-2
2.198409256E1,-1.261436790E-1,5.866597295E-1,8.865182102E-2
2.198609256E1,-1.432479024E-1,6.312528849E-1,1.143081561E-1
2.198809256E1,-1.475239545E-1,6.562983394E-1,1.301906556E-1
2.199009256E1,-1.603521258E-1,6.996697783E-1,1.552361250E-1
2.199209256E1,-1.634064466E-1,7.430412173E-1,1.815033406E-1
2.199409256E1,-1.695151031E-1,7.662540674E-1,1.894445866E-1
2.199609252E1,-1.719585657E-1,8.151233196E-1,2.120465934E-1
2.199809249E1,-1.676825136E-1,8.627707958E-1,2.389246672E-1
2.200009246E1,-1.627955884E-1,8.865945339E-1,2.505311072E-1
2.200209449E1,-1.560760736E-1,9.324094653E-1,2.804635167E-1
2.200409536E1,-1.511891484E-1,9.812786579E-1,3.128393590E-1
2.200609532E1,-1.395827085E-1,1.006324172E0,3.293327391E-1
2.200809529E1,-1.194241568E-1,1.055193305E0,3.635411859E-1
2.201009525E1,-1.023199260E-1,1.102229953E0,3.989713490E-1
2.201209525E1,-9.193521738E-2,1.125442863E0,4.154647291E-1
2.201409529E1,-6.627888232E-2,1.169425130E0,4.533383846E-1
2.201609532E1,-2.901609987E-2,1.215240002E0,4.967097938E-1
2.201809535E1,-1.007927675E-2,1.232344270E0,5.156466365E-1
2.202009538E1,2.535090782E-2,1.272050500E0,5.492442250E-1
2.202209455E1,9.193521738E-2,1.324584961E0,5.987243056E-1
2.202409368E1,9.193521738E-2,1.324584961E0,5.987243056E-1
2.202609282E1,1.475239545E-1,1.348408699E0,6.231589317E-1
2.202809282E1,1.976149082E-1,1.357571602E0,6.402631402E-1
2.203009278E1,2.318233550E-1,1.358182549E0,6.494261026E-1
2.203209275E1,2.898555696E-1,1.355128169E0,6.567565203E-1
2.203409272E1,3.546072841E-1,1.338024020E0,6.671411991E-1
2.203609268E1,3.814853430E-1,1.327028394E0,6.671411991E-1
2.203809265E1,4.413501322E-1,1.305648088E0,6.787476540E-1
2.204009261E1,4.920519590E-1,1.276326537E0,6.818019748E-1
2.204209345E1,5.183191895E-1,1.259222388E0,6.805802584E-1
2.204409435E1,5.659666657E-1,1.216461778E0,6.726390123E-1
2.204609438E1,6.032294035E-1,1.162705660E0,6.653085947E-1
2.204809441E1,6.227771044E-1,1.132773280E0,6.561456323E-1
2.205009445E1,6.563746929E-1,1.059469461E0,6.372088194E-1
2.205209448E1,6.856962442E-1,9.715048075E-1,6.060546637E-1
2.205409451E1,6.979135275E-1,9.232464433E-1,5.920047760E-1
2.205609454E1,7.125743032E-1,8.187885284E-1,5.602397919E-1
2.205809458E1,7.247915864E-1,7.094436288E-1,5.266422033E-1
2.206009461E1,7.229590416E-1,6.550766230E-1,5.113705397E-1
2.206209254E1,7.137960196E-1,4.760931134E-1,4.588361681E-1
2.206409164E1,7.003570199E-1,4.107305110E-1,4.405102134E-1
2.206609164E1,6.875288486E-1,3.386484087E-1,4.172973335E-1
2.206809164E1,6.490443349E-1,1.786017269E-1,3.647629023E-1
2.207009164E1,5.922338367E-1,-2.214386594E-3,3.006220460E-1
2.207209164E1,5.574145317E-1,-1.005636901E-1,2.639701366E-1
2.207409161E1,4.780020416E-1,-3.107013404E-1,1.662317067E-1
2.207609158E1,3.827070892E-1,-5.287802219E-1,4.833471403E-2
2.207809154E1,3.399465084E-1,-6.332381964E-1,-2.252565511E-2
2.208009151E1,2.446515262E-1,-8.384889364E-1,-1.782962978E-1
2.208209194E1,1.511891484E-1,-1.005255103E0,-3.627775908E-1
2.208409281E1,1.023199260E-1,-1.071228623E0,-4.519639313E-1
2.208609367E1,2.535090782E-2,-1.181184292E0,-6.370561123E-1
2.208809364E1,-2.962696366E-2,-1.269759774E0,-8.184830546E-1
2.209009364E1,-3.817907721E-2,-1.303968191E0,-9.058368206E-1
2.209209364E1,-4.612032697E-2,-1.347339630E0,-1.067716122E0
2.209409367E1,-3.695734590E-2,-1.357113481E0,-1.204549909E0
2.209609370E1,-8.857546374E-3,-1.337565780E0,-1.302288294E0
2.209809374E1,1.130100712E-2,-1.321683288E0,-1.340162039E0
2.210009377E1,5.528330430E-2,-1.271592379E0,-1.392085552E0
2.210209294E1,1.359175146E-1,-1.196455956E0,-1.434846044E0
2.210409240E1,1.359175146E-1,-1.196455956E0,-1.434846044E0
2.210609240E1,1.933388561E-1,-1.139645457E0,-1.448896050E0
2.210809237E1,2.629774809E-1,-1.083445907E0,-1.454393744E0
2.211009233E1,2.947424948E-1,-1.052291751E0,-1.451339483E0
2.211209230E1,3.656028509E-1,-9.783770442E-1,-1.432402611E0
2.211409227E1,4.340197444E-1,-8.910233378E-1,-1.404302835E0
2.211609223E1,4.633412957E-1,-8.464301825E-1,-1.387809515E0
2.211809220E1,5.238169432E-1,-7.651850581E-1,-1.346270680E0
2.212009216E1,5.842925906E-1,-6.796639562E-1,-1.292514443E0
2.212209303E1,6.068946123E-1,-6.369034052E-1,-1.260749459E0
2.212409393E1,6.533203721E-1,-5.519931316E-1,-1.196608663E0
2.212609393E1,6.838636398E-1,-4.597524405E-1,-1.124526501E0
2.212809393E1,6.979135275E-1,-4.182136059E-1,-1.084820271E0
2.213009393E1,7.131851912E-1,-3.302490115E-1,-9.980774522E-1
2.213209393E1,7.186829448E-1,-2.502256632E-1,-8.942303658E-1
2.213409393E1,7.119634151E-1,-2.178498209E-1,-8.349764347E-1
2.213609393E1,6.850853562E-1,-1.689805984E-1,-7.091382146E-1
2.213809393E1,6.404922009E-1,-1.335504204E-1,-5.692500472E-1
2.214009396E1,6.178901792E-1,-1.256091595E-1,-4.996114075E-1
2.214209353E1,5.256495476E-1,-1.243874356E-1,-2.735912800E-1
2.214409273E1,4.902193546E-1,-1.249983013E-1,-2.002874464E-1
2.214609276E1,4.584543705E-1,-1.268308908E-1,-1.239292845E-1
2.214809280E1,3.814853430E-1,-1.268308908E-1,2.023491077E-2
2.215009283E1,2.990185320E-1,-1.054506153E-1,1.527926624E-1
2.215209286E1,2.550362349E-1,-8.712465316E-2,2.138791978E-1
2.215409286E1,1.719585657E-1,-4.375322163E-2,3.317761719E-1
2.215609283E1,8.765916526E-2,1.000291854E-2,4.392884672E-1
2.215809279E1,4.550946131E-2,3.627012298E-2,4.906011522E-1
2.216009276E1,-3.207042441E-2,9.980010986E-2,5.920047760E-1
2.216209359E1,-1.139263660E-1,1.566105783E-1,6.891323328E-1
2.216409413E1,-1.505782902E-1,1.810451895E-1,7.343363762E-1
2.216609409E1,-2.171625942E-1,2.415208519E-1,8.216901422E-1
2.216809409E1,-2.648100853E-1,3.105486333E-1,8.949939609E-1
2.217009409E1,-2.806925774E-1,3.465896547E-1,9.285915494E-1
2.217209412E1,-3.069597781E-1,4.156174362E-1,9.927324057E-1
2.217409416E1,-3.301726580E-1,4.675409794E-1,1.050764561E0
2.217609419E1,-3.381139040E-1,4.876995385E-1,1.078864336E0
2.217809422E1,-3.582724631E-1,5.170210600E-1,1.129566193E0
2.218009426E1,-3.778201640E-1,5.286275148E-1,1.169883251E0
2.218209342E1,-4.156937897E-1,5.292384028E-1,1.222417712E0
2.218409256E1,-4.156937897E-1,5.292384028E-1,1.222417712E0
2.218609256E1,-4.358523488E-1,5.164102316E-1,1.248074055E0
2.218809256E1,-4.437935948E-1,5.066363811E-1,1.256015301E0
2.219009256E1,-4.676173329E-1,4.742605090E-1,1.259069681E0
2.219209256E1,-4.883867502E-1,4.461607039E-1,1.254793525E0
2.219409256E1,-4.987714589E-1,4.302782118E-1,1.248684883E0
2.219609256E1,-5.189300179E-1,4.003458023E-1,1.226082921E0
2.219809256E1,-5.299255848E-1,3.795763850E-1,1.203480840E0
2.220009252E1,-5.311473012E-1,3.746894598E-1,1.182711482E0
2.220209335E1,-5.342016816E-1,3.679699600E-1,1.145448685E0
2.220409415E1,-5.280929804E-1,3.734677434E-1,1.095968604E0
2.220609412E1,-5.262604356E-1,3.801872432E-1,1.066647053E0
2.220809409E1,-5.103778839E-1,3.905719519E-1,1.006782293E0
2.221009405E1,-4.944954216E-1,4.070653319E-1,9.389762282E-1
2.221209402E1,-4.694499373E-1,4.272238910E-1,8.717810512E-1
2.221409398E1,-4.529565871E-1,4.351651371E-1,8.357400298E-1
2.221609398E1,-4.254676402E-1,4.443280995E-1,7.630470395E-1
2.221809402E1,-3.912591934E-1,4.394411743E-1,6.879106164E-1
2.222009405E1,-3.753767014E-1,4.333325326E-1,6.506478190E-1
2.222209322E1,-3.197879493E-1,3.869067729E-1,5.406920910E-1
2.222409245E1,-3.197879493E-1,3.869067729E-1,5.406920910E-1
2.222609248E1,-2.855795026E-1,3.441462219E-1,4.716643393E-1
2.222809252E1,-2.446515262E-1,2.903900743E-1,4.038582742E-1
2.223009255E1,-1.970040351E-1,2.323578745E-1,3.403283060E-1
2.223209255E1,-1.676825136E-1,2.036471963E-1,3.146719635E-1
2.223409211E1,-1.169806942E-1,1.352302879E-1,2.627484202E-1
2.223609208E1,-5.467243865E-2,5.826127157E-2,2.187661231E-1
2.223809205E1,-2.168571576E-2,1.550070569E-2,1.918880492E-1
2.224009201E1,4.489859566E-2,-7.551821321E-2,1.497383416E-1
2.224209285E1,1.108720452E-1,-1.818087697E-1,1.033125818E-1
2.224409371E1,1.426370293E-1,-2.416735590E-1,8.071056753E-2
2.224609371E1,2.018909603E-1,-3.699552715E-1,4.283692688E-2
2.224809371E1,2.641992271E-1,-4.945717752E-1,1.168279815E-2
2.225009374E1,2.977968156E-1,-5.581017733E-1,-6.643159315E-3
2.225209378E1,3.686571717E-1,-6.753878593E-1,-3.107776865E-2
2.225409381E1,4.437935948E-1,-7.829001546E-1,-4.818199575E-2
2.225609384E1,4.780020416E-1,-8.342128396E-1,-5.673411116E-2
2.225809388E1,5.525276065E-1,-9.374490976E-1,-7.200574130E-2
2.226009391E1,6.215553880E-1,-1.036409259E0,-8.788824081E-2
2.226209308E1,7.205155492E-1,-1.174464822E0,-1.123228446E-1
2.226409218E1,7.205155492E-1,-1.174464822E0,-1.123228446E-1
2.226609218E1,7.748825550E-1,-1.255709887E0,-1.318705380E-1
2.226809218E1,8.023715019E-1,-1.298470378E0,-1.392009109E-1
2.227009218E1,8.408560157E-1,-1.367498159E0,-1.538616866E-1
2.227209218E1,8.738427162E-1,-1.416978240E0,-1.685224473E-1
2.227409218E1,8.903360963E-1,-1.435304284E0,-1.727984995E-1
2.227609218E1,9.013316631E-1,-1.469512701E0,-1.764636934E-1
2.227809214E1,9.080511928E-1,-1.493336439E0,-1.752419621E-1
2.228009211E1,9.074403048E-1,-1.503110290E0,-1.764636934E-1
2.228209294E1,8.958339095E-1,-1.517771006E0,-1.734093726E-1
2.228409371E1,8.921687007E-1,-1.534264445E0,-1.660789847E-1
2.228609367E1,8.848382831E-1,-1.543427348E0,-1.642463952E-1
2.228809364E1,8.793405294E-1,-1.563585997E0,-1.550834179E-1
2.229009360E1,8.683449626E-1,-1.575803280E0,-1.446987092E-1
2.229209357E1,8.597928286E-1,-1.586187959E0,-1.398117840E-1
2.229409397E1,8.506298661E-1,-1.615509510E0,-1.214858219E-1
2.229609400E1,8.316930532E-1,-1.656437516E0,-9.827294946E-2
2.229809404E1,8.225300312E-1,-1.683315516E0,-8.849909902E-2
2.230009407E1,7.999280095E-1,-1.723021746E0,-6.956227869E-2
2.230209324E1,7.644978762E-1,-1.761506319E0,-4.879286140E-2
2.230409237E1,7.644978762E-1,-1.761506319E0,-4.879286140E-2
2.230609240E1,7.315111160E-1,-1.790216923E0,-2.680171281E-2
2.230809243E1,6.918048859E-1,-1.816484213E0,-6.643159315E-3
2.231009243E1,6.722571850E-1,-1.826868892E0,7.406740915E-3
2.231209240E1,6.294966340E-1,-1.842751384E0,3.489567712E-2
2.231409237E1,5.885686874E-1,-1.847638249E0,6.421720982E-2
2.231609233E1,5.702427030E-1,-1.842751384E0,8.132143319E-2
2.231809230E1,5.384777188E-1,-1.823203683E0,1.149190217E-1
2.232009226E1,5.067127347E-1,-1.780443072E0,1.485166103E-1
2.232209310E1,4.981606007E-1,-1.757230282E0,1.631773859E-1
2.232409400E1,4.834998548E-1,-1.698587179E0,1.851685345E-1
2.232609400E1,4.798346460E-1,-1.641165853E0,2.083813995E-1
2.232809400E1,4.725042582E-1,-1.613066077E0,2.169335186E-1
2.233009400E1,4.682282209E-1,-1.560531616E0,2.401463985E-1
2.233209400E1,4.828889668E-1,-1.520825386E0,2.572506368E-1
2.233409400E1,4.725042582E-1,-1.485395193E0,2.767983079E-1
2.233609400E1,4.780020416E-1,-1.468290925E0,2.877938747E-1
2.233809400E1,4.822781086E-1,-1.446910739E0,3.036763966E-1
2.234009400E1,4.853324294E-1,-1.432249904E0,3.177262843E-1
2.234209313E1,4.847215712E-1,-1.406593561E0,3.244458139E-1
2.234409240E1,4.847215712E-1,-1.406593561E0,3.244458139E-1
2.234609243E1,4.932736754E-1,-1.393154502E0,3.281109929E-1
2.234809233E1,5.042692423E-1,-1.386435032E0,3.293327391E-1
2.235009236E1,5.146539807E-1,-1.369330764E0,3.287218511E-1
2.235209240E1,5.384777188E-1,-1.354059219E0,3.287218511E-1
2.235409243E1,5.396994352E-1,-1.351615667E0,3.256675303E-1
2.235609243E1,5.561928153E-1,-1.342452765E0,3.256675303E-1
2.235809239E1,5.781839490E-1,-1.335733175E0,3.244458139E-1
2.236009236E1,5.983424783E-1,-1.333289742E0,3.220023513E-1
2.236209319E1,6.239988208E-1,-1.325959325E0,3.232240677E-1
2.236409406E1,6.527095437E-1,-1.324737668E0,3.195588887E-1
2.236609403E1,6.673702598E-1,-1.323515892E0,3.213914633E-1
2.236809399E1,6.960809231E-1,-1.319850683E0,3.213914633E-1
2.237009396E1,7.278459668E-1,-1.320461631E0,3.201697469E-1
2.237209396E1,7.522805333E-1,-1.319239855E0,3.195588887E-1
2.237409399E1,7.834346890E-1,-1.314963818E0,3.256675303E-1
2.237609402E1,8.170322776E-1,-1.305800796E0,3.329979181E-1
2.237809406E1,8.359690905E-1,-1.299692154E0,3.372739851E-1
2.238009409E1,8.683449626E-1,-1.286253095E0,3.464369476E-1
2.238209326E1,9.135489464E-1,-1.248379469E0,3.580434024E-1
2.238409439E1,9.135489464E-1,-1.248379469E0,3.580434024E-1
2.238609442E1,9.367618561E-1,-1.220890522E0,3.714824319E-1
2.238809445E1,9.502009153E-1,-1.192179918E0,3.836997449E-1
2.239009445E1,9.648616314E-1,-1.180573463E0,3.904192448E-1
2.239209445E1,9.758572578E-1,-1.155527949E0,4.056908786E-1
2.239409445E1,9.862419367E-1,-1.123152137E0,4.191299081E-1
2.239609445E1,9.978483915E-1,-1.104215264E0,4.270711541E-1
2.239809419E1,1.003346205E0,-1.075504661E0,4.411210716E-1
2.240009419E1,1.008233070E0,-1.036409259E0,4.545601010E-1
2.240209505E1,1.013120055E0,-1.022359371E0,4.570035636E-1
2.240409579E1,1.014952660E0,-9.887617826E-1,4.692208767E-1
2.240609575E1,1.007011414E0,-9.582185149E-1,4.838816226E-1
2.240809585E1,1.013120055E0,-9.447794557E-1,4.918228686E-1
2.241009582E1,1.007011414E0,-9.124035835E-1,5.052618980E-1
2.241209578E1,9.966266751E-1,-8.830820918E-1,5.156466365E-1
2.241409575E1,9.874636531E-1,-8.696430326E-1,5.217552781E-1
2.241609572E1,9.789115787E-1,-8.403214812E-1,5.309182405E-1
2.241809572E1,9.642508030E-1,-8.128325939E-1,5.413029790E-1
2.242009572E1,9.630290866E-1,-7.920631766E-1,5.449681282E-1
2.242209488E1,9.514226317E-1,-7.486917377E-1,5.510768294E-1
2.242409402E1,9.465357065E-1,-7.334200740E-1,5.522985458E-1
2.242609405E1,9.385944605E-1,-7.242571115E-1,5.541311502E-1
2.242809408E1,9.330966473E-1,-6.998224854E-1,5.492442250E-1
2.243009411E1,9.282097220E-1,-6.802747846E-1,5.492442250E-1
2.243209415E1,9.196576476E-1,-6.705009937E-1,5.468007326E-1
2.243409415E1,9.159924388E-1,-6.552293301E-1,5.468007326E-1
2.243609411E1,9.080511928E-1,-6.381251216E-1,5.449681282E-1
2.243809408E1,9.043859839E-1,-6.301838756E-1,5.461899042E-1
2.244009405E1,8.976664543E-1,-6.167448163E-1,5.468007326E-1
2.244209488E1,8.921687007E-1,-6.069709659E-1,5.480225086E-1
2.244409374E1,8.897252083E-1,-6.033058167E-1,5.504659414E-1
2.244609371E1,8.903360963E-1,-5.941427946E-1,5.535202622E-1
2.244809368E1,8.891143799E-1,-5.892558694E-1,5.547419786E-1
2.245009368E1,8.872817755E-1,-5.868124366E-1,5.559637547E-1
2.245209371E1,8.848382831E-1,-5.813146234E-1,5.584071875E-1
2.245409374E1,8.848382831E-1,-5.770385861E-1,5.590180755E-1
2.245609378E1,8.854491711E-1,-5.776494741E-1,5.602397919E-1
2.245809408E1,8.848382831E-1,-5.758168697E-1,5.590180755E-1
2.246009411E1,8.842274547E-1,-5.745950937E-1,5.584071875E-1
2.246209327E1,8.823948503E-1,-5.715407729E-1,5.571854711E-1
2.246409241E1,8.823948503E-1,-5.715407729E-1,5.571854711E-1
2.246609244E1,8.805622458E-1,-5.660430193E-1,5.559637547E-1
2.246809244E1,8.744536042E-1,-5.623778105E-1,5.571854711E-1
2.247009244E1,8.732318878E-1,-5.599343777E-1,5.559637547E-1
2.247209244E1,8.659014702E-1,-5.617669225E-1,5.571854711E-1
2.247409244E1,8.561276197E-1,-5.617669225E-1,5.547419786E-1
2.247609244E1,8.500189781E-1,-5.587126017E-1,5.577962995E-1
2.247809244E1,8.445212245E-1,-5.568800569E-1,5.577962995E-1
2.248009244E1,8.310821652E-1,-5.477170348E-1,5.577962995E-1
2.248209327E1,8.249735236E-1,-5.434409976E-1,5.590180755E-1
2.248409414E1,8.176431060E-1,-5.336671472E-1,5.571854711E-1
2.248609411E1,8.048149347E-1,-5.214498639E-1,5.553528666E-1
2.248809407E1,7.968736887E-1,-5.177846551E-1,5.559637547E-1
2.249009404E1,7.803803682E-1,-5.067890882E-1,5.516876578E-1
2.249209400E1,7.681630254E-1,-4.994587004E-1,5.492442250E-1
2.249409397E1,7.590000629E-1,-4.933500290E-1,5.443572998E-1
2.249609397E1,7.418958545E-1,-4.854087830E-1,5.376377702E-1
2.249809397E1,7.247915864E-1,-4.738023579E-1,5.327508450E-1
2.250009400E1,7.168503404E-1,-4.689154327E-1,5.303074121E-1
2.250209317E1,6.905831695E-1,-4.609741867E-1,5.174792409E-1
2.250409230E1,6.820310354E-1,-4.609741867E-1,5.101488233E-1
2.250609233E1,6.704245806E-1,-4.615850449E-1,5.040401816E-1
2.250809237E1,6.502660513E-1,-4.744132161E-1,4.912120104E-1
2.251009240E1,6.294966340E-1,-4.866305292E-1,4.753295183E-1
2.251209240E1,6.178901792E-1,-4.982369542E-1,4.655556679E-1
2.251409237E1,5.995642543E-1,-5.202280879E-1,4.423427880E-1
2.251609233E1,5.696318150E-1,-5.434409976E-1,4.234059751E-1
2.251809230E1,5.623014569E-1,-5.532148480E-1,4.136321247E-1
2.252009226E1,5.427537560E-1,-5.703190565E-1,3.953061700E-1
2.252209310E1,5.201517344E-1,-5.874232650E-1,3.745367527E-1
2.252409396E1,5.122104883E-1,-5.953645110E-1,3.641520441E-1
2.252609393E1,4.902193546E-1,-6.130796075E-1,3.433826268E-1
2.252809393E1,4.676173329E-1,-6.314055920E-1,3.177262843E-1
2.253009393E1,4.572326243E-1,-6.393468380E-1,3.048981130E-1
2.253209393E1,4.346306324E-1,-6.552293301E-1,2.743548453E-1
2.253409393E1,4.071416855E-1,-6.723335385E-1,2.377029359E-1
2.253609393E1,3.930917978E-1,-6.796639562E-1,2.193769813E-1
2.253809393E1,3.711006343E-1,-6.888269186E-1,1.857793927E-1
2.254009393E1,3.503312171E-1,-6.949355602E-1,1.485166103E-1
2.254209306E1,3.142901659E-1,-6.979898810E-1,9.292787313E-2
2.254409216E1,3.142901659E-1,-6.979898810E-1,9.292787313E-2
2.254609220E1,2.916881442E-1,-6.973790526E-1,5.871942267E-2
2.254809223E1,2.825251818E-1,-6.937138438E-1,4.650211707E-2
2.255009226E1,2.611449063E-1,-6.906595230E-1,1.168279815E-2
2.255209229E1,2.428189367E-1,-6.766096354E-1,-1.641700417E-2
2.255409233E1,2.354885489E-1,-6.692792177E-1,-2.863430791E-2
2.255609236E1,2.232712507E-1,-6.460663676E-1,-5.062545836E-2
2.255809239E1,2.147191316E-1,-6.185774207E-1,-7.078400999E-2
2.256009239E1,2.110539377E-1,-6.063601375E-1,-7.811439037E-2
2.256209323E1,2.049452960E-1,-5.819255114E-1,-9.460775554E-2
2.256409409E1,2.037235647E-1,-5.562691689E-1,-1.007164046E-1
2.256609406E1,2.061670274E-1,-5.477170348E-1,-1.056033298E-1
2.256809402E1,2.086104751E-1,-5.269476175E-1,-1.080467924E-1
2.257009399E1,2.165517360E-1,-5.031238794E-1,-1.141554415E-1
2.257209396E1,2.275473028E-1,-4.817436039E-1,-1.153771728E-1
2.257409396E1,2.367102802E-1,-4.744132161E-1,-1.159880385E-1
2.257609396E1,2.544253767E-1,-4.542546570E-1,-1.184315011E-1
2.257809399E1,2.709187269E-1,-4.365395904E-1,-1.165989041E-1
2.258009402E1,2.825251818E-1,-4.298200607E-1,-1.153771728E-1
2.258209319E1,3.039054573E-1,-3.968333304E-1,-1.092685238E-1
2.258409242E1,3.039054573E-1,-3.968333304E-1,-1.092685238E-1
2.258609245E1,3.112358451E-1,-3.870594800E-1,-1.037707329E-1
2.258809249E1,3.118467033E-1,-3.833943009E-1,-9.582948685E-2
2.259009252E1,3.045163155E-1,-3.803399801E-1,-8.116871864E-2
2.259209255E1,3.045163155E-1,-3.766747713E-1,-7.444920391E-2
2.259409255E1,2.892446816E-1,-3.705661297E-1,-6.345362961E-2
2.259609255E1,2.721404731E-1,-3.656792045E-1,-5.734497309E-2
2.259809255E1,2.617557645E-1,-3.626248837E-1,-5.490151420E-2
2.260009255E1,2.422080636E-1,-3.626248837E-1,-4.818199575E-2
2.260209342E1,2.110539377E-1,-3.650683463E-1,-4.268420860E-2
2.260409432E1,1.921171248E-1,-3.675118089E-1,-4.085161164E-2
2.260609428E1,1.621847153E-1,-3.687335253E-1,-3.535382450E-2
2.260809425E1,1.291979998E-1,-3.730095923E-1,-3.168863431E-2
2.261009422E1,1.133155003E-1,-3.760639131E-1,-3.107776865E-2
2.261209418E1,7.666359097E-2,-3.888920844E-1,-2.619084716E-2
2.261409415E1,3.634648025E-2,-4.072180390E-1,-1.824959926E-2
2.261609412E1,1.435533352E-2,-4.182136059E-1,-1.886046492E-2
2.261809408E1,-2.412917651E-2,-4.377613068E-1,-1.153008174E-2
2.262009405E1,-6.688974798E-2,-4.566981196E-1,-5.421428941E-3
2.262209318E1,-1.157589629E-1,-4.927391708E-1,9.239336476E-3
2.262409251E1,-1.157589629E-1,-4.927391708E-1,9.239336476E-3
2.262609255E1,-1.524108797E-1,-5.208389759E-1,1.718058437E-2
2.262809258E1,-1.719585657E-1,-5.330562592E-1,2.206750773E-2
2.263009261E1,-1.976149082E-1,-5.617669225E-1,1.962404512E-2
2.263209264E1,-2.293798923E-1,-5.843689442E-1,1.229366288E-2
2.263409268E1,-2.409863323E-1,-5.959753990E-1,1.046106778E-2
2.263609271E1,-2.703078687E-1,-6.130796075E-1,6.872233935E-4
2.263809271E1,-2.929098904E-1,-6.356816292E-1,-1.153008174E-2
2.264009268E1,-3.020728528E-1,-6.424011588E-1,-2.191479132E-2
2.264209351E1,-3.271183372E-1,-6.570619345E-1,-4.879286140E-2
2.264409428E1,-3.448334336E-1,-6.650031805E-1,-8.055785298E-2
2.264609424E1,-3.582724631E-1,-6.674466133E-1,-9.949467331E-2
2.264809421E1,-3.808744848E-1,-6.674466133E-1,-1.410335153E-1
2.265009417E1,-3.973678350E-1,-6.637814641E-1,-1.868484020E-1
2.265209414E1,-4.077525437E-1,-6.613379717E-1,-2.100612819E-1
2.265409414E1,-4.285219610E-1,-6.546184421E-1,-2.589305043E-1
2.265609414E1,-4.431827366E-1,-6.466771960E-1,-3.077997267E-1
2.265809414E1,-4.511239827E-1,-6.417902708E-1,-3.285691440E-1
2.266009414E1,-4.608978331E-1,-6.369034052E-1,-3.719405830E-1
2.266209327E1,-4.810563922E-1,-6.356816292E-1,-4.501313269E-1
2.266409237E1,-4.810563922E-1,-6.356816292E-1,-4.501313269E-1
2.266609237E1,-4.877758920E-1,-6.381251216E-1,-5.020548701E-1
2.266809237E1,-4.926628172E-1,-6.362925172E-1,-5.466480255E-1
2.267009237E1,-4.987714589E-1,-6.350708008E-1,-5.692500472E-1
2.267209241E1,-5.085453391E-1,-6.326273084E-1,-6.181192994E-1
2.267409244E1,-5.213735104E-1,-6.295729876E-1,-6.669884920E-1
2.267609247E1,-5.250386596E-1,-6.259077787E-1,-6.889796257E-1
2.267809251E1,-5.415320396E-1,-6.118578911E-1,-7.415140271E-1
2.268009254E1,-5.586362481E-1,-5.916993618E-1,-7.934376001E-1
2.268209344E1,-5.726861954E-1,-5.776494741E-1,-8.197047710E-1
2.268409414E1,-5.916230083E-1,-5.446627140E-1,-8.759043813E-1
2.268609410E1,-6.166684628E-1,-4.982369542E-1,-9.284388423E-1
2.268809407E1,-6.343835592E-1,-4.774675369E-1,-9.559277296E-1
2.269009404E1,-6.563746929E-1,-4.463134110E-1,-1.019457698E0
2.269209400E1,-6.832527518E-1,-4.163810313E-1,-1.078711629E0
2.269409397E1,-7.076873779E-1,-3.901138306E-1,-1.142241597E0
2.269609393E1,-7.205155492E-1,-3.754530549E-1,-1.174617529E0
2.269809390E1,-7.425066829E-1,-3.461315334E-1,-1.241201878E0
2.270009390E1,-7.590000629E-1,-3.107013404E-1,-1.312673092E0
2.270209307E1,-7.864890099E-1,-2.532800138E-1,-1.423850536E0
2.270409230E1,-7.864890099E-1,-2.532800138E-1,-1.423850536E0
2.270609233E1,-8.042041063E-1,-1.976912618E-1,-1.495932579E0
2.270809237E1,-8.139779568E-1,-1.653154045E-1,-1.531362772E0
2.271009240E1,-8.371908069E-1,-1.103375331E-1,-1.602833986E0
2.271209243E1,-8.677340746E-1,-5.780312419E-2,-1.667585731E0
2.271409246E1,-8.811731339E-1,-3.581197560E-2,-1.700572491E0
2.271609250E1,-9.190467596E-1,4.505131394E-3,-1.764713287E0
2.271809250E1,-9.575312734E-1,4.482223839E-2,-1.821523786E0
2.272009250E1,-9.831876159E-1,6.009386852E-2,-1.850845337E0
2.272209336E1,-1.024115562E0,8.941540122E-2,-1.897271037E0
2.272409426E1,-1.074206591E0,1.114065498E-1,-1.939420819E0
2.272609426E1,-1.097419381E0,1.205695271E-1,-1.954692483E0
2.272809426E1,-1.145066857E0,1.278999150E-1,-1.985846519E0
2.273009426E1,-1.189660072E0,1.297325045E-1,-2.008448601E0
2.273209423E1,-1.214094639E0,1.248455867E-1,-2.015779018E0
2.273409420E1,-1.248303175E0,1.120174155E-1,-2.022498369E0
2.273609416E1,-1.288009405E0,8.575020730E-2,-2.015779018E0
2.273809413E1,-1.307557106E0,6.864598393E-2,-2.006005049E0
2.274009409E1,-1.339932919E0,2.955060638E-2,-1.972407460E0
2.274209319E1,-1.398576021E0,-5.047274008E-2,-1.896049380E0
2.274409226E1,-1.398576021E0,-5.047274008E-2,-1.896049380E0
2.274609226E1,-1.441947460E0,-1.292743534E-1,-1.816636920E0
2.274809226E1,-1.488983989E0,-2.288453877E-1,-1.731726646E0
2.275009229E1,-1.517694712E0,-2.832123935E-1,-1.682857394E0
2.275209233E1,-1.572672606E0,-4.072180390E-1,-1.580842853E0
2.275409236E1,-1.631315589E0,-5.428301096E-1,-1.464778543E0
2.275609239E1,-1.663691521E0,-6.118578911E-1,-1.407357216E0
2.275809242E1,-1.735773563E0,-7.431939244E-1,-1.287016749E0
2.276009246E1,-1.818240404E0,-8.574257493E-1,-1.161178470E0
2.276209332E1,-1.857335806E0,-9.032406211E-1,-1.097037673E0
2.276409409E1,-1.947132945E0,-9.710466862E-1,-9.669232965E-1
2.276609406E1,-2.036319256E0,-1.024802804E0,-8.398633599E-1
2.276809402E1,-2.078469038E0,-1.055346012E0,-7.799985409E-1
2.277009399E1,-2.165211916E0,-1.097495794E0,-6.621015668E-1
2.277209395E1,-2.239737511E0,-1.113378286E0,-5.527566671E-1
2.277409392E1,-2.269058943E0,-1.109102249E0,-4.953353703E-1
2.277609388E1,-2.333810568E0,-1.093219757E0,-3.927100003E-1
2.277809388E1,-2.386955976E0,-1.050459146E0,-2.894737720E-1
2.278009389E1,-2.407725334E0,-1.017472386E0,-2.412154078E-1
2.278209302E1,-2.447431564E0,-8.708647490E-1,-9.766208380E-2
2.278409212E1,-2.456594467E0,-8.091673851E-1,-4.818199575E-2
2.278609212E1,-2.461481571E0,-7.468591332E-1,-2.367102774E-3
2.278809212E1,-2.466979265E0,-5.996406078E-1,8.498662710E-2
2.279009212E1,-2.463924885E0,-4.322635233E-1,1.527926624E-1
2.279209212E1,-2.461481571E0,-3.424663246E-1,1.796707362E-1
2.279409212E1,-2.450485945E0,-1.714240611E-1,2.328160107E-1
2.279609215E1,-2.435214281E0,2.672535367E-3,2.725222707E-1
2.279809218E1,-2.433992624E0,8.391761035E-2,2.920699418E-1
2.280009222E1,-2.419942617E0,2.409099787E-1,3.317761719E-1
2.280209312E1,-2.400394917E0,3.832415938E-1,3.720932901E-1
2.280409405E1,-2.393064499E0,4.467715621E-1,3.959170282E-1
2.280609408E1,-2.377793074E0,5.622251034E-1,4.386776090E-1
2.280809412E1,-2.369851828E0,6.495788097E-1,4.789946973E-1
2.281009412E1,-2.366186619E0,6.825655699E-1,4.979315400E-1
2.281209408E1,-2.373516798E0,7.283804417E-1,5.376377702E-1
2.281409405E1,-2.379625559E0,7.644215226E-1,5.816200972E-1
2.281609401E1,-2.401005745E0,7.992408276E-1,6.384305358E-1
2.281809398E1,-2.413223267E0,8.206210732E-1,6.659194827E-1
2.282009395E1,-2.429716587E0,8.841511011E-1,7.184538841E-1
2.282209305E1,-2.431549072E0,1.057636857E0,7.691556811E-1
2.282409231E1,-2.431549072E0,1.057636857E0,7.691556811E-1
2.282609231E1,-2.418110132E0,1.195692301E0,7.832056284E-1
2.282809234E1,-2.400394917E0,1.333747864E0,7.850381732E-1
2.283009238E1,-2.383290768E0,1.402164817E0,7.789295316E-1
2.283209241E1,-2.353969336E0,1.535944343E0,7.587710023E-1
2.283409244E1,-2.323426008E0,1.686828017E0,7.331146598E-1
2.283609248E1,-2.311208725E0,1.772960067E0,7.227299213E-1
2.283809251E1,-2.282497883E0,1.943391442E0,6.958518624E-1
2.284009254E1,-2.250122070E0,2.108325005E0,6.579782367E-1
2.284209344E1,-2.231796265E0,2.189570189E0,6.384305358E-1
2.284409434E1,-2.190257311E0,2.347173452E0,5.956699848E-1
2.284609434E1,-2.156048775E0,2.503554821E0,5.535202622E-1
2.284809434E1,-2.133446932E0,2.573804379E0,5.339725614E-1
2.285009434E1,-2.081523418E0,2.701475143E0,4.844925106E-1
2.285209434E1,-2.028988838E0,2.791272402E0,4.270711541E-1
2.285409434E1,-1.996613026E0,2.816317797E0,3.983604908E-1
2.285609431E1,-1.937359095E0,2.848082781E0,3.354413807E-1
2.285809428E1,-1.861001015E0,2.849915504E0,2.694679201E-1
2.286009424E1,-1.824959874E0,2.836476326E0,2.291508317E-1
2.286209334E1,-1.675908804E0,2.787607193E0,9.048441797E-2
2.286409441E1,-1.624596119E0,2.754620552E0,4.222606122E-2
2.286609437E1,-1.569007397E0,2.711249113E0,-3.588833380E-3
2.286809434E1,-1.466382027E0,2.581134796E0,-8.972083032E-2
2.287009431E1,-1.357648015E0,2.394209862E0,-1.727984995E-1
2.287209430E1,-1.301448345E0,2.284865141E0,-2.125047445E-1
2.287409434E1,-1.204931736E0,2.032577753E0,-2.913063765E-1
2.287609437E1,-1.111469269E0,1.758910060E0,-3.688862622E-1
2.287809440E1,-1.063210964E0,1.613524199E0,-4.055381715E-1
2.288009444E1,-9.587529898E-1,1.331304431E0,-4.733442068E-1
2.288209534E1,-8.475755453E-1,1.064967155E0,-5.368741751E-1
2.288409610E1,-7.938193679E-1,9.495136738E-1,-5.698609352E-1
2.288609614E1,-6.936374903E-1,7.467064261E-1,-6.517168880E-1
2.288809614E1,-6.099489331E-1,5.848271251E-1,-7.457901239E-1
2.289009610E1,-5.739079118E-1,5.115233064E-1,-7.928267121E-1
2.289209607E1,-5.085453391E-1,3.862959146E-1,-8.972846866E-1
2.289409603E1,-4.352414906E-1,2.897791862E-1,-9.907470942E-1
2.289609600E1,-3.955352604E-1,2.598468065E-1,-1.029842496E0
2.289809597E1,-2.996293902E-1,2.164753675E-1,-1.095815897E0
2.290009593E1,-2.043344229E-1,1.828777790E-1,-1.147739410E0
2.290209503E1,-5.772676691E-2,1.230129898E-1,-1.202717304E0
2.290409413E1,-5.772676691E-2,1.230129898E-1,-1.202717304E0
2.290609417E1,3.207042441E-2,7.231117040E-2,-1.225930214E0
2.290809420E1,8.032877743E-2,4.421137273E-2,-1.237536669E0
2.291009423E1,1.627955884E-1,-1.198823005E-2,-1.250975609E0
2.291209426E1,2.373211533E-1,-7.002042979E-2,-1.258916855E0
2.291409430E1,2.770273983E-1,-9.506590664E-2,-1.260749459E0
2.291609433E1,3.381139040E-1,-1.524872333E-1,-1.261971235E0
2.291809436E1,3.778201640E-1,-2.019673288E-1,-1.259527802E0
2.292009440E1,4.034765065E-1,-2.276236564E-1,-1.261971235E0
2.292209526E1,4.279111028E-1,-2.685516477E-1,-1.257695198E0
2.292409416E1,4.431827366E-1,-3.015383482E-1,-1.257084370E0
2.292609416E1,4.505131245E-1,-3.149773777E-1,-1.253419161E0
2.292809416E1,4.505131245E-1,-3.235295117E-1,-1.247310519E0
2.293009416E1,4.499022663E-1,-3.137556612E-1,-1.232038856E0
2.293209416E1,4.352414906E-1,-2.960405648E-1,-1.222875834E0
2.293409413E1,4.291328490E-1,-2.795472145E-1,-1.216767192E0
2.293609409E1,4.095851481E-1,-2.398409694E-1,-1.197830439E0
2.293809406E1,3.753767014E-1,-1.891391575E-1,-1.171563148E0
2.294009403E1,3.576616049E-1,-1.628719419E-1,-1.158124089E0
2.294209313E1,2.984076738E-1,-7.246389240E-2,-1.104367971E0
2.294409223E1,2.984076738E-1,-7.246389240E-2,-1.104367971E0
2.294609219E1,2.428189367E-1,-1.015563495E-2,-1.067716122E0
2.294809216E1,1.847867370E-1,5.765040591E-2,-1.030453324E0
2.295009282E1,1.279762685E-1,1.291216463E-1,-9.876927137E-1
2.295209286E1,9.804387391E-2,1.682170182E-1,-9.675341845E-1
2.295409289E1,3.329215571E-2,2.482403666E-1,-9.168323874E-1
2.295609292E1,-4.001167417E-2,3.276528418E-1,-8.618544936E-1
2.295809296E1,-8.155050874E-2,3.612504303E-1,-8.368090391E-1
2.296009299E1,-1.536326110E-1,4.308890700E-1,-7.806094289E-1
2.296209389E1,-2.232712507E-1,4.901430011E-1,-7.244098186E-1
2.296409482E1,-2.587014437E-1,5.182427764E-1,-6.975317597E-1
2.296609482E1,-3.252857327E-1,5.738315582E-1,-6.388887167E-1
2.296809479E1,-3.851505518E-1,6.233116388E-1,-5.839108229E-1
2.297009475E1,-4.193589985E-1,6.471353769E-1,-5.552001595E-1
2.297209472E1,-4.725042582E-1,6.911176443E-1,-5.032765865E-1
2.297409469E1,-5.219843388E-1,7.393760085E-1,-4.476878643E-1
2.297609465E1,-5.433646441E-1,7.613671422E-1,-4.195880592E-1
2.297809462E1,-5.897904038E-1,8.096255064E-1,-3.676645160E-1
2.298009458E1,-6.301075220E-1,8.450556993E-1,-3.194061518E-1
2.298209372E1,-6.856962442E-1,8.853728175E-1,-2.497675270E-1
2.298409282E1,-6.856962442E-1,8.853728175E-1,-2.497675270E-1
2.298609282E1,-7.089090943E-1,9.055313468E-1,-2.033417672E-1
2.298809282E1,-7.260133624E-1,9.128617644E-1,-1.813506186E-1
2.299009282E1,-7.418958545E-1,9.256899357E-1,-1.367574632E-1
2.299209282E1,-7.498371005E-1,9.299659729E-1,-9.521862119E-2
2.299409282E1,-7.583891749E-1,9.305768609E-1,-7.750352472E-2
2.299609282E1,-7.571674585E-1,9.311876893E-1,-4.085161164E-2
2.299809282E1,-7.443392873E-1,9.244682193E-1,-7.254024968E-3
2.300009285E1,-7.443392873E-1,9.189704061E-1,9.850202128E-3
2.300209375E1,-7.199047208E-1,9.073639512E-1,3.917173296E-2
2.300409465E1,-6.838636398E-1,8.933140635E-1,7.093672454E-2
2.300609468E1,-6.649268270E-1,8.859837055E-1,8.193229884E-2
2.300809472E1,-6.123924255E-1,8.731555343E-1,1.069777757E-1
2.301009408E1,-5.525276065E-1,8.609381914E-1,1.332449764E-1
2.301209408E1,-5.189300179E-1,8.487209082E-1,1.460731477E-1
2.301409405E1,-4.492913783E-1,8.157341480E-1,1.729512215E-1
2.301609401E1,-3.680463135E-1,7.772496939E-1,1.961641014E-1
2.301809398E1,-3.246748745E-1,7.607563138E-1,2.089922726E-1
2.302009395E1,-2.385428846E-1,7.149413824E-1,2.370920777E-1
2.302209305E1,-1.017090604E-1,6.495788097E-1,2.755765915E-1
2.302409211E1,-1.017090604E-1,6.495788097E-1,2.755765915E-1
2.302609208E1,-7.635815535E-3,6.068182588E-1,3.061198592E-1
2.302809208E1,9.010262042E-2,5.701663494E-1,3.384957016E-1
2.303009211E1,1.353066564E-1,5.530621409E-1,3.537673354E-1
2.303209214E1,2.299907655E-1,5.249623060E-1,3.836997449E-1
2.303409218E1,3.185662329E-1,5.048037767E-1,4.172973335E-1
2.303609221E1,3.552181423E-1,4.944190681E-1,4.307363629E-1
2.303809224E1,4.346306324E-1,4.797582924E-1,4.612796307E-1
2.304009228E1,4.999932051E-1,4.669301212E-1,4.893794060E-1
2.304209318E1,5.335907936E-1,4.644866586E-1,5.083162189E-1
2.304409411E1,5.928447247E-1,4.559345543E-1,5.376377702E-1
2.304609411E1,6.429356933E-1,4.479933083E-1,5.694027543E-1
2.304809411E1,6.643159389E-1,4.449389875E-1,5.852852464E-1
2.305009411E1,7.009678483E-1,4.382194579E-1,6.170502305E-1
2.305209411E1,7.315111160E-1,4.308890700E-1,6.469826698E-1
2.305409411E1,7.614435554E-1,4.247804284E-1,6.805802584E-1
2.305609411E1,7.663304210E-1,4.186717570E-1,6.964627504E-1
2.305809411E1,7.925976515E-1,4.192826450E-1,7.325037718E-1
2.306009408E1,8.139779568E-1,4.143957198E-1,7.667122483E-1
2.306209318E1,8.365799785E-1,4.095087945E-1,8.149706125E-1
2.306409231E1,8.365799785E-1,4.095087945E-1,8.149706125E-1
2.306609227E1,8.487972617E-1,4.021784067E-1,8.516225219E-1
2.306809224E1,8.518515825E-1,3.979023397E-1,8.687267303E-1
2.307009221E1,8.646797538E-1,3.887393773E-1,9.035460353E-1
2.307209217E1,8.744536042E-1,3.887393773E-1,9.389762282E-1
2.307409217E1,8.811731339E-1,3.887393773E-1,9.554696083E-1
2.307609217E1,8.952230215E-1,3.930154145E-1,9.902889132E-1
2.307809220E1,9.043859839E-1,3.997349441E-1,1.022053957E0
2.308009224E1,9.123272300E-1,4.021784067E-1,1.037936449E0
2.308209314E1,9.196576476E-1,4.082870483E-1,1.066647053E0
2.308409407E1,9.269880056E-1,4.168391824E-1,1.099022985E0
2.308609410E1,9.349292517E-1,4.253912866E-1,1.110629320E0
2.308809414E1,9.416487813E-1,4.369977117E-1,1.143005252E0
2.309009414E1,9.520334601E-1,4.541019499E-1,1.168661594E0
2.309209414E1,9.532552361E-1,4.632649422E-1,1.179046273E0
2.309409494E1,9.563095570E-1,4.785365760E-1,1.203480840E0
2.309609490E1,9.630290866E-1,4.993059933E-1,1.224250317E0
2.309809487E1,9.666942358E-1,5.096907020E-1,1.233413339E0
2.310009484E1,9.703594446E-1,5.365687609E-1,1.254793525E0
2.310209394E1,9.831876159E-1,5.860488415E-1,1.291445494E0
2.310409300E1,9.831876159E-1,5.860488415E-1,1.291445494E0
2.310609300E1,9.978483915E-1,6.251442432E-1,1.312214851E0
2.310809303E1,1.019228697E0,6.740134358E-1,1.336649537E0
2.311009307E1,1.027780771E0,7.008914948E-1,1.348866820E0
2.311209310E1,1.057713151E0,7.528150678E-1,1.372690558E0
2.311409313E1,1.082147837E0,8.077929020E-1,1.392238259E0
2.311609317E1,1.099862933E0,8.346710205E-1,1.402012110E0
2.311809320E1,1.129795313E0,8.927031755E-1,1.420948863E0
2.312009323E1,1.158505917E0,9.489027858E-1,1.440496564E0
2.312209413E1,1.173777580E0,9.763917327E-1,1.447826982E0
2.312409496E1,1.198212147E0,1.025871873E0,1.460044265E0
2.312609496E1,1.220814228E0,1.072297573E0,1.469818115E0
2.312809497E1,1.230588078E0,1.090623498E0,1.470428944E0
2.313009496E1,1.243416190E0,1.129108071E0,1.473483324E0
2.313209496E1,1.255633473E0,1.164538264E0,1.465542078E0
2.313409497E1,1.257466078E0,1.181642413E0,1.463709474E0
2.313609496E1,1.254411817E0,1.212185740E0,1.443550944E0
2.313809493E1,1.244027019E0,1.237842083E0,1.422170639E0
2.314009490E1,1.231198907E0,1.248837590E0,1.406898975E0
2.314209400E1,1.190270901E0,1.268996239E0,1.352532029E0
2.314409306E1,1.171944976E0,1.270217896E0,1.329319119E0
2.314609303E1,1.151786447E0,1.274493933E0,1.304884553E0
2.314809300E1,1.126130104E0,1.270828843E0,1.248684883E0
2.315009296E1,1.082758665E0,1.256168008E0,1.183322310E0
2.315209293E1,1.054047942E0,1.240285516E0,1.143005252E0
2.315409209E1,1.005789638E0,1.195692301E0,1.069090486E0
2.315609213E1,9.367618561E-1,1.141325355E0,9.854019880E-1
2.315809216E1,9.037751555E-1,1.115669012E0,9.475283623E-1
2.316009219E1,8.378016949E-1,1.058858514E0,8.626180887E-1
2.316209309E1,7.748825550E-1,9.971611500E-1,7.715991735E-1
2.316409402E1,7.443392873E-1,9.660070539E-1,7.208973765E-1
2.316609406E1,6.747006774E-1,8.969792724E-1,6.146067977E-1
2.316809406E1,6.123924255E-1,8.212319613E-1,5.022075772E-1
2.317009406E1,5.506950021E-1,7.833583355E-1,4.423427880E-1
2.317209402E1,5.152648091E-1,7.021132708E-1,3.238349259E-1
2.317409399E1,4.511239827E-1,6.159812212E-1,1.998292953E-1
2.317609396E1,3.888157308E-1,5.267949104E-1,7.765624672E-2
2.317809392E1,3.613267839E-1,4.815908968E-1,1.473712362E-2
2.318009389E1,3.069597781E-1,3.838524520E-1,-9.949467331E-2
2.318209299E1,2.312124968E-1,2.317470014E-1,-2.528218627E-1
2.318409262E1,2.312124968E-1,2.317470014E-1,-2.528218627E-1
2.318597048E1,1.786780804E-1,1.199586615E-1,-3.358995318E-1
2.318797048E1,1.310305893E-1,5.115996581E-3,-3.982077837E-1
2.318997048E1,1.090394482E-1,-4.925100878E-2,-4.287510514E-1
2.319197048E1,6.322455406E-2,-1.445459872E-1,-4.739550650E-1
2.319397048E1,1.252273750E-2,-2.209041417E-1,-5.161047578E-1
2.319597048E1,-1.130100712E-2,-2.508365512E-1,-5.301546454E-1
2.319797048E1,-5.345070735E-2,-2.917645276E-1,-5.576435924E-1
2.319997048E1,-9.865473956E-2,-3.125339448E-1,-5.674174428E-1
2.320197138E1,-1.157589629E-1,-3.149773777E-1,-5.704717636E-1
2.320397232E1,-1.542434692E-1,-3.131448030E-1,-5.686391592E-1
2.320597235E1,-1.902845204E-1,-3.015383482E-1,-5.625305176E-1
2.320797238E1,-2.031126916E-1,-2.923753858E-1,-5.564218760E-1
2.320997242E1,-2.306016237E-1,-2.716059685E-1,-5.423719883E-1
2.321197245E1,-2.574796975E-1,-2.428952903E-1,-5.222133994E-1
2.321397248E1,-2.727513313E-1,-2.270127982E-1,-5.112178326E-1
2.321597248E1,-3.032945991E-1,-1.848630905E-1,-4.800637364E-1
2.321797245E1,-3.142901659E-1,-1.390482038E-1,-4.476878643E-1
2.321997241E1,-3.234531581E-1,-1.146135926E-1,-4.299727678E-1
2.322197151E1,-3.521638215E-1,-3.153591976E-2,-3.756057620E-1
2.322397058E1,-3.521638215E-1,2.061670180E-3,-3.523928821E-1
2.322597055E1,-3.539963961E-1,3.749185428E-2,-3.304017484E-1
2.322797051E1,-3.570507467E-1,1.120174155E-1,-2.815325260E-1
2.322997048E1,-3.552181423E-1,1.902081668E-1,-2.381610870E-1
2.323197048E1,-3.564398587E-1,2.348013222E-1,-2.167807966E-1
2.323397051E1,-3.521638215E-1,3.239876628E-1,-1.807397604E-1
2.323597054E1,-3.454442918E-1,4.143957198E-1,-1.508073509E-1
2.323797058E1,-3.375030458E-1,4.583780169E-1,-1.392009109E-1
2.323997061E1,-3.295617998E-1,5.438991189E-1,-1.257618815E-1
2.324197151E1,-3.179553747E-1,6.245333552E-1,-1.111011133E-1
2.324397191E1,-3.075706363E-1,6.654613018E-1,-1.049924642E-1
2.324597194E1,-2.984076738E-1,7.357108593E-1,-9.033169597E-2
2.324797198E1,-2.849686444E-1,7.919104099E-1,-7.811439037E-2
2.324997198E1,-2.751947939E-1,8.126798272E-1,-7.628180087E-2
2.325197198E1,-2.593123019E-1,8.444448709E-1,-7.078400999E-2
2.325397198E1,-2.501493096E-1,8.694903255E-1,-7.078400999E-2
2.325597198E1,-2.446515262E-1,8.804858923E-1,-6.772968173E-2
2.325797198E1,-2.318233550E-1,8.939249516E-1,-7.383833826E-2
2.325997198E1,-2.098322064E-1,9.024770260E-1,-7.811439037E-2
2.326197108E1,-1.725694388E-1,9.049205184E-1,-7.811439037E-2
2.326397014E1,-1.725694388E-1,9.049205184E-1,-7.811439037E-2
2.326597011E1,-1.383609772E-1,8.902597427E-1,-7.506006956E-2
2.326797007E1,-1.255328059E-1,8.804858923E-1,-7.444920391E-2
2.326997004E1,-8.888089657E-2,8.505535126E-1,-7.200574130E-2
2.327197001E1,-4.489859566E-2,8.139016032E-1,-6.650795043E-2
2.327396997E1,-2.657263726E-2,7.906886935E-1,-6.772968173E-2
2.327596994E1,1.679879427E-2,7.418195009E-1,-6.834054738E-2
2.327796994E1,5.955936015E-2,6.856198907E-1,-7.200574130E-2
2.327996997E1,8.338310570E-2,6.575200558E-1,-7.567093521E-2
2.328197087E1,1.298088580E-1,5.988770127E-1,-8.300131559E-2
2.328397180E1,1.756237596E-1,5.390121937E-1,-9.460775554E-2
2.328597184E1,1.982257664E-1,5.084689856E-1,-1.037707329E-1
2.328797187E1,2.538145185E-1,4.467715621E-1,-1.172097698E-1
2.328997190E1,2.935207486E-1,3.869067729E-1,-1.392009109E-1
2.329197194E1,3.332269788E-1,3.258202374E-1,-1.673007160E-1
2.329397194E1,3.515529633E-1,2.940552533E-1,-1.862375438E-1
2.329597190E1,3.845396638E-1,2.268600762E-1,-2.253329158E-1
2.329797187E1,4.181372523E-1,1.572214365E-1,-2.656500340E-1
2.329997183E1,4.340197444E-1,1.205695271E-1,-2.876411676E-1
2.330197093E1,4.743368626E-1,2.038762718E-2,-3.597232699E-1
2.330397037E1,4.743368626E-1,2.038762718E-2,-3.597232699E-1
2.330597033E1,4.914411008E-1,-4.008803144E-2,-4.159228802E-1
2.330797030E1,5.164865851E-1,-8.468119800E-2,-4.672355652E-1
2.330997030E1,5.439754725E-1,-1.158353239E-1,-5.197699666E-1
2.331197033E1,5.568036437E-1,-1.262200326E-1,-5.460371971E-1
2.331397037E1,5.763513446E-1,-1.396590620E-1,-5.961281061E-1
2.331597040E1,5.940664411E-1,-1.500437707E-1,-6.407212615E-1
2.331797043E1,5.989533663E-1,-1.579850167E-1,-6.633232832E-1
2.331997046E1,6.099489331E-1,-1.763109863E-1,-6.993643641E-1
2.332197136E1,6.075055003E-1,-1.964695305E-1,-7.231881022E-1
2.332397230E1,6.032294035E-1,-2.105194330E-1,-7.311293483E-1
2.332597233E1,5.958990455E-1,-2.392300963E-1,-7.347945571E-1
2.332797233E1,5.836817622E-1,-2.612212598E-1,-7.317401767E-1
2.332997233E1,5.745187402E-1,-2.789363563E-1,-7.256315351E-1
2.333197233E1,5.470298529E-1,-3.290272951E-1,-7.170794606E-1
2.333397233E1,4.938845634E-1,-4.023311138E-1,-6.981425881E-1
2.333597233E1,4.633412957E-1,-4.432590902E-1,-6.877579093E-1
2.333797233E1,4.034765065E-1,-5.128977299E-1,-6.584363580E-1
2.333997230E1,3.454442918E-1,-5.727625489E-1,-6.278930902E-1
2.334197140E1,2.605340183E-1,-6.515641212E-1,-5.747478604E-1
2.334397133E1,2.605340183E-1,-6.515641212E-1,-5.747478604E-1
2.334597146E1,2.122756690E-1,-6.857725978E-1,-5.417611003E-1
2.334797143E1,1.847867370E-1,-6.998224854E-1,-5.222133994E-1
2.334997139E1,1.414152980E-1,-7.108180523E-1,-4.880049825E-1
2.335197136E1,1.114829108E-1,-7.004333735E-1,-4.519639313E-1
2.335397133E1,9.682214260E-2,-6.833291054E-1,-4.324162304E-1
2.335597133E1,7.849618047E-2,-6.387359500E-1,-3.933208585E-1
2.335797136E1,6.688974798E-2,-5.758168697E-1,-3.505602777E-1
2.335997139E1,6.200282276E-2,-5.403866768E-1,-3.273474276E-1
2.336197229E1,4.734205827E-2,-4.683045745E-1,-2.870303094E-1
2.336397286E1,3.817907721E-2,-4.108832479E-1,-2.448806018E-1
2.336597289E1,3.084869497E-2,-3.864486217E-1,-2.247220576E-1
2.336797292E1,1.374446787E-2,-3.430771828E-1,-1.837940812E-1
2.336997296E1,-2.412917651E-2,-3.039818108E-1,-1.532508135E-1
2.337197296E1,-3.940080851E-2,-2.880993187E-1,-1.398117840E-1
2.337397292E1,-7.055493444E-2,-2.514474094E-1,-1.141554415E-1
2.337597289E1,-9.743300825E-2,-2.068542391E-1,-8.239044994E-2
2.337797286E1,-1.108720452E-1,-1.805870384E-1,-6.528622657E-2
2.337997282E1,-1.188132912E-1,-1.127809957E-1,-2.802344225E-2
2.338197192E1,-1.108720452E-1,3.504839167E-2,3.123048507E-2
2.338397099E1,-1.108720452E-1,3.504839167E-2,3.123048507E-2
2.338597095E1,-9.560041130E-2,1.395063549E-1,6.910412759E-2
2.338797095E1,-8.032877743E-2,2.262492180E-1,1.106429696E-1
2.338997099E1,-7.299839705E-2,2.610685229E-1,1.326341182E-1
2.339197102E1,-7.605272532E-2,2.971095741E-1,1.717294902E-1
2.339397105E1,-9.254608303E-2,2.916117907E-1,2.096031308E-1
2.339597109E1,-1.053742543E-1,2.800053656E-1,2.285399586E-1
2.339797112E1,-1.291979998E-1,2.439643145E-1,2.633592784E-1
2.339997115E1,-1.554652005E-1,2.042580694E-1,2.969568670E-1
2.340197205E1,-1.719585657E-1,1.822669208E-1,3.122285008E-1
2.340397212E1,-1.951714456E-1,1.462258697E-1,3.378848433E-1
2.340597195E1,-2.159408629E-1,1.150717437E-1,3.604868650E-1
2.340797195E1,-2.269364446E-1,1.095739529E-1,3.696498275E-1
2.340997195E1,-2.318233550E-1,1.028544381E-1,3.879757822E-1
2.341197195E1,-2.281581759E-1,1.144608781E-1,4.038582742E-1
2.341397195E1,-2.116648108E-1,1.395063549E-1,4.117995203E-1
2.341597195E1,-1.994474977E-1,1.584431678E-1,4.124104083E-1
2.341797192E1,-1.682933718E-1,1.957059503E-1,4.203516543E-1
2.341997188E1,-1.261436790E-1,2.378556579E-1,4.215733707E-1
2.342197098E1,-4.612032697E-2,2.903900743E-1,4.215733707E-1
2.342397008E1,-4.612032697E-2,2.903900743E-1,4.215733707E-1
2.342597005E1,5.192354787E-3,3.026073575E-1,4.258494377E-1
2.342797001E1,3.390302137E-2,3.013856411E-1,4.282929003E-1
2.342996998E1,8.643743396E-2,2.934443951E-1,4.319580793E-1
2.343196995E1,1.493565589E-1,2.763401568E-1,4.368450046E-1
2.343396995E1,1.786780804E-1,2.665663362E-1,4.392884672E-1
2.343596998E1,2.360994220E-1,2.384665161E-1,4.453971088E-1
2.343797001E1,2.953533530E-1,2.067015320E-1,4.527274966E-1
2.343997005E1,3.167336285E-1,1.883755773E-1,4.582252800E-1
2.344197094E1,3.729332387E-1,1.486693323E-1,4.686099887E-1
2.344397188E1,4.260784984E-1,1.101848185E-1,4.771621227E-1
2.344597191E1,4.535674453E-1,9.124799818E-2,4.796055853E-1
2.344797194E1,4.957171381E-1,4.848742858E-2,4.820490479E-1
2.344997194E1,5.409211516E-1,1.450804994E-3,4.881576896E-1
2.345197191E1,5.604688525E-1,-2.542726509E-2,4.912120104E-1
2.345397188E1,5.940664411E-1,-7.551821321E-2,4.948772192E-1
2.345597184E1,6.276640296E-1,-1.201113760E-1,4.954880774E-1
2.345797181E1,6.466008425E-1,-1.433242559E-1,4.948772192E-1
2.345997177E1,6.753115058E-1,-1.818087697E-1,4.924337566E-1
2.346197087E1,7.052439451E-1,-2.349540442E-1,4.826599061E-1
2.346396994E1,7.052439451E-1,-2.349540442E-1,4.826599061E-1
2.346596994E1,7.260133624E-1,-2.648864388E-1,4.741078019E-1
2.346796997E1,7.418958545E-1,-2.917645276E-1,4.582252800E-1
2.346997001E1,7.449501753E-1,-3.027600944E-1,4.502840340E-1
2.347197004E1,7.577783465E-1,-3.320816159E-1,4.319580793E-1
2.347397007E1,7.681630254E-1,-3.699552715E-1,4.069126248E-1
2.347597011E1,7.742717266E-1,-3.919464052E-1,3.928627074E-1
2.347797014E1,7.809911966E-1,-4.414264858E-1,3.672063649E-1
2.347997017E1,7.724391222E-1,-4.982369542E-1,3.433826268E-1
2.348197107E1,7.693848014E-1,-5.306128263E-1,3.311653137E-1
2.348397194E1,7.541131377E-1,-6.026949286E-1,3.073415756E-1
2.348597194E1,7.363980412E-1,-6.753878593E-1,2.761874497E-1
2.348797194E1,7.241807580E-1,-7.132615447E-1,2.633592784E-1
2.348997194E1,7.040221691E-1,-7.890087962E-1,2.377029359E-1
2.349197194E1,6.771441102E-1,-8.629235029E-1,2.163226604E-1
2.349397194E1,6.649268270E-1,-9.020189047E-1,2.047162205E-1
2.349597190E1,6.417139173E-1,-9.808205366E-1,1.815033406E-1
2.349797187E1,6.130032539E-1,-1.071839452E0,1.595121920E-1
2.349997184E1,5.934556127E-1,-1.126817346E0,1.534035355E-1
2.350197094E1,5.354233980E-1,-1.287474871E0,1.393536329E-1
2.350397000E1,5.158756971E-1,-1.335733175E0,1.314123869E-1
2.350596997E1,4.999932051E-1,-1.386435032E0,1.228602752E-1
2.350796993E1,4.572326243E-1,-1.479286551E0,1.100321040E-1
2.350996990E1,4.181372523E-1,-1.578246713E0,9.598220140E-2
2.351196950E1,3.949243724E-1,-1.630170226E0,8.865182102E-2
2.351396953E1,3.484986126E-1,-1.724854350E0,8.254316449E-2
2.351596957E1,3.014619946E-1,-1.806099415E0,8.498662710E-2
2.351796960E1,2.819143236E-1,-1.845194817E0,8.437576145E-2
2.351996963E1,2.464841306E-1,-1.905059576E0,8.193229884E-2
2.352197053E1,2.299907655E-1,-1.942933321E0,8.315403014E-2
2.352397146E1,2.257147133E-1,-1.957594037E0,8.254316449E-2
2.352597150E1,2.214386463E-1,-1.974698305E0,8.865182102E-2
2.352797150E1,2.183843255E-1,-1.984472156E0,9.353873879E-2
2.352997146E1,2.171625942E-1,-1.987526417E0,9.903652966E-2
2.353197143E1,2.214386463E-1,-1.987526417E0,1.057560444E-1
2.353397140E1,2.306016237E-1,-1.971643925E0,1.161407530E-1
2.353597136E1,2.477058619E-1,-1.942322373E0,1.253037304E-1
2.353797133E1,2.544253767E-1,-1.924607277E0,1.289689243E-1
2.353997129E1,2.709187269E-1,-1.899561882E0,1.356884390E-1
2.354197039E1,2.965750694E-1,-1.854968667E0,1.442405581E-1
2.354396989E1,2.965750694E-1,-1.854968667E0,1.442405581E-1
2.354596993E1,3.179553747E-1,-1.820149302E0,1.497383416E-1
2.354796996E1,3.381139040E-1,-1.785940886E0,1.576795876E-1
2.354996999E1,3.503312171E-1,-1.765171528E0,1.589013189E-1
2.355197003E1,3.753767014E-1,-1.723632693E0,1.613447815E-1
2.355397006E1,3.949243724E-1,-1.686980724E0,1.650099754E-1
2.355597009E1,4.108068645E-1,-1.666822195E0,1.674534380E-1
2.355797012E1,4.321871698E-1,-1.627726793E0,1.668425649E-1
2.355997016E1,4.523457289E-1,-1.588020563E0,1.650099754E-1
2.356197102E1,4.615086913E-1,-1.564196825E0,1.650099754E-1
2.356397192E1,4.761694670E-1,-1.524490595E0,1.607339233E-1
2.356597192E1,4.981606007E-1,-1.490893006E0,1.527926624E-1
2.356797192E1,5.067127347E-1,-1.475621343E0,1.534035355E-1
2.356997192E1,5.299255848E-1,-1.447521567E0,1.466840208E-1
2.357197232E1,5.513058901E-1,-1.416367412E0,1.417970955E-1
2.357397229E1,5.647448897E-1,-1.408426166E0,1.411862224E-1
2.357597226E1,5.928447247E-1,-1.382158995E0,1.387427747E-1
2.357797222E1,6.154467463E-1,-1.367498159E0,1.338558495E-1
2.357997219E1,6.319400668E-1,-1.366276503E0,1.295797974E-1
2.358197129E1,6.856962442E-1,-1.352226615E0,1.301906556E-1
2.358397039E1,7.040221691E-1,-1.348561406E0,1.320232451E-1
2.358597035E1,7.186829448E-1,-1.350394011E0,1.338558495E-1
2.358797032E1,7.498371005E-1,-1.351004839E0,1.362993121E-1
2.358997032E1,7.828238010E-1,-1.355891824E0,1.430188268E-1
2.359197032E1,7.974845767E-1,-1.360167861E0,1.466840208E-1
2.359397035E1,8.249735236E-1,-1.357113481E0,1.570687294E-1
2.359597038E1,8.567385077E-1,-1.354059219E0,1.705077589E-1
2.359797042E1,8.720101118E-1,-1.354059219E0,1.778381467E-1
2.359997045E1,8.946121335E-1,-1.346117973E0,1.943315119E-1
2.360197135E1,9.306532145E-1,-1.337565780E0,2.083813995E-1
2.360397188E1,9.477574229E-1,-1.327791929E0,2.132683247E-1
2.360597188E1,9.752463698E-1,-1.313742042E0,2.205987126E-1
2.360797185E1,9.996809959E-1,-1.290529132E0,2.322051525E-1
2.360997182E1,1.014341712E0,-1.278311849E0,2.364812046E-1
2.361197178E1,1.032667756E0,-1.256320715E0,2.566397488E-1
2.361397175E1,1.055880547E0,-1.233107805E0,2.743548453E-1
2.361597171E1,1.066265345E0,-1.219668865E0,2.853504419E-1
2.361797168E1,1.081536889E0,-1.193401575E0,3.000111878E-1
2.361997165E1,1.093754172E0,-1.165912628E0,3.140611053E-1
2.362197078E1,1.113301873E0,-1.113378286E0,3.439934850E-1
2.362396988E1,1.113301873E0,-1.113378286E0,3.439934850E-1
2.362596988E1,1.122464895E0,-1.081613302E0,3.635411859E-1
2.362796988E1,1.123686671E0,-1.069396019E0,3.690389693E-1
2.362996988E1,1.125519156E0,-1.042517900E0,3.849214613E-1
2.363196988E1,1.127962708E0,-1.023581028E0,3.965279162E-1
2.363396988E1,1.129184365E0,-1.011974692E0,4.063017368E-1
2.363596988E1,1.131627917E0,-9.899834991E-1,4.191299081E-1
2.363796988E1,1.124297500E0,-9.600511193E-1,4.362341464E-1
2.363996991E1,1.126130104E0,-9.460011721E-1,4.411210716E-1
2.364197081E1,1.126740932E0,-9.124035835E-1,4.594470263E-1
2.364397171E1,1.121854067E0,-8.830820918E-1,4.759403765E-1
2.364597174E1,1.123686671E0,-8.665887117E-1,4.844925106E-1
2.364797178E1,1.123075724E0,-8.372671604E-1,5.003749728E-1
2.364997181E1,1.115745425E0,-8.030587435E-1,5.162574649E-1
2.365197184E1,1.109636664E0,-7.688502669E-1,5.327508450E-1
2.365397184E1,1.110858440E0,-7.511351705E-1,5.437464118E-1
2.365597181E1,1.108415008E0,-7.126506567E-1,5.590180755E-1
2.365797178E1,1.102306366E0,-6.711118221E-1,5.742896795E-1
2.365997174E1,1.099862933E0,-6.515641212E-1,5.767331719E-1
2.366197084E1,1.093754172E0,-5.923101902E-1,5.944482684E-1
2.366397031E1,1.093754172E0,-5.923101902E-1,5.944482684E-1
2.366597027E1,1.094975948E0,-5.464953184E-1,6.078872681E-1
2.366797027E1,1.091310740E0,-5.098434091E-1,6.176611185E-1
2.366997027E1,1.085812926E0,-4.817436039E-1,6.286566854E-1
2.367197031E1,1.082147837E0,-4.664719701E-1,6.372088194E-1
2.367397034E1,1.079704285E0,-4.371504486E-1,6.463717818E-1
2.367597037E1,1.076039076E0,-4.084397852E-1,6.579782367E-1
2.367797041E1,1.077871680E0,-3.931681514E-1,6.598108411E-1
2.367997044E1,1.081536889E0,-3.601814210E-1,6.665303111E-1
2.368197134E1,1.084591269E0,-3.302490115E-1,6.750824451E-1
2.368397227E1,1.088256478E0,-3.143665195E-1,6.799693704E-1
2.368597227E1,1.094365120E0,-2.795472145E-1,6.866889000E-1
2.368797227E1,1.102306366E0,-2.465604842E-1,6.952410340E-1
2.368997227E1,1.104749799E0,-2.325105816E-1,6.970735788E-1
2.369197227E1,1.113912821E0,-2.074651122E-1,7.031822801E-1
2.369397227E1,1.124297500E0,-1.879174262E-1,7.044039965E-1
2.369597227E1,1.127962708E0,-1.787544489E-1,7.062366009E-1
2.369797227E1,1.134682178E0,-1.616502106E-1,7.111235261E-1
2.369997224E1,1.140790820E0,-1.488220394E-1,7.141778469E-1
2.370197134E1,1.142623425E0,-1.268308908E-1,7.172321677E-1
2.370397040E1,1.142623425E0,-1.268308908E-1,7.172321677E-1
2.370597037E1,1.151786447E0,-1.170570552E-1,7.215082049E-1
2.370797034E1,1.146899462E0,-1.146135926E-1,7.184538841E-1
2.370997030E1,1.148121238E0,-1.091158018E-1,7.202864885E-1
2.371197027E1,1.146899462E0,-1.072832122E-1,7.227299213E-1
2.371397023E1,1.147510409E0,-1.091158018E-1,7.233408093E-1
2.371597023E1,1.135903955E0,-1.121701300E-1,7.239516973E-1
2.371797027E1,1.124908328E0,-1.207222417E-1,7.221190929E-1
2.371997030E1,1.118799686E0,-1.249983013E-1,7.202864885E-1
2.372197120E1,1.099251986E0,-1.396590620E-1,7.166212797E-1
2.372397173E1,1.083369493E0,-1.585958898E-1,7.105126381E-1
2.372597177E1,1.069319606E0,-1.708131880E-1,7.062366009E-1
2.372797180E1,1.044274092E0,-1.946369410E-1,6.995170712E-1
2.372997183E1,1.020450354E0,-2.184606791E-1,6.891323328E-1
2.373197183E1,1.003957033E0,-2.300671190E-1,6.879106164E-1
2.373397180E1,9.752463698E-1,-2.630538344E-1,6.738607287E-1
2.373597176E1,9.355401397E-1,-2.966514230E-1,6.622542739E-1
2.373797173E1,9.172141552E-1,-3.131448030E-1,6.543130279E-1
2.373997170E1,8.842274547E-1,-3.467423916E-1,6.396522522E-1
2.374197080E1,8.237518072E-1,-4.041637182E-1,6.091089845E-1
2.374396986E1,8.237518072E-1,-4.041637182E-1,6.091089845E-1
2.374596986E1,7.754934430E-1,-4.414264858E-1,5.858961344E-1
2.374796986E1,7.339546084E-1,-4.780784249E-1,5.639050007E-1
2.374996986E1,7.107416987E-1,-4.957934916E-1,5.529094338E-1
2.375196986E1,6.643159389E-1,-5.269476175E-1,5.260313153E-1
2.375396986E1,6.166684628E-1,-5.605452061E-1,4.967097938E-1
2.375596986E1,5.940664411E-1,-5.776494741E-1,4.844925106E-1
2.375796986E1,5.464189649E-1,-6.081926823E-1,4.557818174E-1
2.375996986E1,5.006040931E-1,-6.387359500E-1,4.252385795E-1
2.376197073E1,4.706716835E-1,-6.509532928E-1,4.087451994E-1
2.376397166E1,4.279111028E-1,-6.808856726E-1,3.763693571E-1
2.376597169E1,3.845396638E-1,-7.059311271E-1,3.433826268E-1
2.376797143E1,3.631593883E-1,-7.181484699E-1,3.256675303E-1
2.376997146E1,3.203988075E-1,-7.364743948E-1,2.890156209E-1
2.377197149E1,2.813034356E-1,-7.480808496E-1,2.474767864E-1
2.377397153E1,2.403754741E-1,-7.554112077E-1,2.071596831E-1
2.377597156E1,2.220495194E-1,-7.554112077E-1,1.851685345E-1
2.377797156E1,1.896736622E-1,-7.627416253E-1,1.448514163E-1
2.377997152E1,1.481348276E-1,-7.627416253E-1,1.100321040E-1
2.378197063E1,9.865473956E-2,-7.560220957E-1,5.994115397E-2
2.378397003E1,9.865473956E-2,-7.560220957E-1,5.994115397E-2
2.378596999E1,7.055493444E-2,-7.413613200E-1,3.000875562E-2
2.378796996E1,6.505715102E-2,-7.328092456E-1,1.656972058E-2
2.378996992E1,3.451388702E-2,-7.126506567E-1,-8.475755341E-3
2.379196989E1,1.740965992E-2,-6.937138438E-1,-2.557998151E-2
2.379396989E1,7.635815535E-3,-6.833291054E-1,-3.352123126E-2
2.379596992E1,-7.024950348E-3,-6.619488597E-1,-5.184718594E-2
2.379796996E1,-2.046398632E-2,-6.393468380E-1,-6.162103266E-2
2.379996999E1,-2.535090782E-2,-6.265186667E-1,-6.772968173E-2
2.380197089E1,-3.451388702E-2,-6.020840406E-1,-7.506006956E-2
2.380397182E1,-3.940080851E-2,-5.849798322E-1,-8.116871864E-2
2.380597185E1,-4.184427112E-2,-5.739842653E-1,-8.116871864E-2
2.380797189E1,-4.734205827E-2,-5.556582808E-1,-8.666650951E-2
2.380997192E1,-4.489859566E-2,-5.232824683E-1,-9.094256163E-2
2.381197192E1,-4.428773001E-2,-5.086216927E-1,-9.216429293E-2
2.381397192E1,-3.817907721E-2,-4.719697535E-1,-9.277515858E-2
2.381597192E1,-3.695734590E-2,-4.322635233E-1,-1.001055390E-1
2.381797192E1,-3.634648025E-2,-4.145484269E-1,-9.766208380E-2
2.381997192E1,-3.634648025E-2,-3.778965175E-1,-1.013272703E-1
2.382197105E1,-4.673119262E-2,-3.308598995E-1,-1.007164046E-1
2.382397205E1,-4.673119262E-2,-3.308598995E-1,-1.007164046E-1
2.382597202E1,-5.894849449E-2,-3.027600944E-1,-9.460775554E-2
2.382797228E1,-6.994406879E-2,-2.728276849E-1,-8.910996467E-2
2.382997225E1,-7.238753140E-2,-2.563343346E-1,-8.666650951E-2
2.383197222E1,-8.216137439E-2,-2.245693356E-1,-7.994698733E-2
2.383397218E1,-1.084285825E-1,-2.099085748E-1,-7.078400999E-2
2.383597215E1,-1.188132912E-1,-2.062433809E-1,-6.650795043E-2
2.383797212E1,-1.438587606E-1,-1.903608888E-1,-5.673411116E-2
2.383997212E1,-1.676825136E-1,-1.830305010E-1,-4.696026444E-2
2.384197298E1,-1.811215430E-1,-1.793653071E-1,-4.512767121E-2
2.384397358E1,-2.067778856E-1,-1.763109863E-1,-3.413209692E-2
2.384597361E1,-2.281581759E-1,-1.695914567E-1,-2.741257846E-2
2.384797365E1,-2.440406680E-1,-1.744783819E-1,-2.252565511E-2
2.384997368E1,-2.641992271E-1,-1.818087697E-1,-1.275181212E-2
2.385197371E1,-2.880229652E-1,-1.921934783E-1,-6.643159315E-3
2.385397375E1,-2.971859276E-1,-2.001347244E-1,-6.032294128E-3
2.385597375E1,-3.106249869E-1,-2.160172164E-1,-2.977967961E-3
2.385797371E1,-3.234531581E-1,-2.306779921E-1,-5.345070967E-4
2.385997368E1,-3.301726580E-1,-2.386192381E-1,6.872233935E-4
2.386197278E1,-3.368921876E-1,-2.587777972E-1,-1.756237587E-3
2.386397184E1,-3.362813294E-1,-2.642755806E-1,-5.421428941E-3
2.386597181E1,-3.381139040E-1,-2.673299015E-1,-8.475755341E-3
2.386797178E1,-3.466660380E-1,-2.746602893E-1,-2.008219436E-2
2.386997174E1,-3.478877544E-1,-2.826015353E-1,-2.985603921E-2
2.387197174E1,-3.509420753E-1,-2.887101769E-1,-3.718642145E-2
2.387397294E1,-3.625485301E-1,-2.997057736E-1,-4.573853686E-2
2.387597298E1,-3.656028509E-1,-3.094795942E-1,-6.162103266E-2
2.387797301E1,-3.784310222E-1,-3.137556612E-1,-6.834054738E-2
2.387997304E1,-3.924809098E-1,-3.180317283E-1,-8.544477820E-2
2.388197394E1,-4.028656185E-1,-3.137556612E-1,-1.037707329E-1
2.388397294E1,-4.065308273E-1,-3.113121986E-1,-1.135445759E-1
2.388597297E1,-4.144720733E-1,-2.990948856E-1,-1.361465901E-1
2.388797301E1,-4.285219610E-1,-2.850449979E-1,-1.605812013E-1
2.388997301E1,-4.382958114E-1,-2.716059685E-1,-1.734093726E-1
2.389197301E1,-4.437935948E-1,-2.642755806E-1,-2.045634985E-1
2.389397301E1,-4.492913783E-1,-2.483930737E-1,-2.320524305E-1
2.389597301E1,-4.633412957E-1,-2.343431860E-1,-2.607631087E-1
2.389797301E1,-4.706716835E-1,-2.306779921E-1,-2.790890634E-1
2.389997301E1,-4.743368626E-1,-2.160172164E-1,-3.120757937E-1
2.390197214E1,-4.889976382E-1,-2.037999183E-1,-3.652210534E-1
2.390397124E1,-4.889976382E-1,-2.037999183E-1,-3.652210534E-1
2.390597121E1,-5.006040931E-1,-1.983021349E-1,-4.006512463E-1
2.390797117E1,-5.183191895E-1,-1.970804036E-1,-4.391357601E-1
2.390997114E1,-5.280929804E-1,-1.952477992E-1,-4.605160356E-1
2.391197110E1,-5.421429276E-1,-1.903608888E-1,-5.038874745E-1
2.391397107E1,-5.641340613E-1,-1.793653071E-1,-5.484806299E-1
2.391597104E1,-5.732970238E-1,-1.689805984E-1,-5.723043680E-1
2.391797104E1,-5.958990455E-1,-1.451568604E-1,-6.211736202E-1
2.391997104E1,-6.130032539E-1,-1.182787865E-1,-6.712645292E-1
2.392197194E1,-6.233879924E-1,-1.005636901E-1,-6.975317597E-1
2.392397287E1,-6.435465217E-1,-7.368562371E-2,-7.512878776E-1
2.392597290E1,-6.618725061E-1,-4.680754989E-2,-8.135961294E-1
2.392797294E1,-6.771441102E-1,-3.092505224E-2,-8.429176807E-1
2.392997297E1,-6.936374903E-1,5.115996581E-3,-9.046150446E-1
2.393197300E1,-7.046330571E-1,5.093089119E-2,-9.663124681E-1
2.393397183E1,-7.119634151E-1,7.841982692E-2,-9.974665642E-1
2.393597180E1,-7.309002876E-1,1.321759671E-1,-1.065883517E0
2.393797177E1,-7.498371005E-1,1.834886521E-1,-1.135522127E0
2.393997173E1,-7.583891749E-1,2.103667259E-1,-1.172784925E0
2.394197083E1,-7.919867635E-1,2.830596864E-1,-1.279686332E0
2.394396990E1,-8.066475391E-1,3.032182455E-1,-1.315727353E0
2.394596986E1,-8.200865984E-1,3.221550584E-1,-1.348714113E0
2.394796983E1,-8.500189781E-1,3.472005427E-1,-1.420796156E0
2.394996983E1,-8.842274547E-1,3.618612885E-1,-1.486158729E0
2.395196986E1,-9.037751555E-1,3.661373556E-1,-1.517923832E0
2.395396990E1,-9.502009153E-1,3.765220642E-1,-1.578399420E0
2.395596993E1,-9.899071455E-1,3.698025346E-1,-1.633988142E0
2.395796996E1,-1.010065675E0,3.636938930E-1,-1.657201052E0
2.395997000E1,-1.062600136E0,3.374266922E-1,-1.702405095E0
2.396197090E1,-1.116967082E0,2.952769995E-1,-1.738446116E0
2.396397180E1,-1.139569163E0,2.665663362E-1,-1.750663400E0
2.396597183E1,-1.200044751E0,1.957059503E-1,-1.767767668E0
2.396797183E1,-1.253190041E0,1.101848185E-1,-1.762880683E0
2.396997183E1,-1.286787629E0,6.375905871E-2,-1.756161213E0
2.397197183E1,-1.335656881E0,-4.069889709E-2,-1.726839662E0
2.397397183E1,-1.399797678E0,-1.500437707E-1,-1.682857394E0
2.397597183E1,-1.430341005E0,-2.086868435E-1,-1.655979276E0
2.397797183E1,-1.487762332E0,-3.326924741E-1,-1.586951494E0
2.397997183E1,-1.548237920E0,-4.615850449E-1,-1.505095601E0
2.398197093E1,-1.630093932E0,-6.271295547E-1,-1.369483471E0
2.398396999E1,-1.630093932E0,-6.271295547E-1,-1.369483471E0
2.398596996E1,-1.680795670E0,-7.120398283E-1,-1.272355914E0
2.398796993E1,-1.703397751E0,-7.486917377E-1,-1.226541042E0
2.398996989E1,-1.747990847E0,-8.152760267E-1,-1.134911299E0
2.399196986E1,-1.793805838E0,-8.714756370E-1,-1.041448832E0
2.399396982E1,-1.818240404E0,-8.977428079E-1,-9.931905270E-1
2.399596982E1,-1.861001015E0,-9.423360229E-1,-8.966737986E-1
2.399796982E1,-1.904372454E0,-9.716575146E-1,-8.032114506E-1
2.399996986E1,-1.919033170E0,-9.820422530E-1,-7.549530864E-1
2.400197076E1,-1.961793780E0,-9.979247451E-1,-6.523277164E-1
2.400397169E1,-1.997834802E0,-1.005255103E0,-5.497023463E-1
2.400597172E1,-2.016160727E0,-1.005255103E0,-4.990005493E-1
2.400797176E1,-2.043649673E0,-9.979247451E-1,-3.939317167E-1
2.400997179E1,-2.075414658E0,-9.661597610E-1,-2.943606973E-1
2.401197179E1,-2.103514433E0,-9.124035835E-1,-1.917353272E-1
2.401397176E1,-2.117564440E0,-8.775842786E-1,-1.477530301E-1
2.401597172E1,-2.142609835E0,-7.883979678E-1,-6.223189831E-2
2.401797129E1,-2.167044401E0,-6.802747846E-1,8.628471754E-3
2.401997125E1,-2.176818371E0,-6.210208535E-1,4.161519557E-2
2.402197035E1,-2.203696489E0,-4.145484269E-1,1.228602752E-1
2.402396942E1,-2.206139803E0,-3.333033621E-1,1.466840208E-1
2.402596938E1,-2.211026669E0,-2.490039468E-1,1.698969007E-1
2.402796939E1,-2.228741884E0,-6.879869848E-2,2.218204439E-1
2.402996938E1,-2.239737511E0,1.236238554E-1,2.749657333E-1
2.403196938E1,-2.247678757E0,2.231948823E-1,3.030655086E-1
2.403396939E1,-2.262950182E0,4.143957198E-1,3.635411859E-1
2.403596938E1,-2.273334980E0,5.897140503E-1,4.301255047E-1
2.403796938E1,-2.280054569E0,6.703482270E-1,4.655556679E-1
2.403996939E1,-2.292271852E0,8.157341480E-1,5.358051658E-1
2.404197025E1,-2.297769547E0,9.379072189E-1,6.060546637E-1
2.404397115E1,-2.307543516E0,9.892199039E-1,6.365979314E-1
2.404597085E1,-2.316095591E0,1.077184558E0,6.995170712E-1
2.404797088E1,-2.333810568E0,1.154764414E0,7.563275099E-1
2.404997092E1,-2.343584538E0,1.190194607E0,7.856490612E-1
2.405197095E1,-2.355801821E0,1.263498425E0,8.418486714E-1
2.405397098E1,-2.366186619E0,1.336191416E0,8.974373937E-1
2.405597102E1,-2.371684313E0,1.371621609E0,9.212611318E-1
2.405797105E1,-2.379014730E0,1.437595010E0,9.658542871E-1
2.405997105E1,-2.390010357E0,1.507233620E0,1.003727913E0
2.406197015E1,-2.394897223E0,1.639791369E0,1.044655919E0
2.406397035E1,-2.394897223E0,1.639791369E0,1.044655919E0
2.406597032E1,-2.380847216E0,1.744249344E0,1.064203620E0
2.406797028E1,-2.377182007E0,1.805335879E0,1.073977470E0
2.406997025E1,-2.353969336E0,1.948278308E0,1.095968604E0
2.407197021E1,-2.309986830E0,2.112601042E0,1.113683701E0
2.407397021E1,-2.288606644E0,2.191402674E0,1.117348909E0
2.407597021E1,-2.241569996E0,2.339232206E0,1.112461925E0
2.407797065E1,-2.205528975E0,2.471179008E0,1.090470791E0
2.407997068E1,-2.182926893E0,2.529822111E0,1.075810075E0
2.408197158E1,-2.145664215E0,2.647719145E0,1.037936449E0
2.408397251E1,-2.102903605E0,2.750955343E0,9.890671968E-1
2.408597254E1,-2.083355904E0,2.797991991E0,9.591348171E-1
2.408797258E1,-2.035097599E0,2.884734869E0,8.998808861E-1
2.408997261E1,-1.977676272E0,2.958038568E0,8.363508582E-1
2.409197264E1,-1.947132945E0,2.987360239E0,8.076401949E-1
2.409397264E1,-1.868942261E0,3.019125223E0,7.477754354E-1
2.409597264E1,-1.791362286E0,3.028898954E0,6.866889000E-1
2.409797264E1,-1.750434399E0,3.018514156E0,6.530913115E-1
2.409997264E1,-1.669800162E0,2.962314606E0,5.858961344E-1
2.410197178E1,-1.559844375E0,2.758896589E0,4.441753924E-1
2.410397088E1,-1.559844375E0,2.758896589E0,4.441753924E-1
2.410597118E1,-1.464549422E0,2.575026035E0,3.494912684E-1
2.410797114E1,-1.366200089E0,2.342286348E0,2.468659133E-1
2.410997111E1,-1.318552613E0,2.214004755E0,1.894445866E-1
2.411197108E1,-1.216538191E0,1.920789361E0,7.826711237E-2
2.411397104E1,-1.135903955E0,1.594587326E0,-3.657555580E-2
2.411597101E1,-1.096197724E0,1.430875421E0,-9.277515858E-2
2.411797097E1,-1.024115562E0,1.116279840E0,-2.082286924E-1
2.411997094E1,-9.459248185E-1,8.401687741E-1,-3.157409728E-1
2.412197180E1,-8.952230215E-1,7.253261209E-1,-3.676645160E-1
2.412397160E1,-7.864890099E-1,5.420665741E-1,-4.715116024E-1
2.412597164E1,-6.905831695E-1,4.040110111E-1,-5.869651437E-1
2.412797167E1,-6.545420885E-1,3.429244757E-1,-6.468299627E-1
2.412997170E1,-5.849034786E-1,2.378556579E-1,-7.738898993E-1
2.413197174E1,-5.122104883E-1,1.388954818E-1,-8.917868733E-1
2.413397177E1,-4.401284158E-1,5.520694703E-2,-9.889144897E-1
2.413597180E1,-4.040873647E-1,1.672243699E-2,-1.030453324E0
2.413797180E1,-3.234531581E-1,-5.474879593E-2,-1.089707255E0
2.413997177E1,-2.342668176E-1,-1.115592644E-1,-1.125748277E0
2.414197087E1,-9.376781434E-2,-2.037999183E-1,-1.146517754E0
2.414397037E1,-9.376781434E-2,-2.037999183E-1,-1.146517754E0
2.414597034E1,-9.162978968E-4,-2.740494311E-1,-1.149572015E0
2.414797030E1,4.001167417E-2,-3.100904822E-1,-1.151404619E0
2.414997027E1,1.279762685E-1,-3.809508383E-1,-1.152626395E0
2.415197023E1,2.025018334E-1,-4.389830232E-1,-1.153848052E0
2.415397007E1,2.373211533E-1,-4.615850449E-1,-1.152626395E0
2.415597010E1,3.106249869E-1,-4.939609170E-1,-1.159956694E0
2.415797013E1,3.741549551E-1,-5.080108047E-1,-1.169730544E0
2.415997016E1,3.998112977E-1,-5.086216927E-1,-1.176450133E0
2.416197107E1,4.566217661E-1,-4.964043796E-1,-1.185613036E0
2.416397200E1,4.951062799E-1,-4.713588953E-1,-1.194165230E0
2.416597203E1,5.164865851E-1,-4.542546570E-1,-1.195997834E0
2.416797206E1,5.506950021E-1,-4.053854346E-1,-1.192332625E0
2.416997210E1,5.757405162E-1,-3.510184288E-1,-1.191721678E0
2.417197210E1,5.830708742E-1,-3.253620863E-1,-1.190500021E0
2.417397210E1,5.891795158E-1,-2.630538344E-1,-1.180726171E0
2.417597210E1,5.885686874E-1,-1.983021349E-1,-1.169119716E0
2.417797210E1,5.824599862E-1,-1.671480089E-1,-1.156902432E0
2.417997210E1,5.696318150E-1,-9.812022746E-2,-1.133689523E0
2.418197123E1,5.415320396E-1,1.550070569E-2,-1.091539860E0
2.418397030E1,5.415320396E-1,1.550070569E-2,-1.091539860E0
2.418597026E1,5.164865851E-1,9.857837856E-2,-1.057942271E0
2.418797023E1,4.883867502E-1,1.822669208E-1,-1.021290302E0
2.418997019E1,4.712825418E-1,2.262492180E-1,-1.002964377E0
2.419197016E1,4.291328490E-1,3.001639247E-1,-9.657015800E-1
2.419397013E1,3.857614100E-1,3.746894598E-1,-9.204975367E-1
2.419597009E1,3.558290005E-1,4.076761901E-1,-8.954520822E-1
2.419797006E1,3.020728528E-1,4.718170464E-1,-8.465828896E-1
2.419996972E1,2.360994220E-1,5.384013653E-1,-7.928267121E-1
2.420197062E1,2.067778856E-1,5.713880658E-1,-7.628943324E-1
2.420397112E1,1.340849251E-1,6.428593397E-1,-7.054730058E-1
2.420597116E1,5.406157300E-2,7.167739868E-1,-6.443864703E-1
2.420797119E1,1.435533352E-2,7.515933514E-1,-6.162866950E-1
2.420997122E1,-6.383541971E-2,8.193993568E-1,-5.564218760E-1
2.421197206E1,-1.408044398E-1,8.859837055E-1,-4.959462285E-1
2.421397226E1,-1.786780804E-1,9.122508764E-1,-4.684572816E-1
2.421597226E1,-2.562579811E-1,9.641744494E-1,-4.110359550E-1
2.421797222E1,-3.399465084E-1,1.009378433E0,-3.548363447E-1
2.421997219E1,-3.772092760E-1,1.027093530E0,-3.249039650E-1
2.422197129E1,-4.902193546E-1,1.071075797E0,-2.442697436E-1
2.422397035E1,-5.262604356E-1,1.080849648E0,-2.167807966E-1
2.422597032E1,-5.549710989E-1,1.090012670E0,-1.917353272E-1
2.422797029E1,-6.294966340E-1,1.101619124E0,-1.398117840E-1
2.422997025E1,-6.832527518E-1,1.111392975E0,-9.216429293E-2
2.423197025E1,-7.144069076E-1,1.116279840E0,-6.772968173E-2
2.423397028E1,-7.583891749E-1,1.124221087E0,-2.130392566E-2
2.423597032E1,-7.968736887E-1,1.126664639E0,2.145664208E-2
2.423797035E1,-8.084801435E-1,1.127886295E0,4.222606122E-2
2.423997038E1,-8.249735236E-1,1.121166825E0,7.826711237E-2
2.424197128E1,-8.335255980E-1,1.104062557E0,1.100321040E-1
2.424397222E1,-8.371908069E-1,1.091845274E0,1.240820065E-1
2.424597225E1,-8.213083148E-1,1.057636857E0,1.534035355E-1
2.424797228E1,-7.999280095E-1,1.011821866E0,1.802816093E-1
2.424997228E1,-7.614435554E-1,9.544005990E-1,2.041053474E-1
2.425197228E1,-7.376197577E-1,9.263007641E-1,2.157117873E-1
2.425397228E1,-6.777549982E-1,8.658251166E-1,2.346486151E-1
2.425597228E1,-6.062837839E-1,8.047385812E-1,2.572506368E-1
2.425797228E1,-5.751296282E-1,7.711409926E-1,2.651918828E-1
2.425997262E1,-4.902193546E-1,7.082219124E-1,2.841286957E-1
2.426197172E1,-3.533855379E-1,6.123160720E-1,3.128393590E-1
2.426397118E1,-3.533855379E-1,6.123160720E-1,3.128393590E-1
2.426597115E1,-2.501493096E-1,5.475643277E-1,3.311653137E-1
2.426797111E1,-1.395827085E-1,4.889212847E-1,3.513238728E-1
2.426997108E1,-8.399397135E-2,4.626540542E-1,3.629303277E-1
2.427197025E1,3.145955876E-2,4.180608988E-1,3.861432076E-1
2.427397021E1,1.414152980E-1,3.856850564E-1,4.063017368E-1
2.427597018E1,2.000583708E-1,3.710242808E-1,4.172973335E-1
2.427797018E1,3.112358451E-1,3.508657217E-1,4.392884672E-1
2.427997021E1,4.156937897E-1,3.368158340E-1,4.643339515E-1
2.428197111E1,4.621195495E-1,3.276528418E-1,4.753295183E-1
2.428397204E1,5.561928153E-1,3.178789914E-1,4.991532564E-1
2.428597208E1,6.466008425E-1,3.050508201E-1,5.217552781E-1
2.428797211E1,6.875288486E-1,2.989421785E-1,5.382486582E-1
2.428997214E1,7.614435554E-1,2.946661115E-1,5.590180755E-1
2.429197218E1,8.310821652E-1,2.903900743E-1,5.858961344E-1
2.429397218E1,8.634580374E-1,2.922226489E-1,5.981134176E-1
2.429597214E1,9.239336848E-1,2.952769995E-1,6.262132525E-1
2.429797211E1,9.783006907E-1,2.983313203E-1,6.549239159E-1
2.429997207E1,1.005789638E0,3.019964993E-1,6.689738035E-1
2.430197117E1,1.074206591E0,3.129920661E-1,7.099017501E-1
2.430397217E1,1.093754172E0,3.172681332E-1,7.245625257E-1
2.430597214E1,1.112080216E0,3.197115958E-1,7.386124134E-1
2.430797211E1,1.146899462E0,3.282637000E-1,7.691556811E-1
2.430997211E1,1.175610185E0,3.331506252E-1,7.960337996E-1
2.431197214E1,1.188438296E0,3.374266922E-1,8.131380081E-1
2.431397217E1,1.215927243E0,3.441462219E-1,8.424595594E-1
2.431597220E1,1.240972757E0,3.533091843E-1,8.675050139E-1
2.431797224E1,1.247081399E0,3.594178259E-1,8.827766180E-1
2.431997227E1,1.261131287E0,3.698025346E-1,9.133198857E-1
2.432197317E1,1.281900764E0,3.789655268E-1,9.408088326E-1
2.432397370E1,1.288620234E0,3.875176311E-1,9.542478919E-1
2.432597374E1,1.297172308E0,4.015675485E-1,9.847911596E-1
2.432797374E1,1.308167934E0,4.180608988E-1,1.011058331E0
2.432997374E1,1.310611367E0,4.260021448E-1,1.025108218E0
2.433197374E1,1.311833143E0,4.412737787E-1,1.053207994E0
2.433397374E1,1.308778763E0,4.602105916E-1,1.081918716E0
2.433597374E1,1.307557106E0,4.718170464E-1,1.099022985E0
2.433797374E1,1.310611367E0,4.999168515E-1,1.132009625E0
2.433997370E1,1.317941785E0,5.371796489E-1,1.163163781E0
2.434197280E1,1.329548240E0,6.104834676E-1,1.208367825E0
2.434397187E1,1.329548240E0,6.104834676E-1,1.208367825E0
2.434597184E1,1.349706769E0,6.672939062E-1,1.237689376E0
2.434797180E1,1.356426239E0,6.953937411E-1,1.251739264E0
2.434997177E1,1.376584888E0,7.552585006E-1,1.281060815E0
2.435197173E1,1.393689036E0,8.132907152E-1,1.312825799E0
2.435397170E1,1.402852058E0,8.407796621E-1,1.325653911E0
2.435597170E1,1.417512774E0,8.896488547E-1,1.353753686E0
2.435797173E1,1.429730058E0,9.275225401E-1,1.380631804E0
2.435997176E1,1.437671304E0,9.458484650E-1,1.392849088E0
2.436197267E1,1.439503908E0,9.788352251E-1,1.413618565E0
2.436397166E1,1.443169117E0,1.007545829E0,1.441107512E0
2.436597170E1,1.440114856E0,1.021595716E0,1.453324795E0
2.436797173E1,1.438893080E0,1.046030402E0,1.478370309E0
2.436997176E1,1.424232364E0,1.070464969E0,1.504026532E0
2.437197176E1,1.407128096E0,1.086958289E0,1.525406837E0
2.437397173E1,1.390634775E0,1.093677878E0,1.532737255E0
2.437597170E1,1.363756657E0,1.101008296E0,1.539456725E0
2.437797166E1,1.324050426E0,1.102840900E0,1.536402464E0
2.437997163E1,1.298394084E0,1.104062557E0,1.532737255E0
2.438197073E1,1.210429430E0,1.096121311E0,1.494252801E0
2.438396983E1,1.210429430E0,1.096121311E0,1.494252801E0
2.438596979E1,1.136514783E0,1.080849648E0,1.447826982E0
2.438796979E1,1.047939301E0,1.055804253E0,1.384297013E0
2.438996979E1,9.532552361E-1,1.017930627E0,1.309771419E0
2.439196979E1,9.001099467E-1,9.953285456E-1,1.268232584E0
2.439396979E1,7.944302559E-1,9.385181069E-1,1.177213669E0
2.439596979E1,6.801984310E-1,8.664360046E-1,1.081307888E0
2.439796979E1,6.294966340E-1,8.248971701E-1,1.028162599E0
2.439996979E1,5.146539807E-1,7.344890833E-1,9.151524901E-1
2.440197066E1,4.046982229E-1,6.404158473E-1,7.868707776E-1
2.440397156E1,3.460551500E-1,5.927683711E-1,7.215082049E-1
2.440597159E1,2.275473028E-1,4.919756055E-1,5.803983212E-1
2.440797163E1,1.108720452E-1,3.850741684E-1,4.191299081E-1
2.440997166E1,5.161811411E-2,3.325397670E-1,3.317761719E-1
2.441197169E1,-5.894849449E-2,2.256383449E-1,1.527926624E-1
2.441397173E1,-1.585195363E-1,1.278999150E-1,-2.619084716E-2
2.441597176E1,-2.092213482E-1,7.658722997E-2,-1.159880385E-1
2.441797176E1,-2.959642112E-1,-1.259909570E-2,-2.784782052E-1
2.441997176E1,-3.680463135E-1,-1.091158018E-1,-4.250858426E-1
2.442197086E1,-4.590652287E-1,-2.618321180E-1,-5.918520689E-1
2.442396992E1,-4.590652287E-1,-2.618321180E-1,-5.918520689E-1
2.442596976E1,-4.999932051E-1,-3.638466001E-1,-6.682102084E-1
2.442796972E1,-5.201517344E-1,-4.151592851E-1,-6.999751925E-1
2.442996969E1,-5.647448897E-1,-5.043455958E-1,-7.580074072E-1
2.443196966E1,-6.007859707E-1,-5.745950937E-1,-8.068766594E-1
2.443396966E1,-6.209445000E-1,-6.008623242E-1,-8.245916963E-1
2.443596969E1,-6.508769393E-1,-6.381251216E-1,-8.526915312E-1
2.443796972E1,-6.740897894E-1,-6.570619345E-1,-8.673523068E-1
2.443996975E1,-6.820310354E-1,-6.582836509E-1,-8.642979860E-1
2.444197065E1,-6.954700947E-1,-6.472880840E-1,-8.606327772E-1
2.444397155E1,-6.948592067E-1,-6.210208535E-1,-8.435285687E-1
2.444597159E1,-6.911939979E-1,-6.014732122E-1,-8.282569051E-1
2.444797162E1,-6.838636398E-1,-5.471062064E-1,-7.983245254E-1
2.444997165E1,-6.685920358E-1,-4.756349623E-1,-7.573965192E-1
2.445197165E1,-6.575964093E-1,-4.383721650E-1,-7.390705943E-1
2.445397165E1,-6.368269920E-1,-3.455206454E-1,-6.883687973E-1
2.445597165E1,-6.075055003E-1,-2.471713424E-1,-6.370561123E-1
2.445797165E1,-5.928447247E-1,-1.952477992E-1,-6.101779938E-1
2.445997165E1,-5.641340613E-1,-8.040513843E-2,-5.497023463E-1
2.446197079E1,-5.183191895E-1,1.040761694E-1,-4.586834311E-1
2.446396989E1,-5.183191895E-1,1.040761694E-1,-4.586834311E-1
2.446596982E1,-4.896084964E-1,2.341904640E-1,-3.975969255E-1
2.446796978E1,-4.608978331E-1,3.643047512E-1,-3.383429945E-1
2.446996975E1,-4.492913783E-1,4.247804284E-1,-3.077997267E-1
2.447196972E1,-4.279111028E-1,5.487860441E-1,-2.534327209E-1
2.447396968E1,-4.065308273E-1,6.660721898E-1,-1.966222525E-1
2.447596965E1,-3.961461186E-1,7.198283076E-1,-1.740202308E-1
2.447796962E1,-3.790418804E-1,8.206210732E-1,-1.257618815E-1
2.447996958E1,-3.631593883E-1,9.110291600E-1,-7.994698733E-2
2.448197045E1,-3.539963961E-1,9.501245022E-1,-6.284276396E-2
2.448397138E1,-3.265074790E-1,1.014265418E0,-3.107776865E-2
2.448597155E1,-3.020728528E-1,1.069854140E0,-2.977967961E-3
2.448797158E1,-2.904664278E-1,1.083904028E0,1.298088697E-3
2.448997161E1,-2.623666227E-1,1.114447236E0,1.229366288E-2
2.449197165E1,-2.324342281E-1,1.135216713E0,1.718058437E-2
2.449397168E1,-2.086104751E-1,1.140103579E0,1.779145002E-2
2.449597168E1,-1.933388561E-1,1.136438489E0,1.779145002E-2
2.449797168E1,-1.615738571E-1,1.112003803E0,1.534798928E-2
2.449997164E1,-1.383609772E-1,1.072297573E0,9.850202128E-3
2.450197074E1,-1.072068512E-1,9.763917327E-1,-2.367102774E-3
2.450397014E1,-1.072068512E-1,9.763917327E-1,-2.367102774E-3
2.450597011E1,-9.010262042E-2,8.982009888E-1,-1.519527286E-2
2.450797008E1,-8.460483700E-2,8.542186618E-1,-2.069306001E-2
2.450997004E1,-7.055493444E-2,7.552585006E-1,-3.291036561E-2
2.451197004E1,-6.933320314E-2,6.373615265E-1,-3.657555580E-2
2.451397008E1,-7.483099401E-2,5.707772374E-1,-4.207334295E-2
2.451597011E1,-8.277224004E-2,4.101196527E-1,-5.490151420E-2
2.451797014E1,-9.987647086E-2,2.176970989E-1,-9.155342728E-2
2.451997017E1,-1.114829108E-1,1.120174155E-1,-1.147663072E-1
2.452197107E1,-1.426370293E-1,-1.133918613E-1,-1.752419621E-1
2.452397201E1,-1.750128865E-1,-3.369685411E-1,-2.564870417E-1
2.452597207E1,-1.890627891E-1,-4.420373738E-1,-3.035236597E-1
2.452797211E1,-2.214386463E-1,-6.338490248E-1,-4.085924923E-1
2.452997211E1,-2.464841306E-1,-7.804567218E-1,-5.307655334E-1
2.453197211E1,-2.556470931E-1,-8.329911232E-1,-5.918520689E-1
2.453397211E1,-2.580905557E-1,-8.830820918E-1,-7.219663858E-1
2.453597211E1,-2.379320115E-1,-8.665887117E-1,-8.398633599E-1
2.453797211E1,-2.177734673E-1,-8.378780484E-1,-8.936194777E-1
2.453997211E1,-1.652390510E-1,-7.419722080E-1,-9.773080349E-1
2.454197124E1,-5.406157300E-2,-5.556582808E-1,-1.051833630E0
2.454397031E1,-5.406157300E-2,-5.556582808E-1,-1.051833630E0
2.454597027E1,1.863138936E-2,-4.365395904E-1,-1.080544233E0
2.454797024E1,7.971791178E-2,-3.296381533E-1,-1.089707255E0
2.454997020E1,1.059851199E-1,-2.887101769E-1,-1.091539860E0
2.455197017E1,1.566869318E-1,-2.239584774E-1,-1.079933405E0
2.455397014E1,2.043344229E-1,-1.793653071E-1,-1.059774876E0
2.455597010E1,2.214386463E-1,-1.665371358E-1,-1.043281436E0
2.455797007E1,2.629774809E-1,-1.414916664E-1,-1.005407810E0
2.455997007E1,3.045163155E-1,-1.256091595E-1,-9.602038264E-1
2.456197097E1,3.246748745E-1,-1.133918613E-1,-9.345474839E-1
2.456397157E1,3.784310222E-1,-8.773551881E-2,-8.820130825E-1
2.456597160E1,4.273002446E-1,-5.413793400E-2,-8.252025843E-1
2.456797163E1,4.505131245E-1,-4.192062840E-2,-7.977136374E-1
2.456997167E1,4.993823469E-1,-1.626428775E-2,-7.445683479E-1
2.457197170E1,5.360342264E-1,-2.214386594E-3,-6.834818721E-1
2.457397170E1,5.494732857E-1,8.399396902E-4,-6.529386044E-1
2.457597170E1,5.684100986E-1,-3.436116967E-3,-5.894085765E-1
2.457797167E1,5.867360830E-1,7.559457328E-3,-5.197699666E-1
2.457997163E1,5.952881575E-1,1.366810966E-2,-4.825071990E-1
2.458197073E1,6.050620079E-1,5.398521572E-2,-3.725514412E-1
2.458396980E1,6.038402915E-1,7.108944654E-2,-3.389538527E-1
2.458596976E1,6.038402915E-1,9.002626687E-2,-3.010801971E-1
2.458796973E1,5.836817622E-1,1.169043332E-1,-2.332741618E-1
2.458996973E1,5.574145317E-1,1.370628923E-1,-1.679115891E-1
2.459196973E1,5.451972485E-1,1.462258697E-1,-1.379791945E-1
2.459396976E1,5.170974135E-1,1.608866304E-1,-7.628180087E-2
2.459596980E1,4.914411008E-1,1.718822122E-1,-2.374738641E-2
2.459796983E1,4.792237878E-1,1.676061451E-1,-5.345070967E-4
2.459996986E1,4.419609904E-1,1.486693323E-1,4.589125142E-2
2.460197076E1,3.979786932E-1,1.254564524E-1,8.804095536E-2
2.460397169E1,3.723223805E-1,1.083522215E-1,1.069777757E-1
2.460597173E1,3.130684495E-1,6.253732741E-2,1.485166103E-1
2.460797173E1,2.550362349E-1,2.771801129E-2,1.876119822E-1
2.460997173E1,2.092213482E-1,1.366810966E-2,2.218204439E-1
2.461197173E1,1.835650057E-1,6.337726954E-3,2.346486151E-1
2.461397173E1,1.359175146E-1,-7.101308554E-3,2.670244575E-1
2.461597173E1,9.437867999E-2,-2.542726509E-2,2.945134044E-1
2.461797173E1,6.505715102E-2,-3.153591976E-2,3.128393590E-1
2.461997173E1,2.107485011E-2,-4.375322163E-2,3.452152312E-1
2.462197083E1,-3.573561832E-2,-4.253149405E-2,3.898083866E-1
2.462397023E1,-3.573561832E-2,-4.253149405E-2,3.898083866E-1
2.462597019E1,-5.955936015E-2,-2.725986205E-2,4.166864455E-1
2.462797016E1,-7.666359097E-2,-1.198823005E-2,4.460079968E-1
2.462997012E1,-8.888089657E-2,-5.268712528E-3,4.588361681E-1
2.463197009E1,-1.065959856E-1,4.505131394E-3,4.820490479E-1
2.463397006E1,-1.194241568E-1,1.550070569E-2,4.973206818E-1
2.463597002E1,-1.243110746E-1,1.916589774E-2,5.015967488E-1
2.463797002E1,-1.316414624E-1,2.588541433E-2,5.095379949E-1
2.463997006E1,-1.316414624E-1,3.077233583E-2,5.205335617E-1
2.464197096E1,-1.298088580E-1,3.627012298E-2,5.223661661E-1
2.464397189E1,-1.127046347E-1,5.642867833E-2,5.303074121E-1
2.464597192E1,-8.277224004E-2,8.147415519E-2,5.400812626E-1
2.464797196E1,-6.322455406E-2,1.046870351E-1,5.443572998E-1
2.464997199E1,-1.191187184E-2,1.523345262E-1,5.547419786E-1
2.465197202E1,4.245513305E-2,1.963168234E-1,5.571854711E-1
2.465397202E1,6.688974798E-2,2.109775841E-1,5.626832247E-1
2.465597199E1,1.157589629E-1,2.280818075E-1,5.718462467E-1
2.465797195E1,1.640173197E-1,2.311361432E-1,5.828418136E-1
2.465997192E1,1.884519309E-1,2.311361432E-1,5.871178508E-1
2.466197102E1,2.623666227E-1,2.170862406E-1,6.115524769E-1
2.466397009E1,2.819143236E-1,2.085341215E-1,6.194937229E-1
2.466597005E1,3.075706363E-1,1.975385547E-1,6.292675734E-1
2.466797005E1,3.466660380E-1,1.602757722E-1,6.457608938E-1
2.466997005E1,3.790418804E-1,1.187369302E-1,6.591999531E-1
2.467197005E1,3.943135142E-1,9.918924421E-2,6.665303111E-1
2.467397005E1,4.230241776E-1,5.887213722E-2,6.781367660E-1
2.467597005E1,4.431827366E-1,1.672243699E-2,6.836345792E-1
2.467797005E1,4.541783035E-1,-1.137736533E-2,6.824128628E-1
2.467997005E1,4.602869749E-1,-5.780312419E-2,6.824128628E-1
2.468197092E1,4.761694670E-1,-9.262244403E-2,6.793584824E-1
2.468397148E1,4.822781086E-1,-1.066723466E-1,6.775259376E-1
2.468597152E1,5.024366379E-1,-1.311069578E-1,6.677520871E-1
2.468797155E1,5.109887719E-1,-1.402699351E-1,6.591999531E-1
2.468997158E1,5.238169432E-1,-1.378264725E-1,6.549239159E-1
2.469197162E1,5.403103232E-1,-1.390482038E-1,6.420957446E-1
2.469397165E1,5.561928153E-1,-1.402699351E-1,6.268240809E-1
2.469597168E1,5.659666657E-1,-1.433242559E-1,6.170502305E-1
2.469797171E1,5.763513446E-1,-1.518763751E-1,5.938373804E-1
2.469997171E1,5.904012322E-1,-1.714240611E-1,5.687919259E-1
2.470197081E1,5.977316499E-1,-2.221258730E-1,5.272530913E-1
2.470397001E1,5.977316499E-1,-2.221258730E-1,5.272530913E-1
2.470596998E1,5.995642543E-1,-2.685516477E-1,4.954880774E-1
2.470796995E1,5.983424783E-1,-2.960405648E-1,4.796055853E-1
2.470996991E1,5.904012322E-1,-3.577379584E-1,4.515057802E-1
2.471196988E1,5.800165534E-1,-4.206570685E-1,4.234059751E-1
2.471396984E1,5.720753074E-1,-4.560872614E-1,4.105778039E-1
2.471596984E1,5.568036437E-1,-5.238932967E-1,3.788128197E-1
2.471796988E1,5.451972485E-1,-5.916993618E-1,3.531564772E-1
2.471996991E1,5.409211516E-1,-6.320164800E-1,3.433826268E-1
2.472197081E1,5.238169432E-1,-7.279223204E-1,3.232240677E-1
2.472397174E1,4.938845634E-1,-8.525388241E-1,3.055089712E-1
2.472597178E1,4.780020416E-1,-9.191231132E-1,2.981785834E-1
2.472797181E1,4.419609904E-1,-1.047404766E0,2.761874497E-1
2.472997184E1,4.181372523E-1,-1.174464822E0,2.450333238E-1
2.473197188E1,3.882048726E-1,-1.293583512E0,2.187661231E-1
2.473397188E1,3.741549551E-1,-1.354670048E0,2.071596831E-1
2.473597188E1,3.313944042E-1,-1.486616969E0,1.900554448E-1
2.473797188E1,2.990185320E-1,-1.606957436E0,1.784490049E-1
2.473997188E1,2.751947939E-1,-1.664989591E0,1.747838110E-1
2.474197101E1,2.422080636E-1,-1.809764624E0,1.680642962E-1
2.474397044E1,2.422080636E-1,-1.809764624E0,1.680642962E-1
2.474597041E1,2.177734673E-1,-1.875127196E0,1.656208336E-1
2.474797037E1,2.116648108E-1,-1.917276978E0,1.692860276E-1
2.474997034E1,2.079996169E-1,-1.936824560E0,1.705077589E-1
2.475197030E1,2.141082734E-1,-1.942322373E0,1.723403633E-1
2.475397027E1,2.312124968E-1,-1.945376754E0,1.680642962E-1
2.475597024E1,2.507601976E-1,-1.929494262E0,1.625665128E-1
2.475797020E1,2.580905557E-1,-1.914222598E0,1.595121920E-1
2.475997017E1,2.868012190E-1,-1.875127196E0,1.650099754E-1
2.476197104E1,3.210096955E-1,-1.825036287E0,1.698969007E-1
2.476397184E1,3.356704414E-1,-1.797547340E0,1.729512215E-1
2.476597187E1,3.729332387E-1,-1.737682581E0,1.870011240E-1
2.476797190E1,4.022547603E-1,-1.688813329E0,1.943315119E-1
2.476997193E1,4.205807149E-1,-1.663156986E0,2.004401535E-1
2.477197197E1,4.517348409E-1,-1.617952943E0,2.047162205E-1
2.477397257E1,4.810563922E-1,-1.583744526E0,2.089922726E-1
2.477597260E1,4.963280261E-1,-1.572748899E0,2.096031308E-1
2.477797260E1,5.158756971E-1,-1.555644751E0,2.114357352E-1
2.477997257E1,5.335907936E-1,-1.544649124E0,2.053270787E-1
2.478197167E1,5.543602109E-1,-1.540373087E0,1.918880492E-1
2.478397167E1,5.543602109E-1,-1.540373087E0,1.918880492E-1
2.478597163E1,5.702427030E-1,-1.539762259E0,1.833359301E-1
2.478797160E1,5.800165534E-1,-1.537929654E0,1.796707362E-1
2.478997156E1,5.958990455E-1,-1.538540483E0,1.717294902E-1
2.479197153E1,6.166684628E-1,-1.537318707E0,1.637882441E-1
2.479397153E1,6.191119552E-1,-1.534875274E0,1.613447815E-1
2.479597156E1,6.398813725E-1,-1.520825386E0,1.540143937E-1
2.479797160E1,6.520986557E-1,-1.512273312E0,1.472948790E-1
2.479997163E1,6.630942225E-1,-1.506164670E0,1.411862224E-1
2.480197253E1,6.771441102E-1,-1.503110290E0,1.356884390E-1
2.480397313E1,6.948592067E-1,-1.498223424E0,1.289689243E-1
2.480597316E1,7.034113407E-1,-1.492725611E0,1.277471930E-1
2.480797320E1,7.144069076E-1,-1.484173417E0,1.204168126E-1
2.480997323E1,7.278459668E-1,-1.474399686E0,1.173624843E-1
2.481197323E1,7.370089293E-1,-1.471956134E0,1.161407530E-1
2.481397323E1,7.553348541E-1,-1.467680097E0,1.143081561E-1
2.481597323E1,7.699956298E-1,-1.457906246E0,1.149190217E-1
2.481797323E1,7.785477638E-1,-1.450575829E0,1.161407530E-1
2.481997323E1,7.987062931E-1,-1.433471680E0,1.204168126E-1
2.482197236E1,8.396342993E-1,-1.406593561E0,1.295797974E-1
2.482397143E1,8.396342993E-1,-1.406593561E0,1.295797974E-1
2.482597139E1,8.683449626E-1,-1.393154502E0,1.436296850E-1
2.482797136E1,8.976664543E-1,-1.379104614E0,1.546252668E-1
2.482997133E1,9.037751555E-1,-1.371774316E0,1.589013189E-1
2.483197129E1,9.257662892E-1,-1.355891824E0,1.753946841E-1
2.483397069E1,9.434813857E-1,-1.338787556E0,1.979966909E-1
2.483597066E1,9.526443481E-1,-1.329013705E0,2.102140039E-1
2.483797062E1,9.728028774E-1,-1.306411743E0,2.328160107E-1
2.483997062E1,9.862419367E-1,-1.285642266E0,2.578614950E-1
2.484197149E1,9.947940707E-1,-1.273424983E0,2.706896663E-1
2.484397149E1,1.006400466E0,-1.254488111E0,2.908482254E-1
2.484597152E1,1.019228697E0,-1.239216566E0,3.158936799E-1
2.484797156E1,1.021061301E0,-1.231886148E0,3.287218511E-1
2.484997159E1,1.024726391E0,-1.216614485E0,3.549890518E-1
2.485197162E1,1.015563488E0,-1.201953769E0,3.782019317E-1
2.485397165E1,1.010676503E0,-1.176908255E0,3.977496326E-1
2.485597165E1,1.005178809E0,-1.161636591E0,4.087451994E-1
2.485797162E1,9.960157871E-1,-1.123152137E0,4.252385795E-1
2.485997159E1,9.831876159E-1,-1.076115489E0,4.392884672E-1
2.486197069E1,9.581421614E-1,-9.967030287E-1,4.515057802E-1
2.486396975E1,9.581421614E-1,-9.967030287E-1,4.515057802E-1
2.486596972E1,9.373727441E-1,-9.484446645E-1,4.570035636E-1
2.486796968E1,9.233227968E-1,-9.246209264E-1,4.545601010E-1
2.486996965E1,8.970556259E-1,-8.788059950E-1,4.533383846E-1
2.487196965E1,8.640688658E-1,-8.354345560E-1,4.533383846E-1
2.487396968E1,8.500189781E-1,-8.109999895E-1,4.557818174E-1
2.487596972E1,8.255843520E-1,-7.725154757E-1,4.661665261E-1
2.487796975E1,7.987062931E-1,-7.297548652E-1,4.802164435E-1
2.487996978E1,7.858781219E-1,-7.089854479E-1,4.881576896E-1
2.488197068E1,7.644978762E-1,-6.698901057E-1,5.058727860E-1
2.488397162E1,7.455610037E-1,-6.338490248E-1,5.260313153E-1
2.488597165E1,7.376197577E-1,-6.167448163E-1,5.358051658E-1
2.488797168E1,7.290676832E-1,-5.807037950E-1,5.547419786E-1
2.488997168E1,7.235698700E-1,-5.446627140E-1,5.724570751E-1
2.489197168E1,7.217372656E-1,-5.251150131E-1,5.803983212E-1
2.489397168E1,7.290676832E-1,-4.902957082E-1,5.944482684E-1
2.489597168E1,7.309002876E-1,-4.573090076E-1,6.017786264E-1
2.489797168E1,7.376197577E-1,-4.444808364E-1,6.066655517E-1
2.489997168E1,7.455610037E-1,-4.169918895E-1,6.146067977E-1
2.490197081E1,7.590000629E-1,-3.870594800E-1,6.207154393E-1
2.490396988E1,7.590000629E-1,-3.870594800E-1,6.207154393E-1
2.490596985E1,7.699956298E-1,-3.723987341E-1,6.225480437E-1
2.490796981E1,7.779368758E-1,-3.595705628E-1,6.201046109E-1
2.490996978E1,7.834346890E-1,-3.559053540E-1,6.176611185E-1
2.491196974E1,7.950411439E-1,-3.424663246E-1,6.146067977E-1
2.491396971E1,8.005388975E-1,-3.308598995E-1,6.109415889E-1
2.491596968E1,8.090910316E-1,-3.253620863E-1,6.078872681E-1
2.491796968E1,8.158105612E-1,-3.125339448E-1,6.048329473E-1
2.491996968E1,8.298604488E-1,-3.003166318E-1,5.968917012E-1
2.492197058E1,8.353582025E-1,-2.929862440E-1,5.962808132E-1
2.492397151E1,8.432994485E-1,-2.795472145E-1,5.938373804E-1
2.492597154E1,8.512406945E-1,-2.673299015E-1,5.944482684E-1
2.492797158E1,8.524624705E-1,-2.599995136E-1,5.938373804E-1
2.492997161E1,8.542950749E-1,-2.551125884E-1,5.962808132E-1
2.493197164E1,8.597928286E-1,-2.514474094E-1,5.999460220E-1
2.493397164E1,8.628471494E-1,-2.508365512E-1,6.030003428E-1
2.493597161E1,8.549059033E-1,-2.508365512E-1,6.091089845E-1
2.493797157E1,8.512406945E-1,-2.563343346E-1,6.127741933E-1
2.493997154E1,8.469646573E-1,-2.581669390E-1,6.146067977E-1
2.494197064E1,8.310821652E-1,-2.740494311E-1,6.139959097E-1
2.494396970E1,8.255843520E-1,-2.813797891E-1,6.146067977E-1
2.494596967E1,8.170322776E-1,-2.856558561E-1,6.164394021E-1
2.494796964E1,8.084801435E-1,-3.027600944E-1,6.139959097E-1
2.494996964E1,7.883216143E-1,-3.186425865E-1,6.115524769E-1
2.495196964E1,7.779368758E-1,-3.278055489E-1,6.097198725E-1
2.495396964E1,7.590000629E-1,-3.467423916E-1,6.072764397E-1
2.495596964E1,7.382306457E-1,-3.656792045E-1,5.975025892E-1
2.495796964E1,7.309002876E-1,-3.760639131E-1,5.975025892E-1
2.495996964E1,7.040221691E-1,-4.017202556E-1,5.920047760E-1
2.496197050E1,6.789767146E-1,-4.261548519E-1,5.840635300E-1
2.496397140E1,6.655376554E-1,-4.408156276E-1,5.803983212E-1
2.496597140E1,6.398813725E-1,-4.689154327E-1,5.700136423E-1
2.496797144E1,6.130032539E-1,-4.921283126E-1,5.584071875E-1
2.496997147E1,5.830708742E-1,-5.208389759E-1,5.468007326E-1
2.497197150E1,5.732970238E-1,-5.336671472E-1,5.400812626E-1
2.497397154E1,5.409211516E-1,-5.611560941E-1,5.254204869E-1
2.497597157E1,5.146539807E-1,-5.910884738E-1,5.107597113E-1
2.497797160E1,5.036584139E-1,-6.057492495E-1,5.034292936E-1
2.497997163E1,4.682282209E-1,-6.320164800E-1,4.826599061E-1
2.498197077E1,4.254676402E-1,-6.692792177E-1,4.570035636E-1
2.498396987E1,4.254676402E-1,-6.692792177E-1,4.570035636E-1
2.498596983E1,3.937026560E-1,-6.961572766E-1,4.356232882E-1
2.498796980E1,3.649919927E-1,-7.205919027E-1,4.130212665E-1
2.498996976E1,3.491095006E-1,-7.309766412E-1,3.989713490E-1
2.499196973E1,3.234531581E-1,-7.474699616E-1,3.745367527E-1
2.499396970E1,2.971859276E-1,-7.596873045E-1,3.470478058E-1
2.499596970E1,2.831360400E-1,-7.615199089E-1,3.329979181E-1
2.499796970E1,2.587014437E-1,-7.676285505E-1,3.036763966E-1
2.499996973E1,2.360994220E-1,-7.651850581E-1,2.743548453E-1
2.500197063E1,2.251038402E-1,-7.560220957E-1,2.609158158E-1
2.500397156E1,2.031126916E-1,-7.376961708E-1,2.377029359E-1
2.500597160E1,1.933388561E-1,-7.089854479E-1,2.169335186E-1
2.500797163E1,1.841758788E-1,-6.882160306E-1,2.071596831E-1
2.500997166E1,1.701259762E-1,-6.442337632E-1,1.894445866E-1
2.501197170E1,1.627955884E-1,-5.971971154E-1,1.796707362E-1
2.501397170E1,1.627955884E-1,-5.715407729E-1,1.766164154E-1
2.501597170E1,1.621847153E-1,-5.287802219E-1,1.686751693E-1
2.501797170E1,1.658499092E-1,-4.811327457E-1,1.662317067E-1
2.501997170E1,1.646281779E-1,-4.579198658E-1,1.613447815E-1
2.502197083E1,1.805106848E-1,-3.925572634E-1,1.607339233E-1
2.502396996E1,1.884519309E-1,-3.723987341E-1,1.595121920E-1
2.502596996E1,1.939497143E-1,-3.516293168E-1,1.589013189E-1
2.502796993E1,2.061670274E-1,-3.149773777E-1,1.589013189E-1
2.502996989E1,2.306016237E-1,-2.777146101E-1,1.564578563E-1
2.503196986E1,2.409863323E-1,-2.587777972E-1,1.564578563E-1
2.503396982E1,2.654209435E-1,-2.135737687E-1,1.534035355E-1
2.503596979E1,2.880229652E-1,-1.647045463E-1,1.521818042E-1
2.503796976E1,2.959642112E-1,-1.457677186E-1,1.497383416E-1
2.503996972E1,3.075706363E-1,-1.115592644E-1,1.448514163E-1
2.504197056E1,3.136793077E-1,-8.407033235E-2,1.411862224E-1
2.504397142E1,3.161227703E-1,-7.124216110E-2,1.381319016E-1
2.504597146E1,3.087923825E-1,-4.802928120E-2,1.344667077E-1
2.504797149E1,3.039054573E-1,-2.909245715E-2,1.295797974E-1
2.504997152E1,3.051272035E-1,-2.115120925E-2,1.301906556E-1
2.505197155E1,2.935207486E-1,-1.259909570E-2,1.265254617E-1
2.505397159E1,2.703078687E-1,-1.443169173E-2,1.283580661E-1
2.505597162E1,2.660318017E-1,-1.870774850E-2,1.265254617E-1
2.505797165E1,2.403754741E-1,-2.664899640E-2,1.295797974E-1
2.505997165E1,2.208277881E-1,-4.497495294E-2,1.301906556E-1
2.506197075E1,1.792889535E-1,-8.284860104E-2,1.332449764E-1
2.506396982E1,1.792889535E-1,-8.284860104E-2,1.332449764E-1
2.506596978E1,1.475239545E-1,-1.225548387E-1,1.436296850E-1
2.506796975E1,1.365283877E-1,-1.433242559E-1,1.436296850E-1
2.506996972E1,1.053742543E-1,-1.866956949E-1,1.503492147E-1
2.507196968E1,7.666359097E-2,-2.294562608E-1,1.564578563E-1
2.507396968E1,6.383541971E-2,-2.502256632E-1,1.601230502E-1
2.507596968E1,3.817907721E-2,-2.917645276E-1,1.613447815E-1
2.507796972E1,1.924225502E-2,-3.388011456E-1,1.643991023E-1
2.507996975E1,6.414085161E-3,-3.614031374E-1,1.650099754E-1
2.508197065E1,-1.313360315E-2,-4.041637182E-1,1.637882441E-1
2.508397155E1,-3.207042441E-2,-4.414264858E-1,1.643991023E-1
2.508597158E1,-3.878994286E-2,-4.646393657E-1,1.650099754E-1
2.508797162E1,-5.283984542E-2,-5.098434091E-1,1.680642962E-1
2.508997165E1,-6.627888232E-2,-5.574908853E-1,1.619556546E-1
2.509197168E1,-7.971791178E-2,-6.020840406E-1,1.497383416E-1
2.509397168E1,-8.582656831E-2,-6.252969503E-1,1.375210434E-1
2.509597168E1,-1.029307917E-1,-6.643922925E-1,1.198059469E-1
2.509797168E1,-1.255328059E-1,-7.010442019E-1,9.842566401E-2
2.509997168E1,-1.334740520E-1,-7.144832611E-1,8.437576145E-2
2.510197081E1,-1.585195363E-1,-7.425830364E-1,3.795000166E-2
2.510397001E1,-1.585195363E-1,-7.425830364E-1,3.795000166E-2
2.510596998E1,-1.768454909E-1,-7.548003793E-1,6.872233935E-4
2.510796995E1,-1.890627891E-1,-7.590764165E-1,-4.329507425E-2
2.510996991E1,-1.982257664E-1,-7.621307373E-1,-9.033169597E-2
2.511196988E1,-2.037235647E-1,-7.633524537E-1,-1.159880385E-1
2.511396984E1,-2.110539377E-1,-7.633524537E-1,-1.660789847E-1
2.511596981E1,-2.134974003E-1,-7.682393789E-1,-2.186134011E-1
2.511796978E1,-2.183843255E-1,-7.700719833E-1,-2.454914749E-1
2.511996974E1,-2.214386463E-1,-7.743480802E-1,-2.986367345E-1
2.512197061E1,-2.287690341E-1,-7.774024010E-1,-3.548363447E-1
2.512397154E1,-2.318233550E-1,-7.810675502E-1,-3.811035454E-1
2.512597157E1,-2.330450863E-1,-7.822893262E-1,-4.324162304E-1
2.512797161E1,-2.367102802E-1,-7.810675502E-1,-4.861723781E-1
2.512997164E1,-2.391537428E-1,-7.810675502E-1,-5.124396086E-1
2.513197167E1,-2.470949888E-1,-7.755697966E-1,-5.631414056E-1
2.513397171E1,-2.562579811E-1,-7.651850581E-1,-6.187301278E-1
2.513597174E1,-2.635883391E-1,-7.578547001E-1,-6.474407911E-1
2.513797174E1,-2.684752643E-1,-7.401396036E-1,-7.054730058E-1
2.513997170E1,-2.825251818E-1,-7.114289403E-1,-7.598400116E-1
2.514197081E1,-2.953533530E-1,-6.521750093E-1,-8.447502851E-1
2.514396987E1,-2.953533530E-1,-6.521750093E-1,-8.447502851E-1
2.514596984E1,-3.136793077E-1,-6.075818539E-1,-8.991172910E-1
2.514796980E1,-3.203988075E-1,-5.825363398E-1,-9.296605587E-1
2.514996977E1,-3.362813294E-1,-5.287802219E-1,-9.901362062E-1
2.515196974E1,-3.546072841E-1,-4.719697535E-1,-1.046335816E0
2.515396974E1,-3.637702465E-1,-4.426482320E-1,-1.075046420E0
2.515596974E1,-3.833179474E-1,-3.833943009E-1,-1.133689523E0
2.515796974E1,-4.095851481E-1,-3.180317283E-1,-1.190500021E0
2.515996974E1,-4.224133193E-1,-2.862667143E-1,-1.218599796E0
2.516197060E1,-4.523457289E-1,-2.190715522E-1,-1.270523310E0
2.516397140E1,-4.810563922E-1,-1.482111812E-1,-1.316949129E0
2.516597140E1,-4.969388843E-1,-1.133918613E-1,-1.338329434E0
2.516797140E1,-5.329799056E-1,-4.558581859E-2,-1.381089926E0
2.516997140E1,-5.720753074E-1,2.344195358E-2,-1.422017932E0
2.517197143E1,-5.916230083E-1,5.581781268E-2,-1.442176461E0
2.517397147E1,-6.294966340E-1,1.132391468E-1,-1.483104467E0
2.517597150E1,-6.759223938E-1,1.627192348E-1,-1.526475906E0
2.517797153E1,-6.991352439E-1,1.804343164E-1,-1.546634436E0
2.517997157E1,-7.522805333E-1,2.121993154E-1,-1.592449307E0
2.518197073E1,-8.347473741E-1,2.299144119E-1,-1.648038030E0
2.518396983E1,-8.347473741E-1,2.299144119E-1,-1.648038030E0
2.518596980E1,-8.878926635E-1,2.390773892E-1,-1.681024790E0
2.518796976E1,-9.422596693E-1,2.341904640E-1,-1.711568117E0
2.518996973E1,-9.636399150E-1,2.274709493E-1,-1.725618005E0
2.519196970E1,-1.016785145E0,2.018146068E-1,-1.745165706E0
2.519396966E1,-1.071152210E0,1.639409661E-1,-1.756772041E0
2.519596963E1,-1.098030329E0,1.443932652E-1,-1.760437250E0
2.519796959E1,-1.143234253E0,9.613491595E-2,-1.764102459E0
2.519996959E1,-1.187827468E0,5.215261877E-2,-1.759215593E0
2.520197049E1,-1.207985997E0,2.710714564E-2,-1.751274347E0
2.520397143E1,-1.242805362E0,-2.115120925E-2,-1.728061438E0
2.520597146E1,-1.280678988E0,-6.818783283E-2,-1.695074677E0
2.520797149E1,-1.318552613E0,-9.201157838E-2,-1.675526977E0
2.520997153E1,-1.337489486E0,-1.311069578E-1,-1.624825239E0
2.521197156E1,-1.374752283E0,-1.665371358E-1,-1.561906099E0
2.521397159E1,-1.415680170E0,-2.031890452E-1,-1.495932579E0
2.521597162E1,-1.435838699E0,-2.257910669E-1,-1.460502386E0
2.521797162E1,-1.476155877E0,-2.606103718E-1,-1.381700873E0
2.521997163E1,-1.523192525E0,-2.954297066E-1,-1.301677465E0
2.522197076E1,-1.596496344E0,-3.534618914E-1,-1.178282738E0
2.522397022E1,-1.596496344E0,-3.534618914E-1,-1.178282738E0
2.522597022E1,-1.638035178E0,-3.840051591E-1,-1.083598614E0
2.522797022E1,-1.660026312E0,-3.931681514E-1,-1.034729362E0
2.522997022E1,-1.706452012E0,-4.078288972E-1,-9.290496707E-1
2.523197019E1,-1.752267003E0,-4.121049643E-1,-8.215373755E-1
2.523397016E1,-1.769371152E0,-4.096615016E-1,-7.720572948E-1
2.523597012E1,-1.810299158E0,-3.992767930E-1,-6.663776040E-1
2.523797009E1,-1.843285918E0,-3.870594800E-1,-5.582544804E-1
2.523997005E1,-1.854281425E0,-3.797291219E-1,-5.057200789E-1
2.524197089E1,-1.873829126E0,-3.614031374E-1,-3.975969255E-1
2.524397175E1,-1.887268186E0,-3.363576829E-1,-2.943606973E-1
2.524597175E1,-1.895209432E0,-3.186425865E-1,-2.406045496E-1
2.524797175E1,-1.897652864E0,-2.697733641E-1,-1.355357319E-1
2.524997179E1,-1.900707245E0,-2.050216496E-1,-3.107776865E-2
2.525197182E1,-1.901318073E0,-1.653154045E-1,2.023491077E-2
2.525397185E1,-1.897652864E0,-7.368562371E-2,1.216385439E-1
2.525597188E1,-1.889100790E0,3.565925732E-2,2.102140039E-1
2.525797192E1,-1.887879014E0,9.308059514E-2,2.505311072E-1
2.525997195E1,-1.875050902E0,2.146427780E-1,3.293327391E-1
2.526197108E1,-1.858557463E0,4.070653319E-1,4.319580793E-1
2.526397208E1,-1.858557463E0,4.070653319E-1,4.319580793E-1
2.526597205E1,-1.850005388E0,5.408447981E-1,4.954880774E-1
2.526797202E1,-1.845118523E0,6.685156822E-1,5.535202622E-1
2.526997198E1,-1.840231538E0,7.283804417E-1,5.834526420E-1
2.527197195E1,-1.834733725E0,8.420013785E-1,6.396522522E-1
2.527397191E1,-1.834122896E0,9.391289353E-1,6.921866536E-1
2.527597188E1,-1.835344672E0,9.831112623E-1,7.129560709E-1
2.527797188E1,-1.842064142E0,1.063134551E0,7.544949651E-1
2.527997188E1,-1.850005388E0,1.138270974E0,7.905359864E-1
2.528197275E1,-1.851837993E0,1.180420756E0,8.039750457E-1
2.528397328E1,-1.859779239E0,1.265331030E0,8.253552914E-1
2.528597328E1,-1.861611843E0,1.348408699E0,8.369617462E-1
2.528797328E1,-1.867720485E0,1.394834399E0,8.436812758E-1
2.528997328E1,-1.870163918E0,1.482188106E0,8.461247087E-1
2.529197328E1,-1.874439955E0,1.575650573E0,8.412377834E-1
2.529397328E1,-1.870774865E0,1.622076273E0,8.375726342E-1
2.529597331E1,-1.867720485E0,1.711873531E0,8.223009706E-1
2.529797335E1,-1.867720485E0,1.797394633E0,8.033641577E-1
2.529997338E1,-1.865277052E0,1.841376901E0,7.935903072E-1
2.530197254E1,-1.847561955E0,1.962328196E0,7.544949651E-1
2.530397168E1,-1.841453314E0,2.001423597E0,7.373906970E-1
2.530597171E1,-1.838398933E0,2.039908171E0,7.215082049E-1
2.530797174E1,-1.813964367E0,2.113211870E0,6.848562956E-1
2.530997174E1,-1.787697196E0,2.187126637E0,6.408740282E-1
2.531197171E1,-1.771814585E0,2.217669964E0,6.158285141E-1
2.531397168E1,-1.742493153E0,2.261041403E0,5.565745831E-1
2.531597164E1,-1.717447639E0,2.272647858E0,4.814381599E-1
2.531797161E1,-1.705230355E0,2.265317440E0,4.398993254E-1
2.531997157E1,-1.671632767E0,2.231108904E0,3.464369476E-1
2.532197241E1,-1.638646007E0,2.167578936E0,2.444224507E-1
2.532397137E1,-1.625817895E0,2.122985840E0,1.918880492E-1
2.532597137E1,-1.597107172E0,2.019749641E0,8.865182102E-2
2.532797141E1,-1.561676979E0,1.912848115E0,-1.756237587E-3
2.532997144E1,-1.512196898E0,1.821829200E0,-8.483391255E-2
2.533197147E1,-1.481653690E0,1.777846932E0,-1.257618815E-1
2.533397150E1,-1.413847566E0,1.679497600E0,-2.082286924E-1
2.533597154E1,-1.346041560E0,1.559157133E0,-2.851977050E-1
2.533797157E1,-1.313054800E0,1.489518523E0,-3.187952936E-1
2.533997160E1,-1.247081399E0,1.318476319E0,-3.847687542E-1
2.534197077E1,-1.174999356E0,1.021595716E0,-4.770093858E-1
2.534397000E1,-1.174999356E0,1.021595716E0,-4.770093858E-1
2.534597000E1,-1.137125611E0,8.200102448E-1,-5.454263091E-1
2.534797000E1,-1.109636664E0,6.428593397E-1,-6.181192994E-1
2.534997000E1,-1.096197724E0,5.719989538E-1,-6.572146416E-1
2.535197000E1,-1.072984815E0,4.626540542E-1,-7.244098186E-1
2.535397000E1,-1.041219831E0,4.003458023E-1,-7.891615629E-1
2.535596997E1,-1.021061301E0,3.875176311E-1,-8.221482635E-1
2.535796993E1,-9.709703326E-1,3.881285191E-1,-8.856782317E-1
2.535996990E1,-9.111055136E-1,4.180608988E-1,-9.571495056E-1
2.536197073E1,-8.762862086E-1,4.351651371E-1,-9.895253181E-1
2.536397160E1,-7.956519723E-1,4.681518376E-1,-1.048168421E0
2.536597157E1,-7.168503404E-1,4.870886803E-1,-1.098870158E0
2.536797153E1,-6.801984310E-1,4.883103967E-1,-1.120861411E0
2.536997150E1,-6.123924255E-1,4.712061882E-1,-1.150182843E0
2.537197150E1,-5.543602109E-1,4.339433908E-1,-1.169730544E0
2.537397153E1,-5.262604356E-1,4.107305110E-1,-1.172174096E0
2.537597156E1,-4.810563922E-1,3.612504303E-1,-1.178893566E0
2.537797160E1,-4.327980280E-1,3.038291037E-1,-1.179504395E0
2.537997163E1,-4.120286107E-1,2.763401568E-1,-1.177060962E0
2.538197080E1,-3.460551500E-1,2.085341215E-1,-1.165454507E0
2.538396993E1,-3.289509416E-1,1.883755773E-1,-1.162400246E0
2.538596996E1,-3.081815243E-1,1.694387496E-1,-1.152626395E0
2.538796996E1,-2.696970105E-1,1.327868253E-1,-1.134911299E0
2.538996993E1,-2.379320115E-1,1.034653038E-1,-1.112920165E0
2.539196989E1,-2.287690341E-1,9.063713253E-2,-1.100702763E0
2.539396986E1,-2.061670274E-1,7.231117040E-2,-1.077489972E0
2.539596982E1,-1.982257664E-1,6.192646548E-2,-1.051222682E0
2.539796979E1,-1.945605874E-1,5.948300287E-2,-1.035951138E0
2.539996976E1,-1.945605874E-1,6.620252132E-2,-1.007240415E0
2.540197059E1,-2.031126916E-1,8.758280426E-2,-9.785297513E-1
2.540397136E1,-2.092213482E-1,1.016327068E-1,-9.632581472E-1
2.540597139E1,-2.244929820E-1,1.382846236E-1,-9.266062379E-1
2.540797142E1,-2.495384514E-1,1.816560477E-1,-8.899543285E-1
2.540997146E1,-2.672535479E-1,2.048689276E-1,-8.704066277E-1
2.541197149E1,-2.996293902E-1,2.567924857E-1,-8.337547183E-1
2.541397152E1,-3.332269788E-1,3.056617081E-1,-8.050440550E-1
2.541597155E1,-3.478877544E-1,3.300963044E-1,-7.916049957E-1
2.541797159E1,-3.875939846E-1,3.905719519E-1,-7.653377652E-1
2.541997162E1,-4.156937897E-1,4.547128081E-1,-7.329619527E-1
2.542197075E1,-4.682282209E-1,5.573381782E-1,-6.798166633E-1
2.542396985E1,-4.682282209E-1,5.573381782E-1,-6.798166633E-1
2.542596985E1,-4.920519590E-1,6.245333552E-1,-6.437755823E-1
2.542796985E1,-5.067127347E-1,6.587418318E-1,-6.181192994E-1
2.542996985E1,-5.311473012E-1,7.216609120E-1,-5.784130096E-1
2.543196985E1,-5.445863605E-1,7.772496939E-1,-5.405393839E-1
2.543396982E1,-5.543602109E-1,8.077929020E-1,-5.209916830E-1
2.543596978E1,-5.604688525E-1,8.609381914E-1,-4.818963110E-1
2.543796975E1,-5.714644194E-1,9.104182720E-1,-4.446335435E-1
2.543996972E1,-5.751296282E-1,9.317985773E-1,-4.275293052E-1
2.544197055E1,-5.830708742E-1,9.733374119E-1,-3.933208585E-1
2.544397142E1,-5.873469114E-1,1.006935000E0,-3.615558743E-1
2.544597138E1,-5.916230083E-1,1.017930627E0,-3.468950987E-1
2.544797135E1,-5.922338367E-1,1.037478209E0,-3.145192564E-1
2.544997135E1,-5.928447247E-1,1.044808626E0,-2.821433842E-1
2.545197138E1,-5.922338367E-1,1.047252059E0,-2.528218627E-1
2.545397141E1,-5.879577994E-1,1.045419455E0,-2.375502288E-1
2.545597145E1,-5.849034786E-1,1.042365193E0,-2.106721550E-1
2.545797148E1,-5.714644194E-1,1.039310813E0,-1.837940812E-1
2.545997151E1,-5.623014569E-1,1.036256552E0,-1.709659100E-1
2.546197068E1,-5.403103232E-1,1.022206664E0,-1.404226422E-1
2.546396991E1,-5.403103232E-1,1.022206664E0,-1.404226422E-1
2.546596991E1,-5.268712640E-1,1.006324172E0,-1.227075532E-1
2.546796988E1,-5.054910183E-1,9.867764711E-1,-1.019381359E-1
2.546996984E1,-4.780020416E-1,9.733374119E-1,-7.933612168E-2
2.547196981E1,-4.657847583E-1,9.629526734E-1,-6.834054738E-2
2.547396978E1,-4.327980280E-1,9.434050322E-1,-4.512767121E-2
2.547596974E1,-3.967569768E-1,9.189704061E-1,-2.741257846E-2
2.547796971E1,-3.784310222E-1,9.085856676E-1,-1.702786796E-2
2.547996967E1,-3.326161206E-1,8.847619295E-1,1.298088697E-3
2.548197054E1,-2.868012190E-1,8.615490794E-1,2.023491077E-2
2.548397144E1,-2.611449063E-1,8.481100202E-1,2.878702432E-2
2.548597144E1,-2.104430795E-1,8.212319613E-1,4.772384837E-2
2.548797144E1,-1.530217379E-1,7.937430143E-1,6.849326193E-2
2.548997144E1,-1.298088580E-1,7.790822387E-1,7.887797803E-2
2.549197144E1,-7.422012836E-2,7.467064261E-1,9.903652966E-2
2.549397144E1,-1.618792862E-2,7.131088376E-1,1.216385439E-1
2.549597144E1,7.024950348E-3,6.941719651E-1,1.350775808E-1
2.549797144E1,6.383541971E-2,6.556875110E-1,1.540143937E-1
2.549997147E1,1.114829108E-1,6.184247136E-1,1.796707362E-1
2.550197064E1,1.933388561E-1,5.622251034E-1,2.175443918E-1
2.550397091E1,1.933388561E-1,5.622251034E-1,2.175443918E-1
2.550597094E1,2.409863323E-1,5.280166268E-1,2.444224507E-1
2.550797097E1,2.654209435E-1,5.145776272E-1,2.590832114E-1
2.550997100E1,3.106249869E-1,4.803691506E-1,2.847395539E-1
2.551197100E1,3.527746797E-1,4.498258829E-1,3.079524338E-1
2.551397097E1,3.772092760E-1,4.369977117E-1,3.207806051E-1
2.551597094E1,4.138612151E-1,4.101196527E-1,3.464369476E-1
2.551797090E1,4.572326243E-1,3.844633102E-1,3.684281111E-1
2.551997087E1,4.712825418E-1,3.746894598E-1,3.806453943E-1
2.552197170E1,5.079344511E-1,3.508657217E-1,4.063017368E-1
2.552397247E1,5.445863605E-1,3.300963044E-1,4.313472211E-1
2.552597243E1,5.598580241E-1,3.221550584E-1,4.417319298E-1
2.552797243E1,5.940664411E-1,3.062725663E-1,4.710534513E-1
2.552997247E1,6.307183504E-1,2.928335369E-1,4.948772192E-1
2.553197250E1,6.447682381E-1,2.885574698E-1,5.107597113E-1
2.553397253E1,6.832527518E-1,2.806162238E-1,5.358051658E-1
2.553597256E1,7.156286240E-1,2.745075822E-1,5.626832247E-1
2.553797260E1,7.327328324E-1,2.690097690E-1,5.736788511E-1
2.553997263E1,7.638869882E-1,2.671771944E-1,6.023895144E-1
2.554197180E1,8.145887852E-1,2.696206570E-1,6.359871030E-1
2.554397093E1,8.145887852E-1,2.696206570E-1,6.359871030E-1
2.554597093E1,8.524624705E-1,2.751184404E-1,6.604216695E-1
2.554797093E1,8.860600591E-1,2.842814028E-1,6.836345792E-1
2.554997093E1,9.086620808E-1,2.891683280E-1,6.952410340E-1
2.555197093E1,9.410378933E-1,3.019964993E-1,7.190647721E-1
2.555397093E1,9.770789742E-1,3.191007376E-1,7.434993386E-1
2.555597093E1,9.954048991E-1,3.276528418E-1,7.551057935E-1
2.555797093E1,1.029002547E0,3.484222591E-1,7.770969272E-1
2.555997090E1,1.067487001E0,3.698025346E-1,8.027532697E-1
2.556197173E1,1.087034702E0,3.832415938E-1,8.137488365E-1
2.556397146E1,1.121854067E0,4.113413990E-1,8.412377834E-1
2.556597143E1,1.160338521E0,4.394411743E-1,8.681158423E-1
2.556797139E1,1.193325281E0,4.650975168E-1,8.833875060E-1
2.556997136E1,1.209207773E0,4.803691506E-1,9.114872813E-1
2.557197133E1,1.241583586E0,5.133558512E-1,9.365327954E-1
2.557397133E1,1.277624607E0,5.512295365E-1,9.646325707E-1
2.557597133E1,1.295950651E0,5.732206702E-1,9.792933464E-1
2.557797136E1,1.332602501E0,6.214790344E-1,1.011669159E0
2.557997139E1,1.364367485E0,6.770677567E-1,1.042212486E0
2.558197056E1,1.413847566E0,7.583128214E-1,1.088027358E0
2.558397012E1,1.413847566E0,7.583128214E-1,1.088027358E0
2.558597016E1,1.443169117E0,8.108472824E-1,1.116738081E0
2.558797019E1,1.457219005E0,8.395579457E-1,1.130177021E0
2.558997019E1,1.483486295E0,8.933140635E-1,1.158276916E0
2.559197019E1,1.500590444E0,9.482919574E-1,1.184544086E0
2.559397016E1,1.509753466E0,9.733374119E-1,1.196761370E0
2.559597012E1,1.525635958E0,1.028315306E0,1.221195936E0
2.559797009E1,1.536631465E0,1.080849648E0,1.239521980E0
2.559997005E1,1.537242413E0,1.109560370E0,1.251128435E0
2.560197089E1,1.540296674E0,1.165759921E0,1.267010927E0
2.560397175E1,1.533577204E0,1.217072606E0,1.266399980E0
2.560597175E1,1.524414182E0,1.240896344E0,1.265178323E0
2.560797179E1,1.503033876E0,1.290376425E0,1.256015301E0
2.560997182E1,1.476766706E0,1.341078281E0,1.232802391E0
2.561197185E1,1.459662557E0,1.364291191E0,1.216919899E0
2.561397188E1,1.415069342E0,1.410716891E0,1.191263556E0
2.561597192E1,1.360091448E0,1.446758032E0,1.158276916E0
2.561797195E1,1.333824277E0,1.461418748E0,1.138118267E0
2.561997198E1,1.262963891E0,1.483409882E0,1.097801208E0
2.562197115E1,1.141401768E0,1.478523016E0,1.026329994E0
2.562397025E1,1.141401768E0,1.478523016E0,1.026329994E0
2.562597025E1,1.044274092E0,1.438816786E0,9.640217423E-1
2.562797025E1,9.398161769E-1,1.363069415E0,8.956047893E-1
2.562997025E1,8.787296414E-1,1.315421939E0,8.589528799E-1
2.563197025E1,7.571674585E-1,1.198135853E0,7.783187032E-1
2.563397025E1,6.307183504E-1,1.068632364E0,6.927975416E-1
2.563597025E1,5.665774941E-1,1.003880620E0,6.451500654E-1
2.563797022E1,4.389066696E-1,8.762098551E-1,5.449681282E-1
2.563997018E1,3.057380617E-1,7.479281425E-1,4.356232882E-1
2.564197102E1,2.397646159E-1,6.837872863E-1,3.757584691E-1
2.564397145E1,1.078177169E-1,5.591707826E-1,2.383138090E-1
2.564597141E1,-1.924225502E-2,4.357759953E-1,1.008691266E-1
2.564797138E1,-8.521570265E-2,3.734677434E-1,3.061962128E-2
2.564997135E1,-2.098322064E-1,2.445751727E-1,-1.013272703E-1
2.565197131E1,-3.246748745E-1,1.144608781E-1,-2.363284975E-1
2.565397131E1,-3.857614100E-1,5.093089119E-2,-2.980258763E-1
2.565597134E1,-4.883867502E-1,-8.162686974E-2,-4.232532680E-1
2.565797138E1,-5.916230083E-1,-2.184606791E-1,-5.380959511E-1
2.565997141E1,-6.411030889E-1,-2.838232517E-1,-5.924629569E-1
2.566197058E1,-7.779368758E-1,-4.658611119E-1,-7.268533111E-1
2.566396971E1,-8.164213896E-1,-5.196172595E-1,-7.622834444E-1
2.566596974E1,-8.561276197E-1,-5.684864521E-1,-7.916049957E-1
2.566796974E1,-9.239336848E-1,-6.521750093E-1,-8.331438303E-1
2.566996974E1,-9.789115787E-1,-7.175375819E-1,-8.600218892E-1
2.567196971E1,-1.004567862E0,-7.444156408E-1,-8.691849113E-1
2.567396968E1,-1.040609002E0,-7.804567218E-1,-8.704066277E-1
2.567596964E1,-1.058934927E0,-7.926740050E-1,-8.502480388E-1
2.567796961E1,-1.060156584E0,-7.908414006E-1,-8.392524719E-1
2.567996957E1,-1.050382733E0,-7.786241174E-1,-8.032114506E-1
2.568197041E1,-1.029613376E0,-7.462482452E-1,-7.665595412E-1
2.568397131E1,-1.018617749E0,-7.224245071E-1,-7.427358031E-1
2.568597131E1,-9.813550115E-1,-6.540076137E-1,-6.950882673E-1
2.568797131E1,-9.306532145E-1,-5.574908853E-1,-6.333909035E-1
2.568997131E1,-8.811731339E-1,-4.414264858E-1,-5.582544804E-1
2.569197131E1,-8.530732989E-1,-3.797291219E-1,-5.130504370E-1
2.569397131E1,-7.858781219E-1,-2.453387529E-1,-4.214206636E-1
2.569597131E1,-7.211264372E-1,-1.072832122E-1,-3.169626892E-1
2.569797131E1,-6.801984310E-1,-3.703370690E-2,-2.632065713E-1
2.569997131E1,-6.178901792E-1,1.077413559E-1,-1.673007160E-1
2.570197047E1,-5.201517344E-1,3.392592967E-1,-4.940372705E-2
2.570396971E1,-5.201517344E-1,3.392592967E-1,-4.940372705E-2
2.570596974E1,-4.590652287E-1,4.950299263E-1,1.412625890E-2
2.570796977E1,-3.949243724E-1,6.453027725E-1,7.032585889E-2
2.570996980E1,-3.625485301E-1,7.179957628E-1,9.292787313E-2
2.571196984E1,-2.984076738E-1,8.566621542E-1,1.411862224E-1
2.571396987E1,-2.251038402E-1,9.855546951E-1,1.894445866E-1
2.571596987E1,-1.896736622E-1,1.041754365E0,2.096031308E-1
2.571796984E1,-1.151480973E-1,1.143157959E0,2.499202490E-1
2.571996980E1,-4.550946131E-2,1.225013852E0,2.822960913E-1
2.572197064E1,-1.007927675E-2,1.259222388E0,2.963460088E-1
2.572397150E1,4.734205827E-2,1.317865372E0,3.152828217E-1
2.572597147E1,1.017090604E-1,1.360625982E0,3.342196345E-1
2.572797143E1,1.298088580E-1,1.371010661E0,3.446043432E-1
2.572997140E1,1.829541475E-1,1.380784512E0,3.592651188E-1
2.573197140E1,2.379320115E-1,1.367956400E0,3.751476109E-1
2.573397143E1,2.562579811E-1,1.356960773E0,3.830888569E-1
2.573597147E1,3.075706363E-1,1.314811110E0,3.916409910E-1
2.573797150E1,3.503312171E-1,1.252502799E0,3.989713490E-1
2.573997153E1,3.711006343E-1,1.218294382E0,4.008039534E-1
2.574197070E1,4.193589985E-1,1.078406215E0,4.075234830E-1
2.574397176E1,4.297437072E-1,1.023428321E0,4.075234830E-1
2.574597180E1,4.395175576E-1,9.629526734E-1,4.026365578E-1
2.574797183E1,4.578435123E-1,8.358927369E-1,3.934735656E-1
2.574997183E1,4.621195495E-1,6.996697783E-1,3.702606857E-1
2.575197183E1,4.602869749E-1,6.275876760E-1,3.562107980E-1
2.575397183E1,4.590652287E-1,4.803691506E-1,3.207806051E-1
2.575597183E1,4.499022663E-1,3.386484087E-1,2.749657333E-1
2.575797183E1,4.444044530E-1,2.696206570E-1,2.493093759E-1
2.575997183E1,4.358523488E-1,1.327868253E-1,1.906663179E-1
2.576197266E1,4.205807149E-1,2.290744742E-4,1.167516187E-1
2.576397343E1,4.175263941E-1,-6.269004941E-2,7.582364976E-2
2.576597339E1,3.967569768E-1,-1.830305010E-1,-1.153008174E-2
2.576797336E1,3.778201640E-1,-2.862667143E-1,-1.129337102E-1
2.576997333E1,3.662137091E-1,-3.271946907E-1,-1.642463952E-1
2.577197329E1,3.546072841E-1,-3.968333304E-1,-2.607631087E-1
2.577397326E1,3.411682248E-1,-4.542546570E-1,-3.609450161E-1
2.577597322E1,3.356704414E-1,-4.780784249E-1,-4.092033505E-1
2.577797322E1,3.191770911E-1,-5.269476175E-1,-5.093852282E-1
2.577997326E1,3.057380617E-1,-5.709299445E-1,-6.034585238E-1
2.578197242E1,2.745839357E-1,-6.204100251E-1,-7.219663858E-1
2.578397156E1,2.745839357E-1,-6.204100251E-1,-7.219663858E-1
2.578597159E1,2.580905557E-1,-6.430120468E-1,-7.854963541E-1
2.578797122E1,2.495384514E-1,-6.503424048E-1,-8.074874878E-1
2.578997126E1,2.293798923E-1,-6.680575013E-1,-8.392524719E-1
2.579197129E1,2.238821089E-1,-6.796639562E-1,-8.563567400E-1
2.579397129E1,2.202169150E-1,-6.790530682E-1,-8.600218892E-1
2.579597125E1,2.202169150E-1,-6.839399934E-1,-8.539132476E-1
2.579797122E1,2.232712507E-1,-6.857725978E-1,-8.361981511E-1
2.579997119E1,2.251038402E-1,-6.876052022E-1,-8.252025843E-1
2.580197202E1,2.324342281E-1,-6.869943142E-1,-7.983245254E-1
2.580397095E1,2.428189367E-1,-6.827182770E-1,-7.708355784E-1
2.580597092E1,2.495384514E-1,-6.784422398E-1,-7.531204820E-1
2.580797088E1,2.654209435E-1,-6.613379717E-1,-7.207446098E-1
2.580997088E1,2.849686444E-1,-6.259077787E-1,-6.773731709E-1
2.581197092E1,3.039054573E-1,-5.764276981E-1,-6.291148663E-1
2.581397095E1,3.167336285E-1,-5.440518856E-1,-6.046802402E-1
2.581597098E1,3.430008292E-1,-4.664719701E-1,-5.552001595E-1
2.581797102E1,3.698789179E-1,-3.754530549E-1,-5.026657581E-1
2.581997105E1,3.802636266E-1,-3.308598995E-1,-4.806745946E-1
2.582197022E1,4.059199691E-1,-1.909717470E-1,-4.110359550E-1
2.582396938E1,4.059199691E-1,-1.909717470E-1,-4.110359550E-1
2.582596941E1,4.199698567E-1,-9.506590664E-2,-3.670536578E-1
2.582796941E1,4.230241776E-1,-4.657847341E-3,-3.242930770E-1
2.582996941E1,4.193589985E-1,7.475463301E-2,-2.833651304E-1
2.583196941E1,4.132503271E-1,1.120174155E-1,-2.632065713E-1
2.583396941E1,4.004221559E-1,1.834886521E-1,-2.155590802E-1
2.583596941E1,3.741549551E-1,2.457969040E-1,-1.703550518E-1
2.583796941E1,3.619376719E-1,2.751184404E-1,-1.428661048E-1
2.583996938E1,3.332269788E-1,3.270419836E-1,-8.972083032E-2
2.584197021E1,3.081815243E-1,3.685808182E-1,-3.718642145E-2
2.584397108E1,2.941316068E-1,3.856850564E-1,-1.397354249E-2
2.584597105E1,2.623666227E-1,4.015675485E-1,3.795000166E-2
2.584797141E1,2.293798923E-1,4.015675485E-1,8.681922406E-2
2.584997138E1,2.086104751E-1,3.985132277E-1,1.112538353E-1
2.585197134E1,1.731802970E-1,3.838524520E-1,1.521818042E-1
2.585397131E1,1.316414624E-1,3.594178259E-1,1.900554448E-1
2.585597131E1,1.188132912E-1,3.465896547E-1,2.071596831E-1
2.585797134E1,7.360926270E-2,3.142138124E-1,2.450333238E-1
2.585997138E1,2.718350291E-2,2.763401568E-1,2.816852331E-1
2.586197054E1,-3.695734590E-2,2.164753675E-1,3.348305225E-1
2.586396967E1,-3.695734590E-2,2.164753675E-1,3.348305225E-1
2.586596971E1,-7.544185966E-2,1.871538460E-1,3.727041483E-1
2.586796974E1,-9.437867999E-2,1.737148017E-1,3.910301030E-1
2.586996977E1,-1.279762685E-1,1.559997052E-1,4.258494377E-1
2.587196977E1,-1.524108797E-1,1.443932652E-1,4.508949220E-1
2.587396974E1,-1.646281779E-1,1.419498175E-1,4.600578845E-1
2.587596971E1,-1.811215430E-1,1.376737505E-1,4.734969139E-1
2.587796967E1,-2.025018334E-1,1.358411610E-1,4.826599061E-1
2.587996964E1,-2.073887438E-1,1.333976984E-1,4.875468314E-1
2.588197047E1,-2.202169150E-1,1.309542358E-1,4.930446148E-1
2.588397130E1,-2.281581759E-1,1.285107732E-1,4.985423982E-1
2.588597127E1,-2.281581759E-1,1.266781837E-1,4.991532564E-1
2.588797127E1,-2.244929820E-1,1.217912585E-1,5.003749728E-1
2.588997127E1,-2.110539377E-1,1.193477958E-1,5.009858608E-1
2.589197127E1,-2.055561543E-1,1.193477958E-1,5.015967488E-1
2.589397127E1,-1.823432744E-1,1.272890419E-1,5.034292936E-1
2.589597127E1,-1.432479024E-1,1.388954818E-1,5.064836740E-1
2.589797127E1,-1.200350225E-1,1.480584592E-1,5.064836740E-1
2.589997127E1,-5.833763257E-2,1.639409661E-1,5.070945024E-1
2.590197040E1,4.184427112E-2,1.816560477E-1,5.132031441E-1
2.590396950E1,4.184427112E-2,1.816560477E-1,5.132031441E-1
2.590596954E1,1.108720452E-1,1.798234582E-1,5.199226737E-1
2.590796957E1,1.750128865E-1,1.724930704E-1,5.174792409E-1
2.590996960E1,2.110539377E-1,1.669952869E-1,5.199226737E-1
2.591196963E1,2.776382565E-1,1.486693323E-1,5.217552781E-1
2.591396967E1,3.411682248E-1,1.285107732E-1,5.223661661E-1
2.591596970E1,3.802636266E-1,1.175151989E-1,5.223661661E-1
2.591796970E1,4.431827366E-1,9.552405030E-2,5.229769945E-1
2.591996970E1,5.054910183E-1,6.559165567E-2,5.162574649E-1
2.592197053E1,5.360342264E-1,4.604396969E-2,5.150357485E-1
2.592397140E1,5.879577994E-1,9.392052889E-3,5.077053905E-1
2.592597137E1,6.411030889E-1,-3.336851299E-2,5.028184652E-1
2.592797133E1,6.881396770E-1,-7.796167582E-2,5.022075772E-1
2.592997130E1,7.089090943E-1,-1.011745557E-1,4.991532564E-1
2.593197126E1,7.425066829E-1,-1.518763751E-1,4.973206818E-1
2.593397126E1,7.681630254E-1,-2.111303061E-1,4.954880774E-1
2.593597130E1,7.858781219E-1,-2.343431860E-1,4.936554730E-1
2.593797133E1,8.090910316E-1,-2.856558561E-1,4.887685478E-1
2.593997136E1,8.298604488E-1,-3.351359367E-1,4.826599061E-1
2.594197053E1,8.506298661E-1,-3.986659348E-1,4.728860557E-1
2.594397009E1,8.506298661E-1,-3.986659348E-1,4.728860557E-1
2.594597013E1,8.616254330E-1,-4.389830232E-1,4.673882723E-1
2.594797016E1,8.622363210E-1,-4.603633285E-1,4.661665261E-1
2.594997019E1,8.549059033E-1,-5.031238794E-1,4.612796307E-1
2.595197019E1,8.469646573E-1,-5.562691689E-1,4.563927054E-1
2.595397019E1,8.390234113E-1,-5.886450410E-1,4.490623176E-1
2.595597019E1,8.206974864E-1,-6.509532928E-1,4.380667508E-1
2.595797019E1,7.999280095E-1,-7.212027907E-1,4.227951169E-1
2.595997019E1,7.883216143E-1,-7.572438121E-1,4.142429829E-1
2.596197106E1,7.559457421E-1,-8.274933100E-1,3.971387744E-1
2.596397196E1,7.339546084E-1,-8.983536959E-1,3.794236779E-1
2.596597192E1,7.119634151E-1,-9.319512844E-1,3.727041483E-1
2.596797189E1,6.850853562E-1,-9.948704243E-1,3.555999398E-1
2.596997186E1,6.472117305E-1,-1.057178617E0,3.439934850E-1
2.597197182E1,6.313292384E-1,-1.086500168E0,3.391065598E-1
2.597397179E1,5.958990455E-1,-1.137812853E0,3.317761719E-1
2.597597176E1,5.513058901E-1,-1.198288560E0,3.250566721E-1
2.597797172E1,5.287038684E-1,-1.229442716E0,3.226132095E-1
2.597997169E1,4.847215712E-1,-1.285642266E0,3.158936799E-1
2.598197082E1,4.138612151E-1,-1.373606920E0,3.067307174E-1
2.598396999E1,4.138612151E-1,-1.373606920E0,3.067307174E-1
2.598597002E1,3.692680299E-1,-1.435915112E0,2.975677252E-1
2.598797005E1,3.265074790E-1,-1.491503835E0,2.871830165E-1
2.598997009E1,3.051272035E-1,-1.520825386E0,2.847395539E-1
2.599197012E1,2.666426897E-1,-1.572748899E0,2.719113827E-1
2.599397015E1,2.391537428E-1,-1.611233473E0,2.554180324E-1
2.599597015E1,2.214386463E-1,-1.628337622E0,2.486985177E-1
2.599797015E1,1.957823038E-1,-1.655215740E0,2.346486151E-1
2.599997012E1,1.768454909E-1,-1.677206874E0,2.260964960E-1
2.600197095E1,1.670716405E-1,-1.683315516E0,2.199878395E-1
2.600397138E1,1.487456858E-1,-1.686980724E0,2.126574665E-1
2.600597135E1,1.401935667E-1,-1.683926463E0,2.053270787E-1
2.600797132E1,1.310305893E-1,-1.683926463E0,2.071596831E-1
2.600997128E1,1.304197311E-1,-1.671098232E0,2.089922726E-1
2.601197128E1,1.285871267E-1,-1.649107099E0,2.163226604E-1
2.601397131E1,1.304197311E-1,-1.636278868E0,2.151009291E-1
2.601597135E1,1.395827085E-1,-1.606957436E0,2.212095708E-1
2.601797138E1,1.499674171E-1,-1.569083691E0,2.242639065E-1
2.601997141E1,1.572978050E-1,-1.556866407E0,2.260964960E-1
2.602197058E1,1.817324162E-1,-1.498834252E0,2.297616899E-1
2.602396971E1,1.908953935E-1,-1.480508327E0,2.328160107E-1
2.602596974E1,1.976149082E-1,-1.462182283E0,2.352594733E-1
2.602796978E1,2.208277881E-1,-1.425530434E0,2.462550551E-1
2.602996978E1,2.452623993E-1,-1.390100241E0,2.566397488E-1
2.603196978E1,2.562579811E-1,-1.369330764E0,2.621375620E-1
2.603396978E1,2.800817192E-1,-1.332067966E0,2.737439871E-1
2.603596978E1,3.081815243E-1,-1.292361736E0,2.914590836E-1
2.603796978E1,3.252857327E-1,-1.274646640E0,2.945134044E-1
2.603996978E1,3.533855379E-1,-1.236162186E0,3.067307174E-1
2.604197064E1,3.772092760E-1,-1.192790747E0,3.152828217E-1
2.604397148E1,3.906483352E-1,-1.172021389E0,3.201697469E-1
2.604597144E1,4.242459238E-1,-1.132925987E0,3.256675303E-1
2.604797141E1,4.474588037E-1,-1.093830585E0,3.293327391E-1
2.604997138E1,4.663956165E-1,-1.059622169E0,3.336087763E-1
2.605197134E1,4.822781086E-1,-1.043739676E0,3.342196345E-1
2.605397131E1,4.993823469E-1,-1.019304991E0,3.354413807E-1
2.605597127E1,5.268712640E-1,-1.002811670E0,3.348305225E-1
2.605797124E1,5.476406813E-1,-9.948704243E-1,3.329979181E-1
2.605997124E1,5.739079118E-1,-9.869291782E-1,3.311653137E-1
2.606197040E1,6.264423132E-1,-9.789879322E-1,3.311653137E-1
2.606396957E1,6.264423132E-1,-9.789879322E-1,3.311653137E-1
2.606596960E1,6.612616181E-1,-9.734901190E-1,3.329979181E-1
2.606796964E1,7.040221691E-1,-9.704357982E-1,3.342196345E-1
2.606996967E1,7.186829448E-1,-9.698249102E-1,3.348305225E-1
2.607196970E1,7.577783465E-1,-9.637162685E-1,3.311653137E-1
2.607396970E1,7.919867635E-1,-9.582185149E-1,3.311653137E-1
2.607596970E1,8.060367107E-1,-9.569967389E-1,3.299435973E-1
2.607796967E1,8.390234113E-1,-9.496663809E-1,3.299435973E-1
2.607996964E1,8.707883954E-1,-9.405034184E-1,3.281109929E-1
2.608197047E1,8.878926635E-1,-9.319512844E-1,3.293327391E-1
2.608397133E1,9.098837972E-1,-9.160687923E-1,3.293327391E-1
2.608597130E1,9.367618561E-1,-9.020189047E-1,3.256675303E-1
2.608797127E1,9.465357065E-1,-8.952993751E-1,3.268892765E-1
2.608997127E1,9.666942358E-1,-8.830820918E-1,3.275001347E-1
2.609197127E1,9.837985039E-1,-8.733082414E-1,3.281109929E-1
2.609397130E1,9.917397499E-1,-8.678104281E-1,3.311653137E-1
2.609597133E1,1.003957033E0,-8.592583537E-1,3.311653137E-1
2.609797137E1,1.014341712E0,-8.562039733E-1,3.342196345E-1
2.609997140E1,1.016174316E0,-8.574257493E-1,3.372739851E-1
2.610197056E1,1.025948167E0,-8.574257493E-1,3.476586938E-1
2.610396970E1,1.024115562E0,-8.574257493E-1,3.519347310E-1
2.610596973E1,1.024115562E0,-8.604800701E-1,3.562107980E-1
2.610796973E1,1.019228697E0,-8.592583537E-1,3.665955067E-1
2.610996973E1,1.021672130E0,-8.568148613E-1,3.782019317E-1
2.611196973E1,1.015563488E0,-8.586474657E-1,3.818671405E-1
2.611396973E1,1.008843899E0,-8.580365777E-1,3.879757822E-1
2.611596973E1,1.000291824E0,-8.537605405E-1,4.001930952E-1
2.611796973E1,9.941831827E-1,-8.519279361E-1,4.044691622E-1
2.611996973E1,9.789115787E-1,-8.421540856E-1,4.154647291E-1
2.612197056E1,9.581421614E-1,-8.268824816E-1,4.270711541E-1
2.612397140E1,9.447031021E-1,-8.183303475E-1,4.350124002E-1
2.612597136E1,9.233227968E-1,-8.018369675E-1,4.478405714E-1
2.612797133E1,8.988882303E-1,-7.829001546E-1,4.637230933E-1
2.612997129E1,8.860600591E-1,-7.725154757E-1,4.710534513E-1
2.613197126E1,8.597928286E-1,-7.493025661E-1,4.838816226E-1
2.613397123E1,8.335255980E-1,-7.242571115E-1,4.948772192E-1
2.613597119E1,8.194757104E-1,-7.089854479E-1,5.028184652E-1
2.613797119E1,7.889324427E-1,-6.759987473E-1,5.132031441E-1
2.613997122E1,7.663304210E-1,-6.430120468E-1,5.235878825E-1
2.614197039E1,7.315111160E-1,-5.770385861E-1,5.437464118E-1
2.614396952E1,7.315111160E-1,-5.770385861E-1,5.437464118E-1
2.614596956E1,7.131851912E-1,-5.306128263E-1,5.522985458E-1
2.614796959E1,7.028004527E-1,-5.110651255E-1,5.577962995E-1
2.614996962E1,6.893614531E-1,-4.670828283E-1,5.675701499E-1
2.615196966E1,6.777549982E-1,-4.224896729E-1,5.730679631E-1
2.615396966E1,6.759223938E-1,-4.023311138E-1,5.755113959E-1
2.615596962E1,6.679811478E-1,-3.589596748E-1,5.767331719E-1
2.615796959E1,6.649268270E-1,-3.216969073E-1,5.803983212E-1
2.615996955E1,6.643159389E-1,-3.009274900E-1,5.840635300E-1
2.616197039E1,6.643159389E-1,-2.679407597E-1,5.877287388E-1
2.616397125E1,6.606507897E-1,-2.428952903E-1,5.975025892E-1
2.616597122E1,6.637051105E-1,-2.331214547E-1,6.011677384E-1
2.616797122E1,6.575964093E-1,-2.172389477E-1,6.097198725E-1
2.616997122E1,6.563746929E-1,-2.068542391E-1,6.164394021E-1
2.617197122E1,6.618725061E-1,-1.946369410E-1,6.219371557E-1
2.617397122E1,6.649268270E-1,-1.903608888E-1,6.274349689E-1
2.617597122E1,6.704245806E-1,-1.805870384E-1,6.323218942E-1
2.617797122E1,6.777549982E-1,-1.714240611E-1,6.378196478E-1
2.617997122E1,6.808093190E-1,-1.683697402E-1,6.378196478E-1
2.618197035E1,6.954700947E-1,-1.604284793E-1,6.427065730E-1
2.618396952E1,6.954700947E-1,-1.604284793E-1,6.427065730E-1
2.618596955E1,7.107416987E-1,-1.610393524E-1,6.445391774E-1
2.618796958E1,7.229590416E-1,-1.677588671E-1,6.500369906E-1
2.618996962E1,7.302893996E-1,-1.732566506E-1,6.524804235E-1
2.619196965E1,7.345654368E-1,-1.769218445E-1,6.549239159E-1
2.619396968E1,7.431175709E-1,-1.830305010E-1,6.561456323E-1
2.619596972E1,7.565566301E-1,-1.909717470E-1,6.543130279E-1
2.619796975E1,7.620543838E-1,-1.946369410E-1,6.537021995E-1
2.619996975E1,7.638869882E-1,-2.050216496E-1,6.524804235E-1
2.620197058E1,7.675521970E-1,-2.154063582E-1,6.524804235E-1
2.620397145E1,7.663304210E-1,-2.270127982E-1,6.512587070E-1
2.620597141E1,7.663304210E-1,-2.514474094E-1,6.543130279E-1
2.620797138E1,7.504479289E-1,-2.838232517E-1,6.549239159E-1
2.620997135E1,7.455610037E-1,-3.027600944E-1,6.530913115E-1
2.621197131E1,7.309002876E-1,-3.381902575E-1,6.518695951E-1
2.621397128E1,7.162395120E-1,-3.711769879E-1,6.475934982E-1
2.621597128E1,7.095199823E-1,-3.901138306E-1,6.445391774E-1
2.621797131E1,6.948592067E-1,-4.249331355E-1,6.359871030E-1
2.621997134E1,6.759223938E-1,-4.579198658E-1,6.274349689E-1
2.622197051E1,6.478226185E-1,-5.110651255E-1,6.109415889E-1
2.622397054E1,6.478226185E-1,-5.110651255E-1,6.109415889E-1
2.622597058E1,6.294966340E-1,-5.464953184E-1,5.968917012E-1
2.622797061E1,6.178901792E-1,-5.660430193E-1,5.877287388E-1
2.622997064E1,5.904012322E-1,-6.063601375E-1,5.700136423E-1
2.623197068E1,5.677992702E-1,-6.485098004E-1,5.492442250E-1
2.623397068E1,5.574145317E-1,-6.668357849E-1,5.406920910E-1
2.623597068E1,5.299255848E-1,-7.047094107E-1,5.162574649E-1
2.623797068E1,5.140430927E-1,-7.407504916E-1,4.942663312E-1
2.623997068E1,4.993823469E-1,-7.590764165E-1,4.826599061E-1
2.624197154E1,4.749477208E-1,-7.920631766E-1,4.612796307E-1
2.624397237E1,4.523457289E-1,-8.201629519E-1,4.380667508E-1
2.624597234E1,4.376849532E-1,-8.336020112E-1,4.264602959E-1
2.624797231E1,4.187481403E-1,-8.531496525E-1,3.989713490E-1
2.624997227E1,3.973678350E-1,-8.726973534E-1,3.702606857E-1
2.625197224E1,3.888157308E-1,-8.812494874E-1,3.568216562E-1
2.625397220E1,3.704897761E-1,-8.952993751E-1,3.268892765E-1
2.625597217E1,3.533855379E-1,-9.014080167E-1,2.957351506E-1
2.625797214E1,3.399465084E-1,-9.020189047E-1,2.822960913E-1
2.625997210E1,3.210096955E-1,-9.038515091E-1,2.511419654E-1
2.626197124E1,2.892446816E-1,-9.056841135E-1,2.089922726E-1
2.626397037E1,2.892446816E-1,-9.056841135E-1,2.089922726E-1
2.626597040E1,2.684752643E-1,-9.020189047E-1,1.827250719E-1
2.626797043E1,2.403754741E-1,-8.977428079E-1,1.534035355E-1
2.626997047E1,2.287690341E-1,-8.952993751E-1,1.417970955E-1
2.627197050E1,2.049452960E-1,-8.788059950E-1,1.130864322E-1
2.627397053E1,1.847867370E-1,-8.623126745E-1,8.987355232E-2
2.627597057E1,1.762346178E-1,-8.507062197E-1,7.643451542E-2
2.627797057E1,1.548543423E-1,-8.244389892E-1,5.444336683E-2
2.627997053E1,1.395827085E-1,-7.969500422E-1,3.489567712E-2
2.628197136E1,1.310305893E-1,-7.816784382E-1,2.817615867E-2
2.628397133E1,1.182024255E-1,-7.474699616E-1,1.046106778E-2
2.628597130E1,1.108720452E-1,-7.126506567E-1,1.298088697E-3
2.628797126E1,1.053742543E-1,-6.802747846E-1,-6.643159315E-3
2.628997123E1,1.041525230E-1,-6.619488597E-1,-8.475755341E-3
2.629197120E1,9.865473956E-2,-6.265186667E-1,-1.397354249E-2
2.629397120E1,9.804387391E-2,-5.880341530E-1,-1.763873361E-2
2.629597123E1,9.804387391E-2,-5.666538477E-1,-1.763873361E-2
2.629797126E1,1.047633886E-1,-5.251150131E-1,-2.191479132E-2
2.629997129E1,1.139263660E-1,-4.854087830E-1,-2.741257846E-2
2.630197046E1,1.285871267E-1,-4.249331355E-1,-3.779728711E-2
2.630396963E1,1.285871267E-1,-4.249331355E-1,-3.779728711E-2
2.630596966E1,1.395827085E-1,-3.895029426E-1,-4.879286140E-2
2.630796969E1,1.383609772E-1,-3.730095923E-1,-5.245805159E-2
2.630996973E1,1.518000066E-1,-3.442989290E-1,-6.345362961E-2
2.631196972E1,1.536326110E-1,-3.174208403E-1,-7.261660695E-2
2.631396973E1,1.518000066E-1,-3.058144152E-1,-7.811439037E-2
2.631596973E1,1.481348276E-1,-2.880993187E-1,-8.788824081E-2
2.631796972E1,1.487456858E-1,-2.740494311E-1,-9.949467331E-2
2.631996972E1,1.377501190E-1,-2.703842223E-1,-1.031598672E-1
2.632197059E1,1.310305893E-1,-2.654972970E-1,-1.080467924E-1
2.632397146E1,1.108720452E-1,-2.758820057E-1,-1.153771728E-1
2.632597142E1,1.065959856E-1,-2.807689309E-1,-1.190423667E-1
2.632797139E1,8.643743396E-2,-2.948188484E-1,-1.294270754E-1
2.632997136E1,6.872233748E-2,-3.113121986E-1,-1.416443735E-1
2.633197132E1,5.467243865E-2,-3.204751909E-1,-1.483639032E-1
2.633397129E1,3.940080851E-2,-3.394120038E-1,-1.630246639E-1
2.633597125E1,2.107485011E-2,-3.559053540E-1,-1.789071560E-1
2.633797122E1,1.191187184E-2,-3.638466001E-1,-1.868484020E-1
2.633997122E1,-5.803219974E-3,-3.809508383E-1,-2.045634985E-1
2.634197035E1,-3.268129006E-2,-3.919464052E-1,-2.259437889E-1
2.634396949E1,-3.268129006E-2,-3.919464052E-1,-2.259437889E-1
2.634596952E1,-5.772676691E-2,-4.041637182E-1,-2.399936765E-1
2.634796955E1,-8.460483700E-2,-4.194353521E-1,-2.564870417E-1
2.634996958E1,-9.498954564E-2,-4.292092025E-1,-2.644282877E-1
2.635196962E1,-1.212567538E-1,-4.432590902E-1,-2.845868468E-1
2.635396965E1,-1.548543423E-1,-4.573090076E-1,-3.047454059E-1
2.635596965E1,-1.707368344E-1,-4.676937163E-1,-3.157409728E-1
2.635796962E1,-2.025018334E-1,-4.841870666E-1,-3.389538527E-1
2.635996958E1,-2.367102802E-1,-4.957934916E-1,-3.670536578E-1
2.636197042E1,-2.501493096E-1,-5.019021630E-1,-3.835470080E-1
2.636397125E1,-2.868012190E-1,-5.098434091E-1,-4.098142087E-1
2.636597121E1,-3.197879493E-1,-5.159520507E-1,-4.440226853E-1
2.636797118E1,-3.350595832E-1,-5.196172595E-1,-4.605160356E-1
2.636997115E1,-3.692680299E-1,-5.220606923E-1,-4.971679449E-1
2.637197115E1,-4.028656185E-1,-5.251150131E-1,-5.350415707E-1
2.637397115E1,-4.169155359E-1,-5.257259011E-1,-5.545892715E-1
2.637597115E1,-4.486805201E-1,-5.275585055E-1,-5.955172777E-1
2.637797115E1,-4.773911834E-1,-5.324454308E-1,-6.413321495E-1
2.637997115E1,-4.889976382E-1,-5.318345428E-1,-6.627124548E-1
2.638197028E1,-5.189300179E-1,-5.361106396E-1,-7.378488779E-1
2.638396938E1,-5.329799056E-1,-5.342780352E-1,-7.635052204E-1
2.638596938E1,-5.384777188E-1,-5.306128263E-1,-7.891615629E-1
2.638796938E1,-5.568036437E-1,-5.214498639E-1,-8.380307555E-1
2.638996941E1,-5.726861954E-1,-5.092325211E-1,-8.893434405E-1
2.639196944E1,-5.775730610E-1,-5.000695586E-1,-9.131671786E-1
2.639396948E1,-5.910121202E-1,-4.835762084E-1,-9.608146548E-1
2.639596951E1,-5.989533663E-1,-4.640285075E-1,-1.009683847E0
2.639796954E1,-6.026185751E-1,-4.585307240E-1,-1.035951138E0
2.639996958E1,-6.111706495E-1,-4.463134110E-1,-1.085431218E0
2.640197048E1,-6.136141419E-1,-4.353178442E-1,-1.136743903E0
2.640397138E1,-6.111706495E-1,-4.292092025E-1,-1.164843678E0
2.640597134E1,-6.136141419E-1,-4.047745764E-1,-1.216767192E0
2.640797131E1,-6.111706495E-1,-3.711769879E-1,-1.272355914E0
2.640997128E1,-6.111706495E-1,-3.296381533E-1,-1.330388188E0
2.641197124E1,-6.093381047E-1,-3.052035570E-1,-1.359098792E0
2.641397121E1,-6.136141419E-1,-2.477822155E-1,-1.420185328E0
2.641597117E1,-6.136141419E-1,-1.885282844E-1,-1.480050087E0
2.641797117E1,-6.185010672E-1,-1.567633003E-1,-1.509982586E0
2.641997117E1,-6.258314252E-1,-9.201157838E-2,-1.563738704E0
2.642197034E1,-6.447682381E-1,-3.436116967E-3,-1.641929388E0
2.642396957E1,-6.447682381E-1,-3.436116967E-3,-1.641929388E0
2.642596961E1,-6.679811478E-1,4.176791012E-2,-1.685300827E0
2.642796964E1,-6.881396770E-1,7.108944654E-2,-1.729283094E0
2.642996967E1,-7.009678483E-1,7.964155823E-2,-1.748219967E0
2.643196970E1,-7.302893996E-1,8.208502084E-2,-1.781206727E0
2.643396974E1,-7.712173462E-1,6.314819306E-2,-1.805030465E0
2.643596974E1,-7.889324427E-1,4.360050708E-2,-1.815415144E0
2.643796974E1,-8.414669037E-1,-8.323038928E-3,-1.822134614E0
2.643996974E1,-8.927795291E-1,-7.063129544E-2,-1.817247748E0
2.644197060E1,-9.159924388E-1,-1.030071527E-1,-1.809917331E0
2.644397150E1,-9.734137654E-1,-1.726457924E-1,-1.784260988E0
2.644597150E1,-1.029002547E0,-2.496148050E-1,-1.739667892E0
2.644797150E1,-1.053437114E0,-2.923753858E-1,-1.716454983E0
2.644997147E1,-1.115134478E0,-3.772856593E-1,-1.651092410E0
2.645197144E1,-1.176221013E0,-4.652502537E-1,-1.579010248E0
2.645397140E1,-1.204931736E0,-5.116760135E-1,-1.538693190E0
2.645597137E1,-1.273959517E0,-5.990297198E-1,-1.456837296E0
2.645797133E1,-1.335045934E0,-6.790530682E-1,-1.370094419E0
2.645997130E1,-1.369865298E0,-7.150941491E-1,-1.326112032E0
2.646197040E1,-1.481042743E0,-8.195520639E-1,-1.194776058E0
2.646396950E1,-1.512196898E0,-8.525388241E-1,-1.150793791E0
2.646596950E1,-1.547627091E0,-8.867472410E-1,-1.108033180E0
2.646796953E1,-1.628872156E0,-9.490554929E-1,-1.019457698E0
2.646996957E1,-1.705841184E0,-1.000368237E0,-9.333257079E-1
2.647196960E1,-1.741271377E0,-1.018083334E0,-8.862891197E-1
2.647396963E1,-1.818851233E0,-1.034576654E0,-7.909941077E-1
2.647596966E1,-1.889100790E0,-1.034576654E0,-6.938665509E-1
2.647796970E1,-1.918422341E0,-1.033965826E0,-6.419430375E-1
2.647996973E1,-1.985617518E0,-1.016861558E0,-5.356524587E-1
2.648197060E1,-2.034486771E0,-9.826530814E-1,-4.348596931E-1
2.648397136E1,-2.059532166E0,-9.588293433E-1,-3.841578662E-1
2.648597133E1,-2.101071119E0,-8.989645839E-1,-2.845868468E-1
2.648797129E1,-2.143831491E0,-8.207738400E-1,-1.905135959E-1
2.648997126E1,-2.158492327E0,-7.774024010E-1,-1.465312988E-1
2.649197123E1,-2.195144176E0,-6.735553145E-1,-5.795583874E-2
2.649397119E1,-2.227520227E0,-5.574908853E-1,2.267837152E-2
2.649597119E1,-2.242180824E0,-4.896848500E-1,5.933028832E-2
2.649797119E1,-2.266615391E0,-3.418554664E-1,1.271363348E-1
2.649997119E1,-2.281276226E0,-1.763109863E-1,1.876119822E-1
2.650197033E1,-2.309986830E0,1.010218412E-1,2.603049576E-1
2.650396942E1,-2.309986830E0,1.010218412E-1,2.603049576E-1
2.650596942E1,-2.329534531E0,2.934443951E-1,3.036763966E-1
2.650796943E1,-2.338086843E0,3.924045563E-1,3.213914633E-1
2.650996942E1,-2.356412649E0,5.946009755E-1,3.610977232E-1
2.651196942E1,-2.372295141E0,7.986299396E-1,4.075234830E-1
2.651396946E1,-2.378403902E0,8.957574964E-1,4.368450046E-1
2.651596949E1,-2.388177633E0,1.071686745E0,4.960989356E-1
2.651796952E1,-2.390010357E0,1.221348643E0,5.608506799E-1
2.651996956E1,-2.391232014E0,1.285489559E0,5.950590968E-1
2.652197046E1,-2.391232014E0,1.404608250E0,6.659194827E-1
2.652397136E1,-2.386955976E0,1.508455396E0,7.355580926E-1
2.652597139E1,-2.381458044E0,1.556713700E0,7.722100019E-1
2.652797139E1,-2.374127865E0,1.649565220E0,8.442921042E-1
2.652997136E1,-2.361299515E0,1.734475493E0,9.084329605E-1
2.653197132E1,-2.347860575E0,1.823050976E0,9.670760632E-1
2.653397129E1,-2.341751814E0,1.868255019E0,9.933432341E-1
2.653597125E1,-2.328312874E0,1.959273934E0,1.037936449E0
2.653797122E1,-2.306932688E0,2.053957939E0,1.080086112E0
2.653997119E1,-2.295937061E0,2.102216482E0,1.101466417E0
2.654197029E1,-2.261117697E0,2.257376194E0,1.144837856E0
2.654396979E1,-2.261117697E0,2.257376194E0,1.144837856E0
2.654596982E1,-2.235461473E0,2.363666773E0,1.164385557E0
2.654796985E1,-2.208583355E0,2.462626934E0,1.168050766E0
2.654996989E1,-2.178650856E0,2.565252304E0,1.160109401E0
2.655196992E1,-2.164601088E0,2.615343094E0,1.152168155E0
2.655396995E1,-2.124894857E0,2.717357635E0,1.130177021E0
2.655596998E1,-2.077858210E0,2.823648214E0,1.103909850E0
2.655797002E1,-2.051590919E0,2.878015280E0,1.087416530E0
2.655997005E1,-1.988671780E0,2.981251478E0,1.053818941E0
2.656197092E1,-1.914757133E0,3.077768087E0,1.011669159E0
2.656397182E1,-1.876272559E0,3.122361422E0,9.945649505E-1
2.656597182E1,-1.787086248E0,3.194443464E0,9.524152875E-1
2.656797182E1,-1.690569520E0,3.243923426E0,9.047678113E-1
2.656997182E1,-1.632537365E0,3.256751776E0,8.821657896E-1
2.657197182E1,-1.523192525E0,3.265303850E0,8.314639330E-1
2.657397178E1,-1.405906320E0,3.244534492E0,7.764860988E-1
2.657597175E1,-1.358258843E0,3.217045546E0,7.459428310E-1
2.657797171E1,-1.264796495E0,3.121139526E0,6.720281243E-1
2.657997168E1,-1.173166752E0,2.985527515E0,5.846744180E-1
2.658197078E1,-1.018617749E0,2.728353262E0,4.521166384E-1
2.658396985E1,-1.018617749E0,2.728353262E0,4.521166384E-1
2.658596981E1,-9.104946256E-1,2.537763357E0,3.519347310E-1
2.658796978E1,-8.573493958E-1,2.434527159E0,2.963460088E-1
2.658996978E1,-7.455610037E-1,2.210339546E0,1.870011240E-1
2.659196978E1,-6.490443349E-1,1.953165293E0,8.071056753E-2
2.659396981E1,-6.068946123E-1,1.809611917E0,2.573269792E-2
2.659596984E1,-5.268712640E-1,1.511509657E0,-7.750352472E-2
2.659796988E1,-4.547891617E-1,1.211574912E0,-1.844049394E-1
2.659996991E1,-4.248567820E-1,1.063134551E0,-2.412154078E-1
2.660197081E1,-3.668245673E-1,7.888560891E-1,-3.499494195E-1
2.660397134E1,-3.246748745E-1,5.591707826E-1,-4.690681398E-1
2.660597134E1,-3.118467033E-1,4.620431960E-1,-5.295438170E-1
2.660797131E1,-2.929098904E-1,3.062725663E-1,-6.517168880E-1
2.660997128E1,-2.788599730E-1,2.005928755E-1,-7.665595412E-1
2.661197124E1,-2.648100853E-1,1.596648991E-1,-8.184830546E-1
2.661397121E1,-2.306016237E-1,9.735664725E-2,-9.119454622E-1
2.661597117E1,-1.786780804E-1,6.009386852E-2,-9.883036017E-1
2.661797114E1,-1.469130963E-1,4.176791012E-2,-1.023122907E0
2.661997110E1,-8.888089657E-2,1.794416644E-2,-1.074435592E0
2.662197024E1,8.246680722E-3,8.399396902E-4,-1.112309217E0
2.662396937E1,8.246680722E-3,8.399396902E-4,-1.112309217E0
2.662596940E1,8.093964309E-2,-1.259909570E-2,-1.125137448E0
2.662796944E1,1.530217379E-1,-2.725986205E-2,-1.131856918E0
2.662996947E1,1.866193265E-1,-3.397937864E-2,-1.132467747E0
2.663196950E1,2.538145185E-1,-4.314235970E-2,-1.141630769E0
2.663396954E1,3.167336285E-1,-4.436408728E-2,-1.147739410E0
2.663596957E1,3.503312171E-1,-3.825543448E-2,-1.153237224E0
2.663796960E1,4.034765065E-1,-1.687515154E-2,-1.165454507E0
2.663996960E1,4.474588037E-1,1.855503209E-2,-1.180726171E0
2.664197047E1,4.761694670E-1,4.482223839E-2,-1.182558775E0
2.664397137E1,5.207626224E-1,1.010218412E-1,-1.191721678E0
2.664597137E1,5.513058901E-1,1.639409661E-1,-1.191721678E0
2.664797137E1,5.757405162E-1,2.299144119E-1,-1.182558775E0
2.664997137E1,5.855143666E-1,2.653445899E-1,-1.175839186E0
2.665197137E1,5.946773291E-1,3.337614834E-1,-1.158124089E0
2.665397133E1,5.958990455E-1,3.991240859E-1,-1.134300351E0
2.665597130E1,5.916230083E-1,4.284456074E-1,-1.123304844E0
2.665797127E1,5.671883821E-1,4.876995385E-1,-1.089096427E0
2.665997123E1,5.329799056E-1,5.426774025E-1,-1.053055286E0
2.666197033E1,4.511239827E-1,6.080399752E-1,-9.907470942E-1
2.666396950E1,4.511239827E-1,6.080399752E-1,-9.907470942E-1
2.666596946E1,3.900374472E-1,6.459136605E-1,-9.443213344E-1
2.666796946E1,3.546072841E-1,6.648504734E-1,-9.198867083E-1
2.666996946E1,2.788599730E-1,7.100545168E-1,-8.710174561E-1
2.667196950E1,2.006692290E-1,7.534258962E-1,-8.172613382E-1
2.667396953E1,1.560760736E-1,7.784714103E-1,-7.879397869E-1
2.667596956E1,6.933320314E-2,8.322275281E-1,-7.299076319E-1
2.667796960E1,-3.145955876E-2,8.908706307E-1,-6.633232832E-1
2.667996963E1,-8.399397135E-2,9.189704061E-1,-6.272822618E-1
2.668197053E1,-1.829541475E-1,9.770026207E-1,-5.503132343E-1
2.668397143E1,-2.910772860E-1,1.026482701E0,-4.733442068E-1
2.668597140E1,-3.417791128E-1,1.051528215E0,-4.342488348E-1
2.668797136E1,-4.407392740E-1,1.101619124E0,-3.536146283E-1
2.668997133E1,-5.415320396E-1,1.148655772E0,-2.772564590E-1
2.669197129E1,-5.842925906E-1,1.171868563E0,-2.412154078E-1
2.669397126E1,-6.759223938E-1,1.217683554E0,-1.721876413E-1
2.669597122E1,-7.602217793E-1,1.262276649E0,-1.049924642E-1
2.669797119E1,-8.005388975E-1,1.284267783E0,-7.444920391E-2
2.669997119E1,-8.640688658E-1,1.331304431E0,-9.697485715E-3
2.670197032E1,-9.422596693E-1,1.416825533E0,7.521278411E-2
2.670397132E1,-9.422596693E-1,1.416825533E0,7.521278411E-2
2.670597132E1,-9.850202203E-1,1.470581770E0,1.308015138E-1
2.670797132E1,-1.003957033E0,1.517007470E0,1.784490049E-1
2.670997132E1,-1.015563488E0,1.536555171E0,1.998292953E-1
2.671197132E1,-1.027169943E0,1.564044118E0,2.425898612E-1
2.671397132E1,-1.030835152E0,1.567098379E0,2.804635167E-1
2.671597132E1,-1.030835152E0,1.562822342E0,2.987894714E-1
2.671797136E1,-1.025337338E0,1.539609551E0,3.348305225E-1
2.671997139E1,-1.008843899E0,1.498070598E0,3.708715737E-1
2.672197229E1,-9.996809959E-1,1.471803427E0,3.855323195E-1
2.672397312E1,-9.758572578E-1,1.412549496E0,4.172973335E-1
2.672597316E1,-9.324858189E-1,1.345965266E0,4.441753924E-1
2.672797319E1,-9.086620808E-1,1.312978506E0,4.576144218E-1
2.672997322E1,-8.567385077E-1,1.243339896E0,4.808273017E-1
2.673197322E1,-7.938193679E-1,1.182253361E0,5.040401816E-1
2.673397319E1,-7.626652718E-1,1.148044825E0,5.156466365E-1
2.673597315E1,-6.795876026E-1,1.091234446E0,5.382486582E-1
2.673797312E1,-5.910121202E-1,1.039310813E0,5.626832247E-1
2.673997309E1,-5.439754725E-1,1.016098022E0,5.749005675E-1
2.674197219E1,-3.992004395E-1,9.586766362E-1,6.103307605E-1
2.674397125E1,-3.466660380E-1,9.452376366E-1,6.194937229E-1
2.674597125E1,-2.880229652E-1,9.317985773E-1,6.304892898E-1
2.674797125E1,-1.768454909E-1,9.122508764E-1,6.475934982E-1
2.674997128E1,-7.116580009E-2,8.957574964E-1,6.653085947E-1
2.675197132E1,-1.191187184E-2,8.896488547E-1,6.726390123E-1
2.675397135E1,9.804387391E-2,8.719337583E-1,6.842454076E-1
2.675597138E1,1.994474977E-1,8.542186618E-1,6.946301460E-1
2.675797142E1,2.556470931E-1,8.438339829E-1,6.995170712E-1
2.675997145E1,3.515529633E-1,8.261188865E-1,7.019605041E-1
2.676197235E1,4.462370574E-1,8.029059768E-1,7.068474293E-1
2.676397135E1,5.262604356E-1,7.741953135E-1,7.105126381E-1
2.676597135E1,5.629123449E-1,7.613671422E-1,7.117343545E-1
2.676797135E1,6.270532012E-1,7.326564789E-1,7.153995633E-1
2.676997135E1,6.893614531E-1,7.076110244E-1,7.196756005E-1
2.677197135E1,7.131851912E-1,6.960045695E-1,7.215082049E-1
2.677397135E1,7.608326674E-1,6.709591150E-1,7.251734138E-1
2.677597135E1,7.980954647E-1,6.514114141E-1,7.312820554E-1
2.677797132E1,8.145887852E-1,6.428593397E-1,7.343363762E-1
2.677997128E1,8.420777321E-1,6.233116388E-1,7.416667938E-1
2.678197038E1,8.726209998E-1,5.964335799E-1,7.496080399E-1
2.678396948E1,8.726209998E-1,5.964335799E-1,7.496080399E-1
2.678596945E1,8.878926635E-1,5.787184834E-1,7.587710023E-1
2.678796941E1,8.940013051E-1,5.658903122E-1,7.685448527E-1
2.678996938E1,9.001099467E-1,5.561164618E-1,7.734317780E-1
2.679196935E1,9.043859839E-1,5.457317233E-1,7.813730240E-1
2.679396935E1,9.037751555E-1,5.347361565E-1,7.911468744E-1
2.679596938E1,8.988882303E-1,5.267949104E-1,7.960337996E-1
2.679796941E1,8.903360963E-1,5.103015304E-1,8.082510829E-1
2.679996945E1,8.781188130E-1,4.938081801E-1,8.186357617E-1
2.680197034E1,8.732318878E-1,4.858669341E-1,8.229118586E-1
2.680397128E1,8.573493958E-1,4.797582924E-1,8.406269550E-1
2.680597131E1,8.512406945E-1,4.803691506E-1,8.571202755E-1
2.680797134E1,8.426886201E-1,4.815908968E-1,8.662832975E-1
2.680997134E1,8.408560157E-1,4.968625307E-1,8.833875060E-1
2.681197131E1,8.390234113E-1,5.188536644E-1,9.035460353E-1
2.681397128E1,8.341364861E-1,5.310709476E-1,9.108764529E-1
2.681597124E1,8.420777321E-1,5.610033870E-1,9.328675866E-1
2.681797121E1,8.469646573E-1,5.964335799E-1,9.548587203E-1
2.681997117E1,8.524624705E-1,6.153703928E-1,9.664651752E-1
2.682197027E1,8.750644922E-1,6.770677567E-1,9.970084429E-1
2.682396937E1,8.823948503E-1,6.984480619E-1,1.008004069E0
2.682596937E1,8.860600591E-1,7.192174792E-1,1.019610405E0
2.682796941E1,9.043859839E-1,7.558693886E-1,1.038547277E0
2.682996944E1,9.202684760E-1,7.919104099E-1,1.058705807E0
2.683196947E1,9.245445728E-1,8.077929020E-1,1.068479657E0
2.683396951E1,9.318749309E-1,8.420013785E-1,1.092303395E0
2.683596954E1,9.447031021E-1,8.688794374E-1,1.113683701E0
2.683796957E1,9.502009153E-1,8.841511011E-1,1.121624947E0
2.683996960E1,9.581421614E-1,9.116400480E-1,1.137507439E0
2.684197051E1,9.666942358E-1,9.372963309E-1,1.151557326E0
2.684397137E1,9.679159522E-1,9.489027858E-1,1.159498572E0
2.684597137E1,9.709703326E-1,9.739482999E-1,1.166828990E0
2.684797137E1,9.709703326E-1,9.996046424E-1,1.172937632E0
2.684997137E1,9.734137654E-1,1.009989381E0,1.170494199E0
2.685197137E1,9.715811610E-1,1.035034776E0,1.170494199E0
2.685397137E1,9.703594446E-1,1.056415081E0,1.164385557E0
2.685597134E1,9.703594446E-1,1.061912894E0,1.158276916E0
2.685797130E1,9.630290866E-1,1.078406215E0,1.143616080E0
2.685997127E1,9.630290866E-1,1.086958289E0,1.125900984E0
2.686197037E1,9.532552361E-1,1.088180065E0,1.085583925E0
2.686396944E1,9.532552361E-1,1.088180065E0,1.085583925E0
2.686596940E1,9.453139901E-1,1.083904028E0,1.053207994E0
2.686796937E1,9.337075353E-1,1.079627991E0,1.034271240E0
2.686996933E1,9.294314981E-1,1.065578103E0,9.939541221E-1
2.687196933E1,9.141598344E-1,1.044197798E0,9.524152875E-1
2.687396937E1,9.111055136E-1,1.033202171E0,9.273697734E-1
2.687596940E1,8.946121335E-1,1.009989381E0,8.785005808E-1
2.687796943E1,8.787296414E-1,9.812786579E-1,8.320748210E-1
2.687996947E1,8.677340746E-1,9.666178823E-1,8.100836873E-1
2.688197036E1,8.445212245E-1,9.330202937E-1,7.624362111E-1
2.688397130E1,8.170322776E-1,8.982009888E-1,7.153995633E-1
2.688597133E1,7.944302559E-1,8.768206835E-1,6.927975416E-1
2.688797133E1,7.791585922E-1,8.310058117E-1,6.500369906E-1
2.688997130E1,7.467827797E-1,7.864126563E-1,6.091089845E-1
2.689197126E1,7.211264372E-1,7.375434041E-1,5.681810379E-1
2.689397123E1,7.046330571E-1,7.131088376E-1,5.468007326E-1
2.689597120E1,6.685920358E-1,6.709591150E-1,5.040401816E-1
2.689797116E1,6.368269920E-1,6.294202805E-1,4.625013471E-1
2.689997113E1,6.197227836E-1,6.123160720E-1,4.411210716E-1
2.690197023E1,5.635231733E-1,5.622251034E-1,3.794236779E-1
2.690396973E1,5.635231733E-1,5.622251034E-1,3.794236779E-1
2.690596973E1,5.225952268E-1,5.335144401E-1,3.354413807E-1
2.690796973E1,4.865541756E-1,5.023602843E-1,2.890156209E-1
2.690996973E1,4.480696619E-1,4.675409794E-1,2.450333238E-1
2.691196973E1,4.248567820E-1,4.486041665E-1,2.218204439E-1
2.691396973E1,3.833179474E-1,4.113413990E-1,1.802816093E-1
2.691596973E1,3.423899710E-1,3.728568852E-1,1.405753642E-1
2.691796973E1,3.203988075E-1,3.514765799E-1,1.216385439E-1
2.691996973E1,2.794708610E-1,3.074942827E-1,8.071056753E-2
2.692197063E1,2.348776907E-1,2.604576647E-1,4.466952011E-2
2.692397156E1,2.134974003E-1,2.360230535E-1,2.634356357E-2
2.692597159E1,1.664607823E-1,1.798234582E-1,-9.697485715E-3
2.692797163E1,1.218676195E-1,1.254564524E-1,-4.207334295E-2
2.692997166E1,9.987647086E-2,9.918924421E-2,-5.673411116E-2
2.693197169E1,5.345070735E-2,4.970915988E-2,-7.811439037E-2
2.693397169E1,6.414085161E-3,1.183551457E-2,-9.644035250E-2
2.693597166E1,-1.802052557E-2,-1.603521290E-3,-1.019381359E-1
2.693797162E1,-5.711590126E-2,-2.481640130E-2,-1.098793894E-1
2.693997159E1,-9.254608303E-2,-3.336851299E-2,-1.111011133E-1
2.694197069E1,-1.365283877E-1,-3.153591976E-2,-1.019381359E-1
2.694396976E1,-1.365283877E-1,-3.153591976E-2,-1.019381359E-1
2.694596972E1,-1.548543423E-1,-1.198823005E-2,-8.666650951E-2
2.694796969E1,-1.585195363E-1,8.399396902E-4,-7.628180087E-2
2.694996969E1,-1.707368344E-1,4.298964143E-2,-5.429064855E-2
2.695196972E1,-1.701259762E-1,1.010218412E-1,-2.863430791E-2
2.695396975E1,-1.713477075E-1,1.340085566E-1,-1.458440814E-2
2.695596979E1,-1.603521258E-1,2.121993154E-1,1.107193250E-2
2.695796982E1,-1.444696337E-1,3.013856411E-1,3.672827408E-2
2.695996985E1,-1.353066564E-1,3.484222591E-1,4.955644161E-2
2.696197075E1,-1.151480973E-1,4.473824203E-1,7.338018715E-2
2.696397129E1,-9.682214260E-2,5.475643277E-1,9.414960444E-2
2.696597132E1,-8.155050874E-2,5.958226919E-1,1.020908505E-1
2.696797132E1,-5.894849449E-2,6.874524951E-1,1.198059469E-1
2.696997132E1,-3.390302137E-2,7.662540674E-1,1.375210434E-1
2.697197132E1,-2.046398632E-2,7.998516560E-1,1.466840208E-1
2.697397132E1,2.748893574E-3,8.615490794E-1,1.680642962E-1
2.697597132E1,2.779436857E-2,9.073639512E-1,1.851685345E-1
2.697797132E1,3.573561832E-2,9.287442565E-1,1.931097806E-1
2.697997132E1,5.833763257E-2,9.635635614E-1,2.053270787E-1
2.698197042E1,1.004873365E-1,1.003880620E0,2.205987126E-1
2.698396949E1,1.004873365E-1,1.003880620E0,2.205987126E-1
2.698596945E1,1.261436790E-1,1.022206664E0,2.285399586E-1
2.698796942E1,1.572978050E-1,1.035034776E0,2.358703464E-1
2.698996938E1,1.713477075E-1,1.039921761E0,2.432007194E-1
2.699196935E1,1.976149082E-1,1.039921761E0,2.572506368E-1
2.699396932E1,2.275473028E-1,1.037478209E0,2.603049576E-1
2.699596932E1,2.464841306E-1,1.036867380E0,2.633592784E-1
2.699796932E1,2.758056521E-1,1.037478209E0,2.706896663E-1
2.699996935E1,3.155119121E-1,1.038089156E0,2.761874497E-1
2.700197025E1,3.258966208E-1,1.041754365E0,2.761874497E-1
2.700397118E1,3.576616049E-1,1.047863007E0,2.780200541E-1
2.700597121E1,3.882048726E-1,1.049695611E0,2.749657333E-1
2.700797125E1,4.114177525E-1,1.044197798E0,2.682462037E-1
2.700997128E1,4.224133193E-1,1.034423947E0,2.615266740E-1
2.701197128E1,4.352414906E-1,1.004491568E0,2.450333238E-1
2.701397125E1,4.376849532E-1,9.495136738E-1,2.224313021E-1
2.701597121E1,4.266893864E-1,9.073639512E-1,2.047162205E-1
2.701797118E1,3.882048726E-1,7.955756187E-1,1.570687294E-1
2.701997114E1,3.301726580E-1,6.410267353E-1,9.598220140E-2
2.702197024E1,1.811215430E-1,3.019964993E-1,-4.207334295E-2
2.702396964E1,1.811215430E-1,3.019964993E-1,-4.207334295E-2
2.702596961E1,4.184427112E-2,1.733330078E-2,-1.679115891E-1
2.702796961E1,-3.329215571E-2,-1.378264725E-1,-2.375502288E-1
2.702996961E1,-1.988366395E-1,-4.524220824E-1,-3.975969255E-1
2.703196961E1,-3.552181423E-1,-7.615199089E-1,-5.808565021E-1
2.703396961E1,-4.285219610E-1,-9.069058299E-1,-6.792057753E-1
2.703596961E1,-5.653557777E-1,-1.164080024E0,-8.759043813E-1
2.703796961E1,-6.869179606E-1,-1.377882957E0,-1.076268196E0
2.703996961E1,-7.461718917E-1,-1.466458321E0,-1.170341492E0
2.704197048E1,-8.487972617E-1,-1.605124831E0,-1.341994643E0
2.704397138E1,-9.367618561E-1,-1.692478538E0,-1.476384997E0
2.704597141E1,-9.758572578E-1,-1.719967484E0,-1.530751944E0
2.704797144E1,-1.039998055E0,-1.739515185E0,-1.608942747E0
2.704997148E1,-1.080315232E0,-1.721800089E0,-1.663920522E0
2.705197151E1,-1.097419381E0,-1.699808955E0,-1.683468223E0
2.705397154E1,-1.105360627E0,-1.631392002E0,-1.722563624E0
2.705597157E1,-1.079704285E0,-1.539151311E0,-1.749441743E0
2.705797161E1,-1.054047942E0,-1.482951760E0,-1.764713287E0
2.705997161E1,-9.825767279E-1,-1.355280876E0,-1.793424010E0
2.706197071E1,-8.170322776E-1,-1.120708704E0,-1.837406278E0
2.706396977E1,-8.170322776E-1,-1.120708704E0,-1.837406278E0
2.706596974E1,-6.753115058E-1,-9.343947768E-1,-1.860619187E0
2.706796971E1,-5.170974135E-1,-7.181484699E-1,-1.871003866E0
2.706996967E1,-4.297437072E-1,-6.039166451E-1,-1.869171262E0
2.707196964E1,-2.415972054E-1,-3.540727794E-1,-1.856953979E0
2.707396964E1,-3.817907721E-2,-9.628763795E-2,-1.831908464E0
2.707596964E1,6.627888232E-2,4.054617882E-2,-1.811139107E0
2.707796967E1,2.709187269E-1,2.958878577E-1,-1.758604646E0
2.707996970E1,4.725042582E-1,5.390121937E-1,-1.690798640E0
2.708197060E1,5.671883821E-1,6.532440186E-1,-1.650481582E0
2.708397120E1,7.461718917E-1,8.707120419E-1,-1.550910473E0
2.708597124E1,9.104946256E-1,1.063134551E0,-1.436678648E0
2.708797127E1,9.886853695E-1,1.149877429E0,-1.370705247E0
2.708997130E1,1.127962708E0,1.303204656E0,-1.233871460E0
2.709197134E1,1.250135779E0,1.413160443E0,-1.082987666E0
2.709397134E1,1.305113554E0,1.451034069E0,-1.004796982E0
2.709597134E1,1.399186850E0,1.483409882E0,-8.392524719E-1
2.709797134E1,1.466992855E0,1.470581770E0,-6.718754172E-1
2.709997134E1,1.493260145E0,1.446758032E0,-5.845217109E-1
2.710197047E1,1.544572830E0,1.321530581E0,-3.291800022E-1
2.710396957E1,1.548848867E0,1.258000612E0,-2.418262810E-1
2.710596930E1,1.543961883E0,1.184696794E0,-1.563051492E-1
2.710796927E1,1.524414182E0,1.013043642E0,1.290452853E-2
2.710996923E1,1.484097123E0,8.169559240E-1,1.839468032E-1
2.711196920E1,1.457829952E0,7.143305540E-1,2.658027411E-1
2.711396916E1,1.391245604E0,5.164102316E-1,4.246276915E-1
2.711596913E1,1.306946158E0,3.374266922E-1,5.669593215E-1
2.711796910E1,1.259909511E0,2.653445899E-1,6.347653270E-1
2.711996906E1,1.141401768E0,1.101848185E-1,7.606036067E-1
2.712196993E1,1.002735257E0,-4.497495294E-2,8.760571480E-1
2.712397086E1,9.324858189E-1,-1.030071527E-1,9.377545118E-1
2.712597090E1,7.895433307E-1,-2.270127982E-1,1.058705807E0
2.712797093E1,6.563746929E-1,-3.278055489E-1,1.162552953E0
2.712997096E1,5.225952268E-1,-4.047745764E-1,1.258458734E0
2.713197099E1,4.627304375E-1,-4.328743815E-1,1.299386740E0
2.713397103E1,3.546072841E-1,-4.670828283E-1,1.373912334E0
2.713597106E1,2.525927722E-1,-4.713588953E-1,1.433777094E0
2.713797106E1,2.043344229E-1,-4.640285075E-1,1.461876869E0
2.713997103E1,1.175915599E-1,-4.279874563E-1,1.511356950E0
2.714197013E1,5.192354787E-3,-3.302490115E-1,1.561447978E0
2.714396963E1,5.192354787E-3,-3.302490115E-1,1.561447978E0
2.714596959E1,-5.222897977E-2,-2.343431860E-1,1.583439112E0
2.714796956E1,-9.498954564E-2,-1.231657043E-1,1.591991186E0
2.714996952E1,-1.145372316E-1,-6.024658307E-2,1.588325977E0
2.715196872E1,-1.493565589E-1,6.864598393E-2,1.574276090E0
2.715396872E1,-1.719585657E-1,2.079232633E-1,1.548008919E0
2.715596876E1,-1.780672222E-1,2.800053656E-1,1.529682875E0
2.715796879E1,-1.902845204E-1,4.253912866E-1,1.482035398E0
2.715996882E1,-1.994474977E-1,5.726097822E-1,1.419727206E0
2.716196972E1,-2.012801021E-1,6.434701681E-1,1.383075237E0
2.716397066E1,-1.970040351E-1,7.796931267E-1,1.302441120E0
2.716597092E1,-1.915062517E-1,8.963683844E-1,1.214476466E0
2.716797096E1,-1.835650057E-1,9.470701814E-1,1.168050766E0
2.716997099E1,-1.713477075E-1,1.036867380E0,1.069090486E0
2.717197099E1,-1.609629989E-1,1.101619124E0,9.682977796E-1
2.717397099E1,-1.524108797E-1,1.129718900E0,9.212611318E-1
2.717597099E1,-1.414152980E-1,1.162094712E0,8.253552914E-1
2.717797099E1,-1.334740520E-1,1.169425130E0,7.306711674E-1
2.717997099E1,-1.261436790E-1,1.162705660E0,6.842454076E-1
2.718197012E1,-1.133155003E-1,1.118112445E0,5.565745831E-1
2.718397109E1,-1.065959856E-1,1.094288707E0,5.193118453E-1
2.718597105E1,-9.865473956E-2,1.059469461E0,4.802164435E-1
2.718797102E1,-9.010262042E-2,9.776134491E-1,4.117995203E-1
2.718997099E1,-7.727445662E-2,8.707120419E-1,3.482695520E-1
2.719197095E1,-7.238753140E-2,8.071820736E-1,3.226132095E-1
2.719397092E1,-6.017022580E-2,6.605743766E-1,2.761874497E-1
2.719597088E1,-4.917465150E-2,4.968625307E-1,2.413681298E-1
2.719797085E1,-4.856378585E-2,4.113413990E-1,2.260964960E-1
2.719997085E1,-4.428773001E-2,2.305252701E-1,2.010510266E-1
2.720197175E1,-3.390302137E-2,4.543310404E-2,1.808924675E-1
2.720397225E1,-2.840523422E-2,-5.108360574E-2,1.729512215E-1
2.720597228E1,-2.474004216E-2,-2.288453877E-1,1.619556546E-1
2.720797232E1,-2.046398632E-2,-3.956116140E-1,1.570687294E-1
2.720997235E1,-1.802052557E-2,-4.786892831E-1,1.564578563E-1
2.721197315E1,-2.748893574E-3,-6.326273084E-1,1.509600729E-1
2.721397318E1,5.192354787E-3,-7.896196842E-1,1.466840208E-1
2.721597318E1,7.635815535E-3,-8.665887117E-1,1.460731477E-1
2.721797315E1,2.474004216E-2,-1.005865932E0,1.430188268E-1
2.721997311E1,4.062253982E-2,-1.123152137E0,1.393536329E-1
2.722197221E1,6.994406879E-2,-1.259375095E0,1.356884390E-1
2.722397128E1,6.994406879E-2,-1.259375095E0,1.356884390E-1
2.722597124E1,9.865473956E-2,-1.329624534E0,1.399645060E-1
2.722797121E1,1.072068512E-1,-1.352226615E0,1.436296850E-1
2.722997118E1,1.346957833E-1,-1.385824203E0,1.564578563E-1
2.723197118E1,1.566869318E-1,-1.409036994E0,1.686751693E-1
2.723397121E1,1.658499092E-1,-1.418810844E0,1.729512215E-1
2.723597124E1,1.823432744E-1,-1.432249904E0,1.815033406E-1
2.723797128E1,1.896736622E-1,-1.441412926E0,1.937206388E-1
2.723997131E1,1.939497143E-1,-1.440802097E0,2.022727579E-1
2.724197221E1,1.933388561E-1,-1.438969493E0,2.187661231E-1
2.724397124E1,1.884519309E-1,-1.444467187E0,2.462550551E-1
2.724597128E1,1.811215430E-1,-1.446299791E0,2.596940994E-1
2.724797131E1,1.701259762E-1,-1.451186776E0,2.920699418E-1
2.724997131E1,1.621847153E-1,-1.445688963E0,3.213914633E-1
2.725197131E1,1.511891484E-1,-1.432249904E0,3.507130146E-1
2.725397131E1,1.499674171E-1,-1.424308658E0,3.629303277E-1
2.725597131E1,1.432479024E-1,-1.402928352E0,3.855323195E-1
2.725797131E1,1.395827085E-1,-1.376050353E0,4.014148116E-1
2.725997131E1,1.414152980E-1,-1.355280876E0,4.087451994E-1
2.726197041E1,1.524108797E-1,-1.288696647E0,4.197407961E-1
2.726396961E1,1.591303945E-1,-1.288696647E0,4.197407961E-1
2.726596957E1,1.664607823E-1,-1.236162186E0,4.234059751E-1
2.726796954E1,1.872301996E-1,-1.179351687E0,4.215733707E-1
2.726996951E1,2.067778856E-1,-1.123152137E0,4.209625125E-1
2.727196947E1,2.189951837E-1,-1.093830585E0,4.179081917E-1
2.727396944E1,2.422080636E-1,-1.039463520E0,4.142429829E-1
2.727596940E1,2.641992271E-1,-9.899834991E-1,4.130212665E-1
2.727796940E1,2.739730477E-1,-9.661597610E-1,4.142429829E-1
2.727996944E1,3.020728528E-1,-9.233991504E-1,4.130212665E-1
2.728197034E1,3.228422701E-1,-8.849146366E-1,4.136321247E-1
2.728397127E1,3.344487250E-1,-8.708647490E-1,4.136321247E-1
2.728597130E1,3.521638215E-1,-8.531496525E-1,4.148538709E-1
2.728797134E1,3.698789179E-1,-8.433758020E-1,4.111886621E-1
2.728997137E1,3.857614100E-1,-8.415432572E-1,4.124104083E-1
2.729197140E1,4.053090811E-1,-8.354345560E-1,4.117995203E-1
2.729397140E1,4.291328490E-1,-8.329911232E-1,4.099669456E-1
2.729597137E1,4.352414906E-1,-8.317694068E-1,4.075234830E-1
2.729797133E1,4.554000497E-1,-8.378780484E-1,4.044691622E-1
2.729997130E1,4.780020416E-1,-8.476518989E-1,3.995822370E-1
2.730197040E1,5.048801303E-1,-8.641452193E-1,3.861432076E-1
2.730396947E1,5.048801303E-1,-8.641452193E-1,3.861432076E-1
2.730596943E1,5.274821520E-1,-8.726973534E-1,3.775910735E-1
2.730796940E1,5.342016816E-1,-8.751408458E-1,3.714824319E-1
2.730996940E1,5.494732857E-1,-8.830820918E-1,3.635411859E-1
2.731196943E1,5.623014569E-1,-8.928559422E-1,3.513238728E-1
2.731396946E1,5.696318150E-1,-8.965210915E-1,3.482695520E-1
2.731596950E1,5.769622326E-1,-9.075166583E-1,3.378848433E-1
2.731796953E1,5.879577994E-1,-9.154579043E-1,3.305544555E-1
2.731996956E1,5.928447247E-1,-9.166796803E-1,3.275001347E-1
2.732197046E1,6.026185751E-1,-9.148470759E-1,3.238349259E-1
2.732397126E1,6.130032539E-1,-9.087384343E-1,3.183371425E-1
2.732597130E1,6.154467463E-1,-9.038515091E-1,3.152828217E-1
2.732797130E1,6.239988208E-1,-8.952993751E-1,3.061198592E-1
2.732997130E1,6.258314252E-1,-8.836929202E-1,2.963460088E-1
2.733197130E1,6.282749176E-1,-8.763625622E-1,2.926808000E-1
2.733397130E1,6.282749176E-1,-8.580365777E-1,2.908482254E-1
2.733597130E1,6.239988208E-1,-8.372671604E-1,2.914590836E-1
2.733797130E1,6.221662760E-1,-8.305476308E-1,2.920699418E-1
2.733997126E1,6.160575747E-1,-8.048913479E-1,2.981785834E-1
2.734197036E1,6.062837839E-1,-7.725154757E-1,3.103958964E-1
2.734396943E1,6.062837839E-1,-7.725154757E-1,3.103958964E-1
2.734596939E1,6.013968587E-1,-7.517460585E-1,3.165045679E-1
2.734796936E1,5.995642543E-1,-7.291440368E-1,3.226132095E-1
2.734996933E1,5.989533663E-1,-7.181484699E-1,3.244458139E-1
2.735196929E1,5.958990455E-1,-7.010442019E-1,3.317761719E-1
2.735396926E1,5.897904038E-1,-6.845508814E-1,3.427717686E-1
2.735596926E1,5.904012322E-1,-6.790530682E-1,3.488804102E-1
2.735796929E1,5.928447247E-1,-6.662248969E-1,3.641520441E-1
2.735996932E1,5.916230083E-1,-6.564510465E-1,3.757584691E-1
2.736197022E1,5.904012322E-1,-6.527858973E-1,3.794236779E-1
2.736397116E1,5.904012322E-1,-6.497315168E-1,3.953061700E-1
2.736597119E1,5.867360830E-1,-6.430120468E-1,4.105778039E-1
2.736797122E1,5.818491578E-1,-6.430120468E-1,4.252385795E-1
2.736997126E1,5.830708742E-1,-6.405685544E-1,4.356232882E-1
2.737197126E1,5.781839490E-1,-6.381251216E-1,4.533383846E-1
2.737397122E1,5.800165534E-1,-6.362925172E-1,4.686099887E-1
2.737597119E1,5.775730610E-1,-6.344599128E-1,4.832707644E-1
2.737797115E1,5.714644194E-1,-6.271295547E-1,5.003749728E-1
2.737997112E1,5.647448897E-1,-6.167448163E-1,5.235878825E-1
2.738197022E1,5.537493229E-1,-6.002514362E-1,5.522985458E-1
2.738396969E1,5.537493229E-1,-6.002514362E-1,5.522985458E-1
2.738596965E1,5.488623977E-1,-5.898667574E-1,5.724570751E-1
2.738796965E1,5.409211516E-1,-5.831472278E-1,5.773440003E-1
2.738996968E1,5.305364728E-1,-5.654321313E-1,5.950590968E-1
2.739196972E1,5.207626224E-1,-5.495496392E-1,6.097198725E-1
2.739396975E1,5.140430927E-1,-5.403866768E-1,6.158285141E-1
2.739596978E1,4.969388843E-1,-5.226715803E-1,6.256023645E-1
2.739796982E1,4.865541756E-1,-5.031238794E-1,6.353762150E-1
2.739996985E1,4.786129296E-1,-4.921283126E-1,6.402631402E-1
2.740197075E1,4.682282209E-1,-4.713588953E-1,6.488152742E-1
2.740397168E1,4.572326243E-1,-4.518111944E-1,6.530913115E-1
2.740597168E1,4.486805201E-1,-4.432590902E-1,6.549239159E-1
2.740797168E1,4.370740950E-1,-4.206570685E-1,6.579782367E-1
2.740997168E1,4.291328490E-1,-4.011093974E-1,6.634759903E-1
2.741197168E1,4.260784984E-1,-3.919464052E-1,6.646977663E-1
2.741397168E1,4.126394689E-1,-3.723987341E-1,6.683629155E-1
2.741597168E1,4.108068645E-1,-3.546836376E-1,6.708064079E-1
2.741797165E1,4.083634019E-1,-3.430771828E-1,6.714172363E-1
2.741997162E1,4.077525437E-1,-3.265838325E-1,6.732498407E-1
2.742197072E1,4.065308273E-1,-3.021492362E-1,6.769150496E-1
2.742396978E1,4.065308273E-1,-3.021492362E-1,6.769150496E-1
2.742596975E1,4.114177525E-1,-2.893210649E-1,6.756933331E-1
2.742796971E1,4.163046777E-1,-2.795472145E-1,6.750824451E-1
2.742996968E1,4.218024611E-1,-2.728276849E-1,6.744716167E-1
2.743196965E1,4.266893864E-1,-2.636647224E-1,6.726390123E-1
2.743396964E1,4.382958114E-1,-2.575560510E-1,6.720281243E-1
2.743596968E1,4.413501322E-1,-2.532800138E-1,6.701955199E-1
2.743796971E1,4.578435123E-1,-2.502256632E-1,6.665303111E-1
2.743996974E1,4.712825418E-1,-2.514474094E-1,6.604216695E-1
2.744197064E1,4.780020416E-1,-2.532800138E-1,6.579782367E-1
2.744397118E1,4.902193546E-1,-2.557234764E-1,6.512587070E-1
2.744597121E1,5.079344511E-1,-2.642755806E-1,6.451500654E-1
2.744797124E1,5.134322643E-1,-2.654972970E-1,6.439283490E-1
2.744997124E1,5.268712640E-1,-2.758820057E-1,6.402631402E-1
2.745197121E1,5.372560024E-1,-2.819906771E-1,6.329327226E-1
2.745397118E1,5.433646441E-1,-2.880993187E-1,6.323218942E-1
2.745597121E1,5.568036437E-1,-2.966514230E-1,6.256023645E-1
2.745797117E1,5.635231733E-1,-3.070361316E-1,6.207154393E-1
2.745997114E1,5.696318150E-1,-3.125339448E-1,6.164394021E-1
2.746197024E1,5.867360830E-1,-3.290272951E-1,6.091089845E-1
2.746396931E1,5.879577994E-1,-3.345250785E-1,6.078872681E-1
2.746596931E1,5.922338367E-1,-3.351359367E-1,6.023895144E-1
2.746796931E1,6.001750827E-1,-3.418554664E-1,5.975025892E-1
2.746996931E1,6.081163287E-1,-3.479641080E-1,5.913938880E-1
2.747196931E1,6.123924255E-1,-3.516293168E-1,5.883395672E-1
2.747396931E1,6.099489331E-1,-3.626248837E-1,5.822309256E-1
2.747596931E1,6.130032539E-1,-3.821725547E-1,5.785657167E-1
2.747796931E1,6.068946123E-1,-3.925572634E-1,5.791766047E-1
2.747996931E1,6.044511795E-1,-4.163810313E-1,5.730679631E-1
2.748197017E1,5.977316499E-1,-4.444808364E-1,5.706244707E-1
2.748397111E1,5.952881575E-1,-4.554764032E-1,5.675701499E-1
2.748597114E1,5.873469114E-1,-4.823544621E-1,5.614615083E-1
2.748797117E1,5.800165534E-1,-5.128977299E-1,5.522985458E-1
2.748997120E1,5.708535910E-1,-5.483279228E-1,5.431355834E-1
2.749197124E1,5.659666657E-1,-5.648213029E-1,5.388594866E-1
2.749397127E1,5.519167781E-1,-5.996406078E-1,5.321399570E-1
2.749597127E1,5.360342264E-1,-6.344599128E-1,5.217552781E-1
2.749797127E1,5.329799056E-1,-6.540076137E-1,5.138140321E-1
2.749997124E1,5.219843388E-1,-6.894378066E-1,5.003749728E-1
2.750197034E1,5.048801303E-1,-7.370852828E-1,4.765512347E-1
2.750396984E1,5.048801303E-1,-7.370852828E-1,4.765512347E-1
2.750596980E1,4.975497425E-1,-7.621307373E-1,4.576144218E-1
2.750796977E1,4.883867502E-1,-7.841218710E-1,4.392884672E-1
2.750996973E1,4.841107130E-1,-7.932848930E-1,4.282929003E-1
2.751196973E1,4.804455042E-1,-8.158869147E-1,4.130212665E-1
2.751396977E1,4.725042582E-1,-8.354345560E-1,3.898083866E-1
2.751596973E1,4.627304375E-1,-8.439866900E-1,3.782019317E-1
2.751796977E1,4.547891617E-1,-8.617017865E-1,3.501021564E-1
2.751996980E1,4.450153410E-1,-8.733082414E-1,3.213914633E-1
2.752197070E1,4.419609904E-1,-8.794168830E-1,3.055089712E-1
2.752397163E1,4.346306324E-1,-8.873581290E-1,2.810743749E-1
2.752597166E1,4.193589985E-1,-8.916341662E-1,2.511419654E-1
2.752797170E1,4.175263941E-1,-8.898015618E-1,2.340377420E-1
2.752997170E1,4.028656185E-1,-8.836929202E-1,2.126574665E-1
2.753197170E1,3.863722682E-1,-8.769733906E-1,1.900554448E-1
2.753397170E1,3.863722682E-1,-8.714756370E-1,1.796707362E-1
2.753597170E1,3.692680299E-1,-8.598691821E-1,1.625665128E-1
2.753797170E1,3.521638215E-1,-8.421540856E-1,1.430188268E-1
2.753997170E1,3.430008292E-1,-8.329911232E-1,1.314123869E-1
2.754197083E1,3.191770911E-1,-8.036695719E-1,9.903652966E-2
2.754396990E1,3.124575615E-1,-7.926740050E-1,9.292787313E-2
2.754596986E1,2.965750694E-1,-7.859544754E-1,8.376489580E-2
2.754796983E1,2.800817192E-1,-7.639633417E-1,7.032585889E-2
2.754996980E1,2.599231601E-1,-7.413613200E-1,5.994115397E-2
2.755196976E1,2.538145185E-1,-7.291440368E-1,5.566509441E-2
2.755396973E1,2.269364446E-1,-7.040985823E-1,5.261076987E-2
2.755596969E1,2.092213482E-1,-6.766096354E-1,5.016730726E-2
2.755796966E1,2.025018334E-1,-6.637814641E-1,4.955644161E-2
2.755996966E1,1.829541475E-1,-6.356816292E-1,4.711298272E-2
2.756197056E1,1.670716405E-1,-6.081926823E-1,5.261076987E-2
2.756397106E1,1.603521258E-1,-5.923101902E-1,5.810855702E-2
2.756597109E1,1.438587606E-1,-5.642104149E-1,7.032585889E-2
2.756797113E1,1.310305893E-1,-5.342780352E-1,7.704538107E-2
2.756997116E1,1.212567538E-1,-5.220606923E-1,8.009970188E-2
2.757197119E1,1.065959856E-1,-5.025130510E-1,8.620835841E-2
2.757397106E1,9.071348608E-2,-4.866305292E-1,8.926268667E-2
2.757597106E1,8.216137439E-2,-4.793001413E-1,9.598220140E-2
2.757797102E1,7.177666575E-2,-4.652502537E-1,1.051451787E-1
2.757997099E1,6.811147183E-2,-4.512003362E-1,1.136972904E-1
2.758197009E1,5.711590126E-2,-4.426482320E-1,1.283580661E-1
2.758396916E1,5.711590126E-2,-4.426482320E-1,1.283580661E-1
2.758596912E1,5.345070735E-2,-4.444808364E-1,1.356884390E-1
2.758796909E1,4.978551716E-2,-4.505894780E-1,1.381319016E-1
2.758996909E1,4.795292020E-2,-4.597524405E-1,1.424079537E-1
2.759196909E1,4.367686436E-2,-4.731914997E-1,1.424079537E-1
2.759396912E1,4.306599870E-2,-4.799109995E-1,1.436296850E-1
2.759596915E1,4.123340547E-2,-4.988478422E-1,1.436296850E-1
2.759796919E1,3.878994286E-2,-5.196172595E-1,1.362993121E-1
2.759996922E1,3.573561832E-2,-5.342780352E-1,1.314123869E-1
2.760197142E1,3.023782931E-2,-5.617669225E-1,1.240820065E-1
2.760397235E1,2.596177347E-2,-5.880341530E-1,1.130864322E-1
2.760597238E1,2.474004216E-2,-6.106361747E-1,1.057560444E-1
2.760797238E1,2.474004216E-2,-6.222426295E-1,9.476047009E-2
2.760997239E1,2.474004216E-2,-6.454554796E-1,7.887797803E-2
2.761197238E1,1.740965992E-2,-6.711118221E-1,6.482807547E-2
2.761397238E1,1.618792862E-2,-6.845508814E-1,5.810855702E-2
2.761597239E1,7.635815535E-3,-7.083746195E-1,3.856086731E-2
2.761797238E1,5.803219974E-3,-7.218136191E-1,2.023491077E-2
2.761997238E1,2.748893574E-3,-7.254788280E-1,9.850202128E-3
2.762197149E1,3.970623948E-3,-7.328092456E-1,-2.374738641E-2
2.762397099E1,3.970623948E-3,-7.328092456E-1,-2.374738641E-2
2.762597095E1,3.359758761E-3,-7.279223204E-1,-4.573853686E-2
2.762797092E1,3.970623948E-3,-7.230353951E-1,-7.261660695E-2
2.762997088E1,5.803219974E-3,-7.126506567E-1,-9.827294946E-2
2.763197085E1,3.970623948E-3,-7.077637315E-1,-1.104902476E-1
2.763397095E1,8.246680722E-3,-6.973790526E-1,-1.398117840E-1
2.763597092E1,7.635815535E-3,-6.845508814E-1,-1.691333205E-1
2.763797092E1,7.635815535E-3,-6.772204638E-1,-1.837940812E-1
2.763997095E1,7.024950348E-3,-6.656140685E-1,-2.161699384E-1
2.764197185E1,5.803219974E-3,-6.509532928E-1,-2.503784001E-1
2.764397278E1,3.970623948E-3,-6.448446512E-1,-2.687043548E-1
2.764597281E1,-4.581489135E-3,-6.332381964E-1,-3.065779805E-1
2.764797285E1,-1.130100712E-2,-6.191883087E-1,-3.432299197E-1
2.764997288E1,-1.924225502E-2,-6.118578911E-1,-3.621667325E-1
2.765197291E1,-2.901609987E-2,-5.959753990E-1,-3.988186419E-1
2.765397291E1,-3.756821156E-2,-5.776494741E-1,-4.354705513E-1
2.765597288E1,-4.367686436E-2,-5.672647357E-1,-4.544073939E-1
2.765797285E1,-5.955936015E-2,-5.501605272E-1,-4.904484451E-1
2.765997281E1,-7.666359097E-2,-5.361106396E-1,-5.313764215E-1
2.766197061E1,-1.065959856E-1,-5.171737671E-1,-5.869651437E-1
2.766397061E1,-1.065959856E-1,-5.171737671E-1,-5.869651437E-1
2.766597058E1,-1.237002090E-1,-5.080108047E-1,-6.205627322E-1
2.766797058E1,-1.359175146E-1,-5.019021630E-1,-6.425538659E-1
2.766997058E1,-1.554652005E-1,-4.970152378E-1,-6.810383797E-1
2.767197058E1,-1.811215430E-1,-4.964043796E-1,-7.201337814E-1
2.767397058E1,-1.933388561E-1,-4.957934916E-1,-7.390705943E-1
2.767597058E1,-2.171625942E-1,-4.927391708E-1,-7.812203169E-1
2.767797058E1,-2.422080636E-1,-4.860196710E-1,-8.197047710E-1
2.767997058E1,-2.525927722E-1,-4.805218875E-1,-8.410850763E-1
2.768197144E1,-2.758056521E-1,-4.725806117E-1,-8.838456273E-1
2.768397191E1,-3.039054573E-1,-4.640285075E-1,-9.247736335E-1
2.768597194E1,-3.167336285E-1,-4.566981196E-1,-9.467647672E-1
2.768797261E1,-3.448334336E-1,-4.438699484E-1,-9.913579226E-1
2.768997264E1,-3.723223805E-1,-4.279874563E-1,-1.035951138E0
2.769197267E1,-3.906483352E-1,-4.212679565E-1,-1.057942271E0
2.769397271E1,-4.181372523E-1,-3.980550766E-1,-1.103146315E0
2.769597274E1,-4.413501322E-1,-3.711769879E-1,-1.152626395E0
2.769797277E1,-4.590652287E-1,-3.565162420E-1,-1.172174096E0
2.769997277E1,-4.841107130E-1,-3.284164369E-1,-1.222875834E0
2.770197187E1,-5.195409060E-1,-2.789363563E-1,-1.292514443E0
2.770397094E1,-5.195409060E-1,-2.789363563E-1,-1.292514443E0
2.770597090E1,-5.488623977E-1,-2.398409694E-1,-1.340162039E0
2.770797087E1,-5.745187402E-1,-2.013564557E-1,-1.390252948E0
2.770997084E1,-5.897904038E-1,-1.769218445E-1,-1.414076686E0
2.771197080E1,-6.252205968E-1,-1.329395473E-1,-1.465389371E0
2.771397077E1,-6.594290137E-1,-8.956811577E-2,-1.515480280E0
2.771597077E1,-6.765332818E-1,-6.818783283E-2,-1.542358398E0
2.771797080E1,-7.131851912E-1,-2.542726509E-2,-1.591838479E0
2.771997084E1,-7.577783465E-1,1.061378326E-2,-1.643761992E0
2.772197174E1,-7.791585922E-1,2.527454868E-2,-1.668807507E0
2.772397174E1,-8.188648820E-1,4.970915988E-2,-1.718898416E0
2.772597177E1,-8.701775670E-1,6.864598393E-2,-1.770211101E0
2.772797180E1,-9.141598344E-1,7.719809562E-2,-1.817858577E0
2.772997183E1,-9.379835725E-1,7.903069258E-2,-1.841682315E0
2.773197187E1,-9.899071455E-1,7.658722997E-2,-1.881388545E0
2.773397187E1,-1.035111189E0,6.436992437E-2,-1.913153648E0
2.773597187E1,-1.057102323E0,5.276348442E-2,-1.927203536E0
2.773797187E1,-1.105360627E0,1.855503209E-2,-1.950416327E0
2.773997187E1,-1.153008103E0,-2.664899640E-2,-1.963244557E0
2.774197100E1,-1.217759848E0,-1.023962870E-1,-1.959579349E0
2.774397023E1,-1.217759848E0,-1.023962870E-1,-1.959579349E0
2.774597020E1,-1.261742115E0,-1.604284793E-1,-1.940642476E0
2.774796953E1,-1.283122420E0,-1.897500157E-1,-1.924149156E0
2.774996950E1,-1.325272202E0,-2.465604842E-1,-1.887497306E0
2.775196946E1,-1.373530507E0,-3.088687360E-1,-1.835573673E0
2.775396943E1,-1.391245604E0,-3.412446082E-1,-1.803808689E0
2.775596940E1,-1.432784438E0,-4.145484269E-1,-1.734170079E0
2.775796936E1,-1.479210138E0,-5.049564838E-1,-1.653535843E0
2.775996933E1,-1.504255652E0,-5.562691689E-1,-1.610775352E0
2.776197019E1,-1.553124905E0,-6.631705761E-1,-1.519756317E0
2.776397113E1,-1.609935403E0,-7.725154757E-1,-1.416520119E0
2.776597116E1,-1.640478611E0,-8.262715936E-1,-1.363374829E0
2.776797119E1,-1.704008579E0,-9.270643592E-1,-1.251586556E0
2.776997123E1,-1.769982100E0,-1.007698536E0,-1.140409112E0
2.777197126E1,-1.802968740E0,-1.035187483E0,-1.081766009E0
2.777397129E1,-1.869553089E0,-1.073672056E0,-9.681450725E-1
2.777597132E1,-1.931861281E0,-1.098106623E0,-8.563567400E-1
2.777797133E1,-1.961182833E0,-1.104826212E0,-8.007679582E-1
2.777997129E1,-2.014328241E0,-1.114599943E0,-6.895905137E-1
2.778197039E1,-2.080912352E0,-1.099328399E0,-5.356524587E-1
2.778396946E1,-2.080912352E0,-1.099328399E0,-5.356524587E-1
2.778596942E1,-2.113899231E0,-1.070617676E0,-4.373031557E-1
2.778796939E1,-2.158492327E0,-1.028468013E0,-3.456733823E-1
2.778996936E1,-2.174374819E0,-1.002811670E0,-3.023019433E-1
2.779196932E1,-2.204307318E0,-9.350056052E-1,-2.186134011E-1
2.779396932E1,-2.237293959E0,-8.513170481E-1,-1.392009109E-1
2.779596935E1,-2.251343966E0,-8.006152511E-1,-9.644035250E-2
2.779796939E1,-2.277000189E0,-6.857725978E-1,-1.886046492E-2
2.779996942E1,-2.297158718E0,-5.544365644E-1,5.688682571E-2
2.780197032E1,-2.303267479E0,-4.860196710E-1,9.231700748E-2
2.780397112E1,-2.316095591E0,-3.271946907E-1,1.662317067E-1
2.780597115E1,-2.324647665E0,-1.537089646E-1,2.334268838E-1
2.780797119E1,-2.322204113E0,-5.780312419E-2,2.676353455E-1
2.780997122E1,-2.325869322E0,1.364520192E-1,3.287218511E-1
2.781197122E1,-2.331367254E0,3.429244757E-1,3.965279162E-1
2.781397122E1,-2.329534531E0,4.461607039E-1,4.301255047E-1
2.781597122E1,-2.330756426E0,6.398049593E-1,4.979315400E-1
2.781797122E1,-2.335643291E0,8.132907152E-1,5.608506799E-1
2.781997122E1,-2.335643291E0,8.951466680E-1,5.907830596E-1
2.782197035E1,-2.341751814E0,1.096121311E0,6.799693704E-1
2.782396942E1,-2.341140985E0,1.149266601E0,7.086800337E-1
2.782596938E1,-2.348471403E0,1.195081472E0,7.380015850E-1
2.782796935E1,-2.360077858E0,1.274493933E0,7.911468744E-1
2.782996932E1,-2.377182007E0,1.339245677E0,8.326857090E-1
2.783196928E1,-2.381458044E0,1.371010661E0,8.528442383E-1
2.783396925E1,-2.393675566E0,1.444925427E0,8.919396400E-1
2.783596921E1,-2.405282021E0,1.522505283E0,9.353110194E-1
2.783796918E1,-2.410168886E0,1.559768081E0,9.548587203E-1
2.783996918E1,-2.420553446E0,1.626963258E0,9.927324057E-1
2.784197005E1,-2.421164513E0,1.700267076E0,1.023275614E0
2.784397098E1,-2.421164513E0,1.737529874E0,1.033049464E0
2.784597101E1,-2.413223267E0,1.812055349E0,1.045877695E0
2.784797104E1,-2.405892849E0,1.893300414E0,1.046488523E0
2.784997108E1,-2.385123253E0,1.981875896E0,1.034882069E0
2.785197111E1,-2.374738693E0,2.026468992E0,1.029384255E0
2.785397114E1,-2.348471403E0,2.114433765E0,1.013501763E0
2.785597114E1,-2.316706419E0,2.192013502E0,9.866237044E-1
2.785797111E1,-2.295326233E0,2.224389315E0,9.676868916E-1
2.785997108E1,-2.262339354E0,2.282421589E0,9.249263406E-1
2.786197018E1,-2.182316065E0,2.359390736E0,8.473464251E-1
2.786396964E1,-2.182316065E0,2.359390736E0,8.473464251E-1
2.786596961E1,-2.131614208E0,2.418644667E0,7.990881205E-1
2.786796957E1,-2.074193001E0,2.465070248E0,7.569383979E-1
2.786996954E1,-2.045482159E0,2.477287531E0,7.331146598E-1
2.787196954E1,-1.977676272E0,2.494391918E0,6.903541088E-1
2.787396957E1,-1.895820260E0,2.484007120E0,6.414848566E-1
2.787596961E1,-1.846951127E0,2.466292143E0,6.097198725E-1
2.787796964E1,-1.747380018E0,2.409481525E0,5.290856361E-1
2.787996967E1,-1.631926537E0,2.348395109E0,4.551709592E-1
2.788197057E1,-1.564731359E0,2.312354088E0,4.179081917E-1
2.788397150E1,-1.424843192E0,2.210339546E0,3.439934850E-1
2.788597154E1,-1.294118047E0,2.052125454E0,2.425898612E-1
2.788797157E1,-1.234864116E0,1.948278308E0,1.863902509E-1
2.788997157E1,-1.134071350E0,1.698434472E0,6.910412759E-2
2.789197157E1,-1.043052435E0,1.420490742E0,-4.818199575E-2
2.789397157E1,-9.978483915E-1,1.278159142E0,-1.062141955E-1
2.789597157E1,-9.068294764E-1,1.000826359E0,-2.228894532E-1
2.789797157E1,-8.078693151E-1,7.467064261E-1,-3.377321362E-1
2.789997157E1,-7.553348541E-1,6.440810561E-1,-3.920991421E-1
2.790197070E1,-6.209445000E-1,4.211152196E-1,-5.729152560E-1
2.790396977E1,-5.836817622E-1,3.630830348E-1,-6.394995451E-1
2.790596974E1,-5.433646441E-1,3.203224540E-1,-7.048621178E-1
2.790796970E1,-4.602869749E-1,2.598468065E-1,-8.221482635E-1
2.790996967E1,-3.692680299E-1,2.311361432E-1,-9.296605587E-1
2.791196963E1,-3.149010241E-1,2.274709493E-1,-9.705885053E-1
2.791396960E1,-2.141082734E-1,2.299144119E-1,-1.039005399E0
2.791596957E1,-1.108720452E-1,2.225840241E-1,-1.095815897E0
2.791796957E1,-6.078109145E-2,2.146427780E-1,-1.116585255E0
2.791996957E1,4.123340547E-2,1.847103834E-1,-1.152626395E0
2.792197047E1,1.316414624E-1,1.309542358E-1,-1.171563148E0
2.792397100E1,1.786780804E-1,1.028544381E-1,-1.177671790E0
2.792597103E1,2.641992271E-1,3.688098863E-2,-1.185002208E0
2.792797106E1,3.277291954E-1,-2.970332280E-2,-1.186223984E0
2.792997110E1,3.570507467E-1,-5.413793400E-2,-1.186223984E0
2.793197113E1,4.089742899E-1,-1.011745557E-1,-1.183169603E0
2.793397113E1,4.462370574E-1,-1.439351290E-1,-1.178282738E0
2.793597110E1,4.584543705E-1,-1.665371358E-1,-1.175228357E0
2.793797106E1,4.798346460E-1,-2.001347244E-1,-1.161789298E0
2.793997103E1,4.822781086E-1,-2.184606791E-1,-1.148350358E0
2.794197013E1,4.828889668E-1,-2.031890452E-1,-1.117807031E0
2.794396920E1,4.828889668E-1,-2.031890452E-1,-1.117807031E0
2.794596916E1,4.749477208E-1,-1.640936732E-1,-1.095815897E0
2.794796913E1,4.688390791E-1,-1.390482038E-1,-1.083598614E0
2.794996913E1,4.505131245E-1,-7.796167582E-2,-1.060385704E0
2.795196913E1,4.218024611E-1,-4.046982154E-3,-1.037783742E0
2.795396913E1,4.059199691E-1,3.138320148E-2,-1.023122907E0
2.795596913E1,3.625485301E-1,1.089630872E-1,-9.883036017E-1
2.795796913E1,3.124575615E-1,1.847103834E-1,-9.553169012E-1
2.795996913E1,2.892446816E-1,2.286926806E-1,-9.382126331E-1
2.796196999E1,2.330450863E-1,3.233767748E-1,-8.972846866E-1
2.796397089E1,1.774563491E-1,4.241695404E-1,-8.533023596E-1
2.796597089E1,1.200350225E-1,5.219079852E-1,-8.050440550E-1
2.796797093E1,9.071348608E-2,5.738315582E-1,-7.775551081E-1
2.796997096E1,2.290744707E-2,6.721808314E-1,-7.250207067E-1
2.797197099E1,-4.062253982E-2,7.650323510E-1,-6.712645292E-1
2.797397102E1,-7.788532227E-2,8.114581108E-1,-6.449973583E-1
2.797597106E1,-1.426370293E-1,8.969792724E-1,-5.863542557E-1
2.797797109E1,-2.098322064E-1,9.806677699E-1,-5.264894962E-1
2.797997112E1,-2.409863323E-1,1.019152284E0,-4.922810197E-1
2.798197026E1,-3.405573666E-1,1.124221087E0,-3.920991421E-1
2.798396942E1,-3.405573666E-1,1.124221087E0,-3.920991421E-1
2.798596939E1,-4.010330439E-1,1.182253361E0,-3.261256814E-1
2.798796936E1,-4.596760869E-1,1.234787703E0,-2.625956833E-1
2.798996932E1,-5.164865851E-1,1.285489559E0,-2.008983046E-1
2.799196929E1,-5.458080769E-1,1.308702469E0,-1.709659100E-1
2.799396925E1,-5.897904038E-1,1.350852132E0,-1.098793894E-1
2.799596925E1,-6.270532012E-1,1.389947534E0,-5.734497309E-2
2.799796925E1,-6.447682381E-1,1.407662630E0,-3.474296257E-2
2.799996929E1,-6.698137522E-1,1.432097197E0,1.229366288E-2
2.800197019E1,-6.820310354E-1,1.451644897E0,5.444336683E-2
2.800397112E1,-6.863071322E-1,1.456531763E0,7.460191846E-2
2.800597115E1,-6.930266023E-1,1.463862181E0,1.118647009E-1
2.800797119E1,-6.826419234E-1,1.462029576E0,1.472948790E-1
2.800997122E1,-6.765332818E-1,1.457753539E0,1.643991023E-1
2.801197125E1,-6.569855809E-1,1.440649271E0,1.931097806E-1
2.801397125E1,-6.294966340E-1,1.417436481E0,2.175443918E-1
2.801597125E1,-6.191119552E-1,1.401553988E0,2.267073691E-1
2.801797125E1,-5.781839490E-1,1.365512848E0,2.511419654E-1
2.801997125E1,-5.348125100E-1,1.320308924E0,2.706896663E-1
2.802197038E1,-4.584543705E-1,1.238452911E0,2.932916880E-1
2.802396948E1,-4.584543705E-1,1.238452911E0,2.932916880E-1
2.802596935E1,-3.985895813E-1,1.176144719E0,3.036763966E-1
2.802796932E1,-3.637702465E-1,1.142547131E0,3.116176426E-1
2.802996928E1,-2.965750694E-1,1.076573610E0,3.213914633E-1
2.803196925E1,-2.220495194E-1,1.012432814E0,3.372739851E-1
2.803396921E1,-1.817324162E-1,9.794460535E-1,3.439934850E-1
2.803596918E1,-1.010981947E-1,9.208030105E-1,3.586542606E-1
2.803796915E1,-1.924225502E-2,8.682686090E-1,3.769802153E-1
2.803996911E1,2.412917651E-2,8.407796621E-1,3.855323195E-1
2.804196994E1,1.096503139E-1,7.919104099E-1,3.995822370E-1
2.804397075E1,1.963931769E-1,7.479281425E-1,4.203516543E-1
2.804597078E1,2.354885489E-1,7.277695537E-1,4.313472211E-1
2.804797081E1,3.142901659E-1,6.886742115E-1,4.515057802E-1
2.804997084E1,3.869831264E-1,6.538549066E-1,4.759403765E-1
2.805197088E1,4.248567820E-1,6.398049593E-1,4.881576896E-1
2.805397091E1,4.926628172E-1,6.159812212E-1,5.119814277E-1
2.805597111E1,5.464189649E-1,5.994879007E-1,5.309182405E-1
2.805797114E1,5.769622326E-1,5.915466547E-1,5.425246954E-1
2.805997114E1,6.258314252E-1,5.811619163E-1,5.639050007E-1
2.806197024E1,6.856962442E-1,5.658903122E-1,5.920047760E-1
2.806396931E1,6.856962442E-1,5.658903122E-1,5.920047760E-1
2.806596928E1,7.205155492E-1,5.548947453E-1,6.097198725E-1
2.806796924E1,7.461718917E-1,5.432882905E-1,6.292675734E-1
2.806996921E1,7.577783465E-1,5.371796489E-1,6.408740282E-1
2.807196917E1,7.791585922E-1,5.267949104E-1,6.604216695E-1
2.807396917E1,7.962628603E-1,5.170210600E-1,6.836345792E-1
2.807596917E1,8.029823899E-1,5.121341348E-1,6.921866536E-1
2.807796984E1,8.170322776E-1,5.017494559E-1,7.135669589E-1
2.807996987E1,8.347473741E-1,4.919756055E-1,7.373906970E-1
2.808197077E1,8.371908069E-1,4.858669341E-1,7.489971519E-1
2.808397171E1,8.518515825E-1,4.773148298E-1,7.740426064E-1
2.808597187E1,8.591819406E-1,4.675409794E-1,8.015315533E-1
2.808797190E1,8.665123582E-1,4.638758004E-1,8.308531046E-1
2.808997194E1,8.701775670E-1,4.620431960E-1,8.473464251E-1
2.809197197E1,8.842274547E-1,4.602105916E-1,8.772788644E-1
2.809397197E1,8.927795291E-1,4.608214796E-1,9.084329605E-1
2.809597197E1,8.940013051E-1,4.608214796E-1,9.194285274E-1
2.809797197E1,9.025533795E-1,4.644866586E-1,9.518043995E-1
2.809997197E1,9.117164016E-1,4.693735838E-1,9.805150628E-1
2.810197110E1,9.196576476E-1,4.809800088E-1,1.029995203E0
2.810397057E1,9.196576476E-1,4.809800088E-1,1.029995203E0
2.810597054E1,9.251554012E-1,4.938081801E-1,1.065425396E0
2.810797050E1,9.294314981E-1,5.017494559E-1,1.080696940E0
2.810997047E1,9.355401397E-1,5.212971568E-1,1.116127133E0
2.811197043E1,9.422596693E-1,5.396230817E-1,1.150946498E0
2.811397040E1,9.422596693E-1,5.512295365E-1,1.167439818E0
2.811597020E1,9.514226317E-1,5.756641626E-1,1.196761370E0
2.811797017E1,9.563095570E-1,6.098725796E-1,1.234024167E0
2.811997013E1,9.618073106E-1,6.263659596E-1,1.252350092E0
2.812197100E1,9.746354818E-1,6.593526602E-1,1.289002061E0
2.812397193E1,9.874636531E-1,6.935611367E-1,1.318323612E0
2.812597196E1,9.954048991E-1,7.082219124E-1,1.333595157E0
2.812797200E1,1.007622242E0,7.418195009E-1,1.361694932E0
2.812997203E1,1.019228697E0,7.711409926E-1,1.388573050E0
2.813197206E1,1.028391600E0,7.851909399E-1,1.400179505E0
2.813397210E1,1.044274092E0,8.151233196E-1,1.424614072E0
2.813597173E1,1.052826285E0,8.426122665E-1,1.446605206E0
2.813797109E1,1.056491494E0,8.548295498E-1,1.456379056E0
2.813997106E1,1.064432740E0,8.817076087E-1,1.473483324E0
2.814197016E1,1.069930434E0,9.177486897E-1,1.497307062E0
2.814397113E1,1.069930434E0,9.177486897E-1,1.497307062E0
2.814597109E1,1.068097830E0,9.385181069E-1,1.507691741E0
2.814797106E1,1.052826285E0,9.489027858E-1,1.518076539E0
2.814997102E1,1.039387226E0,9.531788826E-1,1.518076539E0
2.815197099E1,1.018617749E0,9.550114274E-1,1.510746121E0
2.815397099E1,9.850202203E-1,9.531788826E-1,1.489365816E0
2.815597099E1,9.654725194E-1,9.531788826E-1,1.474094152E0
2.815797099E1,9.202684760E-1,9.544005990E-1,1.432555318E0
2.815997099E1,8.683449626E-1,9.641744494E-1,1.373912334E0
2.816197186E1,8.371908069E-1,9.678395987E-1,1.337871194E0
2.816397239E1,7.785477638E-1,9.788352251E-1,1.262123942E0
2.816597239E1,7.107416987E-1,9.886090159E-1,1.174159408E0
2.816797239E1,6.808093190E-1,9.941068292E-1,1.124679327E0
2.816997239E1,6.038402915E-1,1.000826359E0,1.018388748E0
2.817197242E1,5.335907936E-1,9.971611500E-1,9.035460353E-1
2.817397246E1,4.969388843E-1,9.953285456E-1,8.394051790E-1
2.817597249E1,4.248567820E-1,9.818895459E-1,7.111235261E-1
2.817797252E1,3.454442918E-1,9.611201286E-1,5.791766047E-1
2.817997255E1,3.130684495E-1,9.507353902E-1,5.132031441E-1
2.818197172E1,2.110539377E-1,9.030879140E-1,3.055089712E-1
2.818397082E1,1.780672222E-1,8.878162503E-1,2.401463985E-1
2.818597079E1,1.469130963E-1,8.664360046E-1,1.711186320E-1
2.818797075E1,9.193521738E-2,8.181776404E-1,3.672827408E-2
2.818997072E1,3.756821156E-2,7.595345974E-1,-8.483391255E-2
2.819197068E1,4.581489135E-3,7.259370089E-1,-1.392009109E-1
2.819397065E1,-4.856378585E-2,6.422484517E-1,-2.399936765E-1
2.819597102E1,-9.682214260E-2,5.506186485E-1,-3.206278980E-1
2.819797098E1,-1.163698286E-1,5.023602843E-1,-3.585015535E-1
2.819997098E1,-1.524108797E-1,4.058435857E-1,-4.134794176E-1
2.820197188E1,-1.884519309E-1,3.129920661E-1,-4.623486400E-1
2.820397092E1,-2.061670274E-1,2.702315152E-1,-4.843397737E-1
2.820597095E1,-2.324342281E-1,1.963168234E-1,-5.295438170E-1
2.820797098E1,-2.715296149E-1,1.419498175E-1,-5.674174428E-1
2.820997101E1,-3.008511364E-1,1.071304902E-1,-5.985715985E-1
2.821197105E1,-3.142901659E-1,9.430231899E-2,-6.095671654E-1
2.821397108E1,-3.454442918E-1,7.475463301E-2,-6.254496574E-1
2.821597111E1,-3.649919927E-1,6.375905871E-2,-6.303365827E-1
2.821797111E1,-3.765984178E-1,6.192646548E-2,-6.278930902E-1
2.821997111E1,-3.943135142E-1,6.070473418E-2,-6.205627322E-1
2.822197025E1,-4.144720733E-1,6.681338698E-2,-5.881868601E-1
2.822396931E1,-4.144720733E-1,6.681338698E-2,-5.881868601E-1
2.822596931E1,-4.156937897E-1,7.414376736E-2,-5.600870848E-1
2.822796931E1,-4.218024611E-1,8.941540122E-2,-5.222133994E-1
2.822996931E1,-4.218024611E-1,9.735664725E-2,-5.020548701E-1
2.823196928E1,-4.169155359E-1,1.217912585E-1,-4.617377818E-1
2.823396924E1,-4.163046777E-1,1.553888470E-1,-4.201989174E-1
2.823596921E1,-4.071416855E-1,1.767691374E-1,-3.994295001E-1
2.823796918E1,-4.040873647E-1,2.231948823E-1,-3.530037403E-1
2.823996914E1,-3.961461186E-1,2.757292986E-1,-3.029128015E-1
2.824196998E1,-3.906483352E-1,3.056617081E-1,-2.790890634E-1
2.824397084E1,-3.808744848E-1,3.655264974E-1,-2.320524305E-1
2.824597084E1,-3.753767014E-1,4.302782118E-1,-1.819614917E-1
2.824797084E1,-3.656028509E-1,4.638758004E-1,-1.581377387E-1
2.824997087E1,-3.509420753E-1,5.292384028E-1,-1.147663072E-1
2.825197091E1,-3.326161206E-1,5.903248787E-1,-7.689265907E-2
2.825397094E1,-3.301726580E-1,6.165921092E-1,-6.039930135E-2
2.825597097E1,-3.130684495E-1,6.679047942E-1,-2.680171281E-2
2.825797101E1,-2.971859276E-1,7.033349872E-1,7.635815564E-5
2.825997104E1,-2.861903608E-1,7.179957628E-1,9.850202128E-3
2.826197017E1,-2.550362349E-1,7.558693886E-1,4.161519557E-2
2.826396924E1,-2.489275932E-1,7.693084478E-1,5.199990422E-2
2.826596920E1,-2.360994220E-1,7.815257311E-1,5.871942267E-2
2.826796917E1,-2.092213482E-1,8.053494692E-1,7.032585889E-2
2.826996914E1,-1.774563491E-1,8.346710205E-1,7.765624672E-2
2.827196910E1,-1.634064466E-1,8.517752290E-1,8.071056753E-2
2.827396907E1,-1.334740520E-1,8.835402131E-1,8.437576145E-2
2.827596903E1,-1.010981947E-1,9.073639512E-1,8.071056753E-2
2.827796903E1,-8.399397135E-2,9.134725928E-1,7.460191846E-2
2.827996907E1,-4.978551716E-2,9.201921225E-1,6.299547851E-2
2.828196997E1,-1.557706390E-2,9.165269136E-1,4.894557595E-2
2.828397093E1,5.803219974E-3,9.146943688E-1,4.405865446E-2
2.828597097E1,4.917465150E-2,8.982009888E-1,3.306308016E-2
2.828797100E1,9.254608303E-2,8.633816838E-1,1.779145002E-2
2.828997103E1,1.120937690E-1,8.468883038E-1,1.107193250E-2
2.829197107E1,1.542434692E-1,7.992408276E-1,-5.345070967E-4
2.829397110E1,1.896736622E-1,7.436521053E-1,-7.864889689E-3
2.829597110E1,2.012801021E-1,7.094436288E-1,-1.458440814E-2
2.829797110E1,2.299907655E-1,6.306419969E-1,-3.229949996E-2
2.829997110E1,2.483167201E-1,5.445100069E-1,-5.612324551E-2
2.830197023E1,2.648100853E-1,3.960697651E-1,-1.111011133E-1
2.830396933E1,2.648100853E-1,3.960697651E-1,-1.111011133E-1
2.830596933E1,2.678644061E-1,2.861140072E-1,-1.593594700E-1
2.830796933E1,2.648100853E-1,2.299144119E-1,-1.850158125E-1
2.830996930E1,2.556470931E-1,1.156826094E-1,-2.406045496E-1
2.831196926E1,2.483167201E-1,6.948592141E-3,-3.047454059E-1
2.831396923E1,2.415972054E-1,-4.619668424E-2,-3.377321362E-1
2.831596920E1,2.306016237E-1,-1.476003081E-1,-4.195880592E-1
2.831796916E1,2.202169150E-1,-2.325105816E-1,-5.002222657E-1
2.831996913E1,2.177734673E-1,-2.642755806E-1,-5.460371971E-1
2.832196996E1,2.153300047E-1,-3.100904822E-1,-6.272822618E-1
2.832397086E1,2.183843255E-1,-3.253620863E-1,-6.975317597E-1
2.832597086E1,2.385428846E-1,-3.015383482E-1,-7.421249151E-1
2.832797089E1,2.513710558E-1,-2.807689309E-1,-7.592291236E-1
2.832997093E1,2.849686444E-1,-2.306779921E-1,-7.775551081E-1
2.833197096E1,3.252857327E-1,-1.787544489E-1,-7.891615629E-1
2.833397099E1,3.460551500E-1,-1.512655020E-1,-7.903832793E-1
2.833597103E1,3.882048726E-1,-9.750936180E-2,-7.903832793E-1
2.833797106E1,4.193589985E-1,-5.352706835E-2,-7.812203169E-1
2.833997106E1,4.364632070E-1,-3.214678168E-2,-7.757225037E-1
2.834197019E1,4.682282209E-1,2.649627998E-2,-7.372379899E-1
2.834396959E1,4.682282209E-1,2.649627998E-2,-7.372379899E-1
2.834596956E1,4.780020416E-1,5.459608138E-2,-6.999751925E-1
2.834796952E1,4.792237878E-1,8.025242388E-2,-6.602689624E-1
2.834996949E1,4.761694670E-1,1.059087589E-1,-6.083454490E-1
2.835196946E1,4.731151462E-1,1.193477958E-1,-5.857434273E-1
2.835396942E1,4.682282209E-1,1.425606757E-1,-5.264894962E-1
2.835596942E1,4.523457289E-1,1.602757722E-1,-4.672355652E-1
2.835796945E1,4.444044530E-1,1.657735556E-1,-4.379140139E-1
2.835996949E1,4.303545654E-1,1.767691374E-1,-3.866013288E-1
2.836197039E1,4.059199691E-1,1.798234582E-1,-3.358995318E-1
2.836397132E1,3.906483352E-1,1.786017269E-1,-3.090214431E-1
2.836597135E1,3.582724631E-1,1.773799956E-1,-2.503784001E-1
2.836797139E1,3.203988075E-1,1.828777790E-1,-1.911244690E-1
2.836997142E1,3.081815243E-1,1.865429729E-1,-1.575268805E-1
2.837197145E1,2.825251818E-1,2.048689276E-1,-9.521862119E-2
2.837397145E1,2.568688393E-1,2.341904640E-1,-3.901901841E-2
2.837597145E1,2.458732575E-1,2.506838143E-1,-1.030835137E-2
2.837797145E1,2.214386463E-1,2.775619030E-1,3.611740842E-2
2.837997145E1,1.963931769E-1,3.032182455E-1,8.071056753E-2
2.838197058E1,1.511891484E-1,3.258202374E-1,1.472948790E-1
2.838396968E1,1.511891484E-1,3.258202374E-1,1.472948790E-1
2.838596969E1,1.212567538E-1,3.313180506E-1,1.918880492E-1
2.838796965E1,1.004873365E-1,3.337614834E-1,2.120465934E-1
2.838996962E1,6.505715102E-2,3.270419836E-1,2.511419654E-1
2.839196958E1,2.046398632E-2,3.044399619E-1,2.841286957E-1
2.839396955E1,-9.162978968E-4,2.897791862E-1,3.006220460E-1
2.839596952E1,-4.612032697E-2,2.580142021E-1,3.250566721E-1
2.839796948E1,-9.743300825E-2,2.189188302E-1,3.513238728E-1
2.839996945E1,-1.224784851E-1,1.975385547E-1,3.653737605E-1
2.840197028E1,-1.701259762E-1,1.523345262E-1,3.977496326E-1
2.840397085E1,-2.196060568E-1,1.150717437E-1,4.435645342E-1
2.840597088E1,-2.422080636E-1,9.857837856E-2,4.649448097E-1
2.840797091E1,-2.776382565E-1,8.391761035E-2,5.095379949E-1
2.840997094E1,-2.990185320E-1,7.108944654E-2,5.461899042E-1
2.841197098E1,-3.106249869E-1,6.375905871E-2,5.632941127E-1
2.841397101E1,-3.320052624E-1,4.054617882E-2,5.950590968E-1
2.841597104E1,-3.588833213E-1,6.337726954E-3,6.207154393E-1
2.841797104E1,-3.698789179E-1,-1.382082608E-2,6.323218942E-1
2.841997104E1,-3.937026560E-1,-4.619668424E-2,6.500369906E-1
2.842197014E1,-4.163046777E-1,-6.452263892E-2,6.579782367E-1
2.842396921E1,-4.163046777E-1,-6.452263892E-2,6.579782367E-1
2.842596918E1,-4.169155359E-1,-5.352706835E-2,6.494261026E-1
2.842796914E1,-4.101960063E-1,-2.298380435E-2,6.329327226E-1
2.842996911E1,-4.040873647E-1,8.399396902E-4,6.188828349E-1
2.843196907E1,-3.882048726E-1,5.826127157E-2,5.938373804E-1
2.843396907E1,-3.588833213E-1,1.333976984E-1,5.675701499E-1
2.843596907E1,-3.417791128E-1,1.792125851E-1,5.584071875E-1
2.843796907E1,-2.935207486E-1,2.793944776E-1,5.376377702E-1
2.843996907E1,-2.367102802E-1,3.930154145E-1,5.180900693E-1
2.844196994E1,-1.982257664E-1,4.547128081E-1,5.064836740E-1
2.844397084E1,-1.298088580E-1,5.677229166E-1,4.918228686E-1
2.844597084E1,-5.100724846E-2,6.648504734E-1,4.728860557E-1
2.844797084E1,1.985312067E-2,7.320456505E-1,4.618904889E-1
2.844997084E1,5.589416996E-2,7.522041798E-1,4.545601010E-1
2.845197087E1,1.206458881E-1,7.607563138E-1,4.484514594E-1
2.845397091E1,1.744020283E-1,7.357108593E-1,4.447862506E-1
2.845597094E1,2.025018334E-1,7.149413824E-1,4.466188550E-1
2.845797097E1,2.477058619E-1,6.581309438E-1,4.533383846E-1
2.845997101E1,2.959642112E-1,5.848271251E-1,4.667774141E-1
2.846197017E1,3.576616049E-1,4.516584873E-1,4.973206818E-1
2.846396974E1,3.576616049E-1,4.516584873E-1,4.973206818E-1
2.846596974E1,3.973678350E-1,3.667482138E-1,5.223661661E-1
2.846796970E1,4.187481403E-1,3.172681332E-1,5.358051658E-1
2.846996967E1,4.523457289E-1,2.256383449E-1,5.620723963E-1
2.847196964E1,4.883867502E-1,1.419498175E-1,5.877287388E-1
2.847396960E1,5.073235631E-1,1.028544381E-1,5.987243056E-1
2.847596957E1,5.403103232E-1,2.955060638E-2,6.158285141E-1
2.847796953E1,5.726861954E-1,-3.275764734E-2,6.311001778E-1
2.847996950E1,5.830708742E-1,-5.902485549E-2,6.359871030E-1
2.848197037E1,6.075055003E-1,-1.066723466E-1,6.420957446E-1
2.848397130E1,6.191119552E-1,-1.530981064E-1,6.396522522E-1
2.848597133E1,6.227771044E-1,-1.750892550E-1,6.317110062E-1
2.848797136E1,6.197227836E-1,-1.983021349E-1,6.182720065E-1
2.848997140E1,6.362161636E-1,-2.074651122E-1,6.011677384E-1
2.849197143E1,6.356052756E-1,-2.037999183E-1,5.883395672E-1
2.849397146E1,6.496551633E-1,-1.873065531E-1,5.681810379E-1
2.849597150E1,6.514877677E-1,-1.732566506E-1,5.468007326E-1
2.849797153E1,6.508769393E-1,-1.714240611E-1,5.339725614E-1
2.849997153E1,6.459900141E-1,-1.811978966E-1,5.095379949E-1
2.850197066E1,6.197227836E-1,-2.257910669E-1,4.667774141E-1
2.850396976E1,6.197227836E-1,-2.257910669E-1,4.667774141E-1
2.850596976E1,5.940664411E-1,-2.819906771E-1,4.417319298E-1
2.850796976E1,5.623014569E-1,-3.644574881E-1,4.197407961E-1
2.850996976E1,5.427537560E-1,-4.090506434E-1,4.087451994E-1
2.851196973E1,5.006040931E-1,-5.000695586E-1,3.916409910E-1
2.851396969E1,4.627304375E-1,-5.941427946E-1,3.775910735E-1
2.851596966E1,4.401284158E-1,-6.381251216E-1,3.708715737E-1
2.851796963E1,3.998112977E-1,-7.358635664E-1,3.604868650E-1
2.851996959E1,3.539963961E-1,-8.342128396E-1,3.531564772E-1
2.852197043E1,3.313944042E-1,-8.794168830E-1,3.488804102E-1
2.852397086E1,2.916881442E-1,-9.582185149E-1,3.415500224E-1
2.852597082E1,2.532036304E-1,-1.032133222E0,3.366630971E-1
2.852797082E1,2.330450863E-1,-1.063898206E0,3.348305225E-1
2.852997086E1,1.896736622E-1,-1.121319532E0,3.299435973E-1
2.853197089E1,1.530217379E-1,-1.165301800E0,3.256675303E-1
2.853397092E1,1.371392459E-1,-1.181795120E0,3.226132095E-1
2.853597096E1,1.084285825E-1,-1.201953769E0,3.220023513E-1
2.853797099E1,9.437867999E-2,-1.201342821E0,3.158936799E-1
2.853997102E1,8.949175477E-2,-1.198899388E0,3.122285008E-1
2.854197019E1,7.177666575E-2,-1.183627725E0,3.024546504E-1
2.854396929E1,6.933320314E-2,-1.176908255E0,2.981785834E-1
2.854596925E1,6.139195710E-2,-1.169577837E0,2.932916880E-1
2.854796922E1,6.261368841E-2,-1.147586703E0,2.835178375E-1
2.854996919E1,6.383541971E-2,-1.121319532E0,2.786309123E-1
2.855196915E1,6.139195710E-2,-1.104826212E0,2.786309123E-1
2.855396912E1,6.261368841E-2,-1.078558922E0,2.786309123E-1
2.855596908E1,6.017022580E-2,-1.047404766E0,2.755765915E-1
2.855796905E1,6.566801667E-2,-1.035798430E0,2.706896663E-1
2.855996905E1,7.177666575E-2,-1.014418125E0,2.658027411E-1
2.856196995E1,8.216137439E-2,-9.997573495E-1,2.590832114E-1
2.856397088E1,8.643743396E-2,-9.918161035E-1,2.578614950E-1
2.856597092E1,1.035416573E-1,-9.838748574E-1,2.541962862E-1
2.856797095E1,1.273654103E-1,-9.698249102E-1,2.572506368E-1
2.856997098E1,1.536326110E-1,-9.618836641E-1,2.560288906E-1
2.857197102E1,1.695151031E-1,-9.563859105E-1,2.590832114E-1
2.857397105E1,2.012801021E-1,-9.502772689E-1,2.529745698E-1
2.857597108E1,2.354885489E-1,-9.429468513E-1,2.517528534E-1
2.857797108E1,2.538145185E-1,-9.380599260E-1,2.529745698E-1
2.857997108E1,2.916881442E-1,-9.362273216E-1,2.523637116E-1
2.858197021E1,3.478877544E-1,-9.398925304E-1,2.529745698E-1
2.858396975E1,3.478877544E-1,-9.398925304E-1,2.529745698E-1
2.858596975E1,3.845396638E-1,-9.447794557E-1,2.535854280E-1
2.858796975E1,4.193589985E-1,-9.514989853E-1,2.517528534E-1
2.858996971E1,4.376849532E-1,-9.588293433E-1,2.511419654E-1
2.859196968E1,4.657847583E-1,-9.704357982E-1,2.480876446E-1
2.859396964E1,4.944954216E-1,-9.808205366E-1,2.462550551E-1
2.859596961E1,5.091561675E-1,-9.857074022E-1,2.486985177E-1
2.859796958E1,5.366451144E-1,-9.930378199E-1,2.523637116E-1
2.859996954E1,5.610797405E-1,-1.007087708E0,2.523637116E-1
2.860197038E1,5.775730610E-1,-1.013807178E0,2.517528534E-1
2.860397124E1,6.148358583E-1,-1.034576654E0,2.468659133E-1
2.860597124E1,6.484334469E-1,-1.056567788E0,2.377029359E-1
2.860797128E1,6.643159389E-1,-1.070006847E0,2.377029359E-1
2.860997131E1,7.021896243E-1,-1.103604436E0,2.273182273E-1
2.861197134E1,7.400632501E-1,-1.144532442E0,2.199878395E-1
2.861397137E1,7.620543838E-1,-1.162247539E0,2.157117873E-1
2.861597141E1,7.956519723E-1,-1.193401575E0,2.120465934E-1
2.861797144E1,8.323038816E-1,-1.220279694E0,2.071596831E-1
2.861997147E1,8.457429409E-1,-1.228831768E0,2.065488100E-1
2.862197061E1,8.817839622E-1,-1.244103432E0,2.053270787E-1
2.862397167E1,8.988882303E-1,-1.244714260E0,2.065488100E-1
2.862597164E1,9.037751555E-1,-1.241659999E0,2.034944892E-1
2.862797160E1,9.275988936E-1,-1.233718753E0,2.114357352E-1
2.862997157E1,9.416487813E-1,-1.223944902E0,2.163226604E-1
2.863197154E1,9.495900273E-1,-1.219668865E0,2.157117873E-1
2.863397150E1,9.654725194E-1,-1.208673239E0,2.205987126E-1
2.863597147E1,9.746354818E-1,-1.193401575E0,2.303725630E-1
2.863797147E1,9.728028774E-1,-1.184849501E0,2.364812046E-1
2.863997147E1,9.783006907E-1,-1.168967009E0,2.486985177E-1
2.864197233E1,9.837985039E-1,-1.154306293E0,2.621375620E-1
2.864397280E1,9.856310487E-1,-1.143921494E0,2.688570619E-1
2.864597280E1,9.868528247E-1,-1.126206398E0,2.847395539E-1
2.864797280E1,9.783006907E-1,-1.112156510E0,3.006220460E-1
2.864997280E1,9.764680862E-1,-1.104215264E0,3.073415756E-1
2.865197280E1,9.740246534E-1,-1.088332772E0,3.268892765E-1
2.865397280E1,9.673051238E-1,-1.064509034E0,3.476586938E-1
2.865597283E1,9.642508030E-1,-1.054735184E0,3.586542606E-1
2.865797287E1,9.563095570E-1,-1.032744050E0,3.769802153E-1
2.865997290E1,9.453139901E-1,-1.010142088E0,3.953061700E-1
2.866197206E1,9.257662892E-1,-9.728792906E-1,4.227951169E-1
2.866397120E1,9.257662892E-1,-9.728792906E-1,4.227951169E-1
2.866597123E1,9.147707224E-1,-9.508880973E-1,4.466188550E-1
2.866797123E1,9.074403048E-1,-9.417251348E-1,4.557818174E-1
2.866997123E1,8.927795291E-1,-9.227883220E-1,4.765512347E-1
2.867197120E1,8.738427162E-1,-8.965210915E-1,5.003749728E-1
2.867397116E1,8.634580374E-1,-8.861364126E-1,5.095379949E-1
2.867597113E1,8.487972617E-1,-8.604800701E-1,5.296965241E-1
2.867797110E1,8.341364861E-1,-8.268824816E-1,5.480225086E-1
2.867997063E1,8.225300312E-1,-8.128325939E-1,5.541311502E-1
2.868197146E1,8.121453524E-1,-7.798458338E-1,5.718462467E-1
2.868397036E1,7.980954647E-1,-7.413613200E-1,5.858961344E-1
2.868597039E1,7.840455174E-1,-7.083746195E-1,6.023895144E-1
2.868797043E1,7.816020846E-1,-6.912704110E-1,6.097198725E-1
2.868997046E1,7.675521970E-1,-6.595053673E-1,6.286566854E-1
2.869197049E1,7.596109509E-1,-6.314055920E-1,6.488152742E-1
2.869397053E1,7.504479289E-1,-6.155230999E-1,6.573673487E-1
2.869597056E1,7.473936081E-1,-5.868124366E-1,6.763041615E-1
2.869797059E1,7.425066829E-1,-5.550474524E-1,6.940192580E-1
2.869997063E1,7.412849665E-1,-5.379431844E-1,7.001278996E-1
2.870196976E1,7.400632501E-1,-4.884631336E-1,7.251734138E-1
2.870396966E1,7.388415337E-1,-4.774675369E-1,7.331146598E-1
2.870596966E1,7.388415337E-1,-4.628067911E-1,7.398341894E-1
2.870796966E1,7.406741381E-1,-4.420373738E-1,7.483862638E-1
2.870996966E1,7.425066829E-1,-4.304309189E-1,7.624362111E-1
2.871196966E1,7.455610037E-1,-4.255439937E-1,7.679339647E-1
2.871396966E1,7.431175709E-1,-4.200462103E-1,7.752643824E-1
2.871596962E1,7.412849665E-1,-4.133267105E-1,7.844273448E-1
2.871796959E1,7.431175709E-1,-4.145484269E-1,7.887033820E-1
2.871996956E1,7.528914213E-1,-4.072180390E-1,7.948120236E-1
2.872197039E1,7.638869882E-1,-4.017202556E-1,8.009206653E-1
2.872397126E1,7.681630254E-1,-3.980550766E-1,8.009206653E-1
2.872597122E1,7.797694802E-1,-3.919464052E-1,8.045858741E-1
2.872797119E1,7.938193679E-1,-3.876703680E-1,8.094727993E-1
2.872997115E1,8.005388975E-1,-3.870594800E-1,8.119162917E-1
2.873197115E1,8.103127480E-1,-3.888920844E-1,8.168032169E-1
2.873397119E1,8.200865984E-1,-3.937790096E-1,8.223009706E-1
2.873597122E1,8.243626356E-1,-3.968333304E-1,8.186357617E-1
2.873797125E1,8.359690905E-1,-4.029420018E-1,8.192466497E-1
2.873997172E1,8.512406945E-1,-4.023311138E-1,8.198575377E-1
2.874197088E1,8.683449626E-1,-3.974441886E-1,8.137488365E-1
2.874397002E1,8.683449626E-1,-3.974441886E-1,8.137488365E-1
2.874597002E1,8.830057383E-1,-3.980550766E-1,8.076401949E-1
2.874797002E1,8.817839622E-1,-3.974441886E-1,8.027532697E-1
2.874996998E1,8.897252083E-1,-3.950007260E-1,7.966446280E-1
2.875196995E1,8.927795291E-1,-3.974441886E-1,7.868707776E-1
2.875396992E1,8.921687007E-1,-4.011093974E-1,7.795404196E-1
2.875596988E1,8.885034919E-1,-4.096615016E-1,7.691556811E-1
2.875796985E1,8.799513578E-1,-4.200462103E-1,7.551057935E-1
2.875996981E1,8.744536042E-1,-4.292092025E-1,7.483862638E-1
2.876197068E1,8.628471494E-1,-4.487568736E-1,7.300603390E-1
2.876397081E1,8.494081497E-1,-4.683045745E-1,7.117343545E-1
2.876597085E1,8.365799785E-1,-4.774675369E-1,7.007387877E-1
2.876797088E1,8.176431060E-1,-5.037347674E-1,6.744716167E-1
2.876997091E1,7.999280095E-1,-5.324454308E-1,6.451500654E-1
2.877197094E1,7.840455174E-1,-5.464953184E-1,6.304892898E-1
2.877397098E1,7.626652718E-1,-5.703190565E-1,6.023895144E-1
2.877597101E1,7.363980412E-1,-5.935319662E-1,5.755113959E-1
2.877797164E1,7.260133624E-1,-6.051383615E-1,5.596289039E-1
2.877997164E1,6.954700947E-1,-6.338490248E-1,5.254204869E-1
2.878197078E1,6.484334469E-1,-6.814965606E-1,4.753295183E-1
2.878396988E1,6.484334469E-1,-6.814965606E-1,4.753295183E-1
2.878596988E1,6.154467463E-1,-7.077637315E-1,4.398993254E-1
2.878796988E1,5.891795158E-1,-7.364743948E-1,4.014148116E-1
2.878996988E1,5.745187402E-1,-7.493025661E-1,3.812562823E-1
2.879197048E1,5.390886068E-1,-7.743480802E-1,3.458260894E-1
2.879397044E1,5.091561675E-1,-7.963392138E-1,3.073415756E-1
2.879597041E1,4.883867502E-1,-8.073347807E-1,2.884047627E-1
2.879797037E1,4.596760869E-1,-8.226063848E-1,2.499202490E-1
2.879997034E1,4.315762818E-1,-8.311585188E-1,2.138791978E-1
2.880197117E1,4.138612151E-1,-8.317694068E-1,1.912771761E-1
2.880397204E1,3.900374472E-1,-8.287150860E-1,1.582904607E-1
2.880597200E1,3.698789179E-1,-8.183303475E-1,1.185842156E-1
2.880797197E1,3.454442918E-1,-8.018369675E-1,8.071056753E-2
2.880997197E1,3.326161206E-1,-7.908414006E-1,6.910412759E-2
2.881197200E1,3.155119121E-1,-7.688502669E-1,3.856086731E-2
2.881397204E1,2.886338234E-1,-7.480808496E-1,9.239336476E-3
2.881597207E1,2.825251818E-1,-7.370852828E-1,-2.367102774E-3
2.881797210E1,2.587014437E-1,-7.163158655E-1,-2.313652076E-2
2.881997214E1,2.379320115E-1,-6.937138438E-1,-4.024074972E-2
2.882197130E1,2.128865421E-1,-6.595053673E-1,-5.306891724E-2
2.882397077E1,2.128865421E-1,-6.595053673E-1,-5.306891724E-2
2.882597077E1,1.945605874E-1,-6.399577260E-1,-6.162103266E-2
2.882797073E1,1.872301996E-1,-6.295729876E-1,-6.406449527E-2
2.882997070E1,1.737911552E-1,-6.204100251E-1,-6.589708477E-2
2.883197067E1,1.670716405E-1,-6.130796075E-1,-7.261660695E-2
2.883397063E1,1.627955884E-1,-6.100252867E-1,-7.322747260E-2
2.883597060E1,1.518000066E-1,-6.008623242E-1,-8.239044994E-2
2.883796996E1,1.499674171E-1,-5.892558694E-1,-8.177958429E-2
2.883996996E1,1.456913650E-1,-5.855907202E-1,-8.422304690E-2
2.884197083E1,1.432479024E-1,-5.813146234E-1,-8.605564386E-2
2.884397176E1,1.395827085E-1,-5.807037950E-1,-8.666650951E-2
2.884597180E1,1.346957833E-1,-5.752059817E-1,-8.300131559E-2
2.884797183E1,1.298088580E-1,-5.727625489E-1,-8.239044994E-2
2.884997186E1,1.169806942E-1,-5.764276981E-1,-8.177958429E-2
2.885197130E1,1.120937690E-1,-5.788711905E-1,-7.994698733E-2
2.885397133E1,1.053742543E-1,-5.862015486E-1,-7.750352472E-2
2.885597136E1,8.704829961E-2,-5.990297198E-1,-7.689265907E-2
2.885797136E1,7.727445662E-2,-6.081926823E-1,-7.567093521E-2
2.885997136E1,5.589416996E-2,-6.191883087E-1,-7.139487565E-2
2.886197049E1,1.313360315E-2,-6.417902708E-1,-6.711881608E-2
2.886396963E1,1.313360315E-2,-6.417902708E-1,-6.711881608E-2
2.886596963E1,-1.252273750E-2,-6.546184421E-1,-6.772968173E-2
2.886796963E1,-3.878994286E-2,-6.650031805E-1,-6.834054738E-2
2.886996963E1,-5.283984542E-2,-6.723335385E-1,-6.772968173E-2
2.887196959E1,-8.521570265E-2,-6.863834858E-1,-7.628180087E-2
2.887396956E1,-1.285871267E-1,-7.089854479E-1,-8.605564386E-2
2.887596953E1,-1.444696337E-1,-7.236462235E-1,-9.460775554E-2
2.887796949E1,-1.860084683E-1,-7.529677749E-1,-1.141554415E-1
2.887996946E1,-2.281581759E-1,-7.810675502E-1,-1.330922693E-1
2.888197029E1,-2.495384514E-1,-7.951174974E-1,-1.422552466E-1
2.888397079E1,-2.886338234E-1,-8.238281608E-1,-1.611920595E-1
2.888597076E1,-3.289509416E-1,-8.580365777E-1,-1.880701333E-1
2.888797076E1,-3.472768962E-1,-8.733082414E-1,-2.015091777E-1
2.888997079E1,-3.857614100E-1,-9.081275463E-1,-2.265546471E-1
2.889197082E1,-4.175263941E-1,-9.386708140E-1,-2.534327209E-1
2.889397086E1,-4.346306324E-1,-9.533315897E-1,-2.662608922E-1
2.889597089E1,-4.615086913E-1,-9.759336114E-1,-2.888629138E-1
2.889797092E1,-4.920519590E-1,-1.001589894E0,-3.157409728E-1
2.889997095E1,-5.067127347E-1,-1.015639782E0,-3.297908604E-1
2.890197012E1,-5.384777188E-1,-1.039463520E0,-3.633884490E-1
2.890396922E1,-5.500841737E-1,-1.046183109E0,-3.731622994E-1
2.890596919E1,-5.568036437E-1,-1.051680923E0,-3.866013288E-1
2.890796915E1,-5.794056654E-1,-1.063898206E0,-4.073707461E-1
2.890996912E1,-5.958990455E-1,-1.071228623E0,-4.275293052E-1
2.891196908E1,-6.050620079E-1,-1.073061109E0,-4.409683347E-1
2.891396905E1,-6.172793508E-1,-1.072450280E0,-4.629594982E-1
2.891596902E1,-6.337726712E-1,-1.066341639E0,-4.831180573E-1
2.891796902E1,-6.417139173E-1,-1.064509034E0,-4.928919077E-1
2.891996902E1,-6.502660513E-1,-1.047404766E0,-5.161047578E-1
2.892196988E1,-6.606507897E-1,-1.022970200E0,-5.435937047E-1
2.892397075E1,-6.722571850E-1,-1.010752916E0,-5.558109879E-1
2.892597075E1,-6.716463566E-1,-9.826530814E-1,-5.851325393E-1
2.892797075E1,-6.869179606E-1,-9.466120601E-1,-6.187301278E-1
2.892997075E1,-6.979135275E-1,-9.038515091E-1,-6.517168880E-1
2.893197075E1,-7.040221691E-1,-8.843038082E-1,-6.657667756E-1
2.893397075E1,-7.144069076E-1,-8.458192945E-1,-7.011969686E-1
2.893597078E1,-7.309002876E-1,-8.012261391E-1,-7.341836691E-1
2.893797081E1,-7.412849665E-1,-7.816784382E-1,-7.525096536E-1
2.893997085E1,-7.547240257E-1,-7.291440368E-1,-7.861071825E-1
2.894197001E1,-7.846564054E-1,-6.344599128E-1,-8.380307555E-1
2.894396915E1,-7.846564054E-1,-6.344599128E-1,-8.380307555E-1
2.894596918E1,-8.017606139E-1,-5.739842653E-1,-8.697957397E-1
2.894796921E1,-8.164213896E-1,-5.049564838E-1,-9.015607238E-1
2.894996921E1,-8.249735236E-1,-4.676937163E-1,-9.198867083E-1
2.895196918E1,-8.390234113E-1,-4.029420018E-1,-9.510408044E-1
2.895396914E1,-8.487972617E-1,-3.320816159E-1,-9.907470942E-1
2.895596911E1,-8.549059033E-1,-2.990948856E-1,-1.010905623E0
2.895796908E1,-8.652906418E-1,-2.300671190E-1,-1.057942271E0
2.895996904E1,-8.842274547E-1,-1.622610837E-1,-1.106811523E0
2.896196988E1,-8.878926635E-1,-1.268308908E-1,-1.130635262E0
2.896397074E1,-9.043859839E-1,-5.780312419E-2,-1.180115342E0
2.896597074E1,-9.282097220E-1,5.726861767E-3,-1.230817080E0
2.896797077E1,-9.385944605E-1,3.443752974E-2,-1.258306026E0
2.896997081E1,-9.673051238E-1,8.636107296E-2,-1.315727353E0
2.897197084E1,-9.984592199E-1,1.266781837E-1,-1.374370456E0
2.897397087E1,-1.015563488E0,1.382846236E-1,-1.403692007E0
2.897597091E1,-1.046106696E0,1.627192348E-1,-1.464167595E0
2.897797094E1,-1.085812926E0,1.761582643E-1,-1.521588922E0
2.897997097E1,-1.102306366E0,1.816560477E-1,-1.550910473E0
2.898197014E1,-1.151175499E0,1.834886521E-1,-1.624825239E0
2.898396924E1,-1.168279767E0,1.761582643E-1,-1.643761992E0
2.898596924E1,-1.182329655E0,1.639409661E-1,-1.663309693E0
2.898796924E1,-1.223257661E0,1.242347211E-1,-1.696907282E0
2.898996924E1,-1.255022645E0,7.475463301E-2,-1.717065811E0
2.899196924E1,-1.270905137E0,4.237877578E-2,-1.720120192E0
2.899396924E1,-1.306335330E0,-2.481640130E-2,-1.717065811E0
2.899596920E1,-1.341765523E0,-9.628763795E-2,-1.698129058E0
2.899796917E1,-1.361313224E0,-1.347721517E-1,-1.679192185E0
2.899996914E1,-1.394299865E0,-2.209041417E-1,-1.640707731E0
2.900196997E1,-1.429119229E0,-3.155882657E-1,-1.586340666E0
2.900397084E1,-1.448666930E0,-3.614031374E-1,-1.552132249E0
2.900597080E1,-1.485929728E0,-4.548655450E-1,-1.483104467E0
2.900797077E1,-1.514029503E0,-5.495496392E-1,-1.406135440E0
2.900997073E1,-1.531133771E0,-5.941427946E-1,-1.368872643E0
2.901197073E1,-1.564120412E0,-6.821073890E-1,-1.283351541E0
2.901397077E1,-1.599550605E0,-7.621307373E-1,-1.191721678E0
2.901597080E1,-1.619098306E0,-7.981718183E-1,-1.145906806E0
2.901797083E1,-1.658804536E0,-8.574257493E-1,-1.051222682E0
2.901997086E1,-1.705841184E0,-8.940776587E-1,-9.614255428E-1
2.902197003E1,-1.779755950E0,-8.952993751E-1,-8.270351887E-1
2.902396916E1,-1.779755950E0,-8.952993751E-1,-8.270351887E-1
2.902596920E1,-1.821905613E0,-8.726973534E-1,-7.409031987E-1
2.902796920E1,-1.846340179E0,-8.592583537E-1,-6.987534761E-1
2.902996916E1,-1.889100790E0,-8.311585188E-1,-6.101779938E-1
2.903196913E1,-1.926363587E0,-7.957283258E-1,-5.222133994E-1
2.903396910E1,-1.936748266E0,-7.743480802E-1,-4.782311320E-1
2.903596906E1,-1.969124079E0,-7.260897160E-1,-3.841578662E-1
2.903796903E1,-1.999056458E0,-6.686683893E-1,-2.943606973E-1
2.903996899E1,-2.013717175E0,-6.381251216E-1,-2.491566688E-1
2.904196983E1,-2.032043219E0,-5.764276981E-1,-1.746311039E-1
2.904397073E1,-2.042428017E0,-5.019021630E-1,-1.049924642E-1
2.904597076E1,-2.056477785E0,-4.127158225E-1,-4.146247730E-2
2.904797079E1,-2.059532166E0,-3.626248837E-1,-1.397354249E-2
2.904997083E1,-2.070527792E0,-2.538908720E-1,3.428481147E-2
2.905197086E1,-2.072971106E0,-1.292743534E-1,8.681922406E-2
2.905397089E1,-2.078469038E0,-6.207918003E-2,1.143081561E-1
2.905597092E1,-2.072360277E0,8.086328954E-2,1.711186320E-1
2.905797096E1,-2.076636314E0,2.299144119E-1,2.352594733E-1
2.905997099E1,-2.069916964E0,3.026073575E-1,2.713005245E-1
2.906197012E1,-2.060142994E0,5.054146051E-1,3.727041483E-1
2.906396966E1,-2.060142994E0,5.054146051E-1,3.727041483E-1
2.906596966E1,-2.056477785E0,6.275876760E-1,4.392884672E-1
2.906796966E1,-2.043038845E0,7.412086129E-1,4.985423982E-1
2.906996966E1,-2.038151979E0,8.371144533E-1,5.498550534E-1
2.907196966E1,-2.033264875E0,8.853728175E-1,5.761222839E-1
2.907396962E1,-2.025323629E0,9.690613747E-1,6.146067977E-1
2.907596959E1,-2.019825935E0,1.038089156E0,6.439283490E-1
2.907796955E1,-2.016771555E0,1.073519349E0,6.579782367E-1
2.907996952E1,-2.017382383E0,1.145601392E0,6.854671836E-1
2.908197035E1,-2.015549898E0,1.226235628E0,7.190647721E-1
2.908397122E1,-2.014939070E0,1.270828843E0,7.343363762E-1
2.908597119E1,-2.012495518E0,1.362458587E0,7.612144351E-1
2.908797115E1,-2.001499891E0,1.466916561E0,7.795404196E-1
2.908997115E1,-2.000889063E0,1.510288000E0,7.874816656E-1
2.909197115E1,-1.991115212E0,1.584202647E0,7.825947404E-1
2.909397118E1,-1.981952310E0,1.653230429E0,7.709882855E-1
2.909597122E1,-1.977065325E0,1.687438846E0,7.618253231E-1
2.909797125E1,-1.959961176E0,1.760131836E0,7.325037718E-1
2.909997128E1,-1.934915662E0,1.832824826E0,6.934084296E-1
2.910197045E1,-1.886046410E0,1.970269442E0,6.311001778E-1
2.910397045E1,-1.886046410E0,1.970269442E0,6.311001778E-1
2.910597045E1,-1.831068516E0,2.072283983E0,5.926156640E-1
2.910797042E1,-1.804801345E0,2.118098974E0,5.694027543E-1
2.910997038E1,-1.757764697E0,2.179185390E0,5.058727860E-1
2.911197035E1,-1.693623900E0,2.240882874E0,4.423427880E-1
2.911397031E1,-1.655750275E0,2.268982649E0,4.105778039E-1
2.911597028E1,-1.579392076E0,2.301358461E0,3.464369476E-1
2.911797025E1,-1.504866481E0,2.306856155E0,2.853504419E-1
2.911997021E1,-1.467603803E0,2.298914909E0,2.535854280E-1
2.912197108E1,-1.377806544E0,2.270815134E0,1.949423701E-1
2.912397158E1,-1.290452838E0,2.201787472E0,1.350775808E-1
2.912597161E1,-1.247081399E0,2.153529167E0,1.057560444E-1
2.912797164E1,-1.170723200E0,2.022192955E0,4.711298272E-2
2.912997168E1,-1.095586777E0,1.852372527E0,-1.886046492E-2
2.913197171E1,-1.061378360E0,1.756466627E0,-5.490151420E-2
2.913397174E1,-9.844093323E-1,1.553048491E0,-1.275944710E-1
2.913597178E1,-9.129381180E-1,1.331304431E0,-2.070069611E-1
2.913797181E1,-8.707883954E-1,1.211574912E0,-2.467132062E-1
2.913997181E1,-8.029823899E-1,9.647852778E-1,-3.316234648E-1
2.914197094E1,-6.966918111E-1,5.927683711E-1,-4.672355652E-1
2.914397004E1,-6.966918111E-1,5.927683711E-1,-4.672355652E-1
2.914597004E1,-6.301075220E-1,3.630830348E-1,-5.521458387E-1
2.914797004E1,-5.653557777E-1,1.663844138E-1,-6.388887167E-1
2.914997004E1,-5.348125100E-1,8.391761035E-2,-6.792057753E-1
2.915197004E1,-4.688390791E-1,-4.558581859E-2,-7.555639744E-1
2.915397001E1,-4.114177525E-1,-1.268308908E-1,-8.258134723E-1
2.915596997E1,-3.875939846E-1,-1.482111812E-1,-8.588001728E-1
2.915796994E1,-3.332269788E-1,-1.787544489E-1,-9.351583123E-1
2.915996990E1,-2.739730477E-1,-2.019673288E-1,-1.008462191E0
2.916197074E1,-2.464841306E-1,-2.056325078E-1,-1.050001025E0
2.916397074E1,-1.805106848E-1,-1.983021349E-1,-1.119639635E0
2.916597070E1,-1.120937690E-1,-1.818087697E-1,-1.181947947E0
2.916797070E1,-4.550946131E-2,-1.640936732E-1,-1.234482288E0
2.916997034E1,-1.130100712E-2,-1.567633003E-1,-1.257695198E0
2.917197037E1,5.406157300E-2,-1.421025246E-1,-1.296179652E0
2.917397040E1,1.175915599E-1,-1.329395473E-1,-1.323057771E0
2.917597040E1,1.456913650E-1,-1.335504204E-1,-1.337107658E0
2.917797044E1,1.957823038E-1,-1.384373307E-1,-1.357877135E0
2.917997047E1,2.422080636E-1,-1.414916664E-1,-1.378646493E0
2.918196964E1,2.959642112E-1,-1.537089646E-1,-1.403692007E0
2.918396877E1,2.959642112E-1,-1.537089646E-1,-1.403692007E0
2.918596873E1,3.210096955E-1,-1.585958898E-1,-1.412854910E0
2.918796870E1,3.356704414E-1,-1.592067480E-1,-1.417741895E0
2.918996867E1,3.491095006E-1,-1.610393524E-1,-1.415298462E0
2.919196863E1,3.558290005E-1,-1.628719419E-1,-1.401859403E0
2.919396860E1,3.539963961E-1,-1.659262776E-1,-1.390863776E0
2.919596856E1,3.454442918E-1,-1.738675237E-1,-1.363374829E0
2.919796853E1,3.210096955E-1,-1.934152097E-1,-1.324890375E0
2.919996853E1,2.977968156E-1,-2.056325078E-1,-1.305342674E0
2.920196940E1,2.507601976E-1,-2.251801938E-1,-1.255862594E0
2.920397030E1,1.945605874E-1,-2.209041417E-1,-1.199662924E0
2.920597030E1,1.707368344E-1,-2.050216496E-1,-1.169119716E0
2.920797030E1,1.169806942E-1,-1.702023298E-1,-1.109865785E0
2.920997030E1,5.161811411E-2,-1.207222417E-1,-1.051833630E0
2.921197030E1,2.290744707E-2,-9.506590664E-2,-1.023733735E0
2.921397030E1,-4.673119262E-2,-2.909245715E-2,-9.705885053E-1
2.921597030E1,-1.169806942E-1,4.237877578E-2,-9.223301411E-1
2.921797033E1,-1.548543423E-1,8.025242388E-2,-8.960629702E-1
2.921997036E1,-2.208277881E-1,1.590540409E-1,-8.478046060E-1
2.922196953E1,-3.320052624E-1,2.763401568E-1,-7.726681828E-1
2.922396866E1,-3.320052624E-1,2.763401568E-1,-7.726681828E-1
2.922596869E1,-4.004221559E-1,3.514765799E-1,-7.176902890E-1
2.922796873E1,-4.608978331E-1,4.076761901E-1,-6.602689624E-1
2.922996913E1,-4.902193546E-1,4.296673536E-1,-6.358343363E-1
2.923196913E1,-5.451972485E-1,4.724279046E-1,-5.832999349E-1
2.923396909E1,-5.965099335E-1,5.029711723E-1,-5.307655334E-1
2.923596909E1,-6.197227836E-1,5.170210600E-1,-5.032765865E-1
2.923796906E1,-6.582072973E-1,5.432882905E-1,-4.489096105E-1
2.923996902E1,-6.838636398E-1,5.640577078E-1,-3.920991421E-1
2.924196986E1,-6.966918111E-1,5.713880658E-1,-3.676645160E-1
2.924397069E1,-7.137960196E-1,5.866597295E-1,-3.175735772E-1
2.924597069E1,-7.266241908E-1,5.994879007E-1,-2.735912800E-1
2.924797069E1,-7.278459668E-1,6.049856544E-1,-2.570978999E-1
2.924997072E1,-7.235698700E-1,6.202573180E-1,-2.155590802E-1
2.925197076E1,-7.089090943E-1,6.330854893E-1,-1.825723499E-1
2.925397079E1,-6.979135275E-1,6.410267353E-1,-1.691333205E-1
2.925597082E1,-6.801984310E-1,6.501896977E-1,-1.410335153E-1
2.925797086E1,-6.478226185E-1,6.514114141E-1,-1.196532324E-1
2.925997089E1,-6.307183504E-1,6.483570933E-1,-1.111011133E-1
2.926197006E1,-5.732970238E-1,6.275876760E-1,-8.788824081E-2
2.926396916E1,-5.506950021E-1,6.202573180E-1,-8.055785298E-2
2.926596916E1,-5.299255848E-1,6.092617512E-1,-7.506006956E-2
2.926796916E1,-4.731151462E-1,5.866597295E-1,-5.978843570E-2
2.926996916E1,-4.163046777E-1,5.548947453E-1,-5.062545836E-2
2.927196916E1,-3.814853430E-1,5.384013653E-1,-4.390593991E-2
2.927396916E1,-3.161227703E-1,5.060254931E-1,-3.291036561E-2
2.927596916E1,-2.373211533E-1,4.773148298E-1,-1.947133057E-2
2.927796912E1,-2.006692290E-1,4.608214796E-1,-1.214094646E-2
2.927996909E1,-1.200350225E-1,4.253912866E-1,-5.345070967E-4
2.928196992E1,-3.817907721E-2,3.948480189E-1,1.840231568E-2
2.928397079E1,4.734205827E-2,3.594178259E-1,2.634356357E-2
2.928597075E1,8.643743396E-2,3.429244757E-1,4.405865446E-2
2.928797072E1,1.682933718E-1,3.178789914E-1,6.666067243E-2
2.928997068E1,2.513710558E-1,2.952769995E-1,8.987355232E-2
2.929197065E1,2.929098904E-1,2.836705446E-1,1.014799923E-1
2.929397065E1,3.717114925E-1,2.720641196E-1,1.332449764E-1
2.929597068E1,4.444044530E-1,2.635119855E-1,1.631773859E-1
2.929797072E1,4.810563922E-1,2.616794109E-1,1.784490049E-1
2.929997075E1,5.476406813E-1,2.604576647E-1,2.114357352E-1
2.930196992E1,6.362161636E-1,2.653445899E-1,2.603049576E-1
2.930396908E1,6.362161636E-1,2.653445899E-1,2.603049576E-1
2.930596911E1,6.887505651E-1,2.726749778E-1,2.920699418E-1
2.930796915E1,7.363980412E-1,2.830596864E-1,3.262783885E-1
2.930996915E1,7.602217793E-1,2.885574698E-1,3.421608806E-1
2.931196911E1,7.919867635E-1,2.995530367E-1,3.739258945E-1
2.931396908E1,8.268061280E-1,3.123812079E-1,4.111886621E-1
2.931596905E1,8.420777321E-1,3.178789914E-1,4.295146167E-1
2.931796901E1,8.677340746E-1,3.300963044E-1,4.655556679E-1
2.931996898E1,8.860600591E-1,3.404810131E-1,5.022075772E-1
2.932196981E1,8.921687007E-1,3.447570801E-1,5.199226737E-1
2.932397071E1,9.013316631E-1,3.508657217E-1,5.565745831E-1
2.932597071E1,9.104946256E-1,3.581961095E-1,5.975025892E-1
2.932797071E1,9.184358716E-1,3.600287139E-1,6.170502305E-1
2.932997071E1,9.245445728E-1,3.691916764E-1,6.573673487E-1
2.933197071E1,9.300423265E-1,3.789655268E-1,6.964627504E-1
2.933397071E1,9.324858189E-1,3.881285191E-1,7.178429961E-1
2.933597071E1,9.434813857E-1,4.003458023E-1,7.575492859E-1
2.933797071E1,9.477574229E-1,4.186717570E-1,7.984772325E-1
2.933997071E1,9.489791393E-1,4.284456074E-1,8.161923289E-1
2.934196984E1,9.605855942E-1,4.632649422E-1,8.711702228E-1
2.934396898E1,9.673051238E-1,4.754822254E-1,8.894961476E-1
2.934596901E1,9.728028774E-1,4.870886803E-1,9.059895277E-1
2.934796904E1,9.819658995E-1,5.145776272E-1,9.426414371E-1
2.934996908E1,9.880745411E-1,5.420665741E-1,9.756281376E-1
2.935196911E1,9.935722947E-1,5.548947453E-1,9.902889132E-1
2.935396914E1,1.005789638E0,5.829945207E-1,1.023275614E0
2.935596914E1,1.016174316E0,6.129269004E-1,1.053818941E0
2.935796911E1,1.021672130E0,6.312528849E-1,1.070312262E0
2.935996907E1,1.038776398E0,6.654613018E-1,1.101466417E0
2.936196991E1,1.054047942E0,7.033349872E-1,1.130787969E0
2.936397074E1,1.063210964E0,7.210500836E-1,1.146059513E0
2.936597071E1,1.083369493E0,7.625889182E-1,1.174770236E0
2.936797067E1,1.099862933E0,8.041277528E-1,1.206535220E0
2.936997064E1,1.111469269E0,8.255079985E-1,1.220585108E0
2.937197064E1,1.132238746E0,8.652142882E-1,1.252350092E0
2.937397067E1,1.157895088E0,9.067531228E-1,1.281671643E0
2.937597070E1,1.170112371E0,9.269116521E-1,1.294499755E0
2.937797074E1,1.190270901E0,9.708939195E-1,1.322599649E0
2.937997077E1,1.214705586E0,1.008156776E0,1.347645044E0
2.938196994E1,1.242805362E0,1.069243312E0,1.383075237E0
2.938396907E1,1.242805362E0,1.069243312E0,1.383075237E0
2.938596910E1,1.266629100E0,1.109560370E0,1.404455543E0
2.938796913E1,1.275181174E0,1.128497124E0,1.411785960E0
2.938996913E1,1.289842010E0,1.165759921E0,1.425225019E0
2.939196913E1,1.305724502E0,1.197524905E0,1.430111885E0
2.939396913E1,1.308167934E0,1.211574912E0,1.431944489E0
2.939596913E1,1.313665748E0,1.245172501E0,1.429501057E0
2.939796913E1,1.306335330E0,1.272050500E0,1.419727206E0
2.939996913E1,1.302670121E0,1.283046126E0,1.413618565E0
2.940197000E1,1.282511592E0,1.299539447E0,1.392849088E0
2.940397087E1,1.254411817E0,1.312367678E0,1.361694932E0
2.940597083E1,1.216538191E0,1.315421939E0,1.326875687E0
2.940797080E1,1.189049244E0,1.312367678E0,1.306106210E0
2.940997076E1,1.141401768E0,1.304426432E0,1.257237077E0
2.941197073E1,1.087645531E0,1.289154768E0,1.197983146E0
2.941397070E1,1.056491494E0,1.280602574E0,1.163774610E0
2.941597066E1,9.880745411E-1,1.260444045E0,1.088638186E0
2.941797066E1,9.141598344E-1,1.231733441E0,1.006171465E0
2.941997066E1,8.744536042E-1,1.212796569E0,9.603565335E-1
2.942196983E1,7.431175709E-1,1.117501616E0,7.954229116E-1
2.942396903E1,6.979135275E-1,1.077795386E0,7.954229116E-1
2.942596906E1,6.490443349E-1,1.037478209E0,6.775259376E-1
2.942796909E1,5.451972485E-1,9.446267486E-1,5.516876578E-1
2.942996913E1,4.425718784E-1,8.328384161E-1,4.234059751E-1
2.943196916E1,3.924809098E-1,7.717518806E-1,3.592651188E-1
2.943396916E1,2.910772860E-1,6.453027725E-1,2.370920777E-1
2.943596913E1,1.988366395E-1,5.090798140E-1,1.161407530E-1
2.943796909E1,1.585195363E-1,4.406629205E-1,5.505422875E-2
2.943996906E1,6.872233748E-2,2.867248654E-1,-6.895141304E-2
2.944196989E1,-1.924225502E-2,1.309542358E-1,-1.984548420E-1
2.944397076E1,-6.017022580E-2,5.337435007E-2,-2.632065713E-1
2.944597072E1,-1.420261711E-1,-1.005636901E-1,-3.963751793E-1
2.944797069E1,-2.189951837E-1,-2.453387529E-1,-5.277112126E-1
2.944997069E1,-2.519819140E-1,-3.143665195E-1,-5.912411809E-1
2.945197069E1,-3.216205537E-1,-4.450916946E-1,-7.134142518E-1
2.945397069E1,-3.845396638E-1,-5.666538477E-1,-8.252025843E-1
2.945597069E1,-4.138612151E-1,-6.167448163E-1,-8.789587021E-1
2.945797069E1,-4.645630121E-1,-7.071529031E-1,-9.681450725E-1
2.945997069E1,-5.122104883E-1,-7.749589086E-1,-1.037783742E0
2.946196982E1,-5.745187402E-1,-8.470410109E-1,-1.097648501E0
2.946396892E1,-5.745187402E-1,-8.470410109E-1,-1.097648501E0
2.946596892E1,-6.172793508E-1,-8.769733906E-1,-1.106811523E0
2.946796896E1,-6.319400668E-1,-8.849146366E-1,-1.104367971E0
2.946996899E1,-6.557638645E-1,-8.989645839E-1,-1.089707255E0
2.947196902E1,-6.740897894E-1,-8.965210915E-1,-1.059774876E0
2.947396905E1,-6.753115058E-1,-8.910233378E-1,-1.039616346E0
2.947596909E1,-6.838636398E-1,-8.665887117E-1,-9.986883402E-1
2.947796912E1,-6.801984310E-1,-8.274933100E-1,-9.479864836E-1
2.947996915E1,-6.789767146E-1,-7.993935347E-1,-9.180541039E-1
2.948197002E1,-6.710354686E-1,-7.279223204E-1,-8.581892848E-1
2.948397082E1,-6.514877677E-1,-6.277403831E-1,-7.897723913E-1
2.948597079E1,-6.404922009E-1,-5.715407729E-1,-7.500661612E-1
2.948797075E1,-6.111706495E-1,-4.389830232E-1,-6.718754172E-1
2.948997072E1,-5.787948370E-1,-2.905427814E-1,-5.930737853E-1
2.949197068E1,-5.555819273E-1,-2.092977017E-1,-5.539784431E-1
2.949397065E1,-5.219843388E-1,-4.741841555E-2,-4.709007442E-1
2.949597065E1,-4.834998548E-1,1.236238554E-1,-3.853796124E-1
2.949797065E1,-4.602869749E-1,2.115884423E-1,-3.395647109E-1
2.949997068E1,-4.273002446E-1,3.832415938E-1,-2.522109747E-1
2.950196985E1,-3.686571717E-1,6.355289221E-1,-1.147663072E-1
2.950396898E1,-3.686571717E-1,6.355289221E-1,-1.147663072E-1
2.950596901E1,-3.368921876E-1,7.998516560E-1,-2.802344225E-2
2.950796905E1,-3.039054573E-1,9.501245022E-1,6.116288155E-2
2.950996908E1,-2.886338234E-1,1.017930627E0,1.039234474E-1
2.951196911E1,-2.525927722E-1,1.141936183E0,1.918880492E-1
2.951396911E1,-2.183843255E-1,1.234787703E0,2.810743749E-1
2.951596911E1,-2.073887438E-1,1.274493933E0,3.232240677E-1
2.951796911E1,-1.701259762E-1,1.331915259E0,3.934735656E-1
2.951996911E1,-1.365283877E-1,1.369178057E0,4.563927054E-1
2.952196998E1,-1.194241568E-1,1.384449720E0,4.838816226E-1
2.952397088E1,-8.155050874E-2,1.395445347E0,5.272530913E-1
2.952597088E1,-4.123340547E-2,1.401553988E0,5.559637547E-1
2.952797085E1,9.162978968E-4,1.397277832E0,5.724570751E-1
2.952997081E1,2.290744707E-2,1.392390966E0,5.785657167E-1
2.953197078E1,6.017022580E-2,1.374065042E0,5.810092092E-1
2.953397074E1,1.090394482E-1,1.350241303E0,5.810092092E-1
2.953597071E1,1.334740520E-1,1.343521714E0,5.858961344E-1
2.953797068E1,1.860084683E-1,1.319697976E0,6.011677384E-1
2.953997064E1,2.342668176E-1,1.284267783E0,6.164394021E-1
2.954196974E1,3.252857327E-1,1.208520532E0,6.378196478E-1
2.954396917E1,3.252857327E-1,1.208520532E0,6.378196478E-1
2.954596921E1,3.833179474E-1,1.134605885E0,6.512587070E-1
2.954796924E1,4.108068645E-1,1.094288707E0,6.573673487E-1
2.954996927E1,4.608978331E-1,9.910525084E-1,6.628651619E-1
2.955196931E1,5.079344511E-1,8.652142882E-1,6.646977663E-1
2.955396934E1,5.268712640E-1,7.894669771E-1,6.579782367E-1
2.955596937E1,5.610797405E-1,6.257550716E-1,6.396522522E-1
2.955796940E1,5.800165534E-1,4.369977117E-1,6.078872681E-1
2.955996940E1,5.818491578E-1,3.368158340E-1,5.858961344E-1
2.956197024E1,5.781839490E-1,1.150717437E-1,5.229769945E-1
2.956397110E1,5.598580241E-1,-1.164461896E-1,4.374558628E-1
2.956597107E1,5.464189649E-1,-2.367866337E-1,3.855323195E-1
2.956797104E1,5.128213763E-1,-4.713588953E-1,2.627484202E-1
2.956997100E1,4.780020416E-1,-6.937138438E-1,1.198059469E-1
2.957197097E1,4.566217661E-1,-7.945066094E-1,3.978259861E-2
2.957397097E1,4.303545654E-1,-9.704357982E-1,-1.251510233E-1
2.957597097E1,4.040873647E-1,-1.113378286E0,-3.139083683E-1
2.957797100E1,3.979786932E-1,-1.172021389E0,-4.140902758E-1
2.957997103E1,3.875939846E-1,-1.265483737E0,-6.187301278E-1
2.958197020E1,4.028656185E-1,-1.339398384E0,-9.235519171E-1
2.958397127E1,4.028656185E-1,-1.339398384E0,-9.235519171E-1
2.958597130E1,4.266893864E-1,-1.346728802E0,-1.098870158E0
2.958797133E1,4.602869749E-1,-1.335122347E0,-1.240590930E0
2.958997136E1,4.859432876E-1,-1.325959325E0,-1.299234033E0
2.959197140E1,5.378668308E-1,-1.296026945E0,-1.399415970E0
2.959397140E1,5.842925906E-1,-1.256931543E0,-1.475774050E0
2.959597140E1,6.166684628E-1,-1.237994790E0,-1.506928205E0
2.959797140E1,6.789767146E-1,-1.201953769E0,-1.560073495E0
2.959997140E1,7.473936081E-1,-1.164690971E0,-1.602223158E0
2.960197226E1,7.840455174E-1,-1.143310666E0,-1.619938254E0
2.960397283E1,8.555167913E-1,-1.097495794E0,-1.643761992E0
2.960597280E1,9.306532145E-1,-1.046793938E0,-1.660255432E0
2.960797276E1,9.654725194E-1,-1.018694162E0,-1.661477089E0
2.960997273E1,1.033889413E0,-9.624945521E-1,-1.653535843E0
2.961197269E1,1.102917194E0,-9.227883220E-1,-1.634599090E0
2.961397266E1,1.134682178E0,-9.099601507E-1,-1.622992635E0
2.961597263E1,1.184773088E0,-8.885798454E-1,-1.589395046E0
2.961797259E1,1.229977131E0,-8.659778237E-1,-1.542358398E0
2.961997256E1,1.250746608E0,-8.507062197E-1,-1.511204243E0
2.962197169E1,1.303280950E0,-8.018369675E-1,-1.394528985E0
2.962397082E1,1.320996046E0,-7.804567218E-1,-1.345659733E0
2.962597086E1,1.332602501E0,-7.602981329E-1,-1.297401428E0
2.962797089E1,1.355815411E0,-7.169266939E-1,-1.189278245E0
2.962997092E1,1.367421865E0,-6.784422398E-1,-1.071381330E0
2.963197096E1,1.371697903E0,-6.625596881E-1,-1.011516452E0
2.963397099E1,1.366811037E0,-6.344599128E-1,-8.905651569E-1
2.963597102E1,1.342987299E0,-6.228534579E-1,-7.628943324E-1
2.963797102E1,1.327104688E0,-6.228534579E-1,-6.969208717E-1
2.963997059E1,1.258687854E0,-6.204100251E-1,-5.625305176E-1
2.964197142E1,1.171334147E0,-6.424011588E-1,-4.250858426E-1
2.964397035E1,1.043663263E0,-6.851617098E-1,-3.603341281E-1
2.964597032E1,9.746354818E-1,-7.089854479E-1,-2.283872366E-1
2.964797029E1,8.323038816E-1,-7.450265288E-1,-1.074359268E-1
2.964997025E1,6.942483783E-1,-7.780132294E-1,5.574145354E-3
2.965197022E1,6.258314252E-1,-7.914522886E-1,5.199990422E-2
2.965397022E1,4.957171381E-1,-8.091673851E-1,1.509600729E-1
2.965597022E1,3.637702465E-1,-8.006152511E-1,2.432007194E-1
2.965797022E1,3.020728528E-1,-7.914522886E-1,2.871830165E-1
2.965997022E1,1.866193265E-1,-7.554112077E-1,3.733150363E-1
2.966196935E1,2.962696366E-2,-6.674466133E-1,4.967097938E-1
2.966396865E1,2.962696366E-2,-6.674466133E-1,4.967097938E-1
2.966596865E1,-7.299839705E-2,-5.978080034E-1,5.779548883E-1
2.966796865E1,-1.725694388E-1,-5.324454308E-1,6.482043862E-1
2.966996865E1,-2.214386463E-1,-5.000695586E-1,6.842454076E-1
2.967196868E1,-3.032945991E-1,-4.273765981E-1,7.483862638E-1
2.967396872E1,-3.839288056E-1,-3.485749662E-1,8.149706125E-1
2.967596875E1,-4.218024611E-1,-3.094795942E-1,8.461247087E-1
2.967796835E1,-4.798346460E-1,-2.129628956E-1,9.096547365E-1
2.967996838E1,-5.213735104E-1,-9.201157838E-2,9.573022127E-1
2.968196928E1,-5.390886068E-1,-2.725986205E-2,9.780716300E-1
2.968397018E1,-5.684100986E-1,1.065196246E-1,1.010447502E0
2.968597015E1,-6.007859707E-1,2.329687327E-1,1.031827807E0
2.968797012E1,-6.117815375E-1,2.910009325E-1,1.036714673E0
2.968997008E1,-6.343835592E-1,4.021784067E-1,1.041601658E0
2.969196985E1,-6.569855809E-1,5.041928887E-1,1.035492897E0
2.969396981E1,-6.655376554E-1,5.561164618E-1,1.025719047E0
2.969596978E1,-6.808093190E-1,6.617961526E-1,1.001895308E0
2.969796974E1,-6.777549982E-1,7.754170895E-1,9.695194960E-1
2.969997014E1,-6.728680730E-1,8.316166997E-1,9.511935711E-1
2.970196931E1,-6.368269920E-1,9.910525084E-1,8.815549016E-1
2.970396844E1,-6.215553880E-1,1.032591343E0,8.571202755E-1
2.970596848E1,-6.001750827E-1,1.071075797E0,8.296313882E-1
2.970796851E1,-5.580254197E-1,1.132162333E0,7.685448527E-1
2.970996854E1,-5.158756971E-1,1.169425130E0,7.080692053E-1
2.971196858E1,-4.883867502E-1,1.176144719E0,6.756933331E-1
2.971396861E1,-4.340197444E-1,1.174922943E0,6.207154393E-1
2.971596864E1,-3.808744848E-1,1.151099205E0,5.687919259E-1
2.971796864E1,-3.472768962E-1,1.129108071E0,5.449681282E-1
2.971996864E1,-2.874121070E-1,1.074130177E0,5.083162189E-1
2.972196951E1,-2.147191316E-1,9.971611500E-1,4.838816226E-1
2.972397021E1,-1.744020283E-1,9.513462782E-1,4.710534513E-1
2.972597021E1,-9.560041130E-2,8.493317366E-1,4.606687427E-1
2.972797021E1,-1.557706390E-2,7.387651801E-1,4.515057802E-1
2.972997021E1,2.840523422E-2,6.807329655E-1,4.484514594E-1
2.973197017E1,1.145372316E-1,5.591707826E-1,4.453971088E-1
2.973397014E1,2.043344229E-1,4.339433908E-1,4.417319298E-1
2.973597011E1,2.477058619E-1,3.704134226E-1,4.398993254E-1
2.973797051E1,3.332269788E-1,2.427425832E-1,4.411210716E-1
2.973997047E1,4.224133193E-1,1.217912585E-1,4.466188550E-1
2.974196957E1,5.476406813E-1,-4.802928120E-2,4.466188550E-1
2.974396864E1,5.476406813E-1,-4.802928120E-2,4.466188550E-1
2.974596864E1,6.270532012E-1,-1.518763751E-1,4.472297132E-1
2.974796864E1,6.643159389E-1,-2.044107765E-1,4.466188550E-1
2.974996867E1,7.339546084E-1,-3.107013404E-1,4.405102134E-1
2.975196890E1,7.919867635E-1,-4.072180390E-1,4.344015419E-1
2.975396894E1,8.231409192E-1,-4.573090076E-1,4.282929003E-1
2.975596897E1,8.665123582E-1,-5.556582808E-1,4.111886621E-1
2.975796900E1,8.982773423E-1,-6.564510465E-1,3.879757822E-1
2.975996904E1,9.129381180E-1,-7.083746195E-1,3.733150363E-1
2.976196990E1,9.282097220E-1,-8.103891015E-1,3.488804102E-1
2.976397077E1,9.398161769E-1,-9.172905087E-1,3.238349259E-1
2.976597073E1,9.373727441E-1,-1.019915938E0,3.042872548E-1
2.976797070E1,9.294314981E-1,-1.071839452E0,2.969568670E-1
2.976997067E1,9.104946256E-1,-1.162858367E0,2.774091661E-1
2.977197063E1,8.933904171E-1,-1.248990297E0,2.627484202E-1
2.977397060E1,8.787296414E-1,-1.281366229E0,2.548071742E-1
2.977597056E1,8.518515825E-1,-1.336344123E0,2.425898612E-1
2.977797056E1,8.158105612E-1,-1.372995973E0,2.328160107E-1
2.977997060E1,8.011497855E-1,-1.385213256E0,2.309834212E-1
2.978196976E1,7.547240257E-1,-1.399263144E0,2.328160107E-1
2.978396933E1,7.363980412E-1,-1.399263144E0,2.328160107E-1
2.978596936E1,7.168503404E-1,-1.413923979E0,2.413681298E-1
2.978796940E1,6.801984310E-1,-1.422476053E0,2.590832114E-1
2.978996943E1,6.423248053E-1,-1.453630209E0,2.633592784E-1
2.979196946E1,6.239988208E-1,-1.473177910E0,2.615266740E-1
2.979396949E1,5.842925906E-1,-1.523268819E0,2.560288906E-1
2.979596949E1,5.451972485E-1,-1.584966183E0,2.456441820E-1
2.979796949E1,5.311473012E-1,-1.614898682E0,2.444224507E-1
2.979996949E1,4.938845634E-1,-1.669876456E0,2.377029359E-1
2.980197036E1,4.682282209E-1,-1.707750201E0,2.358703464E-1
2.980397126E1,4.517348409E-1,-1.715691447E0,2.340377420E-1
2.980597076E1,4.327980280E-1,-1.714469671E0,2.377029359E-1
2.980797076E1,4.071416855E-1,-1.699808955E0,2.432007194E-1
2.980997073E1,4.016439021E-1,-1.686369896E0,2.474767864E-1
2.981197069E1,3.924809098E-1,-1.633224607E0,2.584723532E-1
2.981397066E1,3.967569768E-1,-1.556866407E0,2.725222707E-1
2.981597062E1,3.979786932E-1,-1.518381953E0,2.853504419E-1
2.981797059E1,4.016439021E-1,-1.437747717E0,3.061198592E-1
2.981997056E1,4.022547603E-1,-1.368109107E0,3.262783885E-1
2.982196966E1,3.979786932E-1,-1.292361736E0,3.531564772E-1
2.982396989E1,3.979786932E-1,-1.292361736E0,3.531564772E-1
2.982596989E1,4.046982229E-1,-1.252044678E0,3.647629023E-1
2.982796992E1,4.065308273E-1,-1.237994790E0,3.696498275E-1
2.982996996E1,4.120286107E-1,-1.205008030E0,3.769802153E-1
2.983196999E1,4.218024611E-1,-1.179351687E0,3.800345361E-1
2.983397002E1,4.266893864E-1,-1.165301800E0,3.855323195E-1
2.983597005E1,4.401284158E-1,-1.135369420E0,3.898083866E-1
2.983797009E1,4.645630121E-1,-1.107880473E0,3.946953118E-1
2.983997009E1,4.798346460E-1,-1.091387153E0,3.983604908E-1
2.984197095E1,5.012149215E-1,-1.060843825E0,4.032474160E-1
2.984397139E1,5.262604356E-1,-1.035798430E0,4.026365578E-1
2.984597135E1,5.390886068E-1,-1.022970200E0,4.026365578E-1
2.984797132E1,5.635231733E-1,-1.000368237E0,4.001930952E-1
2.984997128E1,5.879577994E-1,-9.832639694E-1,3.959170282E-1
2.985197125E1,6.020076871E-1,-9.741010070E-1,3.910301030E-1
2.985397122E1,6.349944472E-1,-9.612728357E-1,3.849214613E-1
2.985597122E1,6.722571850E-1,-9.545533061E-1,3.684281111E-1
2.985797122E1,6.942483783E-1,-9.606619477E-1,3.653737605E-1
2.985997122E1,7.382306457E-1,-9.789879322E-1,3.519347310E-1
2.986197035E1,8.121453524E-1,-1.037631035E0,3.397174478E-1
2.986396945E1,8.121453524E-1,-1.037631035E0,3.397174478E-1
2.986596995E1,8.701775670E-1,-1.093219757E0,3.342196345E-1
2.986796995E1,9.282097220E-1,-1.145754099E0,3.305544555E-1
2.986996995E1,9.563095570E-1,-1.170799613E0,3.311653137E-1
2.987196995E1,1.007622242E0,-1.214781880E0,3.262783885E-1
2.987396998E1,1.048550248E0,-1.244714260E0,3.238349259E-1
2.987597002E1,1.071152210E0,-1.255099058E0,3.220023513E-1
2.987797005E1,1.111469269E0,-1.272203207E0,3.195588887E-1
2.987997008E1,1.143234253E0,-1.286253095E0,3.189480305E-1
2.988197098E1,1.159116745E0,-1.291140079E0,3.201697469E-1
2.988397078E1,1.191492677E0,-1.294194341E0,3.281109929E-1
2.988597081E1,1.218981624E0,-1.300913930E0,3.360522389E-1
2.988797081E1,1.240972757E0,-1.310687780E0,3.507130146E-1
2.988997078E1,1.254411817E0,-1.314352989E0,3.586542606E-1
2.989197075E1,1.269072533E0,-1.318018079E0,3.739258945E-1
2.989397071E1,1.283733368E0,-1.320461631E0,3.867540658E-1
2.989597068E1,1.289231062E0,-1.322905064E0,3.916409910E-1
2.989797064E1,1.297172308E0,-1.326570272E0,3.995822370E-1
2.989997061E1,1.297172308E0,-1.325959325E0,4.160755873E-1
2.990196971E1,1.305113554E0,-1.322294235E0,4.344015419E-1
2.990396924E1,1.305113554E0,-1.322294235E0,4.344015419E-1
2.990596928E1,1.301448345E0,-1.308855176E0,4.478405714E-1
2.990796931E1,1.302670121E0,-1.302746534E0,4.557818174E-1
2.990996934E1,1.297783256E0,-1.282587886E0,4.710534513E-1
2.991196938E1,1.289231062E0,-1.255709887E0,4.887685478E-1
2.991396901E1,1.281289816E0,-1.236773014E0,4.967097938E-1
2.991596904E1,1.270294309E0,-1.191568971E0,5.144249201E-1
2.991796907E1,1.255022645E0,-1.139645457E0,5.309182405E-1
2.991996911E1,1.247692227E0,-1.107880473E0,5.425246954E-1
2.992196997E1,1.229977131E0,-1.047404766E0,5.620723963E-1
2.992397087E1,1.201877356E0,-9.850965738E-1,5.858961344E-1
2.992597087E1,1.185384035E0,-9.557750225E-1,5.993351340E-1
2.992797087E1,1.164614558E0,-8.971319795E-1,6.268240809E-1
2.992997087E1,1.133460522E0,-8.409323692E-1,6.469826698E-1
2.993197087E1,1.124908328E0,-8.158869147E-1,6.616434455E-1
2.993397084E1,1.093143344E0,-7.621307373E-1,6.860780120E-1
2.993597080E1,1.066265345E0,-7.138723731E-1,7.074583173E-1
2.993797077E1,1.046717644E0,-6.894378066E-1,7.178429961E-1
2.993997074E1,1.029002547E0,-6.381251216E-1,7.416667938E-1
2.994196984E1,1.000902653E0,-5.635995269E-1,7.709882855E-1
2.994396890E1,1.000902653E0,-5.635995269E-1,7.709882855E-1
2.994596887E1,9.886853695E-1,-5.098434091E-1,7.844273448E-1
2.994796884E1,9.783006907E-1,-4.615850449E-1,7.960337996E-1
2.994996884E1,9.758572578E-1,-4.359287024E-1,7.996989489E-1
2.995196887E1,9.721920490E-1,-3.907246888E-1,8.070293665E-1
2.995396890E1,9.673051238E-1,-3.516293168E-1,8.094727993E-1
2.995596893E1,9.673051238E-1,-3.351359367E-1,8.082510829E-1
2.995796897E1,9.660834074E-1,-3.052035570E-1,8.070293665E-1
2.995996900E1,9.587529898E-1,-2.844341397E-1,8.015315533E-1
2.996196990E1,9.550877810E-1,-2.734385431E-1,7.984772325E-1
2.996397040E1,9.569203854E-1,-2.532800138E-1,7.917577028E-1
2.996597040E1,9.532552361E-1,-2.325105816E-1,7.789295316E-1
2.996797037E1,9.532552361E-1,-2.239584774E-1,7.746534944E-1
2.996997033E1,9.544769526E-1,-2.080759704E-1,7.599927187E-1
2.997197030E1,9.520334601E-1,-1.928043365E-1,7.447211146E-1
2.997397066E1,9.532552361E-1,-1.836413592E-1,7.386124134E-1
2.997597063E1,9.508117437E-1,-1.732566506E-1,7.227299213E-1
2.997797063E1,9.477574229E-1,-1.677588671E-1,7.044039965E-1
2.997997060E1,9.459248185E-1,-1.653154045E-1,6.964627504E-1
2.998196973E1,9.355401397E-1,-1.647045463E-1,6.634759903E-1
2.998396886E1,9.337075353E-1,-1.659262776E-1,6.530913115E-1
2.998596890E1,9.318749309E-1,-1.647045463E-1,6.445391774E-1
2.998796893E1,9.202684760E-1,-1.720349193E-1,6.213263273E-1
2.998996896E1,9.074403048E-1,-1.811978966E-1,5.987243056E-1
2.999196899E1,8.988882303E-1,-1.873065531E-1,5.846744180E-1
2.999396903E1,8.823948503E-1,-2.007455975E-1,5.602397919E-1
2.999596906E1,8.610145450E-1,-2.172389477E-1,5.315291286E-1
2.999796909E1,8.475755453E-1,-2.257910669E-1,5.187009573E-1
2.999996909E1,8.243626356E-1,-2.520582676E-1,4.857142270E-1
3.000196996E1,7.932085395E-1,-2.783254683E-1,4.545601010E-1
3.000397086E1,7.651087046E-1,-3.070361316E-1,4.386776090E-1
3.000597086E1,7.473936081E-1,-3.247512281E-1,4.038582742E-1
3.000797086E1,7.107416987E-1,-3.614031374E-1,3.678172231E-1
3.000997086E1,6.728680730E-1,-4.004985392E-1,3.305544555E-1
3.001197083E1,6.539312601E-1,-4.212679565E-1,3.116176426E-1
3.001397079E1,6.130032539E-1,-4.640285075E-1,2.737439871E-1
3.001597076E1,5.751296282E-1,-5.037347674E-1,2.352594733E-1
3.001797072E1,5.561928153E-1,-5.245041847E-1,2.132683247E-1
3.001997069E1,5.189300179E-1,-5.635995269E-1,1.692860276E-1
3.002196979E1,4.621195495E-1,-6.344599128E-1,1.081995070E-1
3.002396922E1,4.621195495E-1,-6.344599128E-1,1.081995070E-1
3.002596919E1,4.169155359E-1,-6.894378066E-1,6.788240373E-2
3.002796919E1,3.765984178E-1,-7.425830364E-1,2.756529488E-2
3.002996922E1,3.546072841E-1,-7.670176625E-1,9.850202128E-3
3.003196925E1,3.179553747E-1,-8.140543103E-1,-2.863430791E-2
3.003396929E1,2.831360400E-1,-8.555931449E-1,-6.895141304E-2
3.003596932E1,2.684752643E-1,-8.714756370E-1,-8.910996467E-2
3.003796932E1,2.422080636E-1,-9.001863003E-1,-1.312596649E-1
3.003996935E1,2.208277881E-1,-9.221774340E-1,-1.685224473E-1
3.004197025E1,2.104430795E-1,-9.282860756E-1,-1.825723499E-1
3.004397115E1,1.927279830E-1,-9.374490976E-1,-2.131156176E-1
3.004597112E1,1.811215430E-1,-9.453903437E-1,-2.375502288E-1
3.004797108E1,1.750128865E-1,-9.460011721E-1,-2.473240644E-1
3.004997105E1,1.689042449E-1,-9.447794557E-1,-2.705369592E-1
3.005197102E1,1.695151031E-1,-9.350056052E-1,-2.839759886E-1
3.005397098E1,1.652390510E-1,-9.313403964E-1,-2.894737720E-1
3.005597095E1,1.664607823E-1,-9.215666056E-1,-3.035236597E-1
3.005797092E1,1.689042449E-1,-9.117927551E-1,-3.071888685E-1
3.005997092E1,1.719585657E-1,-9.075166583E-1,-3.077997267E-1
3.006197005E1,1.853975952E-1,-8.952993751E-1,-3.023019433E-1
3.006397115E1,1.902845204E-1,-8.922450542E-1,-3.010801971E-1
3.006597115E1,1.945605874E-1,-8.885798454E-1,-2.992476225E-1
3.006797115E1,2.025018334E-1,-8.843038082E-1,-2.900846303E-1
3.006997115E1,2.122756690E-1,-8.812494874E-1,-2.851977050E-1
3.007197115E1,2.122756690E-1,-8.751408458E-1,-2.784782052E-1
3.007397115E1,2.220495194E-1,-8.659778237E-1,-2.662608922E-1
3.007597115E1,2.306016237E-1,-8.513170481E-1,-2.479349375E-1
3.007797118E1,2.312124968E-1,-8.433758020E-1,-2.393828183E-1
3.007997121E1,2.409863323E-1,-8.256607652E-1,-2.125047445E-1
3.008197211E1,2.464841306E-1,-8.018369675E-1,-1.825723499E-1
3.008397395E1,2.440406680E-1,-7.865653634E-1,-1.679115891E-1
3.008597398E1,2.391537428E-1,-7.560220957E-1,-1.422552466E-1
3.008797401E1,2.263255715E-1,-7.169266939E-1,-1.184315011E-1
3.008997401E1,2.232712507E-1,-6.949355602E-1,-1.104902476E-1
3.009197401E1,2.067778856E-1,-6.595053673E-1,-9.094256163E-2
3.009397398E1,1.786780804E-1,-6.375142336E-1,-7.444920391E-2
3.009597394E1,1.670716405E-1,-6.307947040E-1,-6.589708477E-2
3.009797391E1,1.353066564E-1,-6.185774207E-1,-4.634939879E-2
3.009997388E1,1.004873365E-1,-6.094144583E-1,-2.680171281E-2
3.010197298E1,4.795292020E-2,-5.935319662E-1,7.635815564E-5
3.010397204E1,4.795292020E-2,-5.935319662E-1,7.635815564E-5
3.010597204E1,1.802052557E-2,-5.782603025E-1,9.239336476E-3
3.010797208E1,-2.748893574E-3,-5.721516609E-1,1.351539325E-2
3.010997211E1,-3.451388702E-2,-5.507713556E-1,1.656972058E-2
3.011197214E1,-6.627888232E-2,-5.300019383E-1,1.595885493E-2
3.011397218E1,-8.521570265E-2,-5.183955431E-1,1.534798928E-2
3.011597221E1,-1.200350225E-1,-4.939609170E-1,5.574145354E-3
3.011797224E1,-1.572978050E-1,-4.695262909E-1,-6.643159315E-3
3.011997227E1,-1.762346178E-1,-4.585307240E-1,-1.397354249E-2
3.012197317E1,-2.128865421E-1,-4.383721650E-1,-3.168863431E-2
3.012397207E1,-2.562579811E-1,-4.176027477E-1,-4.757113010E-2
3.012597207E1,-2.947424948E-1,-4.023311138E-1,-6.467536092E-2
3.012797207E1,-3.155119121E-1,-3.986659348E-1,-7.506006956E-2
3.012997207E1,-3.594942093E-1,-3.864486217E-1,-1.019381359E-1
3.013197207E1,-3.967569768E-1,-3.754530549E-1,-1.337031275E-1
3.013397207E1,-4.169155359E-1,-3.717878461E-1,-1.495856196E-1
3.013597207E1,-4.547891617E-1,-3.754530549E-1,-1.837940812E-1
3.013797204E1,-4.914411008E-1,-3.785073757E-1,-2.173916698E-1
3.013997201E1,-5.091561675E-1,-3.821725547E-1,-2.344958931E-1
3.014197111E1,-5.604688525E-1,-3.907246888E-1,-2.833651304E-1
3.014396894E1,-5.775730610E-1,-3.919464052E-1,-2.998584807E-1
3.014596890E1,-5.952881575E-1,-3.943898678E-1,-3.145192564E-1
3.014796887E1,-6.276640296E-1,-3.974441886E-1,-3.407864571E-1
3.014996884E1,-6.588181853E-1,-3.968333304E-1,-3.670536578E-1
3.015196880E1,-6.814202070E-1,-3.962224722E-1,-3.780492246E-1
3.015396880E1,-7.156286240E-1,-3.876703680E-1,-4.055381715E-1
3.015596884E1,-7.480044961E-1,-3.760639131E-1,-4.336379766E-1
3.015796887E1,-7.651087046E-1,-3.675118089E-1,-4.458552599E-1
3.015996890E1,-7.944302559E-1,-3.467423916E-1,-4.733442068E-1
3.016196980E1,-8.353582025E-1,-3.265838325E-1,-5.008331537E-1
3.016397074E1,-8.506298661E-1,-3.143665195E-1,-5.136613250E-1
3.016597077E1,-8.878926635E-1,-2.862667143E-1,-5.448154211E-1
3.016797077E1,-9.282097220E-1,-2.563343346E-1,-5.796347857E-1
3.016997077E1,-9.440922141E-1,-2.398409694E-1,-5.942955017E-1
3.017197073E1,-9.825767279E-1,-2.105194330E-1,-6.315582991E-1
3.017397070E1,-1.013730884E0,-1.702023298E-1,-6.621015668E-1
3.017597067E1,-1.034500241E0,-1.494329125E-1,-6.804275513E-1
3.017797063E1,-1.067487001E0,-9.995282441E-2,-7.121925354E-1
3.017997060E1,-1.095586777E0,-4.436408728E-2,-7.518987656E-1
3.018196970E1,-1.136514783E0,4.848742858E-2,-8.062657714E-1
3.018396880E1,-1.136514783E0,4.848742858E-2,-8.062657714E-1
3.018596883E1,-1.164003730E0,1.156826094E-1,-8.447502851E-1
3.018796886E1,-1.178664446E0,1.511127949E-1,-8.642979860E-1
3.018996890E1,-1.204931736E0,2.268600762E-1,-9.064476490E-1
3.019196893E1,-1.231809735E0,2.952769995E-1,-9.528734088E-1
3.019396896E1,-1.254411817E0,3.258202374E-1,-9.791406393E-1
3.019596900E1,-1.293507099E0,3.801872432E-1,-1.032285929E0
3.019796903E1,-1.345430732E0,4.223369658E-1,-1.087874651E0
3.019996906E1,-1.370476127E0,4.424955249E-1,-1.114752769E0
3.020196993E1,-1.421788812E0,4.797582924E-1,-1.171563148E0
3.020397079E1,-1.473712444E0,5.249623060E-1,-1.228984475E0
3.020597079E1,-1.493260145E0,5.493969321E-1,-1.257695198E0
3.020797079E1,-1.543351054E0,5.903248787E-1,-1.311451316E0
3.020997079E1,-1.587333322E0,6.220899224E-1,-1.363985777E0
3.021197079E1,-1.611768007E0,6.300311685E-1,-1.386587739E0
3.021397079E1,-1.663080573E0,6.324746013E-1,-1.428737402E0
3.021597076E1,-1.712560773E0,6.104834676E-1,-1.459280729E0
3.021797073E1,-1.736995339E0,5.915466547E-1,-1.470887184E0
3.021997069E1,-1.788918853E0,5.396230817E-1,-1.485547900E0
3.022196979E1,-1.856724858E0,4.290564656E-1,-1.484326243E0
3.022396886E1,-1.856724858E0,4.290564656E-1,-1.484326243E0
3.022596882E1,-1.914146304E0,3.374266922E-1,-1.469054580E0
3.022796879E1,-1.967291474E0,2.311361432E-1,-1.432402611E0
3.022996876E1,-1.992947817E0,1.749365330E-1,-1.409189820E0
3.023196876E1,-2.043038845E0,5.154175684E-2,-1.353600979E0
3.023396879E1,-2.092518806E0,-7.307475805E-2,-1.283351541E0
3.023596882E1,-2.115731716E0,-1.335504204E-1,-1.240590930E0
3.023796886E1,-2.145664215E0,-2.471713424E-1,-1.154459000E0
3.023996889E1,-2.176818371E0,-3.528510332E-1,-1.064050913E0
3.024196979E1,-2.187813759E0,-4.011093974E-1,-1.016403437E0
3.024397072E1,-2.212859392E0,-4.780784249E-1,-9.192758203E-1
3.024597072E1,-2.236072302E0,-5.440518856E-1,-8.203156590E-1
3.024797072E1,-2.263561249E0,-5.904776454E-1,-7.164685726E-1
3.024997069E1,-2.279443741E0,-6.008623242E-1,-6.614906788E-1
3.025197065E1,-2.311208725E0,-6.033058167E-1,-5.570327640E-1
3.025397062E1,-2.347860575E0,-5.929210782E-1,-4.550182521E-1
3.025597059E1,-2.366797447E0,-5.794820189E-1,-4.049273133E-1
3.025797055E1,-2.397951603E0,-5.354997516E-1,-3.016910851E-1
3.025997052E1,-2.426662207E0,-4.780784249E-1,-1.996765733E-1
3.026196965E1,-2.463314056E0,-3.730095923E-1,-4.757113010E-2
3.026396915E1,-2.463314056E0,-3.730095923E-1,-4.757113010E-2
3.026596918E1,-2.484083414E0,-2.905427814E-1,4.772384837E-2
3.026796922E1,-2.495079041E0,-2.496148050E-1,9.109527618E-2
3.026996925E1,-2.513405085E0,-1.494329125E-1,1.705077589E-1
3.027196928E1,-2.534785271E0,-4.130976275E-2,2.377029359E-1
3.027396932E1,-2.540283203E0,1.672243699E-2,2.645809948E-1
3.027596935E1,-2.547002554E0,1.370628923E-1,3.091741800E-1
3.027796938E1,-2.554332972E0,2.616794109E-1,3.439934850E-1
3.027996938E1,-2.554943800E0,3.307071626E-1,3.598759770E-1
3.028197025E1,-2.555554867E0,4.657084048E-1,3.983604908E-1
3.028397115E1,-2.557998180E0,6.080399752E-1,4.453971088E-1
3.028597115E1,-2.554943800E0,6.850090027E-1,4.753295183E-1
3.028797115E1,-2.545170069E0,8.157341480E-1,5.449681282E-1
3.028997115E1,-2.531730890E0,9.391289353E-1,6.170502305E-1
3.029197115E1,-2.518291950E0,9.953285456E-1,6.543130279E-1
3.029397111E1,-2.498133421E0,1.099786520E0,7.251734138E-1
3.029597108E1,-2.469422817E0,1.198135853E0,7.996989489E-1
3.029797104E1,-2.454761982E0,1.247615933E0,8.369617462E-1
3.029997101E1,-2.424218655E0,1.348408699E0,9.102655649E-1
3.030197011E1,-2.387566805E0,1.499292374E0,1.012280107E0
3.030396918E1,-2.387566805E0,1.499292374E0,1.012280107E0
3.030596914E1,-2.368019104E0,1.606193781E0,1.075199246E0
3.030796911E1,-2.352747440E0,1.722258210E0,1.135674834E0
3.030996911E1,-2.341140985E0,1.779068708E0,1.159498572E0
3.031196914E1,-2.327091217E0,1.900020003E0,1.210200429E0
3.031396918E1,-2.312430382E0,2.023414850E0,1.249295831E0
3.031596921E1,-2.303878307E0,2.088166475E0,1.265789151E0
3.031796924E1,-2.283108950E0,2.217059135E0,1.287780285E0
3.031996927E1,-2.260506868E0,2.347173452E0,1.304273605E0
3.032197017E1,-2.251954794E0,2.418033600E0,1.305495381E0
3.032397071E1,-2.219578981E0,2.565863132E0,1.312825799E0
3.032597071E1,-2.165211916E0,2.734462023E0,1.318323612E0
3.032797067E1,-2.129781723E0,2.821204662E0,1.322599649E0
3.032997064E1,-2.060142994E0,2.980640650E0,1.316491008E0
3.033197061E1,-1.983784914E0,3.119917870E0,1.294499755E0
3.033397057E1,-1.944078684E0,3.182837009E0,1.279228210E0
3.033597054E1,-1.863444448E0,3.304399252E0,1.243798018E0
3.033797050E1,-1.782199383E0,3.411300659E0,1.194317937E0
3.033997050E1,-1.737606168E0,3.458337307E0,1.165607214E0
3.034196964E1,-1.590998530E0,3.557908297E0,1.070312262E0
3.034396874E1,-1.536020637E0,3.570125580E0,1.037936449E0
3.034596874E1,-1.479821086E0,3.571958065E0,1.002506256E0
3.034796874E1,-1.368032694E0,3.537749767E0,9.175959826E-1
3.034996874E1,-1.261742115E0,3.466889381E0,8.326857090E-1
3.035196874E1,-1.215316415E0,3.412522316E0,7.893142700E-1
3.035396874E1,-1.131627917E0,3.267136335E0,7.056257129E-1
3.035596874E1,-1.034500241E0,3.096094131E0,6.268240809E-1
3.035796877E1,-9.899071455E-1,2.998355627E0,5.822309256E-1
3.035996880E1,-9.068294764E-1,2.770503044E0,4.948772192E-1
3.036196970E1,-8.158105612E-1,2.509052753E0,4.148538709E-1
3.036397064E1,-7.351763248E-1,2.190181017E0,3.293327391E-1
3.036597067E1,-6.985244155E-1,2.013030052E0,2.798526287E-1
3.036797070E1,-6.392704844E-1,1.633682728E0,1.717294902E-1
3.036997073E1,-5.989533663E-1,1.238452911E0,5.138903856E-2
3.037197073E1,-5.732970238E-1,1.044808626E0,-1.275181212E-2
3.037397070E1,-5.439754725E-1,6.917285323E-1,-1.453095675E-1
3.037597067E1,-5.262604356E-1,4.131739736E-1,-2.998584807E-1
3.037797063E1,-5.207626224E-1,2.983313203E-1,-3.817144334E-1
3.037997060E1,-5.042692423E-1,1.126282811E-1,-5.497023463E-1
3.038196970E1,-4.682282209E-1,-7.124216110E-2,-7.696138620E-1
3.038396920E1,-4.682282209E-1,-7.124216110E-2,-7.696138620E-1
3.038596916E1,-4.444044530E-1,-1.537089646E-1,-8.795695901E-1
3.038796916E1,-4.059199691E-1,-2.117411643E-1,-9.638689756E-1
3.038996920E1,-3.820962012E-1,-2.318997234E-1,-9.980774522E-1
3.039196923E1,-3.161227703E-1,-2.606103718E-1,-1.042670608E0
3.039396926E1,-2.336559594E-1,-2.838232517E-1,-1.065272689E0
3.039596930E1,-1.927279830E-1,-2.935971022E-1,-1.074435592E0
3.039796933E1,-9.743300825E-2,-3.137556612E-1,-1.087263823E0
3.039996936E1,-6.414085161E-3,-3.247512281E-1,-1.099481106E0
3.040197026E1,3.512475267E-2,-3.296381533E-1,-1.109254956E0
3.040397120E1,1.224784851E-1,-3.357468247E-1,-1.126359105E0
3.040597120E1,2.018909603E-1,-3.308598995E-1,-1.144074202E0
3.040797120E1,2.367102802E-1,-3.216969073E-1,-1.152626395E0
3.040997120E1,2.984076738E-1,-2.917645276E-1,-1.169119716E0
3.041197120E1,3.588833213E-1,-2.471713424E-1,-1.180726171E0
3.041397100E1,3.833179474E-1,-2.215150148E-1,-1.187445641E0
3.041597100E1,4.285219610E-1,-1.640936732E-1,-1.194776058E0
3.041797096E1,4.608978331E-1,-9.995282441E-2,-1.199052095E0
3.041997049E1,4.731151462E-1,-6.574437022E-2,-1.197219491E0
3.042196959E1,4.963280261E-1,4.665483162E-2,-1.181336999E0
3.042396866E1,4.957171381E-1,8.391761035E-2,-1.172784925E0
3.042596863E1,4.975497425E-1,1.224021241E-1,-1.162400246E0
3.042796859E1,4.828889668E-1,1.938733608E-1,-1.137354732E0
3.042996856E1,4.560109079E-1,2.635119855E-1,-1.110476613E0
3.043196852E1,4.364632070E-1,2.958878577E-1,-1.094594121E0
3.043396852E1,3.918700516E-1,3.655264974E-1,-1.059163928E0
3.043596856E1,3.356704414E-1,4.314999282E-1,-1.021290302E0
3.043796859E1,3.057380617E-1,4.602105916E-1,-9.992991686E-1
3.043996862E1,2.324342281E-1,5.170210600E-1,-9.534842968E-1
3.044196952E1,1.493565589E-1,5.652794242E-1,-9.027824998E-1
3.044397002E1,9.987647086E-2,5.891031623E-1,-8.746826649E-1
3.044597006E1,8.857546374E-3,6.330854893E-1,-8.135961294E-1
3.044797009E1,-9.682214260E-2,6.691265106E-1,-7.525096536E-1
3.044997009E1,-1.530217379E-1,6.911176443E-1,-7.219663858E-1
3.045197006E1,-2.684752643E-1,7.405977249E-1,-6.559929252E-1
3.045397002E1,-3.888157308E-1,7.839691639E-1,-5.894085765E-1
3.045596999E1,-4.462370574E-1,8.053494692E-1,-5.558109879E-1
3.045796995E1,-5.568036437E-1,8.487209082E-1,-4.867832363E-1
3.045996992E1,-6.673702598E-1,8.927031755E-1,-4.226423800E-1
3.046196902E1,-8.274169564E-1,9.495136738E-1,-3.273474276E-1
3.046396808E1,-8.274169564E-1,9.495136738E-1,-3.273474276E-1
3.046596809E1,-9.239336848E-1,9.812786579E-1,-2.662608922E-1
3.046796812E1,-9.697485566E-1,9.989937544E-1,-2.369393557E-1
3.046996815E1,-1.046717644E0,1.030147910E0,-1.746311039E-1
3.047196818E1,-1.120021462E0,1.054582477E0,-1.208749637E-1
3.047396842E1,-1.149953842E0,1.064967155E0,-9.338602424E-2
3.047596845E1,-1.200655699E0,1.085736632E0,-4.146247730E-2
3.047796848E1,-1.234253287E0,1.103451729E0,8.628471754E-3
3.047996895E1,-1.243416190E0,1.109560370E0,2.817615867E-2
3.048196985E1,-1.259298682E0,1.125442863E0,7.338018715E-2
3.048397075E1,-1.253800869E0,1.137049317E0,1.118647009E-1
3.048597075E1,-1.237918377E0,1.135827541E0,1.466840208E-1
3.048797075E1,-1.226922870E0,1.130940676E0,1.619556546E-1
3.048997075E1,-1.190270901E0,1.111392975E0,1.955532432E-1
3.049197075E1,-1.145677805E0,1.077795386E0,2.273182273E-1
3.049397075E1,-1.116356254E0,1.052749872E0,2.419789881E-1
3.049597072E1,-1.048550248E0,1.002048135E0,2.749657333E-1
3.049797068E1,-9.654725194E-1,9.489027858E-1,3.048981130E-1
3.049997065E1,-9.214902520E-1,9.244682193E-1,3.189480305E-1
3.050196975E1,-7.602217793E-1,8.481100202E-1,3.568216562E-1
3.050396891E1,-7.058547735E-1,8.242862821E-1,3.696498275E-1
3.050596888E1,-6.435465217E-1,8.041277528E-1,3.794236779E-1
3.050796884E1,-5.097670555E-1,7.668649554E-1,4.038582742E-1
3.050996881E1,-3.784310222E-1,7.326564789E-1,4.221842289E-1
3.051196881E1,-3.075706363E-1,7.167739868E-1,4.331798255E-1
3.051396884E1,-1.670716405E-1,6.947828531E-1,4.521166384E-1
3.051596888E1,-2.412917651E-2,6.795112491E-1,4.722751975E-1
3.051796891E1,4.489859566E-2,6.727917194E-1,4.826599061E-1
3.051996894E1,1.750128865E-1,6.691265106E-1,5.028184652E-1
3.052196984E1,2.941316068E-1,6.709591150E-1,5.211443901E-1
3.052397078E1,3.527746797E-1,6.727917194E-1,5.296965241E-1
3.052597081E1,4.590652287E-1,6.801220775E-1,5.449681282E-1
3.052797081E1,5.561928153E-1,6.868416071E-1,5.614615083E-1
3.052997078E1,6.032294035E-1,6.905068159E-1,5.694027543E-1
3.053197074E1,6.801984310E-1,6.929502487E-1,5.858961344E-1
3.053397071E1,7.473936081E-1,6.911176443E-1,6.017786264E-1
3.053597067E1,7.779368758E-1,6.886742115E-1,6.103307605E-1
3.053797064E1,8.274169564E-1,6.837872863E-1,6.237697601E-1
3.053997060E1,8.622363210E-1,6.758460402E-1,6.384305358E-1
3.054196971E1,9.037751555E-1,6.526331306E-1,6.671411991E-1
3.054396974E1,9.037751555E-1,6.526331306E-1,6.671411991E-1
3.054596977E1,9.178250432E-1,6.294202805E-1,6.836345792E-1
3.054796980E1,9.275988936E-1,6.208681464E-1,6.921866536E-1
3.054996984E1,9.349292517E-1,5.915466547E-1,7.105126381E-1
3.055196987E1,9.373727441E-1,5.585598946E-1,7.337254882E-1
3.055396990E1,9.349292517E-1,5.438991189E-1,7.434993386E-1
3.055596994E1,9.349292517E-1,5.096907020E-1,7.642687559E-1
3.055796997E1,9.275988936E-1,4.797582924E-1,7.868707776E-1
3.055997000E1,9.269880056E-1,4.644866586E-1,7.984772325E-1
3.056197030E1,9.159924388E-1,4.302782118E-1,8.204683661E-1
3.056397110E1,9.056077003E-1,3.997349441E-1,8.424595594E-1
3.056597110E1,8.940013051E-1,3.850741684E-1,8.540659547E-1
3.056797110E1,8.836165667E-1,3.581961095E-1,8.766679764E-1
3.056997110E1,8.652906418E-1,3.313180506E-1,8.980482817E-1
3.057197110E1,8.610145450E-1,3.197115958E-1,9.078221321E-1
3.057397107E1,8.432994485E-1,3.056617081E-1,9.316458702E-1
3.057597103E1,8.280278444E-1,2.916117907E-1,9.518043995E-1
3.057797100E1,8.200865984E-1,2.867248654E-1,9.634108543E-1
3.057997097E1,8.115344644E-1,2.897791862E-1,9.854019880E-1
3.058197007E1,8.005388975E-1,3.019964993E-1,1.017777801E0
3.058396937E1,8.005388975E-1,3.019964993E-1,1.017777801E0
3.058596933E1,8.005388975E-1,3.197115958E-1,1.040379882E0
3.058796930E1,8.011497855E-1,3.423136175E-1,1.061149240E0
3.058996930E1,8.017606139E-1,3.539200425E-1,1.072144866E0
3.059196930E1,8.060367107E-1,3.826307058E-1,1.092914224E0
3.059396933E1,8.231409192E-1,4.137848318E-1,1.110629320E0
3.059596936E1,8.268061280E-1,4.314999282E-1,1.117959738E0
3.059796940E1,8.432994485E-1,4.742605090E-1,1.132620573E0
3.059996943E1,8.610145450E-1,5.206862688E-1,1.148503065E0
3.060197033E1,8.823948503E-1,5.451208949E-1,1.155222535E0
3.060397033E1,8.940013051E-1,5.958226919E-1,1.170494199E0
3.060597033E1,9.159924388E-1,6.434701681E-1,1.180268049E0
3.060797030E1,9.379835725E-1,6.947828531E-1,1.191874504E0
3.060997026E1,9.495900273E-1,7.198283076E-1,1.197372198E0
3.061197023E1,9.673051238E-1,7.674758434E-1,1.205924392E0
3.061397019E1,9.880745411E-1,8.108472824E-1,1.213254690E0
3.061597016E1,9.935722947E-1,8.297840953E-1,1.212643862E0
3.061797013E1,1.006400466E0,8.701011539E-1,1.212643862E0
3.061997009E1,1.013120055E0,9.049205184E-1,1.208367825E0
3.062196979E1,1.016174316E0,9.501245022E-1,1.199815750E0
3.062396899E1,1.016174316E0,9.501245022E-1,1.199815750E0
3.062596899E1,1.010065675E0,9.776134491E-1,1.184544086E0
3.062796899E1,1.004567862E0,9.886090159E-1,1.173548460E0
3.062996899E1,9.856310487E-1,1.006324172E0,1.154000759E0
3.063196899E1,9.679159522E-1,1.020374060E0,1.125290155E0
3.063396899E1,9.532552361E-1,1.022817492E0,1.112461925E0
3.063596899E1,9.263771176E-1,1.020374060E0,1.078864336E0
3.063796899E1,8.982773423E-1,1.014265418E0,1.040379882E0
3.063996903E1,8.775079250E-1,1.005713224E0,1.018388748E0
3.064196959E1,8.378016949E-1,9.831112623E-1,9.682977796E-1
3.064397029E1,7.938193679E-1,9.519571066E-1,9.145416021E-1
3.064597032E1,7.718282342E-1,9.324094653E-1,8.870527148E-1
3.064797036E1,7.186829448E-1,8.847619295E-1,8.229118586E-1
3.064997039E1,6.508769393E-1,8.279514909E-1,7.563275099E-1
3.065197042E1,6.215553880E-1,7.967973351E-1,7.227299213E-1
3.065397042E1,5.531384945E-1,7.222718000E-1,6.506478190E-1
3.065597039E1,4.822781086E-1,6.391941309E-1,5.712353587E-1
3.065797036E1,4.450153410E-1,5.933791995E-1,5.321399570E-1
3.065997032E1,3.698789179E-1,5.041928887E-1,4.521166384E-1
3.066196942E1,2.532036304E-1,3.655264974E-1,3.256675303E-1
3.066396849E1,2.532036304E-1,3.655264974E-1,3.256675303E-1
3.066596845E1,1.762346178E-1,2.720641196E-1,2.377029359E-1
3.066796845E1,1.053742543E-1,1.798234582E-1,1.497383416E-1
3.066996845E1,6.750060618E-2,1.315651089E-1,1.039234474E-1
3.067196849E1,2.138028387E-3,4.298964143E-2,1.412625890E-2
3.067396852E1,-6.261368841E-2,-4.069889709E-2,-7.750352472E-2
3.067596855E1,-9.621127695E-2,-7.918340713E-2,-1.184315011E-1
3.067796859E1,-1.530217379E-1,-1.530981064E-1,-2.015091777E-1
3.067996862E1,-2.043344229E-1,-2.178498209E-1,-2.772564590E-1
3.068196952E1,-2.269364446E-1,-2.496148050E-1,-3.102431893E-1
3.068397035E1,-2.654209435E-1,-3.058144152E-1,-3.731622994E-1
3.068597035E1,-3.045163155E-1,-3.473532498E-1,-4.250858426E-1
3.068797035E1,-3.185662329E-1,-3.650683463E-1,-4.476878643E-1
3.068997035E1,-3.484986126E-1,-3.925572634E-1,-4.831180573E-1
3.069197035E1,-3.668245673E-1,-4.041637182E-1,-5.112178326E-1
3.069397035E1,-3.778201640E-1,-4.078288972E-1,-5.234351754E-1
3.069597035E1,-3.900374472E-1,-4.011093974E-1,-5.362633467E-1
3.069797035E1,-4.004221559E-1,-3.870594800E-1,-5.466480255E-1
3.069997032E1,-4.028656185E-1,-3.760639131E-1,-5.478697419E-1
3.070196975E1,-4.065308273E-1,-3.253620863E-1,-5.442045927E-1
3.070396882E1,-4.071416855E-1,-3.039818108E-1,-5.380959511E-1
3.070596878E1,-4.034765065E-1,-2.807689309E-1,-5.319872499E-1
3.070796875E1,-3.949243724E-1,-2.221258730E-1,-5.130504370E-1
3.070996871E1,-3.857614100E-1,-1.530981064E-1,-4.928919077E-1
3.071196868E1,-3.790418804E-1,-1.170570552E-1,-4.825071990E-1
3.071396865E1,-3.668245673E-1,-3.153591976E-2,-4.556291103E-1
3.071596865E1,-3.515529633E-1,6.742425263E-2,-4.226423800E-1
3.071796868E1,-3.417791128E-1,1.236238554E-1,-4.049273133E-1
3.071996871E1,-3.197879493E-1,2.378556579E-1,-3.639993370E-1
3.072196961E1,-2.929098904E-1,3.545309305E-1,-3.194061518E-1
3.072397054E1,-2.672535479E-1,4.754822254E-1,-2.650391459E-1
3.072597058E1,-2.507601976E-1,5.390121937E-1,-2.338850349E-1
3.072797124E1,-2.196060568E-1,6.654613018E-1,-1.697441787E-1
3.072997128E1,-1.853975952E-1,7.858017683E-1,-1.031598672E-1
3.073197128E1,-1.682933718E-1,8.450556993E-1,-7.139487565E-2
3.073397124E1,-1.408044398E-1,9.556223154E-1,-9.086620063E-3
3.073597121E1,-1.145372316E-1,1.057636857E0,5.322163552E-2
3.073797118E1,-9.987647086E-2,1.102229953E0,8.009970188E-2
3.073997114E1,-8.155050874E-2,1.171868563E0,1.301906556E-1
3.074197024E1,-5.345070735E-2,1.239063740E0,1.741729528E-1
3.074396941E1,-5.345070735E-2,1.239063740E0,1.741729528E-1
3.074596941E1,-3.390302137E-2,1.266552687E0,1.955532432E-1
3.074796941E1,-2.107485011E-2,1.283046126E0,2.114357352E-1
3.074996944E1,-1.191187184E-2,1.283656955E0,2.169335186E-1
3.075196947E1,1.252273750E-2,1.280602574E0,2.248747647E-1
3.075396951E1,3.634648025E-2,1.270828843E0,2.285399586E-1
3.075596954E1,4.795292020E-2,1.264109254E0,2.334268838E-1
3.075796957E1,8.093964309E-2,1.246394157E0,2.377029359E-1
3.075996961E1,1.084285825E-1,1.217072606E0,2.419789881E-1
3.076197050E1,1.273654103E-1,1.195692301E0,2.419789881E-1
3.076397141E1,1.542434692E-1,1.146212220E0,2.468659133E-1
3.076597141E1,1.853975952E-1,1.082071424E0,2.450333238E-1
3.076797140E1,2.025018334E-1,1.046030402E0,2.438115925E-1
3.076997141E1,2.348776907E-1,9.647852778E-1,2.438115925E-1
3.077197141E1,2.709187269E-1,8.688794374E-1,2.474767864E-1
3.077397140E1,2.800817192E-1,8.169559240E-1,2.438115925E-1
3.077597141E1,3.039054573E-1,6.941719651E-1,2.370920777E-1
3.077797137E1,3.252857327E-1,5.530621409E-1,2.144900560E-1
3.077997134E1,3.320052624E-1,4.779256880E-1,2.004401535E-1
3.078197044E1,3.515529633E-1,2.494620979E-1,1.442405581E-1
3.078396950E1,3.521638215E-1,1.718822122E-1,1.216385439E-1
3.078596947E1,3.558290005E-1,9.491318464E-2,9.720393270E-2
3.078796880E1,3.601050675E-1,-5.780312419E-2,4.039346427E-2
3.078996877E1,3.649919927E-1,-1.952477992E-1,-2.374738641E-2
3.079196873E1,3.704897761E-1,-2.612212598E-1,-5.673411116E-2
3.079396873E1,3.759875596E-1,-3.827834427E-1,-1.306488067E-1
3.079596877E1,3.857614100E-1,-4.835762084E-1,-2.131156176E-1
3.079796880E1,3.857614100E-1,-5.238932967E-1,-2.552653253E-1
3.079996883E1,3.949243724E-1,-5.868124366E-1,-3.420081735E-1
3.080196973E1,4.059199691E-1,-6.240752339E-1,-4.336379766E-1
3.080397057E1,4.126394689E-1,-6.295729876E-1,-4.800637364E-1
3.080597060E1,4.266893864E-1,-6.259077787E-1,-5.686391592E-1
3.080797063E1,4.505131245E-1,-6.063601375E-1,-6.523277164E-1
3.080997063E1,4.596760869E-1,-5.910884738E-1,-6.920339465E-1
3.081197060E1,4.841107130E-1,-5.550474524E-1,-7.696138620E-1
3.081397056E1,5.085453391E-1,-5.159520507E-1,-8.368090391E-1
3.081597053E1,5.158756971E-1,-4.964043796E-1,-8.661305308E-1
3.081797050E1,5.299255848E-1,-4.566981196E-1,-9.143888950E-1
3.081997046E1,5.427537560E-1,-4.218788147E-1,-9.461538792E-1
3.082196956E1,5.543602109E-1,-3.803399801E-1,-9.687559009E-1
3.082396866E1,5.543602109E-1,-3.803399801E-1,-9.687559009E-1
3.082596866E1,5.561928153E-1,-3.620140254E-1,-9.718102217E-1
3.082796870E1,5.561928153E-1,-3.534618914E-1,-9.736428261E-1
3.082996873E1,5.568036437E-1,-3.485749662E-1,-9.632581472E-1
3.083196876E1,5.519167781E-1,-3.473532498E-1,-9.455430508E-1
3.083396879E1,5.482515693E-1,-3.516293168E-1,-9.357692003E-1
3.083596883E1,5.360342264E-1,-3.669009507E-1,-9.070585370E-1
3.083796886E1,5.238169432E-1,-3.827834427E-1,-8.728500605E-1
3.083996889E1,5.158756971E-1,-3.962224722E-1,-8.520806432E-1
3.084196979E1,4.896084964E-1,-4.114941061E-1,-8.099309802E-1
3.084397069E1,4.657847583E-1,-4.249331355E-1,-7.641160488E-1
3.084597069E1,4.413501322E-1,-4.377613068E-1,-7.128033638E-1
3.084797069E1,4.315762818E-1,-4.426482320E-1,-6.865361929E-1
3.084997069E1,4.028656185E-1,-4.481460154E-1,-6.352235079E-1
3.085197069E1,3.772092760E-1,-4.432590902E-1,-5.900194645E-1
3.085397069E1,3.594942093E-1,-4.444808364E-1,-5.661957264E-1
3.085597066E1,3.155119121E-1,-4.542546570E-1,-5.240460038E-1
3.085797063E1,2.654209435E-1,-4.640285075E-1,-4.788419902E-1
3.085997059E1,2.342668176E-1,-4.670828283E-1,-4.562399685E-1
3.086196969E1,1.401935667E-1,-4.560872614E-1,-3.884339333E-1
3.086396916E1,1.053742543E-1,-4.493677318E-1,-3.652210534E-1
3.086596912E1,7.605272532E-2,-4.408156276E-1,-3.420081735E-1
3.086796909E1,1.191187184E-2,-4.206570685E-1,-2.906954885E-1
3.086996906E1,-4.184427112E-2,-3.833943009E-1,-2.381610870E-1
3.087196906E1,-6.811147183E-2,-3.565162420E-1,-2.100612819E-1
3.087396909E1,-1.053742543E-1,-2.948188484E-1,-1.587486118E-1
3.087596912E1,-1.371392459E-1,-2.318997234E-1,-1.086576581E-1
3.087796915E1,-1.542434692E-1,-2.013564557E-1,-8.422304690E-2
3.087996919E1,-1.841758788E-1,-1.402699351E-1,-3.657555580E-2
3.088197009E1,-2.098322064E-1,-7.673994452E-2,6.795875728E-3
3.088397102E1,-2.196060568E-1,-4.008803144E-2,3.000875562E-2
3.088597062E1,-2.379320115E-1,2.405281924E-2,7.215845585E-2
3.088797062E1,-2.507601976E-1,7.719809562E-2,1.198059469E-1
3.088997059E1,-2.580905557E-1,9.552405030E-2,1.460731477E-1
3.089197055E1,-2.745839357E-1,1.291216463E-1,2.041053474E-1
3.089397052E1,-2.935207486E-1,1.474476010E-1,2.621375620E-1
3.089597048E1,-2.990185320E-1,1.511127949E-1,2.945134044E-1
3.089797045E1,-3.216205537E-1,1.578323096E-1,3.574325144E-1
3.089997042E1,-3.350595832E-1,1.676061451E-1,4.221842289E-1
3.090196952E1,-3.491095006E-1,1.877647042E-1,5.077053905E-1
3.090396862E1,-3.491095006E-1,1.877647042E-1,5.077053905E-1
3.090596862E1,-3.533855379E-1,2.030363381E-1,5.535202622E-1
3.090796862E1,-3.601050675E-1,2.103667259E-1,5.718462467E-1
3.090996862E1,-3.558290005E-1,2.293035388E-1,6.030003428E-1
3.091196862E1,-3.552181423E-1,2.567924857E-1,6.231589317E-1
3.091396862E1,-3.515529633E-1,2.745075822E-1,6.280458570E-1
3.091596862E1,-3.332269788E-1,3.252093792E-1,6.298784018E-1
3.091796862E1,-3.100140989E-1,3.869067729E-1,6.237697601E-1
3.091996862E1,-2.953533530E-1,4.205043614E-1,6.201046109E-1
3.092196952E1,-2.666426897E-1,4.919756055E-1,6.103307605E-1
3.092397005E1,-2.293798923E-1,5.579490662E-1,5.975025892E-1
3.092597008E1,-2.092213482E-1,5.891031623E-1,5.871178508E-1
3.092797012E1,-1.689042449E-1,6.434701681E-1,5.681810379E-1
3.092997015E1,-1.298088580E-1,6.868416071E-1,5.461899042E-1
3.093197018E1,-1.035416573E-1,7.021132708E-1,5.376377702E-1
3.093397018E1,-5.955936015E-2,7.241044044E-1,5.193118453E-1
3.093597015E1,-1.863138936E-2,7.271587253E-1,5.058727860E-1
3.093797011E1,7.024950348E-3,7.210500836E-1,5.022075772E-1
3.093997008E1,4.734205827E-2,6.990588903E-1,4.948772192E-1
3.094196918E1,1.212567538E-1,6.349180937E-1,4.985423982E-1
3.094396824E1,1.212567538E-1,6.349180937E-1,4.985423982E-1
3.094596864E1,1.744020283E-1,5.695554614E-1,5.034292936E-1
3.094796861E1,2.257147133E-1,4.901430011E-1,5.034292936E-1
3.094996861E1,2.495384514E-1,4.455498457E-1,5.022075772E-1
3.095196864E1,3.014619946E-1,3.581961095E-1,5.040401816E-1
3.095396868E1,3.539963961E-1,2.665663362E-1,5.022075772E-1
3.095596871E1,3.772092760E-1,2.207514346E-1,5.015967488E-1
3.095796874E1,4.309654236E-1,1.327868253E-1,4.967097938E-1
3.095996878E1,4.804455042E-1,4.421137273E-2,4.918228686E-1
3.096196968E1,5.299255848E-1,5.115996581E-3,4.857142270E-1
3.096397061E1,5.537493229E-1,-7.185302675E-2,4.759403765E-1
3.096597064E1,6.075055003E-1,-1.292743534E-1,4.637230933E-1
3.096797064E1,6.563746929E-1,-1.848630905E-1,4.563927054E-1
3.096997064E1,6.820310354E-1,-2.147954851E-1,4.484514594E-1
3.097197064E1,7.247915864E-1,-2.722168267E-1,4.362341464E-1
3.097397064E1,7.626652718E-1,-3.235295117E-1,4.136321247E-1
3.097597064E1,7.834346890E-1,-3.485749662E-1,4.050800204E-1
3.097797064E1,8.261952400E-1,-3.882812262E-1,3.775910735E-1
3.097997064E1,8.732318878E-1,-4.310417771E-1,3.482695520E-1
3.098196974E1,9.269880056E-1,-5.122868419E-1,2.975677252E-1
3.098396921E1,9.269880056E-1,-5.122868419E-1,2.975677252E-1
3.098596917E1,9.556986690E-1,-5.733733773E-1,2.688570619E-1
3.098796874E1,9.660834074E-1,-6.063601375E-1,2.548071742E-1
3.098996871E1,9.746354818E-1,-6.857725978E-1,2.260964960E-1
3.099196867E1,9.886853695E-1,-7.700719833E-1,1.986075640E-1
3.099396864E1,9.911288619E-1,-8.195520639E-1,1.857793927E-1
3.099596864E1,9.905179739E-1,-9.130144715E-1,1.650099754E-1
3.099796864E1,9.844093323E-1,-1.017472386E0,1.485166103E-1
3.099996867E1,9.801332951E-1,-1.074282885E0,1.381319016E-1
3.100196957E1,9.697485566E-1,-1.186071277E0,1.246928647E-1
3.100397050E1,9.483683109E-1,-1.307633400E0,1.088103727E-1
3.100597054E1,9.324858189E-1,-1.372995973E0,1.033125818E-1
3.100797057E1,9.013316631E-1,-1.501888514E0,9.903652966E-2
3.100997060E1,8.689557910E-1,-1.621007323E0,9.353873879E-2
3.101197060E1,8.512406945E-1,-1.680872083E0,9.598220140E-2
3.101397057E1,8.097018600E-1,-1.779221416E0,1.002582610E-1
3.101597054E1,7.736608386E-1,-1.876348972E0,1.124755666E-1
3.101797050E1,7.443392873E-1,-1.920942068E0,1.198059469E-1
3.101997047E1,7.052439451E-1,-1.992413402E0,1.381319016E-1
3.102196957E1,6.447682381E-1,-2.055332422E0,1.729512215E-1
3.102397067E1,6.447682381E-1,-2.055332422E0,1.729512215E-1
3.102597063E1,6.081163287E-1,-2.065717220E0,1.931097806E-1
3.102797063E1,5.714644194E-1,-2.074269295E0,2.041053474E-1
3.102997063E1,5.513058901E-1,-2.076101780E0,2.096031308E-1
3.103197063E1,5.061018467E-1,-2.091373444E0,2.193769813E-1
3.103397063E1,4.572326243E-1,-2.103590727E0,2.273182273E-1
3.103597063E1,4.389066696E-1,-2.102369070E0,2.291508317E-1
3.103797063E1,4.004221559E-1,-2.095649481E0,2.383138090E-1
3.103997063E1,3.576616049E-1,-2.073047638E0,2.468659133E-1
3.104197150E1,3.405573666E-1,-2.057165146E0,2.535854280E-1
3.104397200E1,3.081815243E-1,-2.019291401E0,2.633592784E-1
3.104597203E1,2.880229652E-1,-1.976530910E0,2.700788081E-1
3.104797246E1,2.764165103E-1,-1.950874567E0,2.737439871E-1
3.104997250E1,2.629774809E-1,-1.902005315E0,2.792417705E-1
3.105197253E1,2.611449063E-1,-1.841529608E0,2.786309123E-1
3.105397256E1,2.568688393E-1,-1.809153795E0,2.829069793E-1
3.105597260E1,2.562579811E-1,-1.748678088E0,2.810743749E-1
3.105797263E1,2.696970105E-1,-1.687591553E0,2.761874497E-1
3.105997263E1,2.727513313E-1,-1.658880949E0,2.713005245E-1
3.106197173E1,3.020728528E-1,-1.581911922E0,2.621375620E-1
3.106397080E1,3.161227703E-1,-1.561142445E0,2.578614950E-1
3.106597076E1,3.234531581E-1,-1.539762259E0,2.578614950E-1
3.106797073E1,3.576616049E-1,-1.504942894E0,2.566397488E-1
3.106997069E1,3.985895813E-1,-1.481119156E0,2.603049576E-1
3.107197066E1,4.218024611E-1,-1.471956134E0,2.633592784E-1
3.107397066E1,4.676173329E-1,-1.460960627E0,2.694679201E-1
3.107597066E1,5.250386596E-1,-1.465236664E0,2.737439871E-1
3.107797069E1,5.568036437E-1,-1.468290925E0,2.792417705E-1
3.107997073E1,6.209445000E-1,-1.492114663E0,2.853504419E-1
3.108197163E1,6.948592067E-1,-1.530599236E0,2.902373374E-1
3.108397053E1,7.718282342E-1,-1.570916295E0,3.018437922E-1
3.108597056E1,8.017606139E-1,-1.589853168E0,3.079524338E-1
3.108797059E1,8.646797538E-1,-1.618563771E0,3.122285008E-1
3.108997063E1,9.227119684E-1,-1.643609285E0,3.238349259E-1
3.109197066E1,9.495900273E-1,-1.654604912E0,3.244458139E-1
3.109397066E1,9.978483915E-1,-1.679039478E0,3.323870599E-1
3.109597066E1,1.049771905E0,-1.696754575E0,3.366630971E-1
3.109797066E1,1.069930434E0,-1.707750201E0,3.427717686E-1
3.109997066E1,1.116356254E0,-1.721800089E0,3.525456190E-1
3.110196979E1,1.184162259E0,-1.733406544E0,3.708715737E-1
3.110396902E1,1.184162259E0,-1.733406544E0,3.708715737E-1
3.110596899E1,1.218370676E0,-1.740736842E0,3.830888569E-1
3.110796896E1,1.254411817E0,-1.745623827E0,3.959170282E-1
3.110996892E1,1.270294309E0,-1.745012879E0,4.026365578E-1
3.111196889E1,1.299615860E0,-1.741958618E0,4.172973335E-1
3.111396885E1,1.322217822E0,-1.730352163E0,4.282929003E-1
3.111596882E1,1.342987299E0,-1.722410917E0,4.331798255E-1
3.111796879E1,1.367421865E0,-1.697976351E0,4.398993254E-1
3.111996875E1,1.388191223E0,-1.671709061E0,4.453971088E-1
3.112196962E1,1.400408626E0,-1.655826569E0,4.472297132E-1
3.112397055E1,1.412625909E0,-1.624672532E0,4.527274966E-1
3.112597058E1,1.415069342E0,-1.592296600E0,4.606687427E-1
3.112797062E1,1.418734550E0,-1.576414108E0,4.649448097E-1
3.112997065E1,1.419345379E0,-1.540983915E0,4.734969139E-1
3.113197068E1,1.411404133E0,-1.507386327E0,4.777729809E-1
3.113397072E1,1.408349872E0,-1.492725611E0,4.802164435E-1
3.113597075E1,1.389412999E0,-1.452408433E0,4.826599061E-1
3.113797075E1,1.368032694E0,-1.405982733E0,4.869359732E-1
3.113997072E1,1.352150202E0,-1.382769823E0,4.881576896E-1
3.114196982E1,1.305724502E0,-1.305800796E0,4.948772192E-1
3.114396888E1,1.291063666E0,-1.277090192E0,4.979315400E-1
3.114596885E1,1.270294309E0,-1.247157812E0,4.997641146E-1
3.114796881E1,1.233031511E0,-1.183627725E0,5.058727860E-1
3.114996878E1,1.190270901E0,-1.121319532E0,5.138140321E-1
3.115196874E1,1.171334147E0,-1.088332772E0,5.180900693E-1
3.115396874E1,1.129184365E0,-1.023581028E0,5.223661661E-1
3.115596878E1,1.086423874E0,-9.502772689E-1,5.303074121E-1
3.115796881E1,1.066876173E0,-9.148470759E-1,5.333617330E-1
3.115996884E1,1.027780771E0,-8.445975780E-1,5.345834494E-1
3.116196974E1,9.911288619E-1,-7.755697966E-1,5.382486582E-1
3.116397054E1,9.728028774E-1,-7.413613200E-1,5.388594866E-1
3.116597058E1,9.404270649E-1,-6.778313518E-1,5.364160538E-1
3.116797061E1,9.117164016E-1,-6.179665327E-1,5.358051658E-1
3.116997064E1,8.964447379E-1,-5.874232650E-1,5.321399570E-1
3.117197064E1,8.744536042E-1,-5.287802219E-1,5.284748077E-1
3.117397064E1,8.573493958E-1,-4.689154327E-1,5.199226737E-1
3.117597064E1,8.487972617E-1,-4.420373738E-1,5.168683529E-1
3.117797064E1,8.341364861E-1,-3.864486217E-1,5.070945024E-1
3.117997064E1,8.225300312E-1,-3.345250785E-1,4.979315400E-1
3.118196978E1,8.151996732E-1,-2.667190433E-1,4.863250852E-1
3.118396884E1,8.151996732E-1,-2.667190433E-1,4.863250852E-1
3.118596881E1,8.109236360E-1,-2.282345295E-1,4.759403765E-1
3.118796877E1,8.078693151E-1,-2.117411643E-1,4.716643393E-1
3.118996874E1,8.048149347E-1,-1.811978966E-1,4.612796307E-1
3.119196871E1,7.987062931E-1,-1.573741585E-1,4.521166384E-1
3.119396867E1,7.987062931E-1,-1.469894499E-1,4.484514594E-1
3.119596864E1,7.993171811E-1,-1.280526221E-1,4.411210716E-1
3.119796860E1,7.938193679E-1,-1.091158018E-1,4.362341464E-1
3.119996860E1,7.938193679E-1,-9.812022746E-2,4.368450046E-1
3.120196950E1,7.895433307E-1,-8.223773539E-2,4.307363629E-1
3.120397044E1,7.852672935E-1,-7.063129544E-2,4.295146167E-1
3.120597047E1,7.803803682E-1,-6.085744873E-2,4.301255047E-1
3.120797050E1,7.681630254E-1,-5.719225854E-2,4.289037585E-1
3.120997054E1,7.571674585E-1,-5.291620269E-2,4.282929003E-1
3.121197057E1,7.443392873E-1,-4.925100878E-2,4.234059751E-1
3.121397060E1,7.357872128E-1,-4.986187443E-2,4.252385795E-1
3.121597060E1,7.144069076E-1,-5.108360574E-2,4.246276915E-1
3.121797057E1,6.936374903E-1,-5.841398984E-2,4.246276915E-1
3.121997053E1,6.789767146E-1,-6.635523587E-2,4.221842289E-1
3.122196963E1,6.380487680E-1,-9.445504099E-2,4.130212665E-1
3.122396910E1,6.227771044E-1,-1.078940704E-1,4.117995203E-1
3.122596907E1,6.093381047E-1,-1.256091595E-1,4.111886621E-1
3.122796903E1,5.781839490E-1,-1.659262776E-1,4.050800204E-1
3.122996900E1,5.433646441E-1,-2.129628956E-1,4.050800204E-1
3.123196900E1,5.274821520E-1,-2.410627007E-1,4.026365578E-1
3.123396903E1,4.877758920E-1,-3.009274900E-1,3.995822370E-1
3.123596906E1,4.529565871E-1,-3.669009507E-1,3.916409910E-1
3.123796910E1,4.303545654E-1,-3.998876512E-1,3.879757822E-1
3.123996913E1,3.949243724E-1,-4.689154327E-1,3.788128197E-1
3.124197003E1,3.564398587E-1,-5.409975052E-1,3.696498275E-1
3.124397096E1,3.350595832E-1,-5.782603025E-1,3.659846485E-1
3.124597100E1,3.045163155E-1,-6.515641212E-1,3.531564772E-1
3.124797103E1,2.696970105E-1,-7.193701863E-1,3.421608806E-1
3.124997103E1,2.538145185E-1,-7.511351705E-1,3.360522389E-1
3.125197103E1,2.232712507E-1,-8.109999895E-1,3.238349259E-1
3.125397103E1,1.939497143E-1,-8.653669953E-1,3.116176426E-1
3.125597103E1,1.841758788E-1,-8.898015618E-1,3.048981130E-1
3.125797103E1,1.560760736E-1,-9.337838888E-1,2.890156209E-1
3.125997103E1,1.401935667E-1,-9.698249102E-1,2.700788081E-1
3.126197013E1,1.182024255E-1,-1.000368237E0,2.450333238E-1
3.126397046E1,1.182024255E-1,-1.000368237E0,2.450333238E-1
3.126597043E1,1.047633886E-1,-1.010142088E0,2.285399586E-1
3.126797039E1,1.065959856E-1,-1.008309484E0,2.218204439E-1
3.126997036E1,9.865473956E-2,-1.005865932E0,2.053270787E-1
3.127197033E1,9.437867999E-2,-9.918161035E-1,1.876119822E-1
3.127397029E1,9.071348608E-2,-9.850965738E-1,1.760055423E-1
3.127597026E1,8.765916526E-2,-9.661597610E-1,1.558469981E-1
3.127797026E1,8.643743396E-2,-9.453903437E-1,1.375210434E-1
3.127997029E1,8.582656831E-2,-9.350056052E-1,1.271363348E-1
3.128197119E1,8.216137439E-2,-9.124035835E-1,1.088103727E-1
3.128397172E1,8.216137439E-2,-8.879690170E-1,9.231700748E-2
3.128597176E1,7.788532227E-2,-8.757516742E-1,8.254316449E-2
3.128797179E1,7.849618047E-2,-8.568148613E-1,6.910412759E-2
3.128997182E1,7.177666575E-2,-8.372671604E-1,5.261076987E-2
3.129197186E1,7.360926270E-2,-8.256607652E-1,4.711298272E-2
3.129397186E1,7.116580009E-2,-8.018369675E-1,3.367394581E-2
3.129597182E1,6.933320314E-2,-7.725154757E-1,2.023491077E-2
3.129797179E1,7.238753140E-2,-7.572438121E-1,1.229366288E-2
3.129997175E1,7.177666575E-2,-7.212027907E-1,3.130684374E-3
3.130197085E1,7.299839705E-2,-6.607271433E-1,-1.214094646E-2
3.130396992E1,7.299839705E-2,-6.607271433E-1,-1.214094646E-2
3.130596989E1,7.666359097E-2,-6.173557043E-1,-2.191479132E-2
3.130796985E1,8.399397135E-2,-5.678756237E-1,-2.435825206E-2
3.130996985E1,8.521570265E-2,-5.428301096E-1,-2.802344225E-2
3.131196989E1,9.132435173E-2,-4.970152378E-1,-2.985603921E-2
3.131396992E1,9.376781434E-2,-4.469242990E-1,-3.229949996E-2
3.131596995E1,9.560041130E-2,-4.261548519E-1,-2.985603921E-2
3.131796998E1,9.498954564E-2,-3.870594800E-1,-2.557998151E-2
3.131997002E1,9.193521738E-2,-3.534618914E-1,-2.191479132E-2
3.132197092E1,8.643743396E-2,-3.394120038E-1,-2.069306001E-2
3.132397058E1,8.216137439E-2,-3.198643029E-1,-1.702786796E-2
3.132597062E1,7.483099401E-2,-3.021492362E-1,-1.336267684E-2
3.132797062E1,6.261368841E-2,-2.899319232E-1,-1.214094646E-2
3.132997062E1,5.711590126E-2,-2.856558561E-1,-1.091921609E-2
3.133197062E1,4.489859566E-2,-2.813797891E-1,-7.864889689E-3
3.133397062E1,3.145955876E-2,-2.783254683E-1,-6.643159315E-3
3.133597062E1,2.596177347E-2,-2.752711475E-1,-4.810563754E-3
3.133797062E1,9.468411095E-3,-2.826015353E-1,-5.421428941E-3
3.133997058E1,-6.414085161E-3,-2.880993187E-1,-2.977967961E-3
3.134196968E1,-2.107485011E-2,-3.039818108E-1,-6.643159315E-3
3.134396912E1,-2.107485011E-2,-3.039818108E-1,-6.643159315E-3
3.134596908E1,-3.207042441E-2,-3.168099821E-1,-1.214094646E-2
3.134796905E1,-3.634648025E-2,-3.198643029E-1,-1.458440814E-2
3.134996901E1,-3.940080851E-2,-3.308598995E-1,-1.519527286E-2
3.135196898E1,-4.306599870E-2,-3.381902575E-1,-1.947133057E-2
3.135396895E1,-4.245513305E-2,-3.430771828E-1,-2.313652076E-2
3.135596894E1,-4.856378585E-2,-3.491858542E-1,-2.680171281E-2
3.135796898E1,-4.489859566E-2,-3.491858542E-1,-3.291036561E-2
3.135996901E1,-4.795292020E-2,-3.491858542E-1,-3.596469015E-2
3.136196991E1,-4.856378585E-2,-3.491858542E-1,-4.512767121E-2
3.136397084E1,-5.100724846E-2,-3.504075706E-1,-5.856670439E-2
3.136597088E1,-5.161811411E-2,-3.534618914E-1,-6.589708477E-2
3.136797091E1,-5.955936015E-2,-3.589596748E-1,-8.239044994E-2
3.136997094E1,-6.811147183E-2,-3.681226671E-1,-9.888381511E-2
3.137197094E1,-7.605272532E-2,-3.754530549E-1,-1.098793894E-1
3.137397091E1,-8.949175477E-2,-3.919464052E-1,-1.373683214E-1
3.137597088E1,-1.041525230E-1,-4.072180390E-1,-1.709659100E-1
3.137797084E1,-1.145372316E-1,-4.133267105E-1,-1.868484020E-1
3.137997081E1,-1.371392459E-1,-4.200462103E-1,-2.222785950E-1
3.138196991E1,-1.756237596E-1,-4.212679565E-1,-2.729803920E-1
3.138396897E1,-1.756237596E-1,-4.212679565E-1,-2.729803920E-1
3.138596894E1,-2.006692290E-1,-4.212679565E-1,-3.120757937E-1
3.138796894E1,-2.299907655E-1,-4.176027477E-1,-3.536146283E-1
3.138996897E1,-2.440406680E-1,-4.163810313E-1,-3.731622994E-1
3.139196901E1,-2.733621895E-1,-4.121049643E-1,-4.147011340E-1
3.139396904E1,-3.014619946E-1,-4.084397852E-1,-4.592943192E-1
3.139596907E1,-3.136793077E-1,-4.066071808E-1,-4.843397737E-1
3.139796910E1,-3.411682248E-1,-4.078288972E-1,-5.301546454E-1
3.139996914E1,-3.704897761E-1,-4.139375687E-1,-5.796347857E-1
3.140197004E1,-3.814853430E-1,-4.163810313E-1,-6.010150313E-1
3.140397060E1,-4.095851481E-1,-4.243222773E-1,-6.474407911E-1
3.140597060E1,-4.382958114E-1,-4.279874563E-1,-6.914231181E-1
3.140797060E1,-4.511239827E-1,-4.285983145E-1,-7.170794606E-1
3.140997060E1,-4.786129296E-1,-4.218788147E-1,-7.635052204E-1
3.141197060E1,-5.042692423E-1,-4.157701433E-1,-8.154287338E-1
3.141397060E1,-5.213735104E-1,-4.127158225E-1,-8.429176807E-1
3.141597060E1,-5.433646441E-1,-4.047745764E-1,-8.991172910E-1
3.141797057E1,-5.616905689E-1,-3.913355470E-1,-9.528734088E-1
3.141997054E1,-5.702427030E-1,-3.833943009E-1,-9.840275645E-1
3.142196964E1,-5.885686874E-1,-3.473532498E-1,-1.069548726E0
3.142396884E1,-5.995642543E-1,-3.314707577E-1,-1.099481106E0
3.142596920E1,-6.013968587E-1,-3.143665195E-1,-1.134300351E0
3.142796917E1,-6.172793508E-1,-2.783254683E-1,-1.204549909E0
3.142996913E1,-6.368269920E-1,-2.392300963E-1,-1.281518936E0
3.143196910E1,-6.459900141E-1,-2.178498209E-1,-1.322446942E0
3.143396910E1,-6.685920358E-1,-1.830305010E-1,-1.406746268E0
3.143596913E1,-6.991352439E-1,-1.512655020E-1,-1.487991333E0
3.143796917E1,-7.144069076E-1,-1.384373307E-1,-1.528308511E0
3.143996920E1,-7.486153841E-1,-1.097266674E-1,-1.610775352E0
3.144197010E1,-7.907650471E-1,-7.673994452E-2,-1.688966036E0
3.144397103E1,-8.347473741E-1,-4.680754989E-2,-1.763491631E0
3.144597106E1,-8.542950749E-1,-3.275764734E-2,-1.803197861E0
3.144797110E1,-9.031642675E-1,-4.046982154E-3,-1.869171262E0
3.144997110E1,-9.502009153E-1,2.344195358E-2,-1.933312178E0
3.145197106E1,-9.728028774E-1,3.138320148E-2,-1.962022781E0
3.145397103E1,-1.024726391E0,4.787656292E-2,-2.021276712E0
3.145597100E1,-1.072984815E0,5.642867833E-2,-2.066480875E0
3.145797096E1,-1.099862933E0,5.765040591E-2,-2.087861061E0
3.145997093E1,-1.148732066E0,4.115704447E-2,-2.119626045E0
3.146197003E1,-1.226311922E0,-7.712173741E-3,-2.145282269E0
3.146396919E1,-1.226311922E0,-7.712173741E-3,-2.145282269E0
3.146596919E1,-1.272737741E0,-5.169447139E-2,-2.146504164E0
3.146796919E1,-1.319163442E0,-1.011745557E-1,-2.131232500E0
3.146996919E1,-1.341154695E0,-1.359938681E-1,-2.115350008E0
3.147196919E1,-1.386969566E0,-2.141846269E-1,-2.073811054E0
3.147396919E1,-1.425454021E0,-3.039818108E-1,-2.010281086E0
3.147596919E1,-1.449277759E0,-3.528510332E-1,-1.973629236E0
3.147796919E1,-1.482875347E0,-4.585307240E-1,-1.894827604E0
3.147996919E1,-1.515251279E0,-5.690973401E-1,-1.803808689E0
3.148197006E1,-1.529301167E0,-6.277403831E-1,-1.755550385E0
3.148397086E1,-1.556179166E0,-7.456374168E-1,-1.653535843E0
3.148597049E1,-1.578170419E0,-8.562039733E-1,-1.549688816E0
3.148797052E1,-1.592831135E0,-9.093492627E-1,-1.492267489E0
3.148997056E1,-1.613600492E0,-1.013807178E0,-1.384755135E0
3.149197059E1,-1.630704761E0,-1.101771832E0,-1.276021123E0
3.149397062E1,-1.641089439E0,-1.139034629E0,-1.221043229E0
3.149597062E1,-1.663691521E0,-1.203175426E0,-1.116585255E0
3.149797062E1,-1.685071826E0,-1.246546865E0,-1.017014265E0
3.149997059E1,-1.692402124E0,-1.266094565E0,-9.699776769E-1
3.150196969E1,-1.731497526E0,-1.313131213E0,-8.197047710E-1
3.150397079E1,-1.741271377E0,-1.325348496E0,-7.659486532E-1
3.150597076E1,-1.760208249E0,-1.336954951E0,-7.158576846E-1
3.150797072E1,-1.786475420E0,-1.344896197E0,-6.113997698E-1
3.150997069E1,-1.809077382E0,-1.338787556E0,-5.081635118E-1
3.151197069E1,-1.815796971E0,-1.324737668E0,-4.550182521E-1
3.151397072E1,-1.834733725E0,-1.289307475E0,-3.548363447E-1
3.151597075E1,-1.837177277E0,-1.223333955E0,-2.583196461E-1
3.151797079E1,-1.842674971E0,-1.183016896E0,-2.094504237E-1
3.151997082E1,-1.842064142E0,-1.082224131E0,-1.263727546E-1
3.152197172E1,-1.839009762E0,-9.612728357E-1,-4.757113010E-2
3.152397255E1,-1.834122896E0,-8.910233378E-1,-1.153008174E-2
3.152597259E1,-1.824959874E0,-7.315874696E-1,4.955644161E-2
3.152797262E1,-1.821905613E0,-5.538256764E-1,1.020908505E-1
3.152997262E1,-1.812131763E0,-4.554764032E-1,1.259146035E-1
3.153197262E1,-1.812131763E0,-2.490039468E-1,1.692860276E-1
3.153397262E1,-1.816407800E0,-3.397937864E-2,2.144900560E-1
3.153597262E1,-1.815186024E0,7.414376736E-2,2.358703464E-1
3.153797262E1,-1.829846859E0,2.775619030E-1,2.920699418E-1
3.153997262E1,-1.839009762E0,4.632649422E-1,3.562107980E-1
3.154197175E1,-1.864666104E0,6.996697783E-1,4.679991305E-1
3.154397082E1,-1.864666104E0,6.996697783E-1,4.679991305E-1
3.154597078E1,-1.897042036E0,8.200102448E-1,5.461899042E-1
3.154797075E1,-1.906204939E0,8.731555343E-1,5.803983212E-1
3.154997072E1,-1.944689512E0,9.757808447E-1,6.512587070E-1
3.155197068E1,-1.976454496E0,1.079627991E0,7.190647721E-1
3.155397065E1,-1.994780421E0,1.132162333E0,7.489971519E-1
3.155597061E1,-2.020436764E0,1.243950725E0,8.155814409E-1
3.155797058E1,-2.047925711E0,1.360015154E0,8.748353720E-1
3.155997058E1,-2.061364651E0,1.413160443E0,9.017134309E-1
3.156197148E1,-2.084577560E0,1.528613925E0,9.536370039E-1
3.156397038E1,-2.112066507E0,1.640402317E0,9.951758385E-1
3.156597041E1,-2.145664215E0,1.751579762E0,1.027551651E0
3.156797045E1,-2.156048775E0,1.812055349E0,1.040990710E0
3.156997048E1,-2.180483580E0,1.931784987E0,1.061149240E0
3.157197051E1,-2.194533348E0,2.069229603E0,1.077031732E0
3.157397051E1,-2.198198557E0,2.141922712E0,1.079475284E0
3.157597051E1,-2.196976900E0,2.289141178E0,1.083751321E0
3.157797048E1,-2.194533348E0,2.440024853E0,1.075810075E0
3.157997044E1,-2.185981274E0,2.513328791E0,1.069701433E0
3.158196954E1,-2.151772738E0,2.724077225E0,1.028162599E0
3.158396861E1,-2.138944626E0,2.788218021E0,1.014112711E0
3.158596858E1,-2.124283791E0,2.853580713E0,9.963975549E-1
3.158796854E1,-2.086410284E0,2.978807926E0,9.530261159E-1
3.158996854E1,-2.030821562E0,3.089374542E0,9.102655649E-1
3.159196854E1,-2.000278234E0,3.132745981E0,8.870527148E-1
3.159396858E1,-1.933083057E0,3.190167427E0,8.387943506E-1
3.159596861E1,-1.852448821E0,3.229873657E0,7.917577028E-1
3.159796864E1,-1.813964367E0,3.243312597E0,7.673230767E-1
3.159996867E1,-1.742493153E0,3.239647388E0,7.288386226E-1
3.160196957E1,-1.674076200E0,3.180393457E0,6.769150496E-1
3.160397051E1,-1.645365596E0,3.125415564E0,6.427065730E-1
3.160597054E1,-1.582446456E0,2.977586269E0,5.712353587E-1
3.160797054E1,-1.515862107E0,2.790050745E0,4.912120104E-1
3.160997054E1,-1.479210138E0,2.682538271E0,4.392884672E-1
3.161197054E1,-1.402241111E0,2.442468405E0,3.250566721E-1
3.161397054E1,-1.323439598E0,2.177352905E0,2.120465934E-1
3.161597054E1,-1.288009405E0,2.035632133E0,1.497383416E-1
3.161797054E1,-1.219592452E0,1.754023194E0,1.595885493E-2
3.161997054E1,-1.169501543E0,1.466305614E0,-1.251510233E-1
3.162196964E1,-1.110247612E0,1.030758739E0,-3.578906655E-1
3.162396871E1,-1.110247612E0,1.030758739E0,-3.578906655E-1
3.162596867E1,-1.044885039E0,7.937430143E-1,-5.130504370E-1
3.162796864E1,-1.006400466E0,6.947828531E-1,-5.851325393E-1
3.162996934E1,-9.214902520E-1,5.555055737E-1,-7.128033638E-1
3.163196930E1,-8.206974864E-1,4.663192630E-1,-8.099309802E-1
3.163396927E1,-7.632761002E-1,4.327216744E-1,-8.545241356E-1
3.163596924E1,-6.484334469E-1,3.563635051E-1,-9.174432158E-1
3.163796924E1,-5.274821520E-1,2.787836194E-1,-9.614255428E-1
3.163996927E1,-4.700607955E-1,2.384665161E-1,-9.742537141E-1
3.164197017E1,-3.484986126E-1,1.419498175E-1,-9.919688106E-1
3.164397110E1,-2.519819140E-1,2.283108793E-2,-1.002353549E0
3.164597114E1,-2.079996169E-1,-4.130976275E-2,-1.004186153E0
3.164797117E1,-1.230893433E-1,-1.653154045E-1,-1.001742601E0
3.164997120E1,-4.062253982E-2,-2.697733641E-1,-9.883036017E-1
3.165197123E1,2.748893574E-3,-3.088687360E-1,-9.809732437E-1
3.165397123E1,9.071348608E-2,-3.730095923E-1,-9.620364308E-1
3.165597120E1,1.811215430E-1,-4.090506434E-1,-9.485973716E-1
3.165797117E1,2.232712507E-1,-4.188244939E-1,-9.437104464E-1
3.165997113E1,3.075706363E-1,-4.273765981E-1,-9.406561255E-1
3.166197023E1,4.126394689E-1,-4.011093974E-1,-9.479864836E-1
3.166396930E1,4.126394689E-1,-4.011093974E-1,-9.479864836E-1
3.166596926E1,4.743368626E-1,-3.656792045E-1,-9.553169012E-1
3.166796926E1,5.189300179E-1,-3.168099821E-1,-9.632581472E-1
3.166996926E1,5.433646441E-1,-2.905427814E-1,-9.650907516E-1
3.167196926E1,5.732970238E-1,-2.288453877E-1,-9.705885053E-1
3.167396926E1,5.946773291E-1,-1.567633003E-1,-9.687559009E-1
3.167596926E1,5.952881575E-1,-1.176679209E-1,-9.687559009E-1
3.167796926E1,6.038402915E-1,-3.459024429E-2,-9.614255428E-1
3.167996926E1,5.958990455E-1,4.909829423E-2,-9.504299760E-1
3.168197013E1,5.690209866E-1,1.333976984E-1,-9.467647672E-1
3.168397103E1,5.525276065E-1,1.749365330E-1,-9.290496707E-1
3.168597106E1,5.146539807E-1,2.580142021E-1,-9.033933282E-1
3.168797110E1,4.615086913E-1,3.386484087E-1,-8.734609485E-1
3.168997040E1,4.315762818E-1,3.795763850E-1,-8.575784564E-1
3.169197043E1,3.619376719E-1,4.528802335E-1,-8.227591515E-1
3.169397046E1,2.874121070E-1,5.194645524E-1,-7.793877125E-1
3.169597050E1,2.464841306E-1,5.530621409E-1,-7.573965192E-1
3.169797053E1,1.524108797E-1,6.153703928E-1,-7.042512894E-1
3.169997053E1,5.772676691E-2,6.740134358E-1,-6.443864703E-1
3.170196963E1,-9.743300825E-2,7.845800519E-1,-5.399284959E-1
3.170396913E1,-9.743300825E-2,7.845800519E-1,-5.399284959E-1
3.170596909E1,-1.994474977E-1,8.609381914E-1,-4.678464234E-1
3.170796906E1,-2.538145185E-1,8.963683844E-1,-4.330270886E-1
3.170996976E1,-3.497203588E-1,9.727265239E-1,-3.554472029E-1
3.171196973E1,-4.486805201E-1,1.042365193E0,-2.809216678E-1
3.171396969E1,-4.969388843E-1,1.074741006E0,-2.467132062E-1
3.171596936E1,-5.824599862E-1,1.137049317E0,-1.758528352E-1
3.171796939E1,-6.692028642E-1,1.196914077E0,-1.043815985E-1
3.171996942E1,-7.082982659E-1,1.226846457E0,-6.772968173E-2
3.172197032E1,-7.822129726E-1,1.284267783E0,-1.756237587E-3
3.172397126E1,-8.445212245E-1,1.339245677E0,6.238461286E-2
3.172597129E1,-8.732318878E-1,1.366123796E0,9.292787313E-2
3.172797132E1,-9.135489464E-1,1.416214705E0,1.527926624E-1
3.172997136E1,-9.538660645E-1,1.462640524E0,2.077705413E-1
3.173197139E1,-9.642508030E-1,1.484020710E0,2.346486151E-1
3.173397139E1,-9.825767279E-1,1.515785694E0,2.841286957E-1
3.173597139E1,-9.880745411E-1,1.534111738E0,3.336087763E-1
3.173797139E1,-9.850202203E-1,1.540220380E0,3.574325144E-1
3.173997139E1,-9.789115787E-1,1.532889962E0,4.026365578E-1
3.174197052E1,-9.483683109E-1,1.488907695E0,4.649448097E-1
3.174396962E1,-9.483683109E-1,1.488907695E0,4.649448097E-1
3.174596959E1,-9.129381180E-1,1.444314480E0,5.028184652E-1
3.174796955E1,-8.689557910E-1,1.388114929E0,5.339725614E-1
3.174996952E1,-8.487972617E-1,1.354517341E0,5.510768294E-1
3.175196949E1,-7.932085395E-1,1.286100388E0,5.755113959E-1
3.175396945E1,-7.284567952E-1,1.214018345E0,5.975025892E-1
3.175596942E1,-6.893614531E-1,1.179198980E0,6.060546637E-1
3.175796938E1,-6.172793508E-1,1.112614632E0,6.243806481E-1
3.175996935E1,-5.280929804E-1,1.046030402E0,6.378196478E-1
3.176197022E1,-4.816672504E-1,1.015487075E0,6.445391774E-1
3.176397072E1,-3.839288056E-1,9.635635614E-1,6.543130279E-1
3.176597075E1,-2.739730477E-1,9.214138389E-1,6.634759903E-1
3.176797078E1,-2.226603776E-1,9.012553096E-1,6.646977663E-1
3.176997008E1,-1.072068512E-1,8.646034002E-1,6.720281243E-1
3.177197012E1,6.414085161E-3,8.200102448E-1,6.763041615E-1
3.177397015E1,6.444628537E-2,7.992408276E-1,6.793584824E-1
3.177597051E1,1.707368344E-1,7.552585006E-1,6.811910868E-1
3.177797051E1,2.837468982E-1,7.106653452E-1,6.866889000E-1
3.177997048E1,3.381139040E-1,6.892850995E-1,6.885215044E-1
3.178196958E1,4.877758920E-1,6.306419969E-1,6.982953548E-1
3.178396865E1,5.366451144E-1,6.135377884E-1,7.019605041E-1
3.178596861E1,5.806274414E-1,5.958226919E-1,7.062366009E-1
3.178796858E1,6.673702598E-1,5.695554614E-1,7.172321677E-1
3.178996854E1,7.461718917E-1,5.493969321E-1,7.282277346E-1
3.179196851E1,7.852672935E-1,5.426774025E-1,7.331146598E-1
3.179396851E1,8.536841869E-1,5.292384028E-1,7.422776222E-1
3.179596854E1,9.227119684E-1,5.206862688E-1,7.532731891E-1
3.179796858E1,9.489791393E-1,5.127450228E-1,7.575492859E-1
3.179996861E1,1.000291824E0,5.023602843E-1,7.642687559E-1
3.180196951E1,1.043663263E0,4.895321429E-1,7.715991735E-1
3.180397044E1,1.084591269E0,4.785365760E-1,7.825947404E-1
3.180597048E1,1.097419381E0,4.724279046E-1,7.868707776E-1
3.180797051E1,1.130406141E0,4.583780169E-1,7.935903072E-1
3.180997054E1,1.153619051E0,4.431063831E-1,8.021424413E-1
3.181197054E1,1.160949349E0,4.357759953E-1,8.076401949E-1
3.181397054E1,1.180497050E0,4.156174362E-1,8.149706125E-1
3.181597054E1,1.190270901E0,3.930154145E-1,8.247444630E-1
3.181797054E1,1.189660072E0,3.814089894E-1,8.265770078E-1
3.181997054E1,1.199433923E0,3.636938930E-1,8.412377834E-1
3.182196967E1,1.206764340E0,3.508657217E-1,8.675050139E-1
3.182396877E1,1.206764340E0,3.508657217E-1,8.675050139E-1
3.182596874E1,1.211651206E0,3.502548635E-1,8.876635432E-1
3.182796871E1,1.222646832E0,3.575852513E-1,9.096547365E-1
3.182996867E1,1.226922870E0,3.667482138E-1,9.200394154E-1
3.183196864E1,1.236085773E0,3.850741684E-1,9.444740415E-1
3.183396860E1,1.252579212E0,4.095087945E-1,9.676868916E-1
3.183596857E1,1.256244421E0,4.229478240E-1,9.792933464E-1
3.183796854E1,1.273348570E0,4.534910917E-1,1.004338861E0
3.183996854E1,1.284955025E0,4.901430011E-1,1.029384255E0
3.184196940E1,1.296561480E0,5.078580976E-1,1.042212486E0
3.184397034E1,1.309389710E0,5.518403649E-1,1.069090486E0
3.184597037E1,1.332602501E0,5.970444083E-1,1.096579432E0
3.184797040E1,1.339932919E0,6.202573180E-1,1.111240268E0
3.184997043E1,1.362534881E0,6.666830778E-1,1.138118267E0
3.185197047E1,1.380860925E0,7.118870616E-1,1.162552953E0
3.185397050E1,1.391856432E0,7.314347625E-1,1.175381064E0
3.185597050E1,1.405295491E0,7.705301642E-1,1.202870011E0
3.185797047E1,1.414458513E0,8.053494692E-1,1.227915525E0
3.185997043E1,1.417512774E0,8.218428493E-1,1.242576241E0
3.186196953E1,1.430341005E0,8.786532879E-1,1.284115076E0
3.186396860E1,1.429119229E0,9.018661976E-1,1.296332359E0
3.186596856E1,1.428508401E0,9.214138389E-1,1.304884553E0
3.186796853E1,1.419345379E0,9.641744494E-1,1.326264858E0
3.186996850E1,1.401019454E0,1.009989381E0,1.340925574E0
3.187196850E1,1.384526134E0,1.026482701E0,1.342758179E0
3.187396850E1,1.340543747E0,1.054582477E0,1.342147350E0
3.187596850E1,1.293507099E0,1.079017043E0,1.331762552E0
3.187796850E1,1.264185667E0,1.092456102E0,1.326264858E0
3.187996850E1,1.200655699E0,1.117501616E0,1.309771419E0
3.188196936E1,1.126130104E0,1.139492750E0,1.285947680E0
3.188397023E1,1.087034702E0,1.146823168E0,1.269454360E0
3.188597023E1,1.005178809E0,1.157207847E0,1.231580734E0
3.188797023E1,9.196576476E-1,1.157818675E0,1.182711482E0
3.188997026E1,8.762862086E-1,1.155375242E0,1.155833364E0
3.189197029E1,7.846564054E-1,1.136438489E0,1.094746828E0
3.189397033E1,6.966918111E-1,1.103451729E0,1.025719047E0
3.189597036E1,6.490443349E-1,1.083904028E0,9.915106297E-1
3.189797039E1,5.555819273E-1,1.033202171E0,9.133198857E-1
3.189997043E1,4.621195495E-1,9.672287703E-1,8.308531046E-1
3.190196959E1,3.149010241E-1,8.523861170E-1,6.958518624E-1
3.190396869E1,3.149010241E-1,8.523861170E-1,6.958518624E-1
3.190596866E1,2.128865421E-1,7.638106346E-1,5.938373804E-1
3.190796862E1,1.634064466E-1,7.137196660E-1,5.394703746E-1
3.190996859E1,6.872233748E-2,6.110942960E-1,4.270711541E-1
3.191196856E1,-2.596177347E-2,5.084689856E-1,3.085633218E-1
3.191396852E1,-7.849618047E-2,4.577671289E-1,2.480876446E-1
3.191596849E1,-1.701259762E-1,3.496440053E-1,1.240820065E-1
3.191796849E1,-2.593123019E-1,2.409099787E-1,6.185010541E-3
3.191996849E1,-3.045163155E-1,1.853212416E-1,-5.001459271E-2
3.192196939E1,-3.894265890E-1,6.681338698E-2,-1.556942761E-1
3.192397032E1,-4.602869749E-1,-5.719225854E-2,-2.461023331E-1
3.192597035E1,-5.317581892E-1,-1.824196279E-1,-3.206278980E-1
3.192797039E1,-5.604688525E-1,-2.416735590E-1,-3.523928821E-1
3.192997042E1,-6.136141419E-1,-3.565162420E-1,-4.073707461E-1
3.193197045E1,-6.600399017E-1,-4.499786198E-1,-4.495204687E-1
3.193397049E1,-6.795876026E-1,-4.866305292E-1,-4.666246772E-1
3.193597015E1,-7.131851912E-1,-5.403866768E-1,-4.983896911E-1
3.193797015E1,-7.345654368E-1,-5.709299445E-1,-5.191590786E-1
3.193997015E1,-7.425066829E-1,-5.764276981E-1,-5.271003246E-1
3.194196929E1,-7.504479289E-1,-5.770385861E-1,-5.307655334E-1
3.194396882E1,-7.467827797E-1,-5.709299445E-1,-5.283221006E-1
3.194596882E1,-7.486153841E-1,-5.623778105E-1,-5.258786082E-1
3.194796882E1,-7.309002876E-1,-5.342780352E-1,-5.148830414E-1
3.194996878E1,-7.021896243E-1,-4.927391708E-1,-4.971679449E-1
3.195196875E1,-6.881396770E-1,-4.707480371E-1,-4.880049825E-1
3.195396838E1,-6.496551633E-1,-4.176027477E-1,-4.654029608E-1
3.195596835E1,-6.075055003E-1,-3.479641080E-1,-4.342488348E-1
3.195796832E1,-5.897904038E-1,-3.107013404E-1,-4.195880592E-1
3.195996828E1,-5.433646441E-1,-2.270127982E-1,-3.859904706E-1
3.196196911E1,-4.859432876E-1,-1.268308908E-1,-3.432299197E-1
3.196396998E1,-4.541783035E-1,-6.757696718E-2,-3.181844354E-1
3.196596998E1,-3.851505518E-1,6.253732741E-2,-2.705369592E-1
3.196797001E1,-3.149010241E-1,2.030363381E-1,-2.161699384E-1
3.196997005E1,-2.831360400E-1,2.769510448E-1,-1.892918646E-1
3.197197008E1,-2.092213482E-1,4.241695404E-1,-1.337031275E-1
3.197397011E1,-1.450804919E-1,5.774967074E-1,-7.933612168E-2
3.197597014E1,-1.120937690E-1,6.544657350E-1,-5.306891724E-2
3.197797018E1,-5.283984542E-2,7.961865067E-1,-9.086620063E-3
3.197997021E1,-2.138028387E-3,9.293550849E-1,2.084577642E-2
3.198196934E1,6.383541971E-2,1.080849648E0,6.116288155E-2
3.198396928E1,6.383541971E-2,1.080849648E0,6.116288155E-2
3.198596924E1,1.072068512E-1,1.154153466E0,8.254316449E-2
3.198796921E1,1.285871267E-1,1.185307622E0,9.476047009E-2
3.198996918E1,1.658499092E-1,1.234176874E0,1.136972904E-1
3.199196914E1,2.012801021E-1,1.276937485E0,1.234711409E-1
3.199396911E1,2.202169150E-1,1.296485066E0,1.301906556E-1
3.199596944E1,2.580905557E-1,1.328860998E0,1.362993121E-1
3.199796944E1,2.910772860E-1,1.355128169E0,1.411862224E-1
3.199996944E1,3.087923825E-1,1.366734624E0,1.448514163E-1
3.200197031E1,3.466660380E-1,1.376508474E0,1.442405581E-1
3.200397077E1,3.820962012E-1,1.372843266E0,1.411862224E-1
3.200597077E1,4.004221559E-1,1.367956400E0,1.442405581E-1
3.200797077E1,4.327980280E-1,1.341689110E0,1.430188268E-1
3.200997077E1,4.615086913E-1,1.300761223E0,1.436296850E-1
3.201197077E1,4.743368626E-1,1.273272276E0,1.442405581E-1
3.201397114E1,4.981606007E-1,1.209742308E0,1.472948790E-1
3.201597117E1,5.128213763E-1,1.130940676E0,1.595121920E-1
3.201797120E1,5.170974135E-1,1.086347461E0,1.625665128E-1
3.201997124E1,5.170974135E-1,9.794460535E-1,1.637882441E-1
3.202197040E1,4.957171381E-1,7.766388059E-1,1.497383416E-1
3.202397047E1,4.957171381E-1,7.766388059E-1,1.497383416E-1
3.202597050E1,4.670064747E-1,6.092617512E-1,1.283580661E-1
3.202797050E1,4.230241776E-1,4.223369658E-1,9.659306705E-2
3.202997047E1,3.979786932E-1,3.209333420E-1,7.521278411E-2
3.203197043E1,3.381139040E-1,1.120174155E-1,2.084577642E-2
3.203397040E1,2.727513313E-1,-1.072832122E-1,-5.062545836E-2
3.203597037E1,2.354885489E-1,-2.166280895E-1,-9.094256163E-2
3.203797033E1,1.627955884E-1,-4.353178442E-1,-1.954005212E-1
3.203997030E1,9.315694869E-2,-6.301838756E-1,-3.194061518E-1
3.204197113E1,3.023782931E-2,-7.957283258E-1,-4.586834311E-1
3.204397116E1,-3.054326226E-4,-8.574257493E-1,-5.332090259E-1
3.204597120E1,-4.428773001E-2,-9.386708140E-1,-6.767623425E-1
3.204797123E1,-7.422012836E-2,-9.618836641E-1,-8.019897342E-1
3.204997126E1,-7.605272532E-2,-9.600511193E-1,-8.581892848E-1
3.205197130E1,-8.093964309E-2,-9.466120601E-1,-9.626472592E-1
3.205397133E1,-7.055493444E-2,-9.337838888E-1,-1.046335816E0
3.205597136E1,-6.383541971E-2,-9.276752472E-1,-1.078711629E0
3.205797140E1,-6.139195710E-2,-9.258426428E-1,-1.120250463E0
3.205997143E1,-5.039638281E-2,-9.313403964E-1,-1.145295978E0
3.206197056E1,-2.840523422E-2,-9.502772689E-1,-1.157513261E0
3.206396966E1,-2.840523422E-2,-9.502772689E-1,-1.157513261E0
3.206596966E1,-9.162978968E-4,-9.618836641E-1,-1.153848052E0
3.206796966E1,1.802052557E-2,-9.606619477E-1,-1.146517754E0
3.206996966E1,5.894849449E-2,-9.545533061E-1,-1.126359105E0
3.207196966E1,1.127046347E-1,-9.319512844E-1,-1.101924539E0
3.207396963E1,1.438587606E-1,-9.166796803E-1,-1.089096427E0
3.207596959E1,2.025018334E-1,-8.781951666E-1,-1.062218308E0
3.207796956E1,2.587014437E-1,-8.342128396E-1,-1.028620720E0
3.207996913E1,2.910772860E-1,-8.073347807E-1,-1.012738228E0
3.208196996E1,3.491095006E-1,-7.493025661E-1,-9.724211097E-1
3.208396989E1,4.083634019E-1,-6.876052022E-1,-9.211084247E-1
3.208596986E1,4.382958114E-1,-6.509532928E-1,-8.881217241E-1
3.208796982E1,4.993823469E-1,-5.745950937E-1,-8.233699799E-1
3.208996982E1,5.513058901E-1,-5.031238794E-1,-7.464009523E-1
3.209196982E1,5.787948370E-1,-4.683045745E-1,-7.030295134E-1
3.209396986E1,6.215553880E-1,-3.956116140E-1,-6.205627322E-1
3.209596989E1,6.600399017E-1,-3.351359367E-1,-5.307655334E-1
3.209796992E1,6.710354686E-1,-3.119230568E-1,-4.843397737E-1
3.209996996E1,6.869179606E-1,-2.691625059E-1,-3.939317167E-1
3.210196912E1,6.795876026E-1,-2.227367461E-1,-2.644282877E-1
3.210396825E1,6.795876026E-1,-2.227367461E-1,-2.644282877E-1
3.210596825E1,6.594290137E-1,-1.830305010E-1,-1.789071560E-1
3.210796822E1,6.313292384E-1,-1.427133977E-1,-9.644035250E-2
3.210996819E1,6.215553880E-1,-1.170570552E-1,-5.673411116E-2
3.211196815E1,5.891795158E-1,-6.757696718E-2,2.267837152E-2
3.211396812E1,5.482515693E-1,-2.481640130E-2,9.659306705E-2
3.211596808E1,5.299255848E-1,-7.712173741E-3,1.338558495E-1
3.211796805E1,4.816672504E-1,2.038762718E-2,2.059379518E-1
3.211996802E1,4.389066696E-1,3.688098863E-2,2.786309123E-1
3.212196888E1,4.163046777E-1,4.665483162E-2,3.146719635E-1
3.212396982E1,3.680463135E-1,5.887213722E-2,3.751476109E-1
3.212596985E1,3.185662329E-1,4.970915988E-2,4.392884672E-1
3.212796988E1,2.959642112E-1,4.909829423E-2,4.704425931E-1
3.212996991E1,2.434297949E-1,4.298964143E-2,5.260313153E-1
3.213196995E1,1.951714456E-1,3.504839167E-2,5.828418136E-1
3.213396998E1,1.689042449E-1,2.955060638E-2,6.091089845E-1
3.213597001E1,1.200350225E-1,2.099849284E-2,6.634759903E-1
3.213797005E1,7.910704613E-2,1.611157134E-2,7.141778469E-1
3.213997045E1,5.772676691E-2,1.427897532E-2,7.380015850E-1
3.214196958E1,-7.024950348E-3,8.399396902E-4,7.996989489E-1
3.214396868E1,-2.718350291E-2,-7.712173741E-3,8.143597245E-1
3.214596868E1,-4.856378585E-2,-1.076649968E-2,8.265770078E-1
3.214796868E1,-8.399397135E-2,-8.933904581E-3,8.516225219E-1
3.214996868E1,-1.169806942E-1,6.948592141E-3,8.613963723E-1
3.215196868E1,-1.328631938E-1,1.733330078E-2,8.681158423E-1
3.215396864E1,-1.597412676E-1,4.909829423E-2,8.656724095E-1
3.215596861E1,-1.701259762E-1,8.575020730E-2,8.577311635E-1
3.215796858E1,-1.786780804E-1,1.046870351E-1,8.516225219E-1
3.215996854E1,-1.866193265E-1,1.517236531E-1,8.345182538E-1
3.216196938E1,-1.878410578E-1,1.957059503E-1,8.082510829E-1
3.216397024E1,-1.805106848E-1,2.335795909E-1,7.764860988E-1
3.216597021E1,-1.780672222E-1,2.525164187E-1,7.606036067E-1
3.216797021E1,-1.627955884E-1,2.867248654E-1,7.355580926E-1
3.216997021E1,-1.395827085E-1,3.123812079E-1,7.092909217E-1
3.217197024E1,-1.249219403E-1,3.197115958E-1,7.001278996E-1
3.217397027E1,-9.682214260E-2,3.233767748E-1,6.689738035E-1
3.217597031E1,-5.833763257E-2,3.239876628E-1,6.402631402E-1
3.217797034E1,-4.306599870E-2,3.166572750E-1,6.274349689E-1
3.217997037E1,-1.527163084E-3,2.983313203E-1,6.023895144E-1
3.218196954E1,7.666359097E-2,2.427425832E-1,5.718462467E-1
3.218396874E1,7.666359097E-2,2.427425832E-1,5.718462467E-1
3.218596870E1,1.200350225E-1,1.853212416E-1,5.504659414E-1
3.218796867E1,1.707368344E-1,1.059087589E-1,5.303074121E-1
3.218996864E1,1.945605874E-1,6.375905871E-2,5.211443901E-1
3.219196860E1,2.373211533E-1,-3.397937864E-2,5.052618980E-1
3.219396857E1,2.861903608E-1,-1.317178160E-1,4.948772192E-1
3.219596854E1,3.136793077E-1,-1.824196279E-1,4.875468314E-1
3.219796850E1,3.533855379E-1,-2.789363563E-1,4.783838391E-1
3.219996850E1,4.022547603E-1,-3.632357419E-1,4.618904889E-1
3.220196940E1,4.273002446E-1,-3.968333304E-1,4.533383846E-1
3.220397033E1,4.749477208E-1,-4.475351572E-1,4.368450046E-1
3.220597037E1,5.403103232E-1,-4.774675369E-1,4.252385795E-1
3.220797040E1,5.696318150E-1,-4.915174544E-1,4.209625125E-1
3.220997043E1,6.246097088E-1,-5.196172595E-1,4.075234830E-1
3.221197047E1,6.740897894E-1,-5.629886985E-1,3.873649240E-1
3.221397050E1,6.991352439E-1,-5.898667574E-1,3.757584691E-1
3.221597053E1,7.467827797E-1,-6.515641212E-1,3.470478058E-1
3.221797053E1,7.870998979E-1,-7.254788280E-1,3.183371425E-1
3.221997053E1,8.042041063E-1,-7.670176625E-1,3.024546504E-1
3.222196966E1,8.359690905E-1,-9.056841135E-1,2.609158158E-1
3.222396876E1,8.414669037E-1,-9.667705894E-1,2.480876446E-1
3.222596890E1,8.469646573E-1,-1.027857184E0,2.401463985E-1
3.222796890E1,8.530732989E-1,-1.146975875E0,2.242639065E-1
3.222996890E1,8.744536042E-1,-1.238605618E0,2.175443918E-1
3.223196886E1,8.799513578E-1,-1.277701020E0,2.132683247E-1
3.223396883E1,9.062185884E-1,-1.343674421E0,2.126574665E-1
3.223596880E1,9.337075353E-1,-1.401095748E0,2.089922726E-1
3.223796876E1,9.447031021E-1,-1.430417299E0,2.138791978E-1
3.223996873E1,9.532552361E-1,-1.495169044E0,2.187661231E-1
3.224196956E1,9.508117437E-1,-1.576414108E0,2.242639065E-1
3.224397033E1,9.416487813E-1,-1.624672532E0,2.260964960E-1
3.224597033E1,9.166033268E-1,-1.738904238E0,2.407572716E-1
3.224797033E1,8.793405294E-1,-1.860466480E0,2.523637116E-1
3.224997036E1,8.555167913E-1,-1.921553016E0,2.596940994E-1
3.225197039E1,8.011497855E-1,-2.033952236E0,2.737439871E-1
3.225397043E1,7.455610037E-1,-2.122527599E0,2.884047627E-1
3.225597046E1,7.211264372E-1,-2.159179449E0,2.994003296E-1
3.225797049E1,6.612616181E-1,-2.210492134E0,3.171154261E-1
3.225997052E1,6.136141419E-1,-2.233094215E0,3.378848433E-1
3.226196966E1,5.513058901E-1,-2.204994440E0,3.617085814E-1
3.226396872E1,5.513058901E-1,-2.204994440E0,3.617085814E-1
3.226596869E1,5.225952268E-1,-2.150016546E0,3.727041483E-1
3.226796866E1,5.140430927E-1,-2.110921144E0,3.745367527E-1
3.226996862E1,5.115996599E-1,-2.019291401E0,3.745367527E-1
3.227196859E1,5.128213763E-1,-1.927050829E0,3.733150363E-1
3.227396855E1,5.122104883E-1,-1.886122823E0,3.696498275E-1
3.227596852E1,5.183191895E-1,-1.819538474E0,3.623194396E-1
3.227796852E1,5.219843388E-1,-1.777999640E0,3.549890518E-1
3.227996852E1,5.329799056E-1,-1.758451939E0,3.519347310E-1
3.228196939E1,5.396994352E-1,-1.730352163E0,3.476586938E-1
3.228397029E1,5.445863605E-1,-1.719967484E0,3.378848433E-1
3.228597015E1,5.598580241E-1,-1.712026238E0,3.366630971E-1
3.228797015E1,5.677992702E-1,-1.704695821E0,3.329979181E-1
3.228997015E1,5.830708742E-1,-1.687591553E0,3.311653137E-1
3.229197015E1,6.032294035E-1,-1.672930837E0,3.268892765E-1
3.229397015E1,6.093381047E-1,-1.662546158E0,3.281109929E-1
3.229597018E1,6.331618428E-1,-1.647885323E0,3.287218511E-1
3.229797022E1,6.527095437E-1,-1.626505017E0,3.287218511E-1
3.229997025E1,6.624833345E-1,-1.612455130E0,3.299435973E-1
3.230196942E1,6.973026991E-1,-1.573970675E0,3.299435973E-1
3.230396855E1,7.150177956E-1,-1.559920788E0,3.299435973E-1
3.230596858E1,7.254024744E-1,-1.545259953E0,3.311653137E-1
3.230796862E1,7.492262125E-1,-1.515327573E0,3.323870599E-1
3.230996862E1,7.742717266E-1,-1.494558215E0,3.281109929E-1
3.231196858E1,7.864890099E-1,-1.486616969E0,3.293327391E-1
3.231396855E1,8.078693151E-1,-1.472567081E0,3.305544555E-1
3.231596851E1,8.280278444E-1,-1.459738851E0,3.311653137E-1
3.231796848E1,8.353582025E-1,-1.457295418E0,3.268892765E-1
3.231996845E1,8.591819406E-1,-1.463404059E0,3.226132095E-1
3.232196928E1,8.823948503E-1,-1.476843119E0,3.207806051E-1
3.232397018E1,8.958339095E-1,-1.490282178E0,3.226132095E-1
3.232597018E1,9.239336848E-1,-1.516549349E0,3.244458139E-1
3.232797021E1,9.447031021E-1,-1.538540483E0,3.232240677E-1
3.232997025E1,9.575312734E-1,-1.550757766E0,3.195588887E-1
3.233197028E1,9.795224071E-1,-1.562364221E0,3.183371425E-1
3.233397031E1,9.947940707E-1,-1.569083691E0,3.183371425E-1
3.233597034E1,9.984592199E-1,-1.567862034E0,3.189480305E-1
3.233797038E1,1.007622242E0,-1.550757766E0,3.195588887E-1
3.233997041E1,1.016174316E0,-1.517160177E0,3.238349259E-1
3.234196958E1,1.018617749E0,-1.446299791E0,3.220023513E-1
3.234396868E1,1.018617749E0,-1.446299791E0,3.220023513E-1
3.234596868E1,1.019228697E0,-1.392543674E0,3.226132095E-1
3.234796868E1,1.015563488E0,-1.365054727E0,3.220023513E-1
3.234996868E1,1.016174316E0,-1.307633400E0,3.281109929E-1
3.235196868E1,1.003957033E0,-1.254488111E0,3.372739851E-1
3.235396868E1,9.960157871E-1,-1.225777507E0,3.421608806E-1
3.235596864E1,9.874636531E-1,-1.167134404E0,3.537673354E-1
3.235796861E1,9.770789742E-1,-1.119486928E0,3.659846485E-1
3.235996857E1,9.642508030E-1,-1.095663190E0,3.714824319E-1
3.236196941E1,9.465357065E-1,-1.049237370E0,3.855323195E-1
3.236397027E1,9.269880056E-1,-1.014418125E0,4.050800204E-1
3.236597024E1,9.147707224E-1,-9.979247451E-1,4.075234830E-1
3.236797020E1,9.007207751E-1,-9.655488729E-1,4.246276915E-1
3.236997017E1,8.793405294E-1,-9.319512844E-1,4.417319298E-1
3.237197017E1,8.677340746E-1,-9.160687923E-1,4.490623176E-1
3.237397020E1,8.500189781E-1,-8.867472410E-1,4.643339515E-1
3.237597024E1,8.365799785E-1,-8.543714285E-1,4.814381599E-1
3.237797027E1,8.310821652E-1,-8.384889364E-1,4.899902940E-1
3.237997030E1,8.139779568E-1,-8.091673851E-1,5.009858608E-1
3.238196947E1,7.980954647E-1,-7.627416253E-1,5.089271069E-1
3.238396860E1,7.980954647E-1,-7.627416253E-1,5.089271069E-1
3.238596864E1,7.901542187E-1,-7.273114324E-1,5.095379949E-1
3.238796864E1,7.840455174E-1,-6.863834858E-1,5.040401816E-1
3.238996860E1,7.809911966E-1,-6.680575013E-1,5.003749728E-1
3.239196857E1,7.779368758E-1,-6.271295547E-1,4.918228686E-1
3.239396853E1,7.761042714E-1,-5.825363398E-1,4.808273017E-1
3.239596850E1,7.736608386E-1,-5.617669225E-1,4.771621227E-1
3.239796847E1,7.718282342E-1,-5.238932967E-1,4.667774141E-1
3.239996843E1,7.754934430E-1,-4.829653203E-1,4.606687427E-1
3.240196926E1,7.748825550E-1,-4.414264858E-1,4.515057802E-1
3.240397016E1,7.736608386E-1,-4.231005311E-1,4.490623176E-1
3.240597016E1,7.724391222E-1,-3.858377635E-1,4.435645342E-1
3.240797016E1,7.724391222E-1,-3.455206454E-1,4.417319298E-1
3.240997016E1,7.693848014E-1,-3.259729743E-1,4.411210716E-1
3.241197016E1,7.675521970E-1,-2.880993187E-1,4.398993254E-1
3.241397016E1,7.608326674E-1,-2.557234764E-1,4.417319298E-1
3.241597016E1,7.571674585E-1,-2.416735590E-1,4.417319298E-1
3.241797016E1,7.467827797E-1,-2.184606791E-1,4.417319298E-1
3.241997016E1,7.315111160E-1,-1.995238662E-1,4.429536462E-1
3.242196933E1,7.107416987E-1,-1.757001132E-1,4.447862506E-1
3.242396850E1,7.107416987E-1,-1.757001132E-1,4.447862506E-1
3.242596853E1,6.936374903E-1,-1.628719419E-1,4.453971088E-1
3.242796856E1,6.850853562E-1,-1.561524272E-1,4.460079968E-1
3.242996860E1,6.710354686E-1,-1.476003081E-1,4.453971088E-1
3.243196863E1,6.514877677E-1,-1.457677186E-1,4.429536462E-1
3.243396863E1,6.404922009E-1,-1.457677186E-1,4.447862506E-1
3.243596859E1,6.239988208E-1,-1.512655020E-1,4.460079968E-1
3.243796856E1,6.020076871E-1,-1.610393524E-1,4.453971088E-1
3.243996853E1,5.904012322E-1,-1.683697402E-1,4.447862506E-1
3.244196936E1,5.696318150E-1,-1.854739636E-1,4.484514594E-1
3.244397022E1,5.506950021E-1,-2.068542391E-1,4.502840340E-1
3.244597019E1,5.396994352E-1,-2.160172164E-1,4.533383846E-1
3.244797016E1,5.244278312E-1,-2.404518276E-1,4.539492428E-1
3.244997016E1,5.061018467E-1,-2.606103718E-1,4.600578845E-1
3.245197019E1,5.006040931E-1,-2.734385431E-1,4.600578845E-1
3.245397022E1,4.914411008E-1,-2.942079604E-1,4.661665261E-1
3.245597026E1,4.792237878E-1,-3.137556612E-1,4.637230933E-1
3.245797029E1,4.749477208E-1,-3.253620863E-1,4.679991305E-1
3.245997032E1,4.615086913E-1,-3.534618914E-1,4.686099887E-1
3.246196949E1,4.492913783E-1,-4.023311138E-1,4.716643393E-1
3.246397062E1,4.492913783E-1,-4.023311138E-1,4.716643393E-1
3.246597065E1,4.370740950E-1,-4.328743815E-1,4.741078019E-1
3.246797065E1,4.242459238E-1,-4.628067911E-1,4.765512347E-1
3.246997065E1,4.218024611E-1,-4.823544621E-1,4.759403765E-1
3.247197065E1,4.114177525E-1,-5.159520507E-1,4.747186601E-1
3.247397065E1,3.967569768E-1,-5.477170348E-1,4.704425931E-1
3.247597065E1,3.924809098E-1,-5.635995269E-1,4.679991305E-1
3.247797065E1,3.814853430E-1,-5.904776454E-1,4.625013471E-1
3.247997065E1,3.686571717E-1,-6.057492495E-1,4.545601010E-1
3.248197149E1,3.686571717E-1,-6.112470627E-1,4.484514594E-1
3.248397232E1,3.539963961E-1,-6.185774207E-1,4.344015419E-1
3.248597229E1,3.405573666E-1,-6.307947040E-1,4.191299081E-1
3.248797225E1,3.295617998E-1,-6.338490248E-1,4.130212665E-1
3.248997222E1,3.136793077E-1,-6.424011588E-1,3.977496326E-1
3.249197218E1,2.910772860E-1,-6.533967257E-1,3.836997449E-1
3.249397215E1,2.782491148E-1,-6.595053673E-1,3.733150363E-1
3.249597215E1,2.580905557E-1,-6.576728225E-1,3.537673354E-1
3.249797215E1,2.367102802E-1,-6.478989720E-1,3.299435973E-1
3.249997218E1,2.318233550E-1,-6.424011588E-1,3.189480305E-1
3.250197135E1,2.104430795E-1,-6.149122119E-1,2.798526287E-1
3.250397048E1,2.061670274E-1,-6.051383615E-1,2.676353455E-1
3.250597052E1,1.994474977E-1,-5.916993618E-1,2.529745698E-1
3.250797055E1,1.921171248E-1,-5.733733773E-1,2.260964960E-1
3.250997058E1,1.823432744E-1,-5.507713556E-1,1.955532432E-1
3.251197058E1,1.817324162E-1,-5.367214680E-1,1.802816093E-1
3.251397055E1,1.792889535E-1,-5.110651255E-1,1.503492147E-1
3.251597051E1,1.829541475E-1,-4.811327457E-1,1.204168126E-1
3.251797048E1,1.841758788E-1,-4.640285075E-1,1.051451787E-1
3.251997045E1,1.908953935E-1,-4.383721650E-1,8.071056753E-2
3.252197128E1,1.939497143E-1,-4.145484269E-1,5.383250117E-2
3.252397014E1,2.037235647E-1,-3.956116140E-1,3.489567712E-2
3.252597011E1,2.073887438E-1,-3.876703680E-1,2.328923717E-2
3.252797011E1,2.165517360E-1,-3.681226671E-1,5.574145354E-3
3.252997014E1,2.281581759E-1,-3.485749662E-1,-7.864889689E-3
3.253197018E1,2.330450863E-1,-3.418554664E-1,-1.275181212E-2
3.253397021E1,2.422080636E-1,-3.296381533E-1,-2.496911772E-2
3.253597024E1,2.495384514E-1,-3.186425865E-1,-3.046690486E-2
3.253797028E1,2.568688393E-1,-3.137556612E-1,-3.474296257E-2
3.253997031E1,2.672535479E-1,-3.021492362E-1,-3.962988406E-2
3.254196947E1,2.776382565E-1,-2.905427814E-1,-3.901901841E-2
3.254396867E1,2.776382565E-1,-2.905427814E-1,-3.901901841E-2
3.254596867E1,2.861903608E-1,-2.838232517E-1,-3.840815276E-2
3.254796867E1,2.880229652E-1,-2.764928937E-1,-3.474296257E-2
3.254996871E1,2.880229652E-1,-2.716059685E-1,-3.168863431E-2
3.255196871E1,2.855795026E-1,-2.624429762E-1,-2.619084716E-2
3.255396871E1,2.855795026E-1,-2.551125884E-1,-2.313652076E-2
3.255596871E1,2.788599730E-1,-2.520582676E-1,-2.069306001E-2
3.255796871E1,2.703078687E-1,-2.447278947E-1,-1.580613852E-2
3.255996867E1,2.562579811E-1,-2.398409694E-1,-7.864889689E-3
3.256196951E1,2.525927722E-1,-2.373975068E-1,-4.199698567E-3
3.256397037E1,2.299907655E-1,-2.361757755E-1,3.741549561E-3
3.256597034E1,2.079996169E-1,-2.343431860E-1,1.107193250E-2
3.256797030E1,1.988366395E-1,-2.337323129E-1,1.656972058E-2
3.256997027E1,1.707368344E-1,-2.386192381E-1,2.267837152E-2
3.257197024E1,1.438587606E-1,-2.490039468E-1,3.245221451E-2
3.257397024E1,1.267545372E-1,-2.538908720E-1,3.550654277E-2
3.257597024E1,9.743300825E-2,-2.673299015E-1,3.978259861E-2
3.257797027E1,6.444628537E-2,-2.771037519E-1,4.833471403E-2
3.257997030E1,5.650503561E-2,-2.826015353E-1,5.138903856E-2
3.258196947E1,1.130100712E-2,-2.984840274E-1,6.116288155E-2
3.258396860E1,-4.581489135E-3,-3.027600944E-1,6.604980677E-2
3.258596863E1,-1.618792862E-2,-3.082578778E-1,6.604980677E-2
3.258796867E1,-4.367686436E-2,-3.168099821E-1,7.154759020E-2
3.258996867E1,-6.933320314E-2,-3.204751909E-1,7.460191846E-2
3.259196867E1,-7.849618047E-2,-3.210860491E-1,7.460191846E-2
3.259396863E1,-1.004873365E-1,-3.180317283E-1,7.399105281E-2
3.259596860E1,-1.206458881E-1,-3.155882657E-1,6.971499324E-2
3.259796856E1,-1.340849251E-1,-3.174208403E-1,6.360634416E-2
3.259996853E1,-1.548543423E-1,-3.180317283E-1,5.566509441E-2
3.260196936E1,-1.786780804E-1,-3.216969073E-1,4.772384837E-2
3.260397016E1,-1.896736622E-1,-3.253620863E-1,3.978259861E-2
3.260597016E1,-2.128865421E-1,-3.326924741E-1,2.573269792E-2
3.260797016E1,-2.324342281E-1,-3.412446082E-1,1.046106778E-2
3.260997013E1,-2.415972054E-1,-3.436880708E-1,2.519819187E-3
3.261197013E1,-2.605340183E-1,-3.522401750E-1,-2.069306001E-2
3.261397013E1,-2.794708610E-1,-3.577379584E-1,-4.451680556E-2
3.261597013E1,-2.910772860E-1,-3.626248837E-1,-5.856670439E-2
3.261797013E1,-3.057380617E-1,-3.632357419E-1,-8.788824081E-2
3.261997013E1,-3.240640163E-1,-3.632357419E-1,-1.184315011E-1
3.262196926E1,-3.472768962E-1,-3.669009507E-1,-1.715767831E-1
3.262396840E1,-3.472768962E-1,-3.669009507E-1,-1.715767831E-1
3.262596843E1,-3.656028509E-1,-3.693444133E-1,-2.082286924E-1
3.262796846E1,-3.698789179E-1,-3.699552715E-1,-2.283872366E-1
3.262996850E1,-3.851505518E-1,-3.681226671E-1,-2.650391459E-1
3.263196853E1,-3.961461186E-1,-3.711769879E-1,-3.035236597E-1
3.263396856E1,-4.016439021E-1,-3.693444133E-1,-3.224605024E-1
3.263596859E1,-4.144720733E-1,-3.742313087E-1,-3.658319116E-1
3.263796859E1,-4.291328490E-1,-3.772856593E-1,-4.085924923E-1
3.263996856E1,-4.389066696E-1,-3.791182339E-1,-4.305836260E-1
3.264196939E1,-4.456261992E-1,-3.846160173E-1,-4.770093858E-1
3.264397026E1,-4.560109079E-1,-3.803399801E-1,-5.228242874E-1
3.264597022E1,-4.688390791E-1,-3.772856593E-1,-5.716935396E-1
3.264797019E1,-4.749477208E-1,-3.748421967E-1,-5.973498225E-1
3.264997016E1,-4.902193546E-1,-3.650683463E-1,-6.474407911E-1
3.265197012E1,-5.067127347E-1,-3.540727794E-1,-7.030295134E-1
3.265397112E1,-5.164865851E-1,-3.449097872E-1,-7.341836691E-1
3.265597116E1,-5.293147564E-1,-3.216969073E-1,-7.928267121E-1
3.265797119E1,-5.470298529E-1,-2.917645276E-1,-8.563567400E-1
3.265997122E1,-5.574145317E-1,-2.764928937E-1,-8.887325525E-1
3.266197039E1,-5.836817622E-1,-2.337323129E-1,-9.846383929E-1
3.266396962E1,-5.830708742E-1,-2.190715522E-1,-1.020679474E0
3.266596965E1,-5.965099335E-1,-2.037999183E-1,-1.054887891E0
3.266796969E1,-6.087272167E-1,-1.757001132E-1,-1.126970053E0
3.266996935E1,-6.246097088E-1,-1.457677186E-1,-1.199662924E0
3.267196935E1,-6.319400668E-1,-1.311069578E-1,-1.238147497E0
3.267396935E1,-6.502660513E-1,-9.750936180E-2,-1.311451316E0
3.267596935E1,-6.667594314E-1,-6.574437022E-2,-1.385365963E0
3.267796935E1,-6.783658266E-1,-5.108360574E-2,-1.422017932E0
3.267996935E1,-6.997461319E-1,-1.931861416E-2,-1.497765183E0
3.268197022E1,-7.272350788E-1,2.672535367E-3,-1.571679950E0
3.268397108E1,-7.406741381E-1,1.244637929E-2,-1.608331800E0
3.268597105E1,-7.773260474E-1,3.199406713E-2,-1.678581357E0
3.268797102E1,-8.164213896E-1,4.665483162E-2,-1.745165706E0
3.268997098E1,-8.396342993E-1,5.520694703E-2,-1.773876309E0
3.269197095E1,-8.842274547E-1,7.719809562E-2,-1.838628054E0
3.269397092E1,-9.275988936E-1,9.308059514E-2,-1.899714589E0
3.269597088E1,-9.483683109E-1,1.028544381E-1,-1.928425193E0
3.269797085E1,-9.941831827E-1,1.162934676E-1,-1.981570482E0
3.269997085E1,-1.039387226E0,1.175151989E-1,-2.023109436E0
3.270197001E1,-1.110247612E0,1.022435725E-1,-2.066480875E0
3.270396961E1,-1.110247612E0,1.022435725E-1,-2.066480875E0
3.270597088E1,-1.156673312E0,7.170030475E-2,-2.080530643E0
3.270797091E1,-1.176221013E0,5.459608138E-2,-2.081752300E0
3.270997094E1,-1.222035885E0,8.781188168E-3,-2.067702532E0
3.271197098E1,-1.261742115E0,-4.680754989E-2,-2.038991928E0
3.271397001E1,-1.286787629E0,-8.040513843E-2,-2.017611504E0
3.271597001E1,-1.324050426E0,-1.451568604E-1,-1.955914140E0
3.271796998E1,-1.357648015E0,-2.147954851E-1,-1.881999493E0
3.271996994E1,-1.375973940E0,-2.502256632E-1,-1.836184621E0
3.272197078E1,-1.408349872E0,-3.198643029E-1,-1.742111325E0
3.272397154E1,-1.438893080E0,-3.913355470E-1,-1.629101276E0
3.272597151E1,-1.460884213E0,-4.279874563E-1,-1.569847345E0
3.272797124E1,-1.501812220E0,-5.080108047E-1,-1.444619894E0
3.272997157E1,-1.550681472E0,-5.941427946E-1,-1.313283920E0
3.273197157E1,-1.573894262E0,-6.375142336E-1,-1.245477915E0
3.273397161E1,-1.627039552E0,-7.089854479E-1,-1.114141822E0
3.273597164E1,-1.688736916E0,-7.694611549E-1,-9.834166765E-1
3.273797167E1,-1.719891071E0,-7.963392138E-1,-9.180541039E-1
3.273997171E1,-1.785864592E0,-8.354345560E-1,-7.922158837E-1
3.274197087E1,-1.889100790E0,-8.898015618E-1,-6.095671654E-1
3.274397000E1,-1.889100790E0,-8.898015618E-1,-6.095671654E-1
3.274597004E1,-1.954463363E0,-9.215666056E-1,-4.904484451E-1
3.274797007E1,-2.026545525E0,-9.356164932E-1,-3.774383664E-1
3.274997007E1,-2.063197374E0,-9.337838888E-1,-3.200170398E-1
3.275197007E1,-2.126727343E0,-9.227883220E-1,-2.137264758E-1
3.275397007E1,-2.185981274E0,-8.977428079E-1,-1.086576581E-1
3.275597007E1,-2.212859392E0,-8.794168830E-1,-5.978843570E-2
3.275797007E1,-2.262950182E0,-8.213846684E-1,3.245221451E-2
3.275997007E1,-2.303267479E0,-7.340309620E-1,1.173624843E-1
3.276197090E1,-2.331978083E0,-6.222426295E-1,1.851685345E-1
3.276397130E1,-2.346638918E0,-5.532148480E-1,2.151009291E-1
3.276597004E1,-2.364964724E0,-3.962224722E-1,2.627484202E-1
3.276797000E1,-2.379014730E0,-2.141846269E-1,3.048981130E-1
3.276996997E1,-2.383901596E0,-1.109483987E-1,3.232240677E-1
3.277196994E1,-2.392453671E0,1.114065498E-1,3.531564772E-1
3.277396990E1,-2.396118879E0,3.429244757E-1,3.922518492E-1
3.277596987E1,-2.399173260E0,4.559345543E-1,4.148538709E-1
3.277796987E1,-2.402227640E0,6.636287570E-1,4.710534513E-1
3.277996990E1,-2.406503677E0,8.474991918E-1,5.321399570E-1
3.278196907E1,-2.414444923E0,1.093677878E0,6.347653270E-1
3.278396853E1,-2.414444923E0,1.093677878E0,6.347653270E-1
3.278596857E1,-2.420553446E0,1.227457404E0,7.001278996E-1
3.278796883E1,-2.427273035E0,1.287322164E0,7.306711674E-1
3.278996886E1,-2.431549072E0,1.388114929E0,7.954229116E-1
3.279196890E1,-2.446820736E0,1.470581770E0,8.497899175E-1
3.279396890E1,-2.452318430E0,1.507233620E0,8.723919392E-1
3.279596886E1,-2.470033646E0,1.563433290E0,9.114872813E-1
3.279796883E1,-2.492635727E0,1.619022012E0,9.420305490E-1
3.279996880E1,-2.499355078E0,1.648954391E0,9.505826831E-1
3.280196963E1,-2.510961533E0,1.722869039E0,9.725738168E-1
3.280397049E1,-2.520735502E0,1.814498901E0,9.927324057E-1
3.280597046E1,-2.527454853E0,1.868255019E0,9.994518757E-1
3.280797043E1,-2.530509233E0,1.981265068E0,1.011669159E0
3.280997043E1,-2.522567987E0,2.107714176E0,1.017166972E0
3.281197046E1,-2.513405085E0,2.176741838E0,1.015334368E0
3.281397049E1,-2.493857384E0,2.320295334E0,1.012280107E0
3.281597053E1,-2.462092400E0,2.461405039E0,1.003117085E0
3.281797056E1,-2.437657833E0,2.530432940E0,9.915106297E-1
3.281997059E1,-2.385123253E0,2.670931816E0,9.658542871E-1
3.282196976E1,-2.276389360E0,2.873739243E0,9.163742065E-1
3.282396889E1,-2.276389360E0,2.873739243E0,9.163742065E-1
3.282596892E1,-2.196366072E0,2.988581896E0,8.748353720E-1
3.282796892E1,-2.121229649E0,3.072881222E0,8.271878958E-1
3.282996892E1,-2.085188627E0,3.103424549E0,7.978663445E-1
3.283196892E1,-2.010663033E0,3.138854742E0,7.361689806E-1
3.283396892E1,-1.926974416E0,3.149239302E0,6.671411991E-1
3.283596892E1,-1.889100790E0,3.141909122E0,6.298784018E-1
3.283796892E1,-1.797470927E0,3.113809347E0,5.553528666E-1
3.283996889E1,-1.698510766E0,3.056387901E0,4.863250852E-1
3.284196972E1,-1.651474237E0,3.015460014E0,4.515057802E-1
3.284397026E1,-1.541518450E0,2.902449846E0,3.873649240E-1
3.284597022E1,-1.430951834E0,2.743624926E0,3.195588887E-1
3.284797019E1,-1.376584888E0,2.643443108E0,2.822960913E-1
3.284997015E1,-1.265407324E0,2.417422771E0,2.089922726E-1
3.285197012E1,-1.154229879E0,2.170022488E0,1.234711409E-1
3.285397008E1,-1.099251986E0,2.044184208E0,7.215845585E-2
3.285597008E1,-9.691377282E-1,1.801670671E0,-2.680171281E-2
3.285797012E1,-8.347473741E-1,1.553048491E0,-1.330922693E-1
3.285997015E1,-7.767151594E-1,1.423545122E0,-1.905135959E-1
3.286196932E1,-6.209445000E-1,1.022817492E0,-3.743840456E-1
3.286396845E1,-5.726861954E-1,8.957574964E-1,-4.409683347E-1
3.286596848E1,-5.329799056E-1,7.784714103E-1,-5.087743998E-1
3.286796852E1,-4.560109079E-1,5.665011406E-1,-6.376669407E-1
3.286996855E1,-3.961461186E-1,3.905719519E-1,-7.622834444E-1
3.287196855E1,-3.772092760E-1,3.178789914E-1,-8.270351887E-1
3.287396852E1,-3.423899710E-1,1.834886521E-1,-9.510408044E-1
3.287596848E1,-3.032945991E-1,6.314819306E-2,-1.064050913E0
3.287796845E1,-2.837468982E-1,7.559457328E-3,-1.117196202E0
3.287996841E1,-2.324342281E-1,-9.506590664E-2,-1.205160737E0
3.288196925E1,-1.670716405E-1,-1.805870384E-1,-1.267469049E0
3.288397011E1,-9.682214260E-2,-2.648864388E-1,-1.304120898E0
3.288597008E1,-6.383541971E-2,-3.088687360E-1,-1.312673092E0
3.288797008E1,1.435533352E-2,-3.986659348E-1,-1.331609845E0
3.288997008E1,9.437867999E-2,-4.847979248E-1,-1.346270680E0
3.289197008E1,1.328631938E-1,-5.220606923E-1,-1.352379322E0
3.289397008E1,2.134974003E-1,-5.935319662E-1,-1.365818381E0
3.289597008E1,2.813034356E-1,-6.503424048E-1,-1.376203060E0
3.289797008E1,3.173444867E-1,-6.717227101E-1,-1.385976911E0
3.289997008E1,3.814853430E-1,-7.034876943E-1,-1.401859403E0
3.290196921E1,4.767803252E-1,-7.114289403E-1,-1.421407104E0
3.290396874E1,4.767803252E-1,-7.114289403E-1,-1.421407104E0
3.290596878E1,5.299255848E-1,-6.943247318E-1,-1.427515745E0
3.290796881E1,5.794056654E-1,-6.656140685E-1,-1.428126574E0
3.290996884E1,6.007859707E-1,-6.497315168E-1,-1.425072312E0
3.291196888E1,6.301075220E-1,-6.075818539E-1,-1.409800649E0
3.291396891E1,6.447682381E-1,-5.581017733E-1,-1.382922530E0
3.291596894E1,6.484334469E-1,-5.287802219E-1,-1.372537851E0
3.291796894E1,6.502660513E-1,-4.628067911E-1,-1.341383696E0
3.291996894E1,6.356052756E-1,-3.901138306E-1,-1.304120898E0
3.292196978E1,6.197227836E-1,-3.534618914E-1,-1.283962369E0
3.292397064E1,5.867360830E-1,-2.709950805E-1,-1.247921348E0
3.292597061E1,5.421429276E-1,-1.799761802E-1,-1.212491155E0
3.292797057E1,5.170974135E-1,-1.335504204E-1,-1.192332625E0
3.292997054E1,4.633412957E-1,-3.336851299E-2,-1.147739410E0
3.293197050E1,4.022547603E-1,7.597636431E-2,-1.092150688E0
3.293397051E1,3.735440969E-1,1.291216463E-1,-1.064661741E0
3.293597054E1,2.984076738E-1,2.378556579E-1,-1.003575206E0
3.293797057E1,2.159408629E-1,3.545309305E-1,-9.333257079E-1
3.293997060E1,1.731802970E-1,4.113413990E-1,-8.997281194E-1
3.294196977E1,4.245513305E-2,5.671120286E-1,-7.897723913E-1
3.294397094E1,-5.803219974E-3,6.159812212E-1,-7.531204820E-1
3.294597097E1,-5.222897977E-2,6.617961526E-1,-7.140251398E-1
3.294797100E1,-1.469130963E-1,7.442629337E-1,-6.370561123E-1
3.294997104E1,-2.422080636E-1,8.181776404E-1,-5.564218760E-1
3.295197104E1,-2.868012190E-1,8.566621542E-1,-5.173265338E-1
3.295397104E1,-3.729332387E-1,9.220247269E-1,-4.360814393E-1
3.295597104E1,-4.541783035E-1,9.910525084E-1,-3.566689491E-1
3.295797104E1,-4.920519590E-1,1.026482701E0,-3.145192564E-1
3.295997104E1,-5.665774941E-1,1.094288707E0,-2.381610870E-1
3.296197190E1,-6.282749176E-1,1.160873055E0,-1.666898578E-1
3.296397237E1,-6.594290137E-1,1.194470644E0,-1.337031275E-1
3.296597233E1,-7.082982659E-1,1.258000612E0,-6.895141304E-2
3.296797230E1,-7.437284589E-1,1.318476319E0,-1.275181212E-2
3.296997226E1,-7.614435554E-1,1.346576095E0,1.656972058E-2
3.297197223E1,-7.840455174E-1,1.397888780E0,6.910412759E-2
3.297397220E1,-7.938193679E-1,1.437595010E0,1.149190217E-1
3.297597216E1,-7.950411439E-1,1.452866673E0,1.332449764E-1
3.297797213E1,-7.938193679E-1,1.460196972E0,1.717294902E-1
3.297997210E1,-7.809911966E-1,1.442481875E0,2.028836161E-1
3.298197123E1,-7.449501753E-1,1.371621609E0,2.395355403E-1
3.298397036E1,-7.449501753E-1,1.371621609E0,2.395355403E-1
3.298597039E1,-7.052439451E-1,1.299539447E0,2.566397488E-1
3.298797043E1,-6.808093190E-1,1.254335403E0,2.645809948E-1
3.298997046E1,-6.349944472E-1,1.155986071E0,2.804635167E-1
3.299197049E1,-5.757405162E-1,1.055193305E0,2.890156209E-1
3.299397053E1,-5.415320396E-1,1.001437187E0,2.908482254E-1
3.299597053E1,-4.700607955E-1,8.902597427E-1,3.006220460E-1
3.299797053E1,-3.937026560E-1,7.833583355E-1,3.085633218E-1
3.299997049E1,-3.051272035E-1,7.332673669E-1,3.122285008E-1
3.300197132E1,-2.587014437E-1,6.355289221E-1,3.220023513E-1
3.300397016E1,-1.572978050E-1,5.500078201E-1,3.281109929E-1
3.300597012E1,-5.467243865E-2,4.724279046E-1,3.415500224E-1
3.300797009E1,-3.054326226E-4,4.394411743E-1,3.476586938E-1
3.300997006E1,1.175915599E-1,3.820198476E-1,3.610977232E-1
3.301197006E1,2.318233550E-1,3.417027593E-1,3.782019317E-1
3.301397009E1,2.916881442E-1,3.270419836E-1,3.855323195E-1
3.301597012E1,4.083634019E-1,3.081051707E-1,4.014148116E-1
3.301797016E1,5.189300179E-1,2.989421785E-1,4.203516543E-1
3.301997019E1,5.794056654E-1,2.928335369E-1,4.325689375E-1
3.302196935E1,7.272350788E-1,2.738966942E-1,4.692208767E-1
3.302396852E1,7.754934430E-1,2.690097690E-1,4.826599061E-1
3.302596855E1,8.194757104E-1,2.622902691E-1,4.979315400E-1
3.302796859E1,9.007207751E-1,2.500729561E-1,5.272530913E-1
3.302996859E1,9.697485566E-1,2.433534414E-1,5.590180755E-1
3.303196859E1,1.003346205E0,2.439643145E-1,5.755113959E-1
3.303396859E1,1.066265345E0,2.409099787E-1,6.115524769E-1
3.303596859E1,1.121243119E0,2.445751727E-1,6.439283490E-1
3.303796859E1,1.148732066E0,2.506838143E-1,6.634759903E-1
3.303996859E1,1.197601318E0,2.604576647E-1,6.964627504E-1
3.304196945E1,1.240972757E0,2.757292986E-1,7.300603390E-1
3.304397032E1,1.261131287E0,2.861140072E-1,7.483862638E-1
3.304597028E1,1.299004912E0,3.087160289E-1,7.838164568E-1
3.304797025E1,1.335656881E0,3.319289088E-1,8.174140453E-1
3.304997022E1,1.350317597E0,3.435353339E-1,8.326857090E-1
3.305197018E1,1.379028320E0,3.685808182E-1,8.675050139E-1
3.305397015E1,1.407128096E0,3.991240859E-1,8.986591101E-1
3.305597011E1,1.416901946E0,4.162282944E-1,9.175959826E-1
3.305797008E1,1.441336513E0,4.516584873E-1,9.499717951E-1
3.305997008E1,1.456608176E0,4.883103967E-1,9.823476672E-1
3.306196925E1,1.484097123E0,5.506186485E-1,1.030606031E0
3.306396838E1,1.484097123E0,5.506186485E-1,1.030606031E0
3.306596841E1,1.504255652E0,5.988770127E-1,1.064814448E0
3.306796845E1,1.512807727E0,6.233116388E-1,1.079475284E0
3.306996848E1,1.528079391E0,6.752351522E-1,1.114905477E0
3.307196851E1,1.545183659E0,7.283804417E-1,1.146670461E0
3.307396851E1,1.554957509E0,7.546476722E-1,1.161331177E0
3.307596851E1,1.571450830E0,8.120689988E-1,1.193096161E0
3.307796848E1,1.589165926E0,8.725446463E-1,1.230358958E0
3.307996844E1,1.597718000E0,9.018661976E-1,1.245630622E0
3.308196928E1,1.613600492E0,9.605092406E-1,1.277395606E0
3.308397011E1,1.627039552E0,1.017319679E0,1.309771419E0
3.308597008E1,1.633148193E0,1.044808626E0,1.325653911E0
3.308797004E1,1.647198081E0,1.104062557E0,1.356808066E0
3.308997004E1,1.666745782E0,1.162094712E0,1.384907842E0
3.309197004E1,1.666745782E0,1.190805435E0,1.400179505E0
3.309397004E1,1.677741408E0,1.248837590E0,1.424614072E0
3.309597004E1,1.686293483E0,1.300150275E0,1.443550944E0
3.309797004E1,1.683239222E0,1.323363185E0,1.455157399E0
3.309997004E1,1.681406617E0,1.357571602E0,1.466152906E0
3.310196917E1,1.666134953E0,1.394223571E0,1.477148533E0
3.310396827E1,1.666134953E0,1.394223571E0,1.477148533E0
3.310596827E1,1.643532991E0,1.407662630E0,1.478370309E0
3.310796831E1,1.608102798E0,1.404608250E0,1.469207287E0
3.310996834E1,1.584279060E0,1.397888780E0,1.463098645E0
3.311196837E1,1.532355428E0,1.375286698E0,1.435609698E0
3.311396841E1,1.461495042E0,1.336191416E0,1.398346901E0
3.311596844E1,1.426064968E0,1.314811110E0,1.374523163E0
3.311796847E1,1.340543747E0,1.259833217E0,1.321377873E0
3.311996850E1,1.244637966E0,1.193248868E0,1.257237077E0
3.312196937E1,1.144456029E0,1.111392975E0,1.185765743E0
3.312397024E1,1.087034702E0,1.059469461E0,1.142394423E0
3.312597020E1,9.709703326E-1,9.482919574E-1,1.047710299E0
3.312797017E1,8.487972617E-1,8.175667524E-1,9.389762282E-1
3.312997014E1,7.858781219E-1,7.454846501E-1,8.797222972E-1
3.313197010E1,6.557638645E-1,5.958226919E-1,7.489971519E-1
3.313396947E1,5.818491578E-1,5.176319480E-1,6.781367660E-1
3.313582986E1,4.437935948E-1,3.520874679E-1,5.321399570E-1
3.313782986E1,3.039054573E-1,1.779908538E-1,3.775910735E-1
3.313982990E1,1.615738571E-1,1.450804994E-3,2.193769813E-1
3.314182906E1,-4.550946131E-2,-2.654972970E-1,-3.352123126E-2
3.314382853E1,-4.550946131E-2,-2.654972970E-1,-3.352123126E-2
3.314582856E1,-1.847867370E-1,-4.487568736E-1,-2.143373489E-1
3.314782859E1,-2.513710558E-1,-5.385540724E-1,-3.084105849E-1
3.314982863E1,-3.863722682E-1,-7.163158655E-1,-4.928919077E-1
3.315182866E1,-5.061018467E-1,-8.867472410E-1,-6.694319248E-1
3.315382869E1,-5.671883821E-1,-9.704357982E-1,-7.512878776E-1
3.315582869E1,-6.765332818E-1,-1.129260778E0,-9.015607238E-1
3.315782869E1,-7.864890099E-1,-1.270370603E0,-1.018846869E0
3.315982869E1,-8.335255980E-1,-1.334511518E0,-1.068326950E0
3.316182956E1,-9.269880056E-1,-1.448743343E0,-1.145906806E0
3.316383046E1,-1.008843899E0,-1.543427348E0,-1.195997834E0
3.316583046E1,-1.046717644E0,-1.581301093E0,-1.211880326E0
3.316783042E1,-1.101084590E0,-1.641776681E0,-1.225930214E0
3.316983039E1,-1.139569163E0,-1.671098232E0,-1.216156363E0
3.317183036E1,-1.148121238E0,-1.671098232E0,-1.210658550E0
3.317383032E1,-1.151175499E0,-1.644220114E0,-1.181947947E0
3.317583029E1,-1.145066857E0,-1.579468489E0,-1.142852545E0
3.317783025E1,-1.127962708E0,-1.535486102E0,-1.120861411E0
3.317983022E1,-1.094975948E0,-1.424308658E0,-1.069548726E0
3.318182932E1,-1.018617749E0,-1.209284067E0,-9.834166765E-1
3.318382845E1,-1.018617749E0,-1.209284067E0,-9.834166765E-1
3.318582849E1,-9.563095570E-1,-1.038241863E0,-9.192758203E-1
3.318782852E1,-8.946121335E-1,-8.531496525E-1,-8.447502851E-1
3.318982855E1,-8.591819406E-1,-7.529677749E-1,-8.062657714E-1
3.319182858E1,-7.840455174E-1,-5.428301096E-1,-7.189120650E-1
3.319382922E1,-7.070765495E-1,-3.229186535E-1,-6.236170530E-1
3.319582925E1,-6.679811478E-1,-2.086868435E-1,-5.741369724E-1
3.319782928E1,-5.891795158E-1,2.283108793E-2,-4.678464234E-1
3.319982928E1,-5.006040931E-1,2.506838143E-1,-3.585015535E-1
3.320183012E1,-4.590652287E-1,3.557526469E-1,-3.004693389E-1
3.320383065E1,-3.808744848E-1,5.512295365E-1,-1.831832081E-1
3.320583062E1,-3.149010241E-1,7.149413824E-1,-7.567093521E-2
3.320783058E1,-2.868012190E-1,7.864126563E-1,-2.802344225E-2
3.320983055E1,-2.299907655E-1,9.043096304E-1,6.360634416E-2
3.321183051E1,-1.762346178E-1,9.934959412E-1,1.375210434E-1
3.321383048E1,-1.542434692E-1,1.033202171E0,1.662317067E-1
3.321583048E1,-9.315694869E-2,1.110171199E0,2.218204439E-1
3.321783051E1,-4.306599870E-2,1.179198980E0,2.706896663E-1
3.321983055E1,-1.007927675E-2,1.207909703E0,2.945134044E-1
3.322182971E1,7.727445662E-2,1.281213522E0,3.488804102E-1
3.322382884E1,1.072068512E-1,1.298928618E0,3.672063649E-1
3.322582888E1,1.365283877E-1,1.308702469E0,3.830888569E-1
3.322782891E1,1.951714456E-1,1.319087148E0,4.105778039E-1
3.322982894E1,2.562579811E-1,1.305037260E0,4.356232882E-1
3.323182898E1,2.843577862E-1,1.292209029E0,4.472297132E-1
3.323382898E1,3.387247920E-1,1.250670195E0,4.588361681E-1
3.323582898E1,3.912591934E-1,1.191416264E0,4.570035636E-1
3.323782898E1,4.120286107E-1,1.157207847E0,4.527274966E-1
3.323982898E1,4.547891617E-1,1.077184558E0,4.319580793E-1
3.324182984E1,4.871650338E-1,9.837220907E-1,4.020256996E-1
3.324383071E1,5.134322643E-1,8.768206835E-1,3.610977232E-1
3.324583068E1,5.183191895E-1,8.163450360E-1,3.348305225E-1
3.324783064E1,5.268712640E-1,6.929502487E-1,2.694679201E-1
3.324983061E1,5.170974135E-1,5.665011406E-1,1.949423701E-1
3.325183057E1,5.115996599E-1,4.980842471E-1,1.552361250E-1
3.325383054E1,4.883867502E-1,3.624721766E-1,6.360634416E-2
3.325583050E1,4.511239827E-1,2.134210467E-1,-3.657555580E-2
3.325783047E1,4.376849532E-1,1.376737505E-1,-9.521862119E-2
3.325983044E1,3.961461186E-1,-5.879578181E-3,-2.216677219E-1
3.326182957E1,3.436116874E-1,-1.909717470E-1,-4.397466183E-1
3.326382907E1,3.436116874E-1,-1.909717470E-1,-4.397466183E-1
3.326582910E1,3.222314119E-1,-2.795472145E-1,-5.991824269E-1
3.326782914E1,3.118467033E-1,-3.339142203E-1,-7.561748028E-1
3.326982917E1,3.124575615E-1,-3.442989290E-1,-8.343655467E-1
3.327182920E1,3.252857327E-1,-3.369685411E-1,-9.675341845E-1
3.327382924E1,3.472768962E-1,-3.149773777E-1,-1.078711629E0
3.327582927E1,3.631593883E-1,-3.052035570E-1,-1.122694016E0
3.327782927E1,3.967569768E-1,-2.948188484E-1,-1.194776058E0
3.327982923E1,4.334088862E-1,-2.972623110E-1,-1.238147497E0
3.328183007E1,4.486805201E-1,-3.039818108E-1,-1.251586556E0
3.328383093E1,4.877758920E-1,-3.223077655E-1,-1.261360407E0
3.328583090E1,5.170974135E-1,-3.491858542E-1,-1.255251765E0
3.328783087E1,5.305364728E-1,-3.681226671E-1,-1.243034363E0
3.328983083E1,5.519167781E-1,-4.169918895E-1,-1.208825946E0
3.329183080E1,5.690209866E-1,-4.713588953E-1,-1.161789298E0
3.329383080E1,5.763513446E-1,-4.945717752E-1,-1.138576508E0
3.329583083E1,5.867360830E-1,-5.361106396E-1,-1.082987666E0
3.329783086E1,6.038402915E-1,-5.648213029E-1,-1.028620720E0
3.329983090E1,6.123924255E-1,-5.752059817E-1,-1.002964377E0
3.330183006E1,6.270532012E-1,-5.819255114E-1,-9.149997830E-1
3.330382920E1,6.331618428E-1,-5.776494741E-1,-8.838456273E-1
3.330582923E1,6.392704844E-1,-5.678756237E-1,-8.526915312E-1
3.330782926E1,6.563746929E-1,-5.385540724E-1,-7.940484881E-1
3.330982929E1,6.637051105E-1,-4.945717752E-1,-7.323510647E-1
3.331182929E1,6.698137522E-1,-4.676937163E-1,-7.060838938E-1
3.331382929E1,6.594290137E-1,-4.078288972E-1,-6.474407911E-1
3.331582929E1,6.435465217E-1,-3.436880708E-1,-5.906303525E-1
3.331782893E1,6.313292384E-1,-3.076470196E-1,-5.619196892E-1
3.331982893E1,6.007859707E-1,-2.288453877E-1,-5.044983625E-1
3.332182979E1,5.708535910E-1,-1.530981064E-1,-4.421900809E-1
3.332383029E1,5.482515693E-1,-1.133918613E-1,-4.128685594E-1
3.332583026E1,5.042692423E-1,-3.764457256E-2,-3.511711657E-1
3.332782982E1,4.621195495E-1,2.955060638E-2,-2.949715555E-1
3.332982979E1,4.431827366E-1,6.192646548E-2,-2.687043548E-1
3.333182976E1,3.955352604E-1,1.004109755E-1,-2.204459906E-1
3.333382972E1,3.484986126E-1,1.254564524E-1,-1.691333205E-1
3.333582969E1,3.216205537E-1,1.340085566E-1,-1.440878361E-1
3.333782966E1,2.715296149E-1,1.364520192E-1,-9.155342728E-2
3.333982966E1,2.202169150E-1,1.278999150E-1,-3.901901841E-2
3.334182879E1,1.414152980E-1,9.674578160E-2,4.039346427E-2
3.334382792E1,1.414152980E-1,9.674578160E-2,4.039346427E-2
3.334582795E1,7.666359097E-2,6.192646548E-2,9.292787313E-2
3.334782799E1,4.917465150E-2,3.565925732E-2,1.191950813E-1
3.334982802E1,-2.412917651E-2,-1.931861416E-2,1.784490049E-1
3.335182805E1,-9.132435173E-2,-6.391177326E-2,2.364812046E-1
3.335382809E1,-1.212567538E-1,-8.407033235E-2,2.664135993E-1
3.335582809E1,-1.774563491E-1,-1.097266674E-1,3.189480305E-1
3.335782805E1,-2.299907655E-1,-1.201113760E-1,3.739258945E-1
3.335982802E1,-2.727513313E-1,-1.146135926E-1,3.977496326E-1
3.336182885E1,-2.892446816E-1,-1.072832122E-1,4.429536462E-1
3.336382972E1,-3.222314119E-1,-9.323330969E-2,4.881576896E-1
3.336582968E1,-3.478877544E-1,-8.345946670E-2,5.339725614E-1
3.336782965E1,-3.582724631E-1,-8.101600409E-2,5.522985458E-1
3.336982962E1,-3.790418804E-1,-8.101600409E-2,5.926156640E-1
3.337182962E1,-3.863722682E-1,-7.307475805E-2,6.225480437E-1
3.337382965E1,-3.875939846E-1,-6.513350457E-2,6.353762150E-1
3.337582968E1,-3.875939846E-1,-5.169447139E-2,6.610325575E-1
3.337783008E1,-3.790418804E-1,-4.375322163E-2,6.787476540E-1
3.337983011E1,-3.753767014E-1,-4.314235970E-2,6.866889000E-1
3.338182928E1,-3.399465084E-1,-1.015563495E-2,7.013496757E-1
3.338382875E1,-3.179553747E-1,8.170322515E-3,7.074583173E-1
3.338582878E1,-2.941316068E-1,2.955060638E-2,7.123452425E-1
3.338782921E1,-2.360994220E-1,8.513934165E-2,7.294494510E-1
3.338982921E1,-1.682933718E-1,1.468367279E-1,7.434993386E-1
3.339182921E1,-1.346957833E-1,1.749365330E-1,7.514405847E-1
3.339382921E1,-6.505715102E-2,2.354121953E-1,7.648796439E-1
3.339582921E1,8.857546374E-3,2.934443951E-1,7.722100019E-1
3.339782921E1,4.550946131E-2,3.239876628E-1,7.752643824E-1
3.339982921E1,1.194241568E-1,3.789655268E-1,7.801512480E-1
3.340183008E1,1.915062517E-1,4.229478240E-1,7.838164568E-1
3.340383094E1,2.226603776E-1,4.382194579E-1,7.868707776E-1
3.340583091E1,2.898555696E-1,4.516584873E-1,7.868707776E-1
3.340783088E1,3.472768962E-1,4.473824203E-1,7.887033820E-1
3.340983084E1,3.704897761E-1,4.363868535E-1,7.899250984E-1
3.341183081E1,4.181372523E-1,4.150065780E-1,7.880925536E-1
3.341383077E1,4.627304375E-1,3.838524520E-1,7.887033820E-1
3.341583074E1,4.786129296E-1,3.612504303E-1,7.862599492E-1
3.341783074E1,5.067127347E-1,3.197115958E-1,7.838164568E-1
3.341983074E1,5.366451144E-1,2.812270820E-1,7.807621360E-1
3.342182991E1,5.720753074E-1,2.311361432E-1,7.728208899E-1
3.342382981E1,5.720753074E-1,2.311361432E-1,7.728208899E-1
3.342582984E1,5.836817622E-1,2.048689276E-1,7.703774571E-1
3.342782987E1,5.928447247E-1,1.895972937E-1,7.685448527E-1
3.342982991E1,6.020076871E-1,1.596648991E-1,7.606036067E-1
3.343182994E1,6.081163287E-1,1.278999150E-1,7.483862638E-1
3.343382994E1,6.093381047E-1,1.138500124E-1,7.428885102E-1
3.343582990E1,6.148358583E-1,8.819366992E-2,7.300603390E-1
3.343782987E1,6.270532012E-1,6.498079002E-2,7.105126381E-1
3.343982984E1,6.343835592E-1,5.765040591E-2,7.019605041E-1
3.344183067E1,6.435465217E-1,2.649627998E-2,6.769150496E-1
3.344383120E1,6.520986557E-1,-1.992947794E-2,6.512587070E-1
3.344583117E1,6.484334469E-1,-4.864014685E-2,6.390414238E-1
3.344783113E1,6.423248053E-1,-1.152244583E-1,6.127741933E-1
3.344983113E1,6.270532012E-1,-1.970804036E-1,5.828418136E-1
3.345183113E1,6.209445000E-1,-2.410627007E-1,5.675701499E-1
3.345383113E1,6.044511795E-1,-3.339142203E-1,5.358051658E-1
3.345583113E1,5.885686874E-1,-4.243222773E-1,5.028184652E-1
3.345783113E1,5.849034786E-1,-4.676937163E-1,4.881576896E-1
3.345983113E1,5.690209866E-1,-5.550474524E-1,4.588361681E-1
3.346183027E1,5.561928153E-1,-6.790530682E-1,4.142429829E-1
3.346382937E1,5.561928153E-1,-6.790530682E-1,4.142429829E-1
3.346582937E1,5.458080769E-1,-7.651850581E-1,3.904192448E-1
3.346782940E1,5.378668308E-1,-8.647561073E-1,3.684281111E-1
3.346982943E1,5.299255848E-1,-9.209557176E-1,3.562107980E-1
3.347182947E1,5.073235631E-1,-1.044350505E0,3.287218511E-1
3.347382950E1,4.877758920E-1,-1.159193158E0,2.994003296E-1
3.347582953E1,4.810563922E-1,-1.217836261E0,2.841286957E-1
3.347782956E1,4.596760869E-1,-1.326570272E0,2.584723532E-1
3.347982960E1,4.309654236E-1,-1.442634583E0,2.377029359E-1
3.348183046E1,3.955352604E-1,-1.551368594E0,2.224313021E-1
3.348383056E1,3.778201640E-1,-1.600848675E0,2.181552500E-1
3.348583053E1,3.466660380E-1,-1.685758948E0,2.120465934E-1
3.348783050E1,3.185662329E-1,-1.742569447E0,2.114357352E-1
3.348983046E1,3.051272035E-1,-1.763338923E0,2.144900560E-1
3.349183043E1,2.849686444E-1,-1.788384318E0,2.157117873E-1
3.349383039E1,2.654209435E-1,-1.786551714E0,2.242639065E-1
3.349583039E1,2.574796975E-1,-1.775556207E0,2.291508317E-1
3.349783039E1,2.477058619E-1,-1.739515185E0,2.413681298E-1
3.349983043E1,2.464841306E-1,-1.691256762E0,2.474767864E-1
3.350182959E1,2.495384514E-1,-1.624672532E0,2.566397488E-1
3.350382873E1,2.495384514E-1,-1.624672532E0,2.566397488E-1
3.350582876E1,2.593123019E-1,-1.577635884E0,2.609158158E-1
3.350782879E1,2.635883391E-1,-1.555644751E0,2.633592784E-1
3.350982882E1,2.770273983E-1,-1.506164670E0,2.737439871E-1
3.351182886E1,2.929098904E-1,-1.453019381E0,2.859613001E-1
3.351382886E1,3.045163155E-1,-1.426141262E0,2.932916880E-1
3.351582886E1,3.240640163E-1,-1.368719935E0,3.097850382E-1
3.351782886E1,3.381139040E-1,-1.305189967E0,3.244458139E-1
3.351982886E1,3.521638215E-1,-1.278311849E0,3.293327391E-1
3.352182972E1,3.735440969E-1,-1.222112298E0,3.446043432E-1
3.352383062E1,3.802636266E-1,-1.173853874E0,3.580434024E-1
3.352583062E1,3.857614100E-1,-1.152473688E0,3.617085814E-1
3.352783059E1,3.979786932E-1,-1.108491302E0,3.641520441E-1
3.352983056E1,4.004221559E-1,-1.066341639E0,3.659846485E-1
3.353183052E1,4.077525437E-1,-1.046183109E0,3.665955067E-1
3.353383049E1,4.114177525E-1,-1.011363745E0,3.647629023E-1
3.353583045E1,4.230241776E-1,-9.808205366E-1,3.574325144E-1
3.353783042E1,4.285219610E-1,-9.698249102E-1,3.580434024E-1
3.353983039E1,4.425718784E-1,-9.508880973E-1,3.555999398E-1
3.354182949E1,4.773911834E-1,-9.240100384E-1,3.531564772E-1
3.354382859E1,4.773911834E-1,-9.240100384E-1,3.531564772E-1
3.354582862E1,5.054910183E-1,-9.130144715E-1,3.476586938E-1
3.354782865E1,5.396994352E-1,-8.989645839E-1,3.452152312E-1
3.354982868E1,5.580254197E-1,-8.934667706E-1,3.439934850E-1
3.355182872E1,5.965099335E-1,-8.794168830E-1,3.403283060E-1
3.355382875E1,6.337726712E-1,-8.714756370E-1,3.378848433E-1
3.355582878E1,6.551529765E-1,-8.733082414E-1,3.378848433E-1
3.355782882E1,6.973026991E-1,-8.843038082E-1,3.317761719E-1
3.355982882E1,7.486153841E-1,-9.038515091E-1,3.293327391E-1
3.356182965E1,7.742717266E-1,-9.099601507E-1,3.305544555E-1
3.356383052E1,8.274169564E-1,-9.331730008E-1,3.299435973E-1
3.356583048E1,8.842274547E-1,-9.539424181E-1,3.329979181E-1
3.356783045E1,9.062185884E-1,-9.649379849E-1,3.323870599E-1
3.356983041E1,9.618073106E-1,-9.832639694E-1,3.354413807E-1
3.357183038E1,1.009454846E0,-9.936487079E-1,3.409391642E-1
3.357383038E1,1.030835152E0,-9.985355735E-1,3.446043432E-1
3.357583038E1,1.074206591E0,-1.005255103E0,3.507130146E-1
3.357783038E1,1.112080216E0,-1.008920312E0,3.555999398E-1
3.357983038E1,1.128573537E0,-1.009531140E0,3.598759770E-1
3.358182951E1,1.180497050E0,-9.936487079E-1,3.751476109E-1
3.358382861E1,1.192714334E0,-9.857074022E-1,3.794236779E-1
3.358582861E1,1.207985997E0,-9.777661562E-1,3.867540658E-1
3.358782861E1,1.232420683E0,-9.533315897E-1,4.008039534E-1
3.358982861E1,1.251968265E0,-9.343947768E-1,4.105778039E-1
3.359182861E1,1.256855249E0,-9.240100384E-1,4.166864455E-1
3.359382865E1,1.262963891E0,-9.130144715E-1,4.282929003E-1
3.359582868E1,1.258687854E0,-9.026297331E-1,4.411210716E-1
3.359782871E1,1.253190041E0,-8.995754123E-1,4.496731758E-1
3.359982874E1,1.234864116E0,-8.940776587E-1,4.643339515E-1
3.360182964E1,1.214705586E0,-8.946884871E-1,4.820490479E-1
3.360383058E1,1.183551431E0,-8.946884871E-1,5.009858608E-1
3.360583058E1,1.170112371E0,-8.928559422E-1,5.095379949E-1
3.360783054E1,1.135293007E0,-8.916341662E-1,5.266422033E-1
3.360983051E1,1.101695418E0,-8.806385994E-1,5.388594866E-1
3.361183048E1,1.083980322E0,-8.690321445E-1,5.461899042E-1
3.361383044E1,1.053437114E0,-8.488736153E-1,5.608506799E-1
3.361583041E1,1.024115562E0,-8.207738400E-1,5.810092092E-1
3.361783037E1,1.002735257E0,-8.048913479E-1,5.877287388E-1
3.361983034E1,9.740246534E-1,-7.731263041E-1,6.084981561E-1
3.362182947E1,9.416487813E-1,-7.083746195E-1,6.384305358E-1
3.362382861E1,9.416487813E-1,-7.083746195E-1,6.384305358E-1
3.362582864E1,9.184358716E-1,-6.711118221E-1,6.628651619E-1
3.362782867E1,9.049968719E-1,-6.283512712E-1,6.836345792E-1
3.362982870E1,8.946121335E-1,-6.063601375E-1,6.982953548E-1
3.363182874E1,8.866708875E-1,-5.672647357E-1,7.202864885E-1
3.363382837E1,8.695666790E-1,-5.306128263E-1,7.428885102E-1
3.363582840E1,8.652906418E-1,-5.122868419E-1,7.569383979E-1
3.363782844E1,8.622363210E-1,-4.860196710E-1,7.740426064E-1
3.363982844E1,8.622363210E-1,-4.609741867E-1,7.905359864E-1
3.364182930E1,8.652906418E-1,-4.463134110E-1,7.966446280E-1
3.364383020E1,8.726209998E-1,-4.145484269E-1,8.045858741E-1
3.364583020E1,8.768970370E-1,-3.840051591E-1,8.125271201E-1
3.364783020E1,8.817839622E-1,-3.705661297E-1,8.161923289E-1
3.364983020E1,8.897252083E-1,-3.485749662E-1,8.198575377E-1
3.365183020E1,9.049968719E-1,-3.253620863E-1,8.235226870E-1
3.365383017E1,9.043859839E-1,-3.143665195E-1,8.235226870E-1
3.365583014E1,9.208793640E-1,-2.966514230E-1,8.265770078E-1
3.365783010E1,9.349292517E-1,-2.740494311E-1,8.271878958E-1
3.365983007E1,9.453139901E-1,-2.648864388E-1,8.265770078E-1
3.366182917E1,9.691377282E-1,-2.337323129E-1,8.235226870E-1
3.366382823E1,9.789115787E-1,-2.251801938E-1,8.210792542E-1
3.366582820E1,9.850202203E-1,-2.141846269E-1,8.192466497E-1
3.366782820E1,1.004567862E0,-1.995238662E-1,8.180249333E-1
3.366982820E1,1.014341712E0,-1.873065531E-1,8.131380081E-1
3.367182823E1,1.022282958E0,-1.830305010E-1,8.113054037E-1
3.367382827E1,1.029613376E0,-1.750892550E-1,8.070293665E-1
3.367582830E1,1.032056808E0,-1.714240611E-1,7.990881205E-1
3.367782833E1,1.033278584E0,-1.702023298E-1,7.935903072E-1
3.367982836E1,1.039998055E0,-1.628719419E-1,7.832056284E-1
3.368182926E1,1.037554622E0,-1.561524272E-1,7.722100019E-1
3.368383016E1,1.037554622E0,-1.549306959E-1,7.648796439E-1
3.368583013E1,1.032667756E0,-1.530981064E-1,7.514405847E-1
3.368783010E1,1.023504734E0,-1.610393524E-1,7.386124134E-1
3.368983006E1,1.016174316E0,-1.671480089E-1,7.343363762E-1
3.369183003E1,1.005789638E0,-1.811978966E-1,7.202864885E-1
3.369383039E1,9.850202203E-1,-2.013564557E-1,7.037931085E-1
3.369583036E1,9.734137654E-1,-2.141846269E-1,6.970735788E-1
3.369783033E1,9.556986690E-1,-2.404518276E-1,6.793584824E-1
3.369983033E1,9.355401397E-1,-2.716059685E-1,6.585890651E-1
3.370182949E1,9.001099467E-1,-3.223077655E-1,6.256023645E-1
3.370383052E1,9.001099467E-1,-3.223077655E-1,6.256023645E-1
3.370583056E1,8.799513578E-1,-3.620140254E-1,6.023895144E-1
3.370783059E1,8.689557910E-1,-3.870594800E-1,5.926156640E-1
3.370983062E1,8.414669037E-1,-4.389830232E-1,5.700136423E-1
3.371183066E1,8.121453524E-1,-4.896848500E-1,5.474116206E-1
3.371383069E1,7.956519723E-1,-5.190063715E-1,5.388594866E-1
3.371583072E1,7.626652718E-1,-5.794820189E-1,5.125923157E-1
3.371783072E1,7.315111160E-1,-6.424011588E-1,4.857142270E-1
3.371983072E1,6.985244155E-1,-6.955464482E-1,4.728860557E-1
3.372183159E1,6.820310354E-1,-7.218136191E-1,4.417319298E-1
3.372383249E1,6.527095437E-1,-7.682393789E-1,4.087451994E-1
3.372583249E1,6.185010672E-1,-8.109999895E-1,3.745367527E-1
3.372783249E1,5.989533663E-1,-8.348237276E-1,3.549890518E-1
3.372983249E1,5.592471361E-1,-8.726973534E-1,3.177262843E-1
3.373183246E1,5.213735104E-1,-9.087384343E-1,2.798526287E-1
3.373383242E1,5.018258095E-1,-9.227883220E-1,2.621375620E-1
3.373583239E1,4.602869749E-1,-9.496663809E-1,2.218204439E-1
3.373783235E1,4.138612151E-1,-9.734901190E-1,1.778381467E-1
3.373983232E1,3.888157308E-1,-9.844856858E-1,1.589013189E-1
3.374183142E1,3.191770911E-1,-1.010142088E0,9.170614183E-2
3.374383059E1,3.014619946E-1,-1.013807178E0,7.215845585E-2
3.374583058E1,2.770273983E-1,-1.014418125E0,4.711298272E-2
3.374783058E1,2.403754741E-1,-1.011363745E0,7.406740915E-3
3.374983062E1,2.043344229E-1,-9.991464615E-1,-3.535382450E-2
3.375183065E1,1.860084683E-1,-9.881508946E-1,-5.673411116E-2
3.375383068E1,1.566869318E-1,-9.594402313E-1,-9.216429293E-2
3.375583072E1,1.328631938E-1,-9.264535308E-1,-1.275944710E-1
3.375783075E1,1.249219403E-1,-9.044623375E-1,-1.440878361E-1
3.375983078E1,1.090394482E-1,-8.653669953E-1,-1.721876413E-1
3.376183165E1,9.926560521E-2,-8.238281608E-1,-2.002874464E-1
3.376383062E1,9.804387391E-2,-8.042804599E-1,-2.112830132E-1
3.376583058E1,9.498954564E-2,-7.645742297E-1,-2.326633036E-1
3.376783055E1,9.682214260E-2,-7.273114324E-1,-2.479349375E-1
3.376983051E1,9.865473956E-2,-7.083746195E-1,-2.558761835E-1
3.377183048E1,1.108720452E-1,-6.747770309E-1,-2.674826086E-1
3.377383044E1,1.218676195E-1,-6.424011588E-1,-2.735912800E-1
3.377583041E1,1.194241568E-1,-6.265186667E-1,-2.784782052E-1
3.377783041E1,1.298088580E-1,-5.990297198E-1,-2.839759886E-1
3.377983041E1,1.371392459E-1,-5.684864521E-1,-2.888629138E-1
3.378182954E1,1.463022232E-1,-5.257259011E-1,-2.882520258E-1
3.378382864E1,1.463022232E-1,-5.257259011E-1,-2.882520258E-1
3.378582824E1,1.505782902E-1,-4.951826334E-1,-2.821433842E-1
3.378782824E1,1.530217379E-1,-4.780784249E-1,-2.790890634E-1
3.378982824E1,1.505782902E-1,-4.481460154E-1,-2.693152130E-1
3.379182824E1,1.377501190E-1,-4.121049643E-1,-2.589305043E-1
3.379382824E1,1.359175146E-1,-3.956116140E-1,-2.546544373E-1
3.379582828E1,1.182024255E-1,-3.571271002E-1,-2.406045496E-1
3.379782831E1,9.498954564E-2,-3.168099821E-1,-2.302198410E-1
3.379982834E1,7.422012836E-2,-3.003166318E-1,-2.253329158E-1
3.380182924E1,4.856378585E-2,-2.673299015E-1,-2.149482071E-1
3.380383008E1,1.069014147E-2,-2.386192381E-1,-2.033417672E-1
3.380583011E1,-4.581489135E-3,-2.282345295E-1,-1.990657151E-1
3.380783014E1,-4.978551716E-2,-2.050216496E-1,-1.886810064E-1
3.380983014E1,-9.315694869E-2,-1.836413592E-1,-1.825723499E-1
3.381183011E1,-1.182024255E-1,-1.757001132E-1,-1.776854247E-1
3.381383007E1,-1.658499092E-1,-1.640936732E-1,-1.734093726E-1
3.381583004E1,-2.189951837E-1,-1.610393524E-1,-1.727984995E-1
3.381783001E1,-2.446515262E-1,-1.616502106E-1,-1.715767831E-1
3.381982997E1,-3.026837409E-1,-1.665371358E-1,-1.740202308E-1
3.382182907E1,-3.869831264E-1,-1.836413592E-1,-1.789071560E-1
3.382382817E1,-3.869831264E-1,-1.836413592E-1,-1.789071560E-1
3.382582817E1,-4.535674453E-1,-2.019673288E-1,-1.868484020E-1
3.382782820E1,-5.122104883E-1,-2.264019251E-1,-1.947896481E-1
3.382982824E1,-5.415320396E-1,-2.404518276E-1,-1.990657151E-1
3.383182827E1,-5.965099335E-1,-2.661081851E-1,-2.100612819E-1
3.383382830E1,-6.508769393E-1,-2.905427814E-1,-2.204459906E-1
3.383582834E1,-6.771441102E-1,-3.015383482E-1,-2.277763784E-1
3.383782837E1,-7.235698700E-1,-3.229186535E-1,-2.412154078E-1
3.383982840E1,-7.681630254E-1,-3.418554664E-1,-2.552653253E-1
3.384182930E1,-8.084801435E-1,-3.595705628E-1,-2.723695338E-1
3.384383020E1,-8.261952400E-1,-3.681226671E-1,-2.803107798E-1
3.384583060E1,-8.628471494E-1,-3.840051591E-1,-2.992476225E-1
3.384783060E1,-8.964447379E-1,-3.943898678E-1,-3.187952936E-1
3.384983060E1,-9.111055136E-1,-3.974441886E-1,-3.285691440E-1
3.385183060E1,-9.398161769E-1,-4.047745764E-1,-3.481168449E-1
3.385383060E1,-9.618073106E-1,-4.023311138E-1,-3.664427996E-1
3.385583057E1,-9.752463698E-1,-4.004985392E-1,-3.774383664E-1
3.385783054E1,-9.966266751E-1,-3.937790096E-1,-4.000403881E-1
3.385983050E1,-1.015563488E0,-3.797291219E-1,-4.232532680E-1
3.386182960E1,-1.039998055E0,-3.388011456E-1,-4.568508565E-1
3.386382873E1,-1.039998055E0,-3.388011456E-1,-4.568508565E-1
3.386582870E1,-1.055269718E0,-2.960405648E-1,-4.770093858E-1
3.386782867E1,-1.063210964E0,-2.691625059E-1,-4.892266989E-1
3.386982863E1,-1.077260852E0,-2.074651122E-1,-5.118287206E-1
3.387182863E1,-1.091310740E0,-1.366047412E-1,-5.356524587E-1
3.387382867E1,-1.099862933E0,-1.017854214E-1,-5.472589135E-1
3.387582870E1,-1.110247612E0,-2.420553565E-2,-5.741369724E-1
3.387782873E1,-1.127962708E0,6.253732741E-2,-6.059019566E-1
3.387982876E1,-1.129795313E0,1.052978933E-1,-6.242279410E-1
3.388182966E1,-1.139569163E0,1.950950921E-1,-6.602689624E-1
3.388383060E1,-1.153619051E0,2.751184404E-1,-7.024186850E-1
3.388583063E1,-1.158505917E0,3.160464168E-1,-7.244098186E-1
3.388783063E1,-1.173166752E0,3.832415938E-1,-7.738898993E-1
3.388983060E1,-1.184162259E0,4.467715621E-1,-8.264243007E-1
3.389183056E1,-1.189049244E0,4.760931134E-1,-8.588001728E-1
3.389383053E1,-1.213483810E0,5.292384028E-1,-9.235519171E-1
3.389583049E1,-1.239140153E0,5.695554614E-1,-9.870818853E-1
3.389783046E1,-1.255633473E0,5.854379535E-1,-1.018846869E0
3.389983043E1,-1.290452838E0,6.104834676E-1,-1.082987666E0
3.390182953E1,-1.339932919E0,6.239224672E-1,-1.178282738E0
3.390382863E1,-1.339932919E0,6.239224672E-1,-1.178282738E0
3.390582866E1,-1.378417373E0,6.104834676E-1,-1.239980102E0
3.390782869E1,-1.412014961E0,5.860488415E-1,-1.300455689E0
3.390982873E1,-1.429730058E0,5.701663494E-1,-1.333442450E0
3.391182876E1,-1.462105989E0,5.353470445E-1,-1.390252948E0
3.391382879E1,-1.487762332E0,5.005277395E-1,-1.448285103E0
3.391582882E1,-1.499979615E0,4.767039716E-1,-1.479439259E0
3.391782886E1,-1.516472936E0,4.290564656E-1,-1.531973720E0
3.391982889E1,-1.524414182E0,3.759112060E-1,-1.575955987E0
3.392182936E1,-1.528079391E0,3.423136175E-1,-1.594892740E0
3.392383019E1,-1.529301167E0,2.763401568E-1,-1.632155538E0
3.392583019E1,-1.526857734E0,2.060906589E-1,-1.661477089E0
3.392783019E1,-1.521359921E0,1.712713391E-1,-1.672472715E0
3.392983019E1,-1.504255652E0,9.980010986E-2,-1.681635618E0
3.393183019E1,-1.481653690E0,3.077233583E-2,-1.684079170E0
3.393383016E1,-1.476766706E0,-5.879578181E-3,-1.679803014E0
3.393583012E1,-1.448056102E0,-7.185302675E-2,-1.668196678E0
3.393783009E1,-1.417512774E0,-1.341612786E-1,-1.641318560E0
3.393983005E1,-1.401630282E0,-1.647045463E-1,-1.623603463E0
3.394182915E1,-1.359480619E0,-2.520582676E-1,-1.550910473E0
3.394383019E1,-1.346652389E0,-2.777146101E-1,-1.521588922E0
3.394583015E1,-1.336267710E0,-3.058144152E-1,-1.487380505E0
3.394783012E1,-1.317330956E0,-3.644574881E-1,-1.414687514E0
3.394983012E1,-1.302670121E0,-4.194353521E-1,-1.334664226E0
3.395183015E1,-1.298394084E0,-4.450916946E-1,-1.292514443E0
3.395383018E1,-1.300226688E0,-4.927391708E-1,-1.210047722E0
3.395583022E1,-1.307557106E0,-5.263367891E-1,-1.116585255E0
3.395783025E1,-1.318552613E0,-5.379431844E-1,-1.062218308E0
3.395983028E1,-1.338100314E0,-5.446627140E-1,-9.608146548E-1
3.396183118E1,-1.367421865E0,-5.391649604E-1,-8.539132476E-1
3.396383212E1,-1.403462887E0,-5.202280879E-1,-7.457901239E-1
3.396583212E1,-1.418123722E0,-5.122868419E-1,-6.865361929E-1
3.396783208E1,-1.465771198E0,-4.866305292E-1,-5.741369724E-1
3.396983205E1,-1.521359921E0,-4.615850449E-1,-4.544073939E-1
3.397183201E1,-1.550070524E0,-4.426482320E-1,-3.969860375E-1
3.397383198E1,-1.608713627E0,-3.925572634E-1,-2.796999216E-1
3.397583195E1,-1.674687028E0,-3.351359367E-1,-1.642463952E-1
3.397783191E1,-1.704619408E0,-2.990948856E-1,-1.080467924E-1
3.397983188E1,-1.773647189E0,-2.129628956E-1,1.908953884E-3
3.398183141E1,-1.870163918E0,-3.825543448E-2,1.564578563E-1
3.398383058E1,-1.870163918E0,-3.825543448E-2,1.564578563E-1
3.398583058E1,-1.936748266E0,1.034653038E-1,2.499202490E-1
3.398783058E1,-1.997834802E0,2.659554482E-1,3.391065598E-1
3.398983058E1,-2.024712801E0,3.502548635E-1,3.818671405E-1
3.399183058E1,-2.074193001E0,5.176319480E-1,4.679991305E-1
3.399383058E1,-2.118175268E0,6.789003611E-1,5.565745831E-1
3.399583058E1,-2.137722969E0,7.540367842E-1,5.968917012E-1
3.399783058E1,-2.167655230E0,8.933140635E-1,6.879106164E-1
3.399983061E1,-2.195144176E0,1.011821866E0,7.728208899E-1
3.400183151E1,-2.211026669E0,1.066799760E0,8.137488365E-1
3.400383048E1,-2.227520227E0,1.173090339E0,8.839983940E-1
3.400583051E1,-2.245846033E0,1.278159142E0,9.530261159E-1
3.400783054E1,-2.254398108E0,1.326417565E0,9.872345924E-1
3.400983058E1,-2.266615391E0,1.417436481E0,1.050153732E0
3.401183058E1,-2.278832912E0,1.517007470E0,1.105131626E0
3.401383054E1,-2.284941435E0,1.570152760E0,1.130787969E0
3.401583051E1,-2.300213099E0,1.670334697E0,1.172326803E0
3.401783047E1,-2.308765173E0,1.772960067E0,1.205924392E0
3.401983044E1,-2.316095591E0,1.822440147E0,1.219363332E0
3.402182954E1,-2.336864948E0,1.966604352E0,1.237078428E0
3.402382861E1,-2.341751814E0,2.019138813E0,1.234024167E0
3.402582857E1,-2.344195366E0,2.075338364E0,1.229137182E0
3.402782857E1,-2.346028090E0,2.194457054E0,1.218141675E0
3.402982860E1,-2.336864948E0,2.315408468E0,1.196150541E0
3.403182864E1,-2.325258493E0,2.376494884E0,1.182711482E0
3.403382867E1,-2.303878307E0,2.504776478E0,1.149113894E0
3.403582870E1,-2.267226458E0,2.636112690E0,1.108796835E0
3.403782864E1,-2.248289585E0,2.704529524E0,1.087416530E0
3.403982867E1,-2.198198557E0,2.832200289E0,1.041601658E0
3.404182957E1,-2.135279417E0,2.949486494E0,9.890671968E-1
3.404383044E1,-2.105347157E0,3.001410007E0,9.603565335E-1
3.404583044E1,-2.034486771E0,3.088763714E0,8.980482817E-1
3.404783044E1,-1.953241587E0,3.155348063E0,8.363508582E-1
3.404983044E1,-1.915367961E0,3.181615353E0,8.039750457E-1
3.405183044E1,-1.827403426E0,3.213380337E0,7.453319430E-1
3.405383044E1,-1.734551907E0,3.215212822E0,6.854671836E-1
3.405583044E1,-1.689347863E0,3.195054293E0,6.512587070E-1
3.405783044E1,-1.598328948E0,3.126637459E0,5.779548883E-1
3.405983040E1,-1.510975242E0,3.009351254E0,4.985423982E-1
3.406182950E1,-1.371087074E0,2.742403269E0,3.739258945E-1
3.406382857E1,-1.371087074E0,2.742403269E0,3.739258945E-1
3.406582853E1,-1.282511592E0,2.504776478E0,2.859613001E-1
3.406782850E1,-1.236696720E0,2.374662399E0,2.419789881E-1
3.406982846E1,-1.142623425E0,2.115044594E0,1.625665128E-1
3.407182843E1,-1.043052435E0,1.852372527E0,6.299547851E-2
3.407382843E1,-9.886853695E-1,1.733864665E0,1.473712362E-2
3.407582843E1,-8.793405294E-1,1.501124978E0,-7.261660695E-2
3.407782846E1,-7.730499506E-1,1.275715709E0,-1.697441787E-1
3.407982810E1,-7.284567952E-1,1.162705660E0,-2.253329158E-1
3.408182900E1,-6.551529765E-1,9.531788826E-1,-3.383429945E-1
3.408382993E1,-5.867360830E-1,7.827474475E-1,-4.574617147E-1
3.408582996E1,-5.378668308E-1,6.416375637E-1,-5.814673305E-1
3.408783000E1,-5.085453391E-1,5.829945207E-1,-6.413321495E-1
3.408983000E1,-4.572326243E-1,4.870886803E-1,-7.512878776E-1
3.409183000E1,-4.077525437E-1,4.131739736E-1,-8.429176807E-1
3.409382996E1,-3.839288056E-1,3.832415938E-1,-8.771261573E-1
3.409582993E1,-3.252857327E-1,3.221550584E-1,-9.333257079E-1
3.409782999E1,-2.617557645E-1,2.665663362E-1,-9.669232965E-1
3.409982996E1,-2.238821089E-1,2.384665161E-1,-9.815840721E-1
3.410182906E1,-1.212567538E-1,1.596648991E-1,-1.003575206E0
3.410382849E1,-8.216137439E-2,1.321759671E-1,-1.007240415E0
3.410582849E1,-4.306599870E-2,1.071304902E-1,-1.009683847E0
3.410782853E1,2.840523422E-2,6.131559983E-2,-1.013960004E0
3.410982856E1,9.315694869E-2,1.488984004E-2,-1.013960004E0
3.411182859E1,1.249219403E-1,-2.825251780E-3,-1.013960004E0
3.411382863E1,1.878410578E-1,-3.153591976E-2,-1.015792489E0
3.411582866E1,2.367102802E-1,-4.619668424E-2,-1.012738228E0
3.411782869E1,2.580905557E-1,-4.986187443E-2,-1.013349056E0
3.411982872E1,3.014619946E-1,-3.886630014E-2,-1.009683847E0
3.412182962E1,3.326161206E-1,-1.443169173E-2,-1.006629586E0
3.412383052E1,3.484986126E-1,2.061670180E-3,-1.002353549E0
3.412583052E1,3.723223805E-1,4.665483162E-2,-9.925796390E-1
3.412783052E1,3.888157308E-1,1.065196246E-1,-9.773080349E-1
3.412983052E1,3.937026560E-1,1.370628923E-1,-9.693667889E-1
3.413183052E1,4.028656185E-1,2.060906589E-1,-9.492082596E-1
3.413383052E1,3.967569768E-1,2.763401568E-1,-9.296605587E-1
3.413583052E1,3.937026560E-1,3.129920661E-1,-9.223301411E-1
3.413783049E1,3.765984178E-1,3.814089894E-1,-8.991172910E-1
3.413983086E1,3.484986126E-1,4.516584873E-1,-8.777369857E-1
3.414182996E1,2.910772860E-1,5.396230817E-1,-8.398633599E-1
3.414382902E1,2.910772860E-1,5.396230817E-1,-8.398633599E-1
3.414582899E1,2.391537428E-1,5.952118039E-1,-8.117635250E-1
3.414782895E1,2.122756690E-1,6.227007508E-1,-7.964919209E-1
3.414982892E1,1.548543423E-1,6.746243238E-1,-7.616726160E-1
3.415182889E1,8.521570265E-2,7.259370089E-1,-7.195228934E-1
3.415382889E1,4.978551716E-2,7.473172545E-1,-7.005860806E-1
3.415582892E1,-2.779436857E-2,7.949647307E-1,-6.517168880E-1
3.415782895E1,-1.065959856E-1,8.523861170E-1,-5.973498225E-1
3.415982899E1,-1.481348276E-1,8.792641759E-1,-5.655848384E-1
3.416182988E1,-2.257147133E-1,9.360746145E-1,-5.044983625E-1
3.416383045E1,-2.947424948E-1,9.837220907E-1,-4.464661479E-1
3.416583048E1,-3.326161206E-1,1.009378433E0,-4.165337384E-1
3.416783048E1,-3.985895813E-1,1.057025909E0,-3.578906655E-1
3.416983048E1,-4.572326243E-1,1.101619124E0,-3.016910851E-1
3.417183045E1,-4.877758920E-1,1.124221087E0,-2.748129964E-1
3.417383042E1,-5.421429276E-1,1.163927317E0,-2.198351324E-1
3.417583038E1,-5.891795158E-1,1.200579286E0,-1.691333205E-1
3.417783035E1,-6.099489331E-1,1.217683554E0,-1.434769779E-1
3.417983031E1,-6.496551633E-1,1.250670195E0,-9.338602424E-2
3.418182941E1,-6.869179606E-1,1.286100388E0,-2.069306001E-2
3.418383045E1,-6.979135275E-1,1.297706842E0,3.741549561E-3
3.418583048E1,-7.046330571E-1,1.307480693E0,2.756529488E-2
3.418783051E1,-7.217372656E-1,1.324584961E0,7.276932150E-2
3.418983055E1,-7.290676832E-1,1.329471827E0,9.292787313E-2
3.419183058E1,-7.357872128E-1,1.335580468E0,1.332449764E-1
3.419383061E1,-7.388415337E-1,1.338024020E0,1.741729528E-1
3.419583064E1,-7.400632501E-1,1.334969640E0,1.912771761E-1
3.419783068E1,-7.333437204E-1,1.321530581E0,2.279291004E-1
3.419983071E1,-7.235698700E-1,1.300761223E0,2.609158158E-1
3.420183158E1,-7.137960196E-1,1.267163634E0,2.932916880E-1
3.420383248E1,-7.034113407E-1,1.250059366E0,3.103958964E-1
3.420583248E1,-6.844745278E-1,1.210963964E0,3.458260894E-1
3.420783248E1,-6.600399017E-1,1.174312115E0,3.739258945E-1
3.420983248E1,-6.423248053E-1,1.149877429E0,3.879757822E-1
3.421183248E1,-6.099489331E-1,1.107116938E0,4.172973335E-1
3.421383248E1,-5.745187402E-1,1.061912894E0,4.447862506E-1
3.421583244E1,-5.506950021E-1,1.041754365E0,4.582252800E-1
3.421783241E1,-5.030475259E-1,1.003880620E0,4.887685478E-1
3.421983238E1,-4.511239827E-1,9.727265239E-1,5.174792409E-1
3.422183148E1,-3.631593883E-1,9.336311817E-1,5.547419786E-1
3.422383098E1,-3.631593883E-1,9.336311817E-1,5.547419786E-1
3.422583094E1,-2.990185320E-1,9.146943688E-1,5.791766047E-1
3.422783091E1,-2.648100853E-1,9.079748392E-1,5.907830596E-1
3.422983087E1,-1.976149082E-1,8.939249516E-1,6.158285141E-1
3.423183087E1,-1.298088580E-1,8.792641759E-1,6.396522522E-1
3.423383091E1,-9.498954564E-2,8.719337583E-1,6.494261026E-1
3.423583094E1,-2.901609987E-2,8.597164750E-1,6.714172363E-1
3.423783097E1,3.512475267E-2,8.438339829E-1,6.940192580E-1
3.423983100E1,6.261368841E-2,8.365035653E-1,7.050148249E-1
3.424183191E1,1.267545372E-1,8.175667524E-1,7.282277346E-1
3.424383090E1,1.792889535E-1,7.961865067E-1,7.465536594E-1
3.424583091E1,2.043344229E-1,7.876343727E-1,7.581601143E-1
3.424783090E1,2.562579811E-1,7.699192762E-1,7.734317780E-1
3.424983087E1,3.026837409E-1,7.540367842E-1,7.868707776E-1
3.425183050E1,3.216205537E-1,7.485389709E-1,7.893142700E-1
3.425383047E1,3.601050675E-1,7.338782549E-1,7.996989489E-1
3.425583044E1,3.955352604E-1,7.167739868E-1,8.088619709E-1
3.425783040E1,4.120286107E-1,7.100545168E-1,8.155814409E-1
3.425983037E1,4.425718784E-1,6.905068159E-1,8.247444630E-1
3.426182950E1,4.822781086E-1,6.605743766E-1,8.442921042E-1
3.426382860E1,4.822781086E-1,6.605743766E-1,8.442921042E-1
3.426582860E1,5.128213763E-1,6.391941309E-1,8.571202755E-1
3.426782860E1,5.378668308E-1,6.141486168E-1,8.760571480E-1
3.426982860E1,5.525276065E-1,6.000987291E-1,8.833875060E-1
3.427182860E1,5.794056654E-1,5.726097822E-1,9.035460353E-1
3.427382860E1,6.056728959E-1,5.445100069E-1,9.237046242E-1
3.427582860E1,6.166684628E-1,5.267949104E-1,9.347001910E-1
3.427782860E1,6.441574097E-1,4.999168515E-1,9.554696083E-1
3.427982863E1,6.673702598E-1,4.736496508E-1,9.786824584E-1
3.428182953E1,6.789767146E-1,4.626540542E-1,9.884563088E-1
3.428383003E1,7.003570199E-1,4.382194579E-1,1.008004069E0
3.428583007E1,7.223481536E-1,4.162282944E-1,1.025719047E0
3.428783010E1,7.370089293E-1,4.058435857E-1,1.037936449E0
3.428983013E1,7.541131377E-1,3.869067729E-1,1.056873202E0
3.429183017E1,7.791585922E-1,3.704134226E-1,1.078253508E0
3.429383017E1,7.925976515E-1,3.636938930E-1,1.088638186E0
3.429583013E1,8.115344644E-1,3.490331173E-1,1.110018492E0
3.429783010E1,8.341364861E-1,3.404810131E-1,1.132620573E0
3.429983006E1,8.494081497E-1,3.368158340E-1,1.143616080E0
3.430182916E1,8.891143799E-1,3.380375504E-1,1.174770236E0
3.430382823E1,9.001099467E-1,3.392592967E-1,1.185154915E0
3.430582820E1,9.123272300E-1,3.447570801E-1,1.197372198E0
3.430782816E1,9.373727441E-1,3.545309305E-1,1.218752503E0
3.430982816E1,9.691377282E-1,3.740786016E-1,1.239521980E0
3.431182853E1,9.831876159E-1,3.850741684E-1,1.251128435E0
3.431382856E1,1.010676503E0,4.076761901E-1,1.267621756E0
3.431582859E1,1.042441487E0,4.363868535E-1,1.287169456E0
3.431782863E1,1.071763039E0,4.528802335E-1,1.292667270E0
3.431982866E1,1.088256478E0,4.828126132E-1,1.306106210E0
3.432182956E1,1.110247612E0,5.151884556E-1,1.313436627E0
3.432383049E1,1.128573537E0,5.524512529E-1,1.315269232E0
3.432583053E1,1.134682178E0,5.738315582E-1,1.317712665E0
3.432783053E1,1.145677805E0,6.104834676E-1,1.317712665E0
3.432983053E1,1.150564671E0,6.459136605E-1,1.307938814E0
3.433183053E1,1.148121238E0,6.636287570E-1,1.302441120E0
3.433383053E1,1.140179992E0,6.905068159E-1,1.285947680E0
3.433583053E1,1.115745425E0,7.143305540E-1,1.260291338E0
3.433783053E1,1.100473762E0,7.241044044E-1,1.250517488E0
3.433983049E1,1.068097830E0,7.479281425E-1,1.216309071E0
3.434182959E1,1.005178809E0,7.809148431E-1,1.158887744E0
3.434382906E1,1.005178809E0,7.809148431E-1,1.158887744E0
3.434582902E1,9.581421614E-1,8.047385812E-1,1.114905477E0
3.434782899E1,9.049968719E-1,8.267297745E-1,1.065425396E0
3.434982896E1,8.756753206E-1,8.352818489E-1,1.037936449E0
3.435182892E1,8.213083148E-1,8.468883038E-1,9.719629884E-1
3.435382889E1,7.547240257E-1,8.450556993E-1,9.029352069E-1
3.435582889E1,7.217372656E-1,8.389470577E-1,8.626180887E-1
3.435782892E1,6.453791261E-1,8.114581108E-1,7.874816656E-1
3.435982895E1,5.671883821E-1,7.699192762E-1,7.141778469E-1
3.436182985E1,5.287038684E-1,7.424303293E-1,6.732498407E-1
3.436383079E1,4.456261992E-1,6.801220775E-1,5.944482684E-1
3.436583082E1,3.564398587E-1,6.037639380E-1,5.046510696E-1
3.436783085E1,3.100140989E-1,5.646685362E-1,4.576144218E-1
3.436983089E1,2.110539377E-1,4.791474342E-1,3.525456190E-1
3.437183089E1,1.090394482E-1,3.930154145E-1,2.395355403E-1
3.437383085E1,5.772676691E-2,3.478114009E-1,1.802816093E-1
3.437583082E1,-4.673119262E-2,2.622902691E-1,5.871942267E-2
3.437783078E1,-1.554652005E-1,1.669952869E-1,-5.734497309E-2
3.437983075E1,-2.055561543E-1,1.169043332E-1,-1.165989041E-1
3.438182985E1,-3.472768962E-1,-3.886630014E-2,-2.473240644E-1
3.438382892E1,-3.869831264E-1,-9.384417534E-2,-2.760347426E-1
3.438582888E1,-4.230241776E-1,-1.524872333E-1,-3.035236597E-1
3.438782888E1,-4.877758920E-1,-2.838232517E-1,-3.462842405E-1
3.438982892E1,-5.482515693E-1,-4.273765981E-1,-3.878230751E-1
3.439182848E1,-5.775730610E-1,-4.933500290E-1,-4.104250968E-1
3.439382851E1,-6.319400668E-1,-6.149122119E-1,-4.482987225E-1
3.439582855E1,-6.740897894E-1,-7.150941491E-1,-4.739550650E-1
3.439782858E1,-6.930266023E-1,-7.621307373E-1,-4.837289155E-1
3.439982861E1,-7.260133624E-1,-8.397106528E-1,-4.880049825E-1
3.440182951E1,-7.425066829E-1,-9.014080167E-1,-4.825071990E-1
3.440383005E1,-7.492262125E-1,-9.233991504E-1,-4.770093858E-1
3.440583005E1,-7.510588169E-1,-9.527207017E-1,-4.544073939E-1
3.440783005E1,-7.461718917E-1,-9.588293433E-1,-4.299727678E-1
3.440983005E1,-7.400632501E-1,-9.545533061E-1,-4.140902758E-1
3.441183005E1,-7.174612284E-1,-9.295078516E-1,-3.798818290E-1
3.441383005E1,-6.783658266E-1,-8.775842786E-1,-3.401755691E-1
3.441583005E1,-6.551529765E-1,-8.397106528E-1,-3.206278980E-1
3.441783001E1,-6.032294035E-1,-7.413613200E-1,-2.778673172E-1
3.441982998E1,-5.464189649E-1,-6.149122119E-1,-2.381610870E-1
3.442182908E1,-4.554000497E-1,-3.852269053E-1,-1.825723499E-1
3.442383018E1,-4.554000497E-1,-3.852269053E-1,-1.825723499E-1
3.442583014E1,-3.955352604E-1,-2.117411643E-1,-1.440878361E-1
3.442783011E1,-3.613267839E-1,-1.237765700E-1,-1.294270754E-1
3.442983008E1,-3.081815243E-1,5.826127157E-2,-9.399688989E-2
3.443183004E1,-2.568688393E-1,2.409099787E-1,-6.345362961E-2
3.443383004E1,-2.360994220E-1,3.331506252E-1,-4.696026444E-2
3.443583008E1,-2.006692290E-1,5.060254931E-1,-1.519527286E-2
3.443783011E1,-1.768454909E-1,6.672939062E-1,2.328923717E-2
3.443983014E1,-1.579086632E-1,8.200102448E-1,6.055201590E-2
3.444183104E1,-1.536326110E-1,8.933140635E-1,8.498662710E-2
3.444383197E1,-1.438587606E-1,1.031369567E0,1.234711409E-1
3.444583201E1,-1.438587606E-1,1.165759921E0,1.625665128E-1
3.444783204E1,-1.408044398E-1,1.230511665E0,1.790598780E-1
3.444983204E1,-1.395827085E-1,1.361236811E0,2.175443918E-1
3.445183247E1,-1.432479024E-1,1.487685919E0,2.468659133E-1
3.445383244E1,-1.426370293E-1,1.549994230E0,2.615266740E-1
3.445583240E1,-1.420261711E-1,1.660560846E0,2.829069793E-1
3.445783237E1,-1.395827085E-1,1.745471120E0,2.951242626E-1
3.445983234E1,-1.395827085E-1,1.778457761E0,2.945134044E-1
3.446183144E1,-1.291979998E-1,1.848707318E0,2.945134044E-1
3.446383057E1,-1.206458881E-1,1.861535430E0,2.945134044E-1
3.446583057E1,-1.169806942E-1,1.869476676E0,2.896264791E-1
3.446783060E1,-9.987647086E-2,1.874363661E0,2.804635167E-1
3.446983064E1,-8.032877743E-2,1.858481169E0,2.682462037E-1
3.447183067E1,-6.444628537E-2,1.838322639E0,2.627484202E-1
3.447383070E1,-3.756821156E-2,1.786399007E0,2.554180324E-1
3.447583074E1,3.054326226E-4,1.711873531E0,2.517528534E-1
3.447783077E1,1.802052557E-2,1.664836884E0,2.499202490E-1
3.447983080E1,5.161811411E-2,1.551826835E0,2.474767864E-1
3.448183170E1,9.315694869E-2,1.419879913E0,2.474767864E-1
3.448383057E1,1.053742543E-1,1.342300057E0,2.444224507E-1
3.448583057E1,1.316414624E-1,1.165149093E0,2.328160107E-1
3.448783057E1,1.505782902E-1,9.647852778E-1,2.175443918E-1
3.448983057E1,1.585195363E-1,8.566621542E-1,2.065488100E-1
3.449183057E1,1.554652005E-1,6.281985641E-1,1.796707362E-1
3.449383057E1,1.475239545E-1,3.844633102E-1,1.497383416E-1
3.449583053E1,1.383609772E-1,2.629011273E-1,1.326341182E-1
3.449783050E1,1.261436790E-1,1.733330078E-2,9.537133574E-2
3.449983046E1,1.084285825E-1,-2.202932835E-1,5.077817291E-2
3.450182956E1,9.437867999E-2,-5.544365644E-1,-2.619084716E-2
3.450382863E1,9.437867999E-2,-5.544365644E-1,-2.619084716E-2
3.450582860E1,8.827003092E-2,-7.554112077E-1,-8.361218125E-2
3.450782856E1,8.949175477E-2,-8.494845033E-1,-1.178206354E-1
3.450982853E1,9.193521738E-2,-1.021137595E0,-1.935679317E-1
3.451182853E1,1.041525230E-1,-1.167745233E0,-2.827542424E-1
3.451382856E1,1.096503139E-1,-1.234329581E0,-3.371212482E-1
3.451582860E1,1.328631938E-1,-1.344285369E0,-4.434117973E-1
3.451782863E1,1.615738571E-1,-1.432249904E0,-5.619196892E-1
3.451982866E1,1.713477075E-1,-1.467069268E0,-6.223953366E-1
3.452182956E1,2.037235647E-1,-1.515327573E0,-7.451792359E-1
3.452383043E1,2.422080636E-1,-1.531210065E0,-8.679631352E-1
3.452583046E1,2.764165103E-1,-1.519603610E0,-9.259953499E-1
3.452783046E1,3.436116874E-1,-1.475621343E0,-1.037172794E0
3.452983043E1,4.266893864E-1,-1.405371904E0,-1.133078694E0
3.453183039E1,4.700607955E-1,-1.360778689E0,-1.172174096E0
3.453383036E1,5.665774941E-1,-1.258153319E0,-1.238147497E0
3.453583032E1,6.679811478E-1,-1.148197532E0,-1.282129765E0
3.453783029E1,7.180721164E-1,-1.099328399E0,-1.296790600E0
3.453983026E1,8.078693151E-1,-1.008309484E0,-1.313283920E0
3.454182936E1,9.294314981E-1,-9.001863003E-1,-1.304120898E0
3.454382846E1,9.294314981E-1,-9.001863003E-1,-1.304120898E0
3.454582849E1,9.899071455E-1,-8.390997648E-1,-1.279686332E0
3.454782852E1,1.055880547E0,-7.767915130E-1,-1.243645310E0
3.454982856E1,1.081536889E0,-7.450265288E-1,-1.222265005E0
3.455182859E1,1.131627917E0,-6.845508814E-1,-1.163011074E0
3.455382862E1,1.174388409E0,-6.307947040E-1,-1.098870158E0
3.455582865E1,1.192714334E0,-6.045275331E-1,-1.064661741E0
3.455782869E1,1.215316415E0,-5.440518856E-1,-9.895253181E-1
3.455982872E1,1.234253287E0,-4.823544621E-1,-9.095019698E-1
3.456182959E1,1.234253287E0,-4.237114191E-1,-8.166504502E-1
3.456383049E1,1.228144526E0,-3.998876512E-1,-7.659486532E-1
3.456583049E1,1.198212147E0,-3.455206454E-1,-6.572146416E-1
3.456783049E1,1.147510409E0,-3.015383482E-1,-5.442045927E-1
3.456983049E1,1.114523649E0,-2.868776023E-1,-4.837289155E-1
3.457183049E1,1.033278584E0,-2.606103718E-1,-3.658319116E-1
3.457383045E1,9.392052889E-1,-2.245693356E-1,-2.625956833E-1
3.457583042E1,8.909469843E-1,-2.019673288E-1,-2.143373489E-1
3.457783038E1,7.895433307E-1,-1.585958898E-1,-1.300379336E-1
3.457983035E1,6.905831695E-1,-1.048397496E-1,-5.490151420E-2
3.458182945E1,5.506950021E-1,3.283400787E-3,4.283692688E-2
3.458382892E1,5.506950021E-1,3.283400787E-3,4.283692688E-2
3.458582888E1,4.547891617E-1,7.536549866E-2,1.069777757E-1
3.458782885E1,4.065308273E-1,1.040761694E-1,1.424079537E-1
3.458982885E1,3.032945991E-1,1.578323096E-1,2.132683247E-1
3.459182885E1,2.079996169E-1,1.987602860E-1,2.853504419E-1
3.459382888E1,1.634064466E-1,2.097558528E-1,3.183371425E-1
3.459582891E1,6.139195710E-2,2.146427780E-1,3.855323195E-1
3.459782895E1,-3.634648025E-2,1.969276816E-1,4.527274966E-1
3.459982898E1,-8.643743396E-2,1.871538460E-1,4.838816226E-1
3.460182988E1,-1.640173197E-1,1.743256748E-1,5.437464118E-1
3.460383081E1,-2.324342281E-1,1.614975035E-1,5.938373804E-1
3.460583081E1,-2.641992271E-1,1.529453844E-1,6.213263273E-1
3.460783078E1,-3.063489199E-1,1.553888470E-1,6.732498407E-1
3.460983075E1,-3.484986126E-1,1.633300930E-1,7.215082049E-1
3.461183071E1,-3.631593883E-1,1.614975035E-1,7.434993386E-1
3.461383068E1,-3.979786932E-1,1.547779888E-1,7.899250984E-1
3.461583064E1,-4.303545654E-1,1.492801905E-1,8.302422166E-1
3.461783061E1,-4.413501322E-1,1.492801905E-1,8.504008055E-1
3.461983058E1,-4.694499373E-1,1.486693323E-1,8.846092224E-1
3.462182971E1,-4.932736754E-1,1.553888470E-1,9.249263406E-1
3.462382881E1,-4.932736754E-1,1.553888470E-1,9.249263406E-1
3.462582881E1,-5.012149215E-1,1.737148017E-1,9.395871162E-1
3.462782881E1,-5.097670555E-1,1.981494129E-1,9.481391907E-1
3.462982881E1,-5.122104883E-1,2.121993154E-1,9.469174743E-1
3.463182881E1,-5.189300179E-1,2.433534414E-1,9.365327954E-1
3.463382881E1,-5.256495476E-1,2.824488282E-1,9.114872813E-1
3.463582881E1,-5.213735104E-1,3.050508201E-1,8.956047893E-1
3.463782881E1,-5.207626224E-1,3.520874679E-1,8.534551263E-1
3.463982884E1,-5.128213763E-1,4.015675485E-1,8.064184785E-1
3.464182974E1,-5.073235631E-1,4.266130030E-1,7.789295316E-1
3.464383027E1,-4.914411008E-1,4.815908968E-1,7.233408093E-1
3.464583031E1,-4.584543705E-1,5.335144401E-1,6.653085947E-1
3.464783147E1,-4.450153410E-1,5.597816110E-1,6.402631402E-1
3.464983151E1,-4.046982229E-1,6.025422215E-1,5.901721716E-1
3.465183154E1,-3.601050675E-1,6.324746013E-1,5.461899042E-1
3.465383154E1,-3.356704414E-1,6.355289221E-1,5.296965241E-1
3.465583150E1,-2.910772860E-1,6.227007508E-1,4.997641146E-1
3.465783147E1,-2.409863323E-1,5.915466547E-1,4.771621227E-1
3.465983144E1,-2.134974003E-1,5.701663494E-1,4.698317349E-1
3.466183054E1,-1.237002090E-1,4.852560759E-1,4.423427880E-1
3.466383150E1,-9.193521738E-2,4.510476291E-1,4.374558628E-1
3.466583147E1,-5.650503561E-2,4.168391824E-1,4.307363629E-1
3.466783147E1,1.252273750E-2,3.343723714E-1,4.209625125E-1
3.466983147E1,8.277224004E-2,2.476294935E-1,4.154647291E-1
3.467183150E1,1.175915599E-1,2.030363381E-1,4.111886621E-1
3.467383154E1,1.933388561E-1,1.162934676E-1,4.032474160E-1
3.467583157E1,2.696970105E-1,2.466368489E-2,3.940844536E-1
3.467783160E1,3.442225754E-1,-1.687515154E-2,3.904192448E-1
3.467983163E1,3.784310222E-1,-1.066723466E-1,3.800345361E-1
3.468183253E1,4.444044530E-1,-1.909717470E-1,3.727041483E-1
3.468383347E1,5.018258095E-1,-2.832123935E-1,3.635411859E-1
3.468583347E1,5.287038684E-1,-3.314707577E-1,3.610977232E-1
3.468783347E1,5.757405162E-1,-4.261548519E-1,3.543781936E-1
3.468983347E1,6.233879924E-1,-5.092325211E-1,3.452152312E-1
3.469183347E1,6.435465217E-1,-5.513822436E-1,3.384957016E-1
3.469383347E1,6.832527518E-1,-6.228534579E-1,3.342196345E-1
3.469583347E1,7.156286240E-1,-6.888269186E-1,3.268892765E-1
3.469783347E1,7.278459668E-1,-7.169266939E-1,3.238349259E-1
3.469983343E1,7.449501753E-1,-7.798458338E-1,3.238349259E-1
3.470183253E1,7.528914213E-1,-8.574257493E-1,3.293327391E-1
3.470383193E1,7.528914213E-1,-8.574257493E-1,3.293327391E-1
3.470583190E1,7.553348541E-1,-8.952993751E-1,3.293327391E-1
3.470783073E1,7.547240257E-1,-9.203448296E-1,3.256675303E-1
3.470983070E1,7.596109509E-1,-9.276752472E-1,3.256675303E-1
3.471183066E1,7.596109509E-1,-9.374490976E-1,3.201697469E-1
3.471383063E1,7.596109509E-1,-9.343947768E-1,3.122285008E-1
3.471583063E1,7.583891749E-1,-9.215666056E-1,3.079524338E-1
3.471783066E1,7.620543838E-1,-8.971319795E-1,2.920699418E-1
3.471983043E1,7.742717266E-1,-8.751408458E-1,2.664135993E-1
3.472183133E1,7.767151594E-1,-8.629235029E-1,2.566397488E-1
3.472383036E1,7.870998979E-1,-8.329911232E-1,2.364812046E-1
3.472583040E1,8.023715019E-1,-7.951174974E-1,2.169335186E-1
3.472783043E1,8.072584271E-1,-7.829001546E-1,2.077705413E-1
3.472983046E1,8.029823899E-1,-7.792350054E-1,2.028836161E-1
3.473183046E1,7.864890099E-1,-8.122217059E-1,2.089922726E-1
3.473383043E1,7.724391222E-1,-8.305476308E-1,2.151009291E-1
3.473583039E1,7.363980412E-1,-8.794168830E-1,2.242639065E-1
3.473783036E1,6.991352439E-1,-9.569967389E-1,2.328160107E-1
3.473983032E1,6.710354686E-1,-1.008920312E0,2.377029359E-1
3.474182942E1,5.904012322E-1,-1.173243046E0,2.590832114E-1
3.474382849E1,5.653557777E-1,-1.223333955E0,2.682462037E-1
3.474582849E1,5.433646441E-1,-1.266705394E0,2.743548453E-1
3.474782849E1,4.914411008E-1,-1.340009332E0,2.908482254E-1
3.474982852E1,4.560109079E-1,-1.389489412E0,3.024546504E-1
3.475182856E1,4.364632070E-1,-1.401706696E0,3.097850382E-1
3.475382859E1,4.022547603E-1,-1.413923979E0,3.281109929E-1
3.475582862E1,3.668245673E-1,-1.407204509E0,3.446043432E-1
3.475782866E1,3.533855379E-1,-1.404760957E0,3.543781936E-1
3.475982779E1,3.350595832E-1,-1.395598054E0,3.580434024E-1
3.476182869E1,3.130684495E-1,-1.378493786E0,3.580434024E-1
3.476382926E1,3.051272035E-1,-1.374217749E0,3.531564772E-1
3.476582992E1,2.849686444E-1,-1.366276503E0,3.446043432E-1
3.476782992E1,2.727513313E-1,-1.351615667E0,3.329979181E-1
3.476982992E1,2.727513313E-1,-1.340009332E0,3.238349259E-1
3.477182992E1,2.709187269E-1,-1.308244228E0,3.061198592E-1
3.477382992E1,2.739730477E-1,-1.275868416E0,2.865721583E-1
3.477582992E1,2.800817192E-1,-1.259985924E0,2.774091661E-1
3.477782989E1,2.898555696E-1,-1.226388335E0,2.603049576E-1
3.477983012E1,3.057380617E-1,-1.199510217E0,2.462550551E-1
3.478182922E1,3.289509416E-1,-1.180573463E0,2.291508317E-1
3.478382829E1,3.289509416E-1,-1.180573463E0,2.291508317E-1
3.478582825E1,3.472768962E-1,-1.181184292E0,2.102140039E-1
3.478782822E1,3.564398587E-1,-1.186071277E0,2.016618848E-1
3.478982818E1,3.851505518E-1,-1.200731993E0,1.863902509E-1
3.479182815E1,4.101960063E-1,-1.225166559E0,1.778381467E-1
3.479382815E1,4.248567820E-1,-1.241659999E0,1.717294902E-1
3.479582818E1,4.566217661E-1,-1.275257587E0,1.650099754E-1
3.479782822E1,4.834998548E-1,-1.315574646E0,1.564578563E-1
3.479982825E1,5.183191895E-1,-1.361389518E0,1.509600729E-1
3.480182915E1,5.372560024E-1,-1.385824203E0,1.472948790E-1
3.480383008E1,5.714644194E-1,-1.427973866E0,1.460731477E-1
3.480583012E1,6.050620079E-1,-1.468290925E0,1.436296850E-1
3.480783015E1,6.197227836E-1,-1.485395193E0,1.430188268E-1
3.480983015E1,6.520986557E-1,-1.518381953E0,1.472948790E-1
3.481183011E1,6.832527518E-1,-1.548314333E0,1.521818042E-1
3.481383008E1,6.985244155E-1,-1.563585997E0,1.546252668E-1
3.481583005E1,7.241807580E-1,-1.592907429E0,1.613447815E-1
3.481783001E1,7.516697049E-1,-1.617342114E0,1.711186320E-1
3.481983088E1,7.644978762E-1,-1.627726793E0,1.735620946E-1
3.482182998E1,7.962628603E-1,-1.649107099E0,1.876119822E-1
3.482382918E1,8.048149347E-1,-1.654604912E0,1.924989074E-1
3.482582851E1,8.133670688E-1,-1.658880949E0,1.998292953E-1
3.482782851E1,8.316930532E-1,-1.659491777E0,2.144900560E-1
3.482982851E1,8.451320529E-1,-1.661324382E0,2.273182273E-1
3.483182851E1,8.536841869E-1,-1.660102606E0,2.364812046E-1
3.483382851E1,8.585711122E-1,-1.654604912E0,2.517528534E-1
3.483582851E1,8.616254330E-1,-1.641776681E0,2.725222707E-1
3.483782851E1,8.659014702E-1,-1.632613778E0,2.822960913E-1
3.483982851E1,8.610145450E-1,-1.609400868E0,3.042872548E-1
3.484182938E1,8.604037166E-1,-1.581301093E0,3.238349259E-1
3.484383031E1,8.561276197E-1,-1.565418601E0,3.342196345E-1
3.484583034E1,8.481863737E-1,-1.531210065E0,3.568216562E-1
3.484783038E1,8.414669037E-1,-1.491503835E0,3.788128197E-1
3.484983041E1,8.341364861E-1,-1.476232171E0,3.891975284E-1
3.485183044E1,8.237518072E-1,-1.440191150E0,4.069126248E-1
3.485383048E1,8.151996732E-1,-1.407815337E0,4.258494377E-1
3.485583048E1,8.090910316E-1,-1.387045860E0,4.368450046E-1
3.485783044E1,7.980954647E-1,-1.348561406E0,4.594470263E-1
3.485983041E1,7.852672935E-1,-1.308244228E0,4.808273017E-1
3.486182951E1,7.730499506E-1,-1.239216566E0,5.119814277E-1
3.486382857E1,7.730499506E-1,-1.239216566E0,5.119814277E-1
3.486582854E1,7.681630254E-1,-1.196455956E0,5.327508450E-1
3.486782851E1,7.608326674E-1,-1.178130031E0,5.431355834E-1
3.486982847E1,7.577783465E-1,-1.143921494E0,5.657375455E-1
3.487182847E1,7.461718917E-1,-1.112767458E0,5.858961344E-1
3.487382850E1,7.431175709E-1,-1.099328399E0,5.975025892E-1
3.487582854E1,7.327328324E-1,-1.075504661E0,6.127741933E-1
3.487782857E1,7.296785116E-1,-1.052291751E0,6.280458570E-1
3.487982860E1,7.284567952E-1,-1.039463520E0,6.347653270E-1
3.488182950E1,7.290676832E-1,-1.019304991E0,6.457608938E-1
3.488383034E1,7.315111160E-1,-9.954812527E-1,6.579782367E-1
3.488583037E1,7.351763248E-1,-9.863182902E-1,6.604216695E-1
3.488783040E1,7.473936081E-1,-9.643271565E-1,6.622542739E-1
3.488983040E1,7.608326674E-1,-9.441685677E-1,6.628651619E-1
3.489183040E1,7.718282342E-1,-9.337838888E-1,6.640868783E-1
3.489383040E1,7.907650471E-1,-9.148470759E-1,6.610325575E-1
3.489583040E1,8.139779568E-1,-8.971319795E-1,6.549239159E-1
3.489783040E1,8.249735236E-1,-8.891907334E-1,6.537021995E-1
3.489983040E1,8.457429409E-1,-8.751408458E-1,6.439283490E-1
3.490182954E1,8.823948503E-1,-8.635343909E-1,6.341544986E-1
3.490383054E1,8.891143799E-1,-8.574257493E-1,6.298784018E-1
3.490583050E1,9.007207751E-1,-8.525388241E-1,6.268240809E-1
3.490783047E1,9.251554012E-1,-8.427649736E-1,6.207154393E-1
3.490983043E1,9.294314981E-1,-8.378780484E-1,6.176611185E-1
3.491183040E1,9.532552361E-1,-8.268824816E-1,6.127741933E-1
3.491383036E1,9.691377282E-1,-8.189412355E-1,6.048329473E-1
3.491583033E1,9.795224071E-1,-8.164977431E-1,6.023895144E-1
3.491783033E1,9.899071455E-1,-8.061130643E-1,5.938373804E-1
3.491983033E1,1.005178809E0,-8.048913479E-1,5.877287388E-1
3.492183123E1,1.007622242E0,-8.030587435E-1,5.810092092E-1
3.492383216E1,1.010676503E0,-8.036695719E-1,5.773440003E-1
3.492583220E1,1.016785145E0,-8.012261391E-1,5.663484335E-1
3.492783223E1,1.018617749E0,-8.030587435E-1,5.590180755E-1
3.492983226E1,1.018617749E0,-8.018369675E-1,5.565745831E-1
3.493183230E1,1.011287451E0,-7.975609303E-1,5.455790162E-1
3.493383230E1,1.008233070E0,-7.987826467E-1,5.370268822E-1
3.493583226E1,1.005789638E0,-7.963392138E-1,5.309182405E-1
3.493783223E1,9.905179739E-1,-7.975609303E-1,5.235878825E-1
3.493983219E1,9.770789742E-1,-8.048913479E-1,5.107597113E-1
3.494183129E1,9.514226317E-1,-8.140543103E-1,4.918228686E-1
3.494383036E1,9.514226317E-1,-8.140543103E-1,4.918228686E-1
3.494583033E1,9.349292517E-1,-8.226063848E-1,4.777729809E-1
3.494783029E1,9.269880056E-1,-8.274933100E-1,4.728860557E-1
3.494983029E1,8.988882303E-1,-8.439866900E-1,4.576144218E-1
3.495183032E1,8.701775670E-1,-8.629235029E-1,4.386776090E-1
3.495383036E1,8.610145450E-1,-8.690321445E-1,4.307363629E-1
3.495583039E1,8.329147696E-1,-8.910233378E-1,4.136321247E-1
3.495783042E1,8.005388975E-1,-9.215666056E-1,3.946953118E-1
3.495983046E1,7.895433307E-1,-9.313403964E-1,3.867540658E-1
3.496183136E1,7.620543838E-1,-9.576076269E-1,3.684281111E-1
3.496383036E1,7.339546084E-1,-9.832639694E-1,3.494912684E-1
3.496583039E1,7.229590416E-1,-9.936487079E-1,3.415500224E-1
3.496783039E1,6.936374903E-1,-1.017472386E0,3.238349259E-1
3.496983039E1,6.704245806E-1,-1.038241863E0,3.042872548E-1
3.497183039E1,6.563746929E-1,-1.051680923E0,2.945134044E-1
3.497383039E1,6.349944472E-1,-1.075504661E0,2.774091661E-1
3.497583039E1,6.081163287E-1,-1.097495794E0,2.590832114E-1
3.497783039E1,5.989533663E-1,-1.107269645E0,2.517528534E-1
3.497983039E1,5.720753074E-1,-1.128039002E0,2.322051525E-1
3.498182949E1,5.372560024E-1,-1.156749725E0,1.998292953E-1
3.498382856E1,5.372560024E-1,-1.156749725E0,1.998292953E-1
3.498582852E1,5.122104883E-1,-1.167134404E0,1.772272736E-1
3.498782849E1,4.865541756E-1,-1.171410441E0,1.521818042E-1
3.498982845E1,4.743368626E-1,-1.174464822E0,1.399645060E-1
3.499182842E1,4.517348409E-1,-1.171410441E0,1.112538353E-1
3.499382839E1,4.309654236E-1,-1.162858367E0,8.559749275E-2
3.499582839E1,4.150829315E-1,-1.156138778E0,7.399105281E-2
3.499782839E1,3.937026560E-1,-1.140256286E0,5.138903856E-2
3.499982842E1,3.747658134E-1,-1.113989115E0,3.123048507E-2
3.500182932E1,3.656028509E-1,-1.099939227E0,2.206750773E-2
3.500383025E1,3.491095006E-1,-1.066952467E0,4.963280167E-3
3.500583028E1,3.295617998E-1,-1.031522274E0,-1.091921609E-2
3.500783032E1,3.191770911E-1,-1.010752916E0,-1.580613852E-2
3.500983035E1,3.039054573E-1,-9.692140818E-1,-2.191479132E-2
3.501183035E1,2.916881442E-1,-9.246209264E-1,-2.680171281E-2
3.501383032E1,2.849686444E-1,-9.032406211E-1,-2.924517356E-2
3.501583028E1,2.696970105E-1,-8.617017865E-1,-3.352123126E-2
3.501783025E1,2.648100853E-1,-8.164977431E-1,-3.535382450E-2
3.501983022E1,2.623666227E-1,-7.969500422E-1,-3.657555580E-2
3.502182932E1,2.562579811E-1,-7.450265288E-1,-4.329507425E-2
3.502382838E1,2.525927722E-1,-7.303657532E-1,-4.512767121E-2
3.502582835E1,2.519819140E-1,-7.193701863E-1,-4.634939879E-2
3.502782835E1,2.513710558E-1,-6.937138438E-1,-4.757113010E-2
3.502982835E1,2.458732575E-1,-6.705009937E-1,-5.001459271E-2
3.503182835E1,2.452623993E-1,-6.607271433E-1,-5.429064855E-2
3.503382835E1,2.434297949E-1,-6.424011588E-1,-5.795583874E-2
3.503582835E1,2.330450863E-1,-6.271295547E-1,-6.406449527E-2
3.503782835E1,2.281581759E-1,-6.130796075E-1,-6.772968173E-2
3.503982835E1,2.226603776E-1,-6.088035703E-1,-7.322747260E-2
3.504182921E1,2.037235647E-1,-6.057492495E-1,-7.750352472E-2
3.504383011E1,1.798998117E-1,-6.088035703E-1,-8.361218125E-2
3.504583015E1,1.719585657E-1,-6.100252867E-1,-8.544477820E-2
3.504783018E1,1.469130963E-1,-6.191883087E-1,-8.605564386E-2
3.504983021E1,1.151480973E-1,-6.356816292E-1,-8.544477820E-2
3.505183025E1,9.926560521E-2,-6.448446512E-1,-8.849909902E-2
3.505383028E1,6.811147183E-2,-6.619488597E-1,-8.849909902E-2
3.505583031E1,3.451388702E-2,-6.821073890E-1,-8.483391255E-2
3.505783034E1,2.168571576E-2,-6.912704110E-1,-8.483391255E-2
3.505983034E1,-5.803219974E-3,-7.071529031E-1,-8.666650951E-2
3.506182944E1,-4.550946131E-2,-7.291440368E-1,-9.033169597E-2
3.506382861E1,-4.550946131E-2,-7.291440368E-1,-9.033169597E-2
3.506582858E1,-7.116580009E-2,-7.401396036E-1,-9.399688989E-2
3.506782854E1,-9.132435173E-2,-7.462482452E-1,-9.277515858E-2
3.506982851E1,-1.047633886E-1,-7.493025661E-1,-9.460775554E-2
3.507182847E1,-1.206458881E-1,-7.474699616E-1,-9.644035250E-2
3.507382847E1,-1.353066564E-1,-7.370852828E-1,-1.056033298E-1
3.507582847E1,-1.438587606E-1,-7.309766412E-1,-1.104902476E-1
3.507782851E1,-1.579086632E-1,-7.187592983E-1,-1.178206354E-1
3.507982854E1,-1.750128865E-1,-7.114289403E-1,-1.306488067E-1
3.508182944E1,-1.847867370E-1,-7.077637315E-1,-1.410335153E-1
3.508383037E1,-2.000583708E-1,-6.973790526E-1,-1.605812013E-1
3.508583041E1,-2.226603776E-1,-6.808856726E-1,-1.905135959E-1
3.508783044E1,-2.312124968E-1,-6.698901057E-1,-2.070069611E-1
3.508983047E1,-2.483167201E-1,-6.448446512E-1,-2.412154078E-1
3.509183051E1,-2.617557645E-1,-6.197991371E-1,-2.772564590E-1
3.509383050E1,-2.745839357E-1,-6.118578911E-1,-2.998584807E-1
3.509583050E1,-2.916881442E-1,-5.898667574E-1,-3.346777856E-1
3.509783051E1,-3.087923825E-1,-5.782603025E-1,-3.743840456E-1
3.509983050E1,-3.179553747E-1,-5.745950937E-1,-3.951534629E-1
3.510182964E1,-3.393356502E-1,-5.599343777E-1,-4.556291103E-1
3.510382874E1,-3.472768962E-1,-5.581017733E-1,-4.782311320E-1
3.510582870E1,-3.588833213E-1,-5.550474524E-1,-5.002222657E-1
3.510782867E1,-3.747658134E-1,-5.501605272E-1,-5.423719883E-1
3.510982864E1,-3.912591934E-1,-5.452736020E-1,-5.869651437E-1
3.511182860E1,-3.961461186E-1,-5.428301096E-1,-6.101779938E-1
3.511382857E1,-4.169155359E-1,-5.397757888E-1,-6.559929252E-1
3.511582853E1,-4.291328490E-1,-5.367214680E-1,-7.024186850E-1
3.511782850E1,-4.352414906E-1,-5.336671472E-1,-7.292967439E-1
3.511982847E1,-4.541783035E-1,-5.293911099E-1,-7.763333917E-1
3.512182933E1,-4.761694670E-1,-5.165629387E-1,-8.288677931E-1
3.512383016E1,-4.865541756E-1,-5.080108047E-1,-8.563567400E-1
3.512583020E1,-5.079344511E-1,-4.872413874E-1,-9.070585370E-1
3.512783023E1,-5.433646441E-1,-4.670828283E-1,-9.602038264E-1
3.512983026E1,-5.543602109E-1,-4.554764032E-1,-9.889144897E-1
3.513183030E1,-5.867360830E-1,-4.249331355E-1,-1.048168421E0
3.513383033E1,-6.185010672E-1,-3.895029426E-1,-1.109254956E0
3.513583036E1,-6.313292384E-1,-3.675118089E-1,-1.141630769E0
3.513783036E1,-6.606507897E-1,-3.137556612E-1,-1.210658550E0
3.513983033E1,-6.924157739E-1,-2.532800138E-1,-1.283351541E0
3.514182943E1,-7.321220040E-1,-1.421025246E-1,-1.392085552E0
3.514383043E1,-7.321220040E-1,-1.421025246E-1,-1.392085552E0
3.514583040E1,-7.535023093E-1,-5.658139288E-2,-1.461113334E0
3.514783036E1,-7.669413090E-1,-1.076649968E-2,-1.495932579E0
3.514983033E1,-7.840455174E-1,8.330674469E-2,-1.560073495E0
3.515183029E1,-8.078693151E-1,1.804343164E-1,-1.617494822E0
3.515383029E1,-8.237518072E-1,2.280818075E-1,-1.641318560E0
3.515583033E1,-8.432994485E-1,3.099377453E-1,-1.692631245E0
3.515783036E1,-8.683449626E-1,3.826307058E-1,-1.737835288E0
3.515983039E1,-8.982773423E-1,4.339433908E-1,-1.781206727E0
3.516183129E1,-9.111055136E-1,4.516584873E-1,-1.801365256E0
3.516383222E1,-9.428704977E-1,4.730387628E-1,-1.845347524E0
3.516583226E1,-9.728028774E-1,4.718170464E-1,-1.882610321E0
3.516783229E1,-9.972375035E-1,4.657084048E-1,-1.900936246E0
3.516983232E1,-1.029002547E0,4.302782118E-1,-1.927814364E0
3.517183232E1,-1.068097830E0,3.753003478E-1,-1.947972894E0
3.517383232E1,-1.083980322E0,3.410918713E-1,-1.954692483E0
3.517583232E1,-1.123686671E0,2.641228735E-1,-1.952859879E0
3.517783232E1,-1.156062484E0,1.767691374E-1,-1.934533834E0
3.517983232E1,-1.167058110E0,1.260673106E-1,-1.922316551E0
3.518183146E1,-1.215316415E0,-2.664899640E-2,-1.856953979E0
3.518383086E1,-1.227533698E0,-7.796167582E-2,-1.829465032E0
3.518583082E1,-1.246470571E0,-1.329395473E-1,-1.797089219E0
3.518783079E1,-1.275792122E0,-2.331214547E-1,-1.725618005E0
3.518983076E1,-1.306946158E0,-3.357468247E-1,-1.643761992E0
3.519183072E1,-1.324661255E0,-3.870594800E-1,-1.600390553E0
3.519383069E1,-1.357648015E0,-4.823544621E-1,-1.506928205E0
3.519583065E1,-1.391856432E0,-5.660430193E-1,-1.411633253E0
3.519783062E1,-1.408960700E0,-6.069709659E-1,-1.360320568E0
3.519983062E1,-1.449277759E0,-6.821073890E-1,-1.260138631E0
3.520183152E1,-1.491427541E0,-7.438048124E-1,-1.160567641E0
3.520383052E1,-1.505477428E0,-7.688502669E-1,-1.109865785E0
3.520583055E1,-1.539075017E0,-8.097782135E-1,-1.019457698E0
3.520783058E1,-1.567785621E0,-8.305476308E-1,-9.321039915E-1
3.520983062E1,-1.575726867E0,-8.372671604E-1,-8.911760449E-1
3.521183065E1,-1.592831135E0,-8.317694068E-1,-8.135961294E-1
3.521383068E1,-1.610546231E0,-8.226063848E-1,-7.372379899E-1
3.521583068E1,-1.616044044E0,-8.103891015E-1,-6.956991553E-1
3.521783065E1,-1.621541739E0,-7.896196842E-1,-6.095671654E-1
3.521983062E1,-1.635591745E0,-7.560220957E-1,-5.185482502E-1
3.522182972E1,-1.652695894E0,-6.833291054E-1,-3.780492246E-1
3.522382878E1,-1.652695894E0,-6.833291054E-1,-3.780492246E-1
3.522582875E1,-1.656361103E0,-6.210208535E-1,-2.858085632E-1
3.522782871E1,-1.657582879E0,-5.880341530E-1,-2.430480123E-1
3.522982868E1,-1.660026312E0,-5.128977299E-1,-1.569160074E-1
3.523182868E1,-1.658804536E0,-4.285983145E-1,-8.300131559E-2
3.523382871E1,-1.657582879E0,-3.821725547E-1,-5.001459271E-2
3.523582875E1,-1.653917670E0,-2.819906771E-1,9.850202128E-3
3.523782878E1,-1.654528499E0,-1.622610837E-1,6.299547851E-2
3.523982881E1,-1.657582879E0,-9.628763795E-2,8.743008971E-2
3.524182971E1,-1.659415483E0,5.276348442E-2,1.301906556E-1
3.524383031E1,-1.668578386E0,2.195297033E-1,1.668425649E-1
3.524583034E1,-1.667967558E0,3.074942827E-1,1.882228553E-1
3.524783038E1,-1.679574013E0,4.883103967E-1,2.279291004E-1
3.524983038E1,-1.692402124E0,6.666830778E-1,2.755765915E-1
3.525183038E1,-1.701565146E0,7.503715754E-1,3.000111878E-1
3.525383038E1,-1.710728168E0,9.073639512E-1,3.580434024E-1
3.525583038E1,-1.723556280E0,1.047252059E0,4.240168333E-1
3.525783038E1,-1.725999713E0,1.113225579E0,4.588361681E-1
3.525983038E1,-1.737606168E0,1.235398650E0,5.266422033E-1
3.526182948E1,-1.758986473E0,1.388114929E0,6.347653270E-1
3.526382854E1,-1.758986473E0,1.388114929E0,6.347653270E-1
3.526582851E1,-1.773647189E0,1.473025203E0,7.037931085E-1
3.526782848E1,-1.797470927E0,1.549994230E0,7.691556811E-1
3.526982844E1,-1.809688330E0,1.589700460E0,7.984772325E-1
3.527182841E1,-1.829846859E0,1.670334697E0,8.485682011E-1
3.527382837E1,-1.855503201E0,1.747914553E0,8.894961476E-1
3.527582834E1,-1.869553089E0,1.783344746E0,9.066003561E-1
3.527782834E1,-1.898263693E0,1.852372527E0,9.322566986E-1
3.527982837E1,-1.920865774E0,1.926898003E0,9.456957579E-1
3.528182927E1,-1.941024303E0,2.002034426E0,9.566913247E-1
3.528383021E1,-1.950798154E0,2.041740656E0,9.573022127E-1
3.528583024E1,-1.959961176E0,2.121153116E0,9.536370039E-1
3.528783027E1,-1.962404609E0,2.202398300E0,9.365327954E-1
3.528983030E1,-1.961793780E0,2.242715359E0,9.249263406E-1
3.529183034E1,-1.949576378E0,2.327625751E0,8.931613564E-1
3.529383034E1,-1.940413475E0,2.394209862E0,8.504008055E-1
3.529583030E1,-1.935526490E0,2.418033600E0,8.271878958E-1
3.529783027E1,-1.922087550E0,2.447355270E0,7.728208899E-1
3.529983024E1,-1.905594110E0,2.457740068E0,7.068474293E-1
3.530182934E1,-1.877494335E0,2.433916092E0,5.913938880E-1
3.530382880E1,-1.877494335E0,2.433916092E0,5.913938880E-1
3.530582877E1,-1.846340179E0,2.392377377E0,5.040401816E-1
3.530782873E1,-1.829846859E0,2.361223221E0,4.576144218E-1
3.530982873E1,-1.787697196E0,2.286086798E0,3.586542606E-1
3.531182873E1,-1.744325757E0,2.187737465E0,2.517528534E-1
3.531382873E1,-1.717447639E0,2.127261877E0,1.967749745E-1
3.531582873E1,-1.659415483E0,2.002645254E0,9.109527618E-2
3.531782873E1,-1.592220306E0,1.876807094E0,-2.977967961E-3
3.531982873E1,-1.558011770E0,1.806557655E0,-5.734497309E-2
3.532182960E1,-1.484097123E0,1.680719376E0,-1.685224473E-1
3.532383050E1,-1.381471753E0,1.567098379E0,-2.644282877E-1
3.532583050E1,-1.330769897E0,1.499903202E0,-3.139083683E-1
3.532783053E1,-1.231809735E0,1.327639222E0,-4.122576714E-1
3.532983057E1,-1.146899462E0,1.135216713E0,-5.136613250E-1
3.533183060E1,-1.111469269E0,1.033202171E0,-5.643631220E-1
3.533383063E1,-1.049771905E0,8.303949237E-1,-6.651558876E-1
3.533583066E1,-9.923505783E-1,6.385832429E-1,-7.628943324E-1
3.533783070E1,-9.636399150E-1,5.493969321E-1,-8.129853010E-1
3.533983070E1,-9.031642675E-1,4.009566605E-1,-9.052259326E-1
3.534182983E1,-7.980954647E-1,2.445751727E-1,-1.033507586E0
3.534382890E1,-7.980954647E-1,2.445751727E-1,-1.033507586E0
3.534582886E1,-7.217372656E-1,1.706604809E-1,-1.093372464E0
3.534782883E1,-6.337726712E-1,1.101848185E-1,-1.130635262E0
3.534982880E1,-5.891795158E-1,8.147415519E-2,-1.141019940E0
3.535182876E1,-4.877758920E-1,2.832887508E-2,-1.153237224E0
3.535382873E1,-3.875939846E-1,-2.359467000E-2,-1.151404619E0
3.535582873E1,-3.356704414E-1,-4.925100878E-2,-1.150793791E0
3.535782876E1,-2.330450863E-1,-9.873109311E-2,-1.140409112E0
3.535982879E1,-1.365283877E-1,-1.457677186E-1,-1.133689523E0
3.536182969E1,-8.704829961E-2,-1.653154045E-1,-1.130024314E0
3.536383023E1,2.138028387E-3,-2.001347244E-1,-1.123915672E0
3.536583026E1,7.238753140E-2,-2.190715522E-1,-1.117807031E0
3.536783029E1,1.047633886E-1,-2.257910669E-1,-1.115363598E0
3.536983032E1,1.652390510E-1,-2.282345295E-1,-1.108644009E0
3.537183036E1,2.165517360E-1,-2.135737687E-1,-1.104978919E0
3.537383036E1,2.409863323E-1,-2.025781870E-1,-1.102535367E0
3.537583036E1,2.721404731E-1,-1.720349193E-1,-1.090928912E0
3.537783036E1,2.922990322E-1,-1.329395473E-1,-1.081155181E0
3.537983036E1,2.977968156E-1,-1.133918613E-1,-1.074435592E0
3.538182949E1,3.020728528E-1,-3.642284125E-2,-1.053666234E0
3.538383052E1,2.959642112E-1,-7.101308554E-3,-1.044503212E0
3.538583052E1,2.849686444E-1,1.916589774E-2,-1.035951138E0
3.538783049E1,2.672535479E-1,8.025242388E-2,-1.017625093E0
3.538983046E1,2.422080636E-1,1.456149966E-1,-9.925796390E-1
3.539183042E1,2.183843255E-1,1.779908538E-1,-9.779189229E-1
3.539383039E1,1.737911552E-1,2.457969040E-1,-9.504299760E-1
3.539583035E1,1.273654103E-1,3.221550584E-1,-9.137780666E-1
3.539783032E1,6.627888232E-2,4.082870483E-1,-8.728500605E-1
3.539983029E1,3.817907721E-2,4.534910917E-1,-8.520806432E-1
3.540183112E1,-1.924225502E-2,5.390121937E-1,-8.093200922E-1
3.540383202E1,-8.521570265E-2,6.190355420E-1,-7.622834444E-1
3.540583205E1,-1.139263660E-1,6.605743766E-1,-7.372379899E-1
3.540783208E1,-1.780672222E-1,7.357108593E-1,-6.877579093E-1
3.540983212E1,-2.422080636E-1,8.010734320E-1,-6.358343363E-1
3.541183215E1,-2.758056521E-1,8.334492445E-1,-6.095671654E-1
3.541383218E1,-3.368921876E-1,8.939249516E-1,-5.576435924E-1
3.541583222E1,-4.004221559E-1,9.482919574E-1,-5.014439821E-1
3.541783222E1,-4.260784984E-1,9.684504867E-1,-4.721224904E-1
3.541983222E1,-4.786129296E-1,1.009989381E0,-4.055381715E-1
3.542183132E1,-5.451972485E-1,1.062523723E0,-3.023019433E-1
3.542383042E1,-5.451972485E-1,1.062523723E0,-3.023019433E-1
3.542583038E1,-5.787948370E-1,1.093677878E0,-2.363284975E-1
3.542783035E1,-6.044511795E-1,1.115058184E0,-1.715767831E-1
3.542983032E1,-6.191119552E-1,1.124832034E0,-1.392009109E-1
3.543183028E1,-6.374378800E-1,1.138270974E0,-8.116871864E-2
3.543383131E1,-6.484334469E-1,1.147433996E0,-2.374738641E-2
3.543583135E1,-6.514877677E-1,1.153542638E0,3.130684374E-3
3.543783138E1,-6.502660513E-1,1.157207847E0,5.077817291E-2
3.543983141E1,-6.447682381E-1,1.157818675E0,9.292787313E-2
3.544183231E1,-6.398813725E-1,1.154764414E0,1.124755666E-1
3.544383131E1,-6.221662760E-1,1.148044825E0,1.515709460E-1
3.544583135E1,-5.983424783E-1,1.138881922E0,1.906663179E-1
3.544783138E1,-5.818491578E-1,1.132773280E0,2.065488100E-1
3.544983141E1,-5.451972485E-1,1.110782146E0,2.303725630E-1
3.545183141E1,-5.091561675E-1,1.082071424E0,2.535854280E-1
3.545383141E1,-4.865541756E-1,1.066799760E0,2.639701366E-1
3.545583141E1,-4.389066696E-1,1.035034776E0,2.822960913E-1
3.545783141E1,-3.827070892E-1,1.000215530E0,3.024546504E-1
3.545983141E1,-3.533855379E-1,9.831112623E-1,3.091741800E-1
3.546183055E1,-2.623666227E-1,9.269116521E-1,3.256675303E-1
3.546382965E1,-2.269364446E-1,9.104182720E-1,3.305544555E-1
3.546582961E1,-1.945605874E-1,8.908706307E-1,3.378848433E-1
3.546782958E1,-1.200350225E-1,8.554404378E-1,3.488804102E-1
3.546982954E1,-4.673119262E-2,8.248971701E-1,3.580434024E-1
3.547182951E1,-9.468411095E-3,8.108472824E-1,3.610977232E-1
3.547382948E1,6.688974798E-2,7.809148431E-1,3.702606857E-1
3.547582944E1,1.438587606E-1,7.607563138E-1,3.782019317E-1
3.547782941E1,1.841758788E-1,7.485389709E-1,3.849214613E-1
3.547982937E1,2.556470931E-1,7.302130461E-1,3.928627074E-1
3.548183024E1,3.295617998E-1,7.112762332E-1,4.020256996E-1
3.548383114E1,3.668245673E-1,7.063893080E-1,4.063017368E-1
3.548583117E1,4.303545654E-1,6.911176443E-1,4.160755873E-1
3.548783120E1,4.957171381E-1,6.801220775E-1,4.295146167E-1
3.548983124E1,5.250386596E-1,6.721808314E-1,4.344015419E-1
3.549183127E1,5.787948370E-1,6.624069810E-1,4.502840340E-1
3.549383027E1,6.252205968E-1,6.514114141E-1,4.692208767E-1
3.549583027E1,6.496551633E-1,6.471353769E-1,4.765512347E-1
3.549783027E1,6.875288486E-1,6.385832429E-1,4.954880774E-1
3.549983024E1,7.241807580E-1,6.306419969E-1,5.168683529E-1
3.550182934E1,7.681630254E-1,6.141486168E-1,5.529094338E-1
3.550382840E1,7.681630254E-1,6.141486168E-1,5.529094338E-1
3.550582837E1,7.932085395E-1,6.074291468E-1,5.791766047E-1
3.550782834E1,8.042041063E-1,6.068182588E-1,5.956699848E-1
3.550982830E1,8.213083148E-1,6.049856544E-1,6.298784018E-1
3.551182830E1,8.396342993E-1,6.043748260E-1,6.616434455E-1
3.551382833E1,8.500189781E-1,6.013205051E-1,6.805802584E-1
3.551582837E1,8.597928286E-1,5.994879007E-1,7.141778469E-1
3.551782840E1,8.720101118E-1,6.000987291E-1,7.551057935E-1
3.551982843E1,8.823948503E-1,5.994879007E-1,7.990881205E-1
3.552182933E1,8.897252083E-1,5.988770127E-1,8.204683661E-1
3.552383027E1,8.994990587E-1,5.994879007E-1,8.662832975E-1
3.552583030E1,9.092729092E-1,6.007096171E-1,9.108764529E-1
3.552783033E1,9.147707224E-1,6.007096171E-1,9.353110194E-1
3.552983033E1,9.251554012E-1,6.019313335E-1,9.792933464E-1
3.553183033E1,9.275988936E-1,6.092617512E-1,1.022664785E0
3.553383033E1,9.306532145E-1,6.117051840E-1,1.043434143E0
3.553583033E1,9.398161769E-1,6.202573180E-1,1.082529545E0
3.553783033E1,9.440922141E-1,6.355289221E-1,1.125900984E0
3.553983033E1,9.489791393E-1,6.446918845E-1,1.143616080E0
3.554182946E1,9.611964822E-1,6.819546819E-1,1.199815750E0
3.554382893E1,9.648616314E-1,6.947828531E-1,1.215087295E0
3.554582890E1,9.715811610E-1,7.112762332E-1,1.233413339E0
3.554782886E1,9.801332951E-1,7.424303293E-1,1.263345718E0
3.554982883E1,9.899071455E-1,7.772496939E-1,1.293278098E0
3.555182880E1,9.923505783E-1,7.931321859E-1,1.305495381E0
3.555382876E1,1.002124429E0,8.261188865E-1,1.328708291E0
3.555582873E1,1.010065675E0,8.639925122E-1,1.352532029E0
3.555782869E1,1.014952660E0,8.865945339E-1,1.364138484E0
3.555982869E1,1.024115562E0,9.299659729E-1,1.382464409E0
3.556182959E1,1.029002547E0,9.745591283E-1,1.397125125E0
3.556383053E1,1.035722017E0,9.886090159E-1,1.402012110E0
3.556583056E1,1.035722017E0,1.029536963E0,1.411175132E0
3.556783059E1,1.032056808E0,1.062523723E0,1.414229393E0
3.556983062E1,1.025948167E0,1.075962782E0,1.414229393E0
3.557183066E1,1.010065675E0,1.097343087E0,1.402622938E0
3.557383066E1,9.892962575E-1,1.121777654E0,1.386740446E0
3.557583066E1,9.801332951E-1,1.130940676E0,1.375744939E0
3.557783062E1,9.581421614E-1,1.150488377E0,1.351921201E0
3.557983059E1,9.318749309E-1,1.169425130E0,1.323821306E0
3.558182969E1,8.909469843E-1,1.184085965E0,1.263345718E0
3.558382876E1,8.909469843E-1,1.184085965E0,1.263345718E0
3.558582872E1,8.567385077E-1,1.195081472E0,1.216309071E0
3.558782869E1,8.402451277E-1,1.198746681E0,1.190041900E0
3.558982869E1,8.042041063E-1,1.200579286E0,1.130177021E0
3.559182869E1,7.626652718E-1,1.197524905E0,1.058705807E0
3.559382869E1,7.418958545E-1,1.195081472E0,1.021443009E0
3.559582869E1,6.887505651E-1,1.178588152E0,9.371436238E-1
3.559782869E1,6.319400668E-1,1.155375242E0,8.461247087E-1
3.559982869E1,6.013968587E-1,1.139492750E0,7.984772325E-1
3.560182955E1,5.433646441E-1,1.108949542E0,6.995170712E-1
3.560383005E1,4.877758920E-1,1.074130177E0,5.968917012E-1
3.560583005E1,4.590652287E-1,1.051528215E0,5.419138074E-1
3.560783009E1,3.967569768E-1,9.965502620E-1,4.258494377E-1
3.560983012E1,3.301726580E-1,9.281333685E-1,3.067307174E-1
3.561183015E1,2.965750694E-1,8.884271383E-1,2.432007194E-1
3.561383019E1,2.281581759E-1,8.102363944E-1,1.143081561E-1
3.561583022E1,1.566869318E-1,7.222718000E-1,-1.702786796E-2
3.561783025E1,1.157589629E-1,6.776786447E-1,-7.994698733E-2
3.561983028E1,4.245513305E-2,5.774967074E-1,-2.118938863E-1
3.562182942E1,-6.200282276E-2,4.058435857E-1,-3.933208585E-1
3.562383052E1,-9.560041130E-2,3.447570801E-1,-4.464661479E-1
3.562583048E1,-1.322523206E-1,2.757292986E-1,-4.941136241E-1
3.562783045E1,-2.025018334E-1,1.340085566E-1,-5.759695768E-1
3.562983042E1,-2.360994220E-1,5.276348442E-2,-6.107888818E-1
3.563183038E1,-3.002402782E-1,-1.109483987E-1,-6.633232832E-1
3.563383035E1,-3.643811047E-1,-2.862667143E-1,-7.030295134E-1
3.563583031E1,-3.967569768E-1,-3.742313087E-1,-7.176902890E-1
3.563783031E1,-4.670064747E-1,-5.422192812E-1,-7.464009523E-1
3.563983035E1,-5.280929804E-1,-6.833291054E-1,-7.775551081E-1
3.564183125E1,-5.934556127E-1,-7.896196842E-1,-7.977136374E-1
3.564383218E1,-6.178901792E-1,-8.329911232E-1,-8.044331670E-1
3.564583221E1,-6.606507897E-1,-8.928559422E-1,-8.019897342E-1
3.564783225E1,-6.911939979E-1,-9.337838888E-1,-7.830528617E-1
3.564983228E1,-7.009678483E-1,-9.460011721E-1,-7.702246904E-1
3.565183231E1,-7.046330571E-1,-9.551641941E-1,-7.396814823E-1
3.565383235E1,-6.985244155E-1,-9.441685677E-1,-7.091382146E-1
3.565583234E1,-6.924157739E-1,-9.276752472E-1,-6.895905137E-1
3.565783234E1,-6.753115058E-1,-8.769733906E-1,-6.535494328E-1
3.565983235E1,-6.514877677E-1,-7.969500422E-1,-6.144540906E-1
3.566183148E1,-6.056728959E-1,-6.246860623E-1,-5.460371971E-1
3.566383091E1,-6.056728959E-1,-6.246860623E-1,-5.460371971E-1
3.566583091E1,-5.696318150E-1,-4.774675369E-1,-5.026657581E-1
3.566783088E1,-5.525276065E-1,-3.992767930E-1,-4.782311320E-1
3.566983084E1,-5.164865851E-1,-2.294562608E-1,-4.287510514E-1
3.567183081E1,-4.737260044E-1,-5.108360574E-2,-3.719405830E-1
3.567383078E1,-4.554000497E-1,3.993531689E-2,-3.450624943E-1
3.567583074E1,-4.236350358E-1,2.244166136E-1,-2.888629138E-1
3.567783071E1,-3.906483352E-1,4.076761901E-1,-2.314415723E-1
3.567983067E1,-3.698789179E-1,4.944190681E-1,-2.008983046E-1
3.568183151E1,-3.368921876E-1,6.666830778E-1,-1.440878361E-1
3.568383037E1,-3.087923825E-1,8.255079985E-1,-8.788824081E-2
3.568583041E1,-2.953533530E-1,8.945357800E-1,-6.284276396E-2
3.568783044E1,-2.605340183E-1,1.022817492E0,-1.702786796E-2
3.568983047E1,-2.367102802E-1,1.135216713E0,1.901318133E-2
3.569183050E1,-2.251038402E-1,1.184696794E0,3.306308016E-2
3.569383054E1,-2.018909603E-1,1.276326537E0,5.322163552E-2
3.569583057E1,-1.701259762E-1,1.360625982E0,7.521278411E-2
3.569783060E1,-1.560760736E-1,1.401553988E0,8.315403014E-2
3.569983060E1,-1.243110746E-1,1.473025203E0,1.020908505E-1
3.570182970E1,-7.116580009E-2,1.549383283E0,1.259146035E-1
3.570382877E1,-7.116580009E-2,1.549383283E0,1.259146035E-1
3.570582874E1,-3.756821156E-2,1.560378909E0,1.362993121E-1
3.570782870E1,-9.162978968E-4,1.539609551E0,1.460731477E-1
3.570982867E1,1.924225502E-2,1.519450903E0,1.534035355E-1
3.571182863E1,4.734205827E-2,1.461418748E0,1.637882441E-1
3.571382860E1,7.299839705E-2,1.378341079E0,1.729512215E-1
3.571582860E1,8.460483700E-2,1.329471827E0,1.778381467E-1
3.571782863E1,1.017090604E-1,1.224403024E0,1.827250719E-1
3.571982866E1,1.175915599E-1,1.108949542E0,1.888337135E-1
3.572182956E1,1.261436790E-1,1.040532589E0,1.906663179E-1
3.572383016E1,1.261436790E-1,8.963683844E-1,1.943315119E-1
3.572583020E1,1.224784851E-1,7.247152328E-1,1.943315119E-1
3.572783023E1,1.096503139E-1,6.269767880E-1,1.882228553E-1
3.572983026E1,8.643743396E-2,4.198935032E-1,1.735620946E-1
3.573183030E1,4.856378585E-2,1.914298981E-1,1.424079537E-1
3.573383030E1,2.840523422E-2,7.170030475E-2,1.210276783E-1
3.573583030E1,-2.474004216E-2,-1.738675237E-1,7.032585889E-2
3.573783030E1,-8.155050874E-2,-4.163810313E-1,1.908953884E-3
3.573983030E1,-1.120937690E-1,-5.385540724E-1,-3.962988406E-2
3.574182943E1,-2.043344229E-1,-8.849146366E-1,-1.880701333E-1
3.574382853E1,-2.281581759E-1,-9.905943274E-1,-2.436588705E-1
3.574582850E1,-2.483167201E-1,-1.090776205E0,-3.023019433E-1
3.574782846E1,-2.935207486E-1,-1.258153319E0,-4.232532680E-1
3.574982843E1,-3.197879493E-1,-1.391321898E0,-5.527566671E-1
3.575182839E1,-3.258966208E-1,-1.440191150E0,-6.193410158E-1
3.575382836E1,-3.234531581E-1,-1.504942894E0,-7.506770492E-1
3.575582833E1,-3.069597781E-1,-1.526934028E0,-8.789587021E-1
3.575782829E1,-2.678644061E-1,-1.506775498E0,-9.864709973E-1
3.575982826E1,-2.440406680E-1,-1.491503835E0,-1.034729362E0
3.576182912E1,-1.866193265E-1,-1.445078135E0,-1.115974426E0
3.576383006E1,-1.267545372E-1,-1.389489412E0,-1.181947947E0
3.576583009E1,-9.254608303E-2,-1.360778689E0,-1.206382513E0
3.576783012E1,-2.474004216E-2,-1.311909437E0,-1.247921348E0
3.576983016E1,4.245513305E-2,-1.258764148E0,-1.268690705E0
3.577183019E1,8.093964309E-2,-1.231275201E0,-1.274188519E0
3.577383022E1,1.566869318E-1,-1.171410441E0,-1.271134257E0
3.577583026E1,2.452623993E-1,-1.107880473E0,-1.258916855E0
3.577783026E1,2.910772860E-1,-1.071228623E0,-1.250364780E0
3.577983022E1,3.857614100E-1,-9.893726110E-1,-1.229595423E0
3.578182932E1,5.293147564E-1,-8.494845033E-1,-1.183780432E0
3.578382879E1,5.293147564E-1,-8.494845033E-1,-1.183780432E0
3.578582875E1,6.215553880E-1,-7.572438121E-1,-1.143463373E0
3.578782872E1,7.009678483E-1,-6.698901057E-1,-1.092761517E0
3.578982868E1,7.388415337E-1,-6.301838756E-1,-1.062218308E0
3.579182865E1,8.115344644E-1,-5.538256764E-1,-9.950231314E-1
3.579382865E1,8.713992834E-1,-4.896848500E-1,-9.186649919E-1
3.579582868E1,9.025533795E-1,-4.621959031E-1,-8.777369857E-1
3.579782872E1,9.489791393E-1,-4.176027477E-1,-7.909941077E-1
3.579982875E1,9.837985039E-1,-3.797291219E-1,-6.963100433E-1
3.580182965E1,9.947940707E-1,-3.607922792E-1,-6.449973583E-1
3.580383058E1,1.025337338E0,-3.247512281E-1,-5.325981379E-1
3.580583062E1,1.047939301E0,-2.801580727E-1,-4.140902758E-1
3.580783065E1,1.058323979E0,-2.563343346E-1,-3.566689491E-1
3.580983068E1,1.067487001E0,-2.202932835E-1,-2.430480123E-1
3.581183068E1,1.054047942E0,-1.976912618E-1,-1.422552466E-1
3.581383068E1,1.043052435E0,-1.909717470E-1,-9.399688989E-2
3.581583068E1,1.007622242E0,-1.903608888E-1,-1.756237587E-3
3.581783068E1,9.514226317E-1,-2.025781870E-1,8.681922406E-2
3.581983068E1,9.129381180E-1,-2.068542391E-1,1.308015138E-1
3.582182982E1,8.097018600E-1,-2.037999183E-1,2.566397488E-1
3.582382888E1,7.687739134E-1,-2.001347244E-1,2.951242626E-1
3.582582885E1,7.241807580E-1,-1.995238662E-1,3.329979181E-1
3.582782881E1,6.276640296E-1,-2.123520374E-1,3.965279162E-1
3.582982878E1,5.256495476E-1,-2.257910669E-1,4.588361681E-1
3.583182874E1,4.712825418E-1,-2.294562608E-1,4.887685478E-1
3.583382871E1,3.820962012E-1,-2.086868435E-1,5.498550534E-1
3.583582868E1,3.051272035E-1,-1.524872333E-1,6.091089845E-1
3.583782864E1,2.672535479E-1,-1.213331074E-1,6.372088194E-1
3.583982864E1,1.963931769E-1,-5.963572115E-2,6.915758252E-1
3.584182951E1,1.304197311E-1,2.290744742E-4,7.325037718E-1
3.584383004E1,1.010981947E-1,2.466368489E-2,7.477754354E-1
3.584583008E1,3.573561832E-2,6.803511828E-2,7.832056284E-1
3.584783011E1,-2.474004216E-2,1.077413559E-1,8.070293665E-1
3.584983014E1,-5.345070735E-2,1.352302879E-1,8.198575377E-1
3.585183017E1,-9.987647086E-2,1.773799956E-1,8.381834626E-1
3.585383021E1,-1.475239545E-1,2.164753675E-1,8.485682011E-1
3.585582981E1,-1.695151031E-1,2.390773892E-1,8.540659547E-1
3.585782977E1,-2.061670274E-1,2.757292986E-1,8.595637679E-1
3.585982974E1,-2.385428846E-1,3.142138124E-1,8.577311635E-1
3.586182884E1,-2.880229652E-1,3.661373556E-1,8.467355967E-1
3.586382980E1,-2.880229652E-1,3.661373556E-1,8.467355967E-1
3.586582977E1,-3.094032407E-1,4.015675485E-1,8.296313882E-1
3.586782974E1,-3.216205537E-1,4.198935032E-1,8.186357617E-1
3.586982944E1,-3.289509416E-1,4.602105916E-1,7.905359864E-1
3.587182944E1,-3.362813294E-1,4.950299263E-1,7.667122483E-1
3.587382944E1,-3.381139040E-1,5.109124184E-1,7.477754354E-1
3.587582944E1,-3.436116874E-1,5.249623060E-1,7.172321677E-1
3.587782944E1,-3.460551500E-1,5.255731940E-1,6.818019748E-1
3.587982944E1,-3.368921876E-1,5.090798140E-1,6.451500654E-1
3.588183030E1,-3.326161206E-1,4.986951053E-1,6.256023645E-1
3.588383120E1,-3.136793077E-1,4.705953002E-1,5.913938880E-1
3.588583120E1,-2.861903608E-1,4.339433908E-1,5.565745831E-1
3.588783120E1,-2.727513313E-1,4.131739736E-1,5.413029790E-1
3.588983124E1,-2.409863323E-1,3.649156392E-1,5.089271069E-1
3.589183127E1,-2.000583708E-1,3.160464168E-1,4.734969139E-1
3.589383130E1,-1.744020283E-1,2.897791862E-1,4.551709592E-1
3.589583134E1,-1.206458881E-1,2.354121953E-1,4.221842289E-1
3.589783137E1,-6.139195710E-2,1.822669208E-1,3.891975284E-1
3.589983140E1,-3.023782931E-2,1.523345262E-1,3.720932901E-1
3.590183057E1,5.650503561E-2,5.948300287E-2,3.342196345E-1
3.590382967E1,8.704829961E-2,2.588541433E-2,3.232240677E-1
3.590582963E1,1.182024255E-1,-7.101308554E-3,3.134502172E-1
3.590782960E1,1.689042449E-1,-8.162686974E-2,2.969568670E-1
3.590982956E1,2.189951837E-1,-1.634828150E-1,2.804635167E-1
3.591182953E1,2.458732575E-1,-2.074651122E-1,2.713005245E-1
3.591382950E1,2.892446816E-1,-2.997057736E-1,2.566397488E-1
3.591582986E1,3.381139040E-1,-3.876703680E-1,2.401463985E-1
3.591782986E1,3.686571717E-1,-4.292092025E-1,2.377029359E-1
3.591982986E1,4.285219610E-1,-4.970152378E-1,2.303725630E-1
3.592183076E1,4.944954216E-1,-5.568800569E-1,2.205987126E-1
3.592382980E1,5.262604356E-1,-5.849798322E-1,2.151009291E-1
3.592582983E1,5.971207619E-1,-6.369034052E-1,2.083813995E-1
3.592782986E1,6.606507897E-1,-6.967681646E-1,2.053270787E-1
3.592983016E1,6.899722815E-1,-7.267005444E-1,2.028836161E-1
3.593183020E1,7.510588169E-1,-7.859544754E-1,2.004401535E-1
3.593383023E1,8.066475391E-1,-8.555931449E-1,2.004401535E-1
3.593583023E1,8.268061280E-1,-8.934667706E-1,2.010510266E-1
3.593783023E1,8.695666790E-1,-9.631054401E-1,2.089922726E-1
3.593983023E1,8.933904171E-1,-1.033965826E0,2.175443918E-1
3.594182936E1,9.080511928E-1,-1.136591196E0,2.413681298E-1
3.594382846E1,9.080511928E-1,-1.136591196E0,2.413681298E-1
3.594582836E1,9.013316631E-1,-1.200121164E0,2.609158158E-1
3.594782836E1,8.933904171E-1,-1.231275201E0,2.700788081E-1
3.594982833E1,8.787296414E-1,-1.294805288E0,2.914590836E-1
3.595182829E1,8.567385077E-1,-1.351004839E0,3.152828217E-1
3.595382826E1,8.439103365E-1,-1.376661181E0,3.287218511E-1
3.595582823E1,8.237518072E-1,-1.421865225E0,3.592651188E-1
3.595782819E1,8.060367107E-1,-1.459128022E0,3.916409910E-1
3.595982816E1,7.938193679E-1,-1.470734477E0,4.050800204E-1
3.596182899E1,7.699956298E-1,-1.486616969E0,4.325689375E-1
3.596382986E1,7.480044961E-1,-1.490282178E0,4.527274966E-1
3.596582986E1,7.412849665E-1,-1.488449574E0,4.643339515E-1
3.596782989E1,7.131851912E-1,-1.478675723E0,4.808273017E-1
3.596982992E1,6.863071322E-1,-1.458517075E0,4.960989356E-1
3.597182996E1,6.759223938E-1,-1.443856359E0,5.022075772E-1
3.597382999E1,6.527095437E-1,-1.407204509E0,5.180900693E-1
3.597583002E1,6.252205968E-1,-1.369330764E0,5.278639197E-1
3.597783005E1,6.111706495E-1,-1.345507026E0,5.358051658E-1
3.597983009E1,5.849034786E-1,-1.299081326E0,5.431355834E-1
3.598182922E1,5.476406813E-1,-1.220279694E0,5.535202622E-1
3.598382829E1,5.476406813E-1,-1.220279694E0,5.535202622E-1
3.598582825E1,5.225952268E-1,-1.165912628E0,5.596289039E-1
3.598782822E1,5.079344511E-1,-1.106658697E0,5.626832247E-1
3.598982818E1,4.987714589E-1,-1.077337265E0,5.626832247E-1
3.599182815E1,4.865541756E-1,-1.016861558E0,5.596289039E-1
3.599382812E1,4.792237878E-1,-9.582185149E-1,5.541311502E-1
3.599582812E1,4.657847583E-1,-9.343947768E-1,5.535202622E-1
3.599782812E1,4.657847583E-1,-8.898015618E-1,5.480225086E-1
3.599982815E1,4.621195495E-1,-8.598691821E-1,5.431355834E-1
3.600182905E1,4.633412957E-1,-8.372671604E-1,5.376377702E-1
3.600382998E1,4.633412957E-1,-8.293259144E-1,5.333617330E-1
3.600583012E1,4.627304375E-1,-8.201629519E-1,5.272530913E-1
3.600783015E1,4.737260044E-1,-8.116108179E-1,5.187009573E-1
3.600983018E1,4.804455042E-1,-8.134434223E-1,5.144249201E-1
3.601183021E1,4.914411008E-1,-8.140543103E-1,5.070945024E-1
3.601383021E1,5.109887719E-1,-8.232172728E-1,4.991532564E-1
3.601583021E1,5.225952268E-1,-8.299368024E-1,4.985423982E-1
3.601783021E1,5.488623977E-1,-8.470410109E-1,4.906011522E-1
3.601983021E1,5.720753074E-1,-8.696430326E-1,4.881576896E-1
3.602182935E1,6.258314252E-1,-9.099601507E-1,4.814381599E-1
3.602382845E1,6.258314252E-1,-9.099601507E-1,4.814381599E-1
3.602582845E1,6.612616181E-1,-9.411142468E-1,4.796055853E-1
3.602782841E1,6.795876026E-1,-9.576076269E-1,4.783838391E-1
3.602982838E1,7.180721164E-1,-9.838748574E-1,4.765512347E-1
3.603182834E1,7.547240257E-1,-1.011363745E0,4.765512347E-1
3.603382831E1,7.693848014E-1,-1.020526767E0,4.747186601E-1
3.603582828E1,8.048149347E-1,-1.041296124E0,4.692208767E-1
3.603782824E1,8.335255980E-1,-1.060843825E0,4.655556679E-1
3.603982821E1,8.439103365E-1,-1.065730810E0,4.661665261E-1
3.604182904E1,8.762862086E-1,-1.082224131E0,4.594470263E-1
3.604382994E1,9.043859839E-1,-1.096274018E0,4.612796307E-1
3.604582998E1,9.147707224E-1,-1.104826212E0,4.588361681E-1
3.604783001E1,9.404270649E-1,-1.119486928E0,4.551709592E-1
3.604983004E1,9.691377282E-1,-1.124984741E0,4.533383846E-1
3.605183007E1,9.813550115E-1,-1.128039002E0,4.527274966E-1
3.605383011E1,1.010676503E0,-1.125595570E0,4.496731758E-1
3.605583014E1,1.041830659E0,-1.122541189E0,4.508949220E-1
3.605783017E1,1.048550248E0,-1.121930361E0,4.496731758E-1
3.605983017E1,1.069930434E0,-1.120097756E0,4.508949220E-1
3.606182927E1,1.091310740E0,-1.112156510E0,4.533383846E-1
3.606382834E1,1.091310740E0,-1.112156510E0,4.533383846E-1
3.606582831E1,1.104138970E0,-1.104215264E0,4.576144218E-1
3.606782827E1,1.109025836E0,-1.089554548E0,4.637230933E-1
3.606982824E1,1.113301873E0,-1.082834959E0,4.667774141E-1
3.607182820E1,1.115134478E0,-1.063898206E0,4.747186601E-1
3.607382820E1,1.118799686E0,-1.048626542E0,4.844925106E-1
3.607582820E1,1.117577910E0,-1.037631035E0,4.912120104E-1
3.607782820E1,1.114523649E0,-1.008920312E0,5.009858608E-1
3.607982820E1,1.115745425E0,-9.820422530E-1,5.150357485E-1
3.608182907E1,1.113912821E0,-9.600511193E-1,5.205335617E-1
3.608382997E1,1.109636664E0,-9.160687923E-1,5.345834494E-1
3.608582997E1,1.102917194E0,-8.617017865E-1,5.461899042E-1
3.608782997E1,1.096808553E0,-8.293259144E-1,5.553528666E-1
3.608982997E1,1.087034702E0,-7.712937593E-1,5.687919259E-1
3.609182997E1,1.072373986E0,-7.187592983E-1,5.797874928E-1
3.609383000E1,1.065043569E0,-6.912704110E-1,5.889504552E-1
3.609583004E1,1.041219831E0,-6.350708008E-1,6.030003428E-1
3.609783007E1,1.028391600E0,-5.764276981E-1,6.164394021E-1
3.609983010E1,1.017396092E0,-5.464953184E-1,6.237697601E-1
3.610182927E1,9.862419367E-1,-4.628067911E-1,6.475934982E-1
3.610383030E1,9.703594446E-1,-4.340961277E-1,6.512587070E-1
3.610583030E1,9.599747062E-1,-4.078288972E-1,6.579782367E-1
3.610783027E1,9.385944605E-1,-3.626248837E-1,6.708064079E-1
3.610983023E1,9.147707224E-1,-3.247512281E-1,6.872997880E-1
3.611183020E1,9.049968719E-1,-3.076470196E-1,6.952410340E-1
3.611383016E1,8.775079250E-1,-2.752711475E-1,7.099017501E-1
3.611583013E1,8.604037166E-1,-2.520582676E-1,7.196756005E-1
3.611783010E1,8.402451277E-1,-2.318997234E-1,7.300603390E-1
3.611983006E1,8.347473741E-1,-2.196824104E-1,7.337254882E-1
3.612183093E1,8.200865984E-1,-1.958586723E-1,7.373906970E-1
3.612383186E1,8.090910316E-1,-1.750892550E-1,7.373906970E-1
3.612583189E1,8.066475391E-1,-1.622610837E-1,7.349472642E-1
3.612783193E1,8.029823899E-1,-1.469894499E-1,7.306711674E-1
3.612983196E1,7.987062931E-1,-1.347721517E-1,7.251734138E-1
3.613183199E1,7.932085395E-1,-1.280526221E-1,7.208973765E-1
3.613383203E1,7.907650471E-1,-1.237765700E-1,7.123452425E-1
3.613583206E1,7.840455174E-1,-1.219439730E-1,7.031822801E-1
3.613783299E1,7.797694802E-1,-1.231657043E-1,6.964627504E-1
3.613983299E1,7.809911966E-1,-1.207222417E-1,6.885215044E-1
3.614183212E1,7.779368758E-1,-1.176679209E-1,6.726390123E-1
3.614383129E1,7.779368758E-1,-1.176679209E-1,6.726390123E-1
3.614583129E1,7.718282342E-1,-1.170570552E-1,6.640868783E-1
3.614783129E1,7.724391222E-1,-1.182787865E-1,6.543130279E-1
3.614983129E1,7.712173462E-1,-1.213331074E-1,6.482043862E-1
3.615183129E1,7.632761002E-1,-1.262200326E-1,6.323218942E-1
3.615383126E1,7.553348541E-1,-1.323286891E-1,6.213263273E-1
3.615583122E1,7.522805333E-1,-1.366047412E-1,6.133850813E-1
3.615783119E1,7.400632501E-1,-1.506546438E-1,6.017786264E-1
3.615983116E1,7.254024744E-1,-1.659262776E-1,5.877287388E-1
3.616183199E1,7.186829448E-1,-1.769218445E-1,5.791766047E-1
3.616383095E1,7.015787363E-1,-1.976912618E-1,5.669593215E-1
3.616583092E1,6.789767146E-1,-2.264019251E-1,5.492442250E-1
3.616783092E1,6.667594314E-1,-2.422844321E-1,5.431355834E-1
3.616983092E1,6.441574097E-1,-2.783254683E-1,5.248095989E-1
3.617183095E1,6.178901792E-1,-3.235295117E-1,5.089271069E-1
3.617383099E1,5.995642543E-1,-3.461315334E-1,4.973206818E-1
3.617583102E1,5.751296282E-1,-3.907246888E-1,4.783838391E-1
3.617783105E1,5.445863605E-1,-4.389830232E-1,4.600578845E-1
3.617983109E1,5.293147564E-1,-4.646393657E-1,4.490623176E-1
3.618183025E1,4.798346460E-1,-5.452736020E-1,4.203516543E-1
3.618382935E1,4.676173329E-1,-5.709299445E-1,4.117995203E-1
3.618582932E1,4.529565871E-1,-5.996406078E-1,4.001930952E-1
3.618782928E1,4.224133193E-1,-6.491206884E-1,3.775910735E-1
3.618982925E1,3.900374472E-1,-7.004333735E-1,3.519347310E-1
3.619182922E1,3.747658134E-1,-7.285331488E-1,3.372739851E-1
3.619382918E1,3.436116874E-1,-7.835110426E-1,3.103958964E-1
3.619582915E1,3.100140989E-1,-8.360454440E-1,2.816852331E-1
3.619782821E1,2.941316068E-1,-8.604800701E-1,2.725222707E-1
3.619982821E1,2.654209435E-1,-9.081275463E-1,2.401463985E-1
3.620182908E1,2.379320115E-1,-9.496663809E-1,2.114357352E-1
3.620382991E1,2.214386463E-1,-9.716575146E-1,1.943315119E-1
3.620582991E1,1.982257664E-1,-1.005865932E0,1.631773859E-1
3.620782991E1,1.750128865E-1,-1.036409259E0,1.314123869E-1
3.620982991E1,1.646281779E-1,-1.046793938E0,1.161407530E-1
3.621182991E1,1.426370293E-1,-1.060843825E0,8.681922406E-2
3.621382991E1,1.249219403E-1,-1.063898206E0,6.177374721E-2
3.621582991E1,1.145372316E-1,-1.061454773E0,5.138903856E-2
3.621783088E1,1.010981947E-1,-1.046183109E0,3.123048507E-2
3.621983091E1,9.193521738E-2,-1.023581028E0,1.840231568E-2
3.622183008E1,7.544185966E-2,-9.759336114E-1,7.406740915E-3
3.622382921E1,7.544185966E-2,-9.759336114E-1,7.406740915E-3
3.622582924E1,6.688974798E-2,-9.337838888E-1,6.795875728E-3
3.622782928E1,6.566801667E-2,-9.111818671E-1,6.795875728E-3
3.622982931E1,6.750060618E-2,-8.537605405E-1,1.229366288E-2
3.623182931E1,6.688974798E-2,-7.975609303E-1,7.406740915E-3
3.623382928E1,7.116580009E-2,-7.712937593E-1,3.741549561E-3
3.623582924E1,7.605272532E-2,-7.157049775E-1,-7.864889689E-3
3.623782921E1,8.460483700E-2,-6.613379717E-1,-1.641700417E-2
3.623982917E1,9.315694869E-2,-6.124687791E-1,-2.374738641E-2
3.624183001E1,9.376781434E-2,-5.898667574E-1,-2.741257846E-2
3.624383087E1,9.743300825E-2,-5.428301096E-1,-3.352123126E-2
3.624583087E1,1.029307917E-1,-4.976260960E-1,-3.291036561E-2
3.624783087E1,1.102611795E-1,-4.738023579E-1,-3.718642145E-2
3.624983090E1,1.151480973E-1,-4.414264858E-1,-3.901901841E-2
3.625183094E1,1.175915599E-1,-4.102723598E-1,-3.901901841E-2
3.625383097E1,1.249219403E-1,-3.937790096E-1,-3.657555580E-2
3.625583100E1,1.212567538E-1,-3.650683463E-1,-3.779728711E-2
3.625783104E1,1.212567538E-1,-3.388011456E-1,-4.146247730E-2
3.625983107E1,1.188132912E-1,-3.296381533E-1,-4.512767121E-2
3.626183024E1,1.182024255E-1,-3.100904822E-1,-5.612324551E-2
3.626382944E1,1.163698286E-1,-3.045926690E-1,-6.101016700E-2
3.626582944E1,1.108720452E-1,-2.984840274E-1,-6.467536092E-2
3.626782944E1,1.059851199E-1,-2.929862440E-1,-7.200574130E-2
3.626982944E1,9.621127695E-2,-2.960405648E-1,-7.750352472E-2
3.627182944E1,9.437867999E-2,-3.003166318E-1,-7.872525603E-2
3.627382944E1,7.971791178E-2,-3.100904822E-1,-8.361218125E-2
3.627582944E1,7.422012836E-2,-3.296381533E-1,-9.033169597E-2
3.627782847E1,6.933320314E-2,-3.418554664E-1,-9.094256163E-2
3.627982844E1,5.528330430E-2,-3.662900627E-1,-9.827294946E-2
3.628182927E1,4.673119262E-2,-3.931681514E-1,-1.013272703E-1
3.628383013E1,4.001167417E-2,-4.096615016E-1,-1.056033298E-1
3.628583010E1,3.145955876E-2,-4.359287024E-1,-1.074359268E-1
3.628783007E1,1.924225502E-2,-4.621959031E-1,-1.147663072E-1
3.628983003E1,1.191187184E-2,-4.713588953E-1,-1.190423667E-1
3.629183000E1,7.024950348E-3,-4.890739918E-1,-1.312596649E-1
3.629383000E1,-3.054326226E-4,-5.019021630E-1,-1.446987092E-1
3.629583003E1,-6.414085161E-3,-5.043455958E-1,-1.514182240E-1
3.629783006E1,-1.191187184E-2,-5.025130510E-1,-1.660789847E-1
3.629983010E1,-1.924225502E-2,-4.988478422E-1,-1.825723499E-1
3.630182926E1,-4.245513305E-2,-4.896848500E-1,-2.125047445E-1
3.630382840E1,-4.245513305E-2,-4.896848500E-1,-2.125047445E-1
3.630582843E1,-5.894849449E-2,-4.793001413E-1,-2.302198410E-1
3.630782846E1,-6.811147183E-2,-4.738023579E-1,-2.430480123E-1
3.630982846E1,-8.949175477E-2,-4.591415823E-1,-2.699260712E-1
3.631182843E1,-1.127046347E-1,-4.383721650E-1,-2.949715555E-1
3.631382839E1,-1.255328059E-1,-4.304309189E-1,-3.096323311E-1
3.631582836E1,-1.456913650E-1,-4.047745764E-1,-3.413973153E-1
3.631782833E1,-1.768454909E-1,-3.821725547E-1,-3.694971204E-1
3.631982829E1,-1.860084683E-1,-3.705661297E-1,-3.847687542E-1
3.632182912E1,-2.086104751E-1,-3.528510332E-1,-4.165337384E-1
3.632382993E1,-2.397646159E-1,-3.388011456E-1,-4.495204687E-1
3.632582992E1,-2.532036304E-1,-3.351359367E-1,-4.647921026E-1
3.632782996E1,-2.764165103E-1,-3.265838325E-1,-4.971679449E-1
3.632982999E1,-3.008511364E-1,-3.247512281E-1,-5.325981379E-1
3.633183002E1,-3.161227703E-1,-3.265838325E-1,-5.484806299E-1
3.633383006E1,-3.387247920E-1,-3.296381533E-1,-5.845217109E-1
3.633583009E1,-3.601050675E-1,-3.351359367E-1,-6.162866950E-1
3.633783012E1,-3.753767014E-1,-3.363576829E-1,-6.358343363E-1
3.633983016E1,-3.961461186E-1,-3.381902575E-1,-6.700428128E-1
3.634182932E1,-4.303545654E-1,-3.369685411E-1,-7.207446098E-1
3.634383036E1,-4.419609904E-1,-3.326924741E-1,-7.390705943E-1
3.634583089E1,-4.517348409E-1,-3.271946907E-1,-7.573965192E-1
3.634783089E1,-4.822781086E-1,-3.168099821E-1,-7.934376001E-1
3.634983089E1,-4.987714589E-1,-3.125339448E-1,-8.148179054E-1
3.635183089E1,-5.311473012E-1,-2.960405648E-1,-8.533023596E-1
3.635383089E1,-5.561928153E-1,-2.801580727E-1,-8.978955746E-1
3.635583085E1,-5.855143666E-1,-2.679407597E-1,-9.174432158E-1
3.635783082E1,-5.952881575E-1,-2.416735590E-1,-9.650907516E-1
3.635983079E1,-6.307183504E-1,-2.086868435E-1,-1.015181661E0
3.636183162E1,-6.582072973E-1,-1.726457924E-1,-1.070770383E0
3.636383248E1,-6.722571850E-1,-1.537089646E-1,-1.100091934E0
3.636583245E1,-7.070765495E-1,-1.109483987E-1,-1.163011074E0
3.636783242E1,-7.449501753E-1,-6.330090761E-2,-1.225930214E0
3.636983238E1,-7.535023093E-1,-4.314235970E-2,-1.258306026E0
3.637183238E1,-7.956519723E-1,7.559457328E-3,-1.320003390E0
3.637383242E1,-8.310821652E-1,6.375905871E-2,-1.388420343E0
3.637583245E1,-8.494081497E-1,9.430231899E-2,-1.418963552E0
3.637783248E1,-8.848382831E-1,1.608866304E-1,-1.483104467E0
3.637983252E1,-9.184358716E-1,2.286926806E-1,-1.539914966E0
3.638183168E1,-9.783006907E-1,3.136029541E-1,-1.619938254E0
3.638383085E1,-9.783006907E-1,3.136029541E-1,-1.619938254E0
3.638583088E1,-1.012509108E0,3.545309305E-1,-1.670640111E0
3.638783088E1,-1.030224204E0,3.685808182E-1,-1.696296453E0
3.638983085E1,-1.066265345E0,3.832415938E-1,-1.740889549E0
3.639183081E1,-1.107804179E0,3.728568852E-1,-1.782428384E0
3.639383078E1,-1.127962708E0,3.612504303E-1,-1.801365256E0
3.639583074E1,-1.165225506E0,3.307071626E-1,-1.833741069E0
3.639783071E1,-1.205542564E0,2.830596864E-1,-1.858175755E0
3.639983068E1,-1.223257661E0,2.543490231E-1,-1.868560433E0
3.640183151E1,-1.256244421E0,1.932624876E-1,-1.880166888E0
3.640383048E1,-1.294118047E0,1.303433776E-1,-1.880166888E0
3.640582994E1,-1.305724502E0,9.430231899E-2,-1.875279903E0
3.640782994E1,-1.339932919E0,1.977676153E-2,-1.852067113E0
3.640982994E1,-1.371087074E0,-6.085744873E-2,-1.811749935E0
3.641182994E1,-1.388802171E0,-1.030071527E-1,-1.792202234E0
3.641382994E1,-1.415069342E0,-1.891391575E-1,-1.734780908E0
3.641582994E1,-1.449888706E0,-2.844341397E-1,-1.665142298E0
3.641782994E1,-1.464549422E0,-3.357468247E-1,-1.625436068E0
3.641982994E1,-1.498757839E0,-4.292092025E-1,-1.543580174E0
3.642182911E1,-1.545794487E0,-5.568800569E-1,-1.406135440E0
3.642382824E1,-1.545794487E0,-5.568800569E-1,-1.406135440E0
3.642582827E1,-1.578781247E0,-6.197991371E-1,-1.313894749E0
3.642782831E1,-1.606881022E0,-6.698901057E-1,-1.221654177E0
3.642982834E1,-1.620320082E0,-6.900486350E-1,-1.172784925E0
3.643182837E1,-1.645976424E0,-7.169266939E-1,-1.081155181E0
3.643382837E1,-1.668578386E0,-7.395287156E-1,-9.864709973E-1
3.643582834E1,-1.679574013E0,-7.474699616E-1,-9.357692003E-1
3.643782830E1,-1.706452012E0,-7.596873045E-1,-8.307003975E-1
3.643982827E1,-1.727221489E0,-7.651850581E-1,-7.219663858E-1
3.644182910E1,-1.736384511E0,-7.645742297E-1,-6.688210964E-1
3.644382994E1,-1.754099607E0,-7.456374168E-1,-5.576435924E-1
3.644582990E1,-1.776701570E0,-7.199810743E-1,-4.470770061E-1
3.644782987E1,-1.783421040E0,-7.016550899E-1,-3.945426047E-1
3.644982987E1,-1.798081875E0,-6.558402181E-1,-2.876411676E-1
3.645182990E1,-1.816407800E0,-6.014732122E-1,-1.892918646E-1
3.645382993E1,-1.821294785E0,-5.733733773E-1,-1.422552466E-1
3.645582997E1,-1.844507575E0,-5.037347674E-1,-5.551237985E-2
3.645783000E1,-1.857335806E0,-4.261548519E-1,2.451096848E-2
3.645983003E1,-1.864055276E0,-3.846160173E-1,5.566509441E-2
3.646182920E1,-1.879937768E0,-2.221258730E-1,1.417970955E-1
3.646382833E1,-1.882381201E0,-1.579850167E-1,1.650099754E-1
3.646582836E1,-1.888489962E0,-8.895725012E-2,1.894445866E-1
3.646782836E1,-1.898263693E0,6.192646548E-2,2.267073691E-1
3.646982837E1,-1.908037543E0,2.360230535E-1,2.719113827E-1
3.647182836E1,-1.913535357E0,3.313180506E-1,2.945134044E-1
3.647382836E1,-1.916589737E0,5.329035521E-1,3.549890518E-1
3.647582837E1,-1.919033170E0,7.369325757E-1,4.234059751E-1
3.647782836E1,-1.924530983E0,9.360746145E-1,5.040401816E-1
3.647982836E1,-1.931250453E0,1.030758739E0,5.443572998E-1
3.648182920E1,-1.941635132E0,1.208520532E0,6.207154393E-1
3.648383006E1,-1.950187325E0,1.364902020E0,6.982953548E-1
3.648583003E1,-1.957517624E0,1.434540629E0,7.349472642E-1
3.648783000E1,-1.972178459E0,1.567098379E0,8.058075905E-1
3.648982996E1,-1.988671780E0,1.688660622E0,8.717810512E-1
3.649182993E1,-1.992947817E0,1.749136329E0,9.023243189E-1
3.649382989E1,-2.013106346E0,1.854815960E0,9.548587203E-1
3.649582989E1,-2.032043219E0,1.950721860E0,9.908998013E-1
3.649782989E1,-2.049758434E0,1.992871523E0,1.009225726E0
3.649982993E1,-2.083966732E0,2.083279610E0,1.037325501E0
3.650182909E1,-2.142609835E0,2.223167658E0,1.069701433E0
3.650382866E1,-2.142609835E0,2.223167658E0,1.069701433E0
3.650582869E1,-2.182316065E0,2.316630125E0,1.084972978E0
3.650782872E1,-2.226298332E0,2.404594660E0,1.091692567E0
3.650982876E1,-2.247678757E0,2.449798822E0,1.095357776E0
3.651182876E1,-2.291661024E0,2.546315432E0,1.088638186E0
3.651382872E1,-2.325869322E0,2.648940802E0,1.077642679E0
3.651582869E1,-2.331978083E0,2.702696800E0,1.069701433E0
3.651782866E1,-2.342973709E0,2.824869871E0,1.051986337E0
3.651982862E1,-2.332588911E0,2.943988800E0,1.030606031E0
3.652182946E1,-2.327091217E0,2.998966455E0,1.018388748E0
3.652383032E1,-2.303878307E0,3.096094131E0,9.854019880E-1
3.652583029E1,-2.264782906E0,3.177339315E0,9.530261159E-1
3.652783029E1,-2.241569996E0,3.206660748E0,9.322566986E-1
3.652983032E1,-2.191478968E0,3.218267202E0,8.730027676E-1
3.653183035E1,-2.146885872E0,3.202995539E0,7.911468744E-1
3.653383039E1,-2.118786097E0,3.188945770E0,7.502188683E-1
3.653583042E1,-2.060753822E0,3.138854742E0,6.671411991E-1
3.653783045E1,-1.978287101E0,3.074713945E0,5.852852464E-1
3.653983048E1,-1.932472229E0,3.033785820E0,5.406920910E-1
3.654182965E1,-1.808466554E0,2.859689236E0,4.081343412E-1
3.654382878E1,-1.766316891E0,2.780276775E0,3.617085814E-1
3.654582878E1,-1.722334504E0,2.697199106E0,3.177262843E-1
3.654782878E1,-1.631315589E0,2.507830858E0,2.242639065E-1
3.654982878E1,-1.532355428E0,2.296471596E0,1.332449764E-1
3.655182878E1,-1.477377653E0,2.187126637E0,8.681922406E-2
3.655382878E1,-1.379028320E0,1.951943517E0,-1.397354249E-2
3.655582878E1,-1.289842010E0,1.708819151E0,-1.257618815E-1
3.655782878E1,-1.245248795E0,1.584202647E0,-1.844049394E-1
3.655982875E1,-1.151175499E0,1.331304431E0,-2.961932719E-1
3.656182958E1,-1.056491494E0,1.081460595E0,-4.067598879E-1
3.656383002E1,-1.011287451E0,9.550114274E-1,-4.647921026E-1
3.656582998E1,-9.214902520E-1,7.210500836E-1,-5.723043680E-1
3.656782995E1,-8.396342993E-1,5.133558512E-1,-6.804275513E-1
3.656982991E1,-8.035932183E-1,4.217261076E-1,-7.317401767E-1
3.657182988E1,-7.309002876E-1,2.567924857E-1,-8.221482635E-1
3.657382988E1,-6.447682381E-1,1.340085566E-1,-8.930086493E-1
3.657582988E1,-5.977316499E-1,8.575020730E-2,-9.192758203E-1
3.657782991E1,-4.987714589E-1,9.392052889E-3,-9.583712220E-1
3.657982995E1,-3.906483352E-1,-6.024658307E-2,-9.821949601E-1
3.658182911E1,-2.257147133E-1,-1.567633003E-1,-9.883036017E-1
3.658383014E1,-2.257147133E-1,-1.567633003E-1,-9.883036017E-1
3.658583018E1,-1.298088580E-1,-2.209041417E-1,-9.840275645E-1
3.658783021E1,-7.238753140E-2,-2.502256632E-1,-9.803623557E-1
3.658983021E1,1.924225502E-2,-3.039818108E-1,-9.724211097E-1
3.659183021E1,1.023199260E-1,-3.442989290E-1,-9.663124681E-1
3.659383018E1,1.426370293E-1,-3.620140254E-1,-9.632581472E-1
3.659583014E1,2.153300047E-1,-3.858377635E-1,-9.608146548E-1
3.659783011E1,2.684752643E-1,-3.992767930E-1,-9.626472592E-1
3.659983008E1,3.057380617E-1,-4.035528600E-1,-9.711993933E-1
3.660183091E1,3.210096955E-1,-4.041637182E-1,-9.760863185E-1
3.660383177E1,3.436116874E-1,-3.913355470E-1,-9.840275645E-1
3.660583177E1,3.613267839E-1,-3.577379584E-1,-9.834166765E-1
3.660783177E1,3.668245673E-1,-3.363576829E-1,-9.809732437E-1
3.660983177E1,3.680463135E-1,-2.856558561E-1,-9.748646021E-1
3.661183177E1,3.637702465E-1,-2.190715522E-1,-9.669232965E-1
3.661383177E1,3.594942093E-1,-1.848630905E-1,-9.608146548E-1
3.661583177E1,3.417791128E-1,-1.091158018E-1,-9.430995584E-1
3.661783177E1,3.155119121E-1,-2.970332280E-2,-9.211084247E-1
3.661983177E1,2.990185320E-1,1.000291854E-2,-9.088911414E-1
3.662183091E1,2.342668176E-1,1.376737505E-1,-8.734609485E-1
3.662383047E1,2.128865421E-1,1.804343164E-1,-8.588001728E-1
3.662583051E1,1.835650057E-1,2.219731659E-1,-8.435285687E-1
3.662783054E1,1.249219403E-1,3.068834245E-1,-8.105418086E-1
3.662983057E1,5.283984542E-2,3.887393773E-1,-7.720572948E-1
3.663183061E1,1.985312067E-2,4.333325326E-1,-7.512878776E-1
3.663383064E1,-6.383541971E-2,5.274057984E-1,-7.048621178E-1
3.663583067E1,-1.505782902E-1,6.153703928E-1,-6.517168880E-1
3.663783067E1,-1.921171248E-1,6.556875110E-1,-6.193410158E-1
3.663983064E1,-2.660318017E-1,7.259370089E-1,-5.533675551E-1
3.664183147E1,-3.405573666E-1,7.864126563E-1,-4.788419902E-1
3.664383044E1,-3.772092760E-1,8.151233196E-1,-4.421900809E-1
3.664583040E1,-4.401284158E-1,8.664360046E-1,-3.609450161E-1
3.664783037E1,-4.999932051E-1,9.116400480E-1,-2.796999216E-1
3.664983033E1,-5.244278312E-1,9.385181069E-1,-2.399936765E-1
3.665183030E1,-5.745187402E-1,9.855546951E-1,-1.630246639E-1
3.665383030E1,-6.185010672E-1,1.034423947E0,-9.338602424E-2
3.665583033E1,-6.380487680E-1,1.058858514E0,-5.978843570E-2
3.665783037E1,-6.728680730E-1,1.110782146E0,6.185010541E-3
3.665983040E1,-6.948592067E-1,1.161483884E0,6.727153808E-2
3.666182957E1,-7.241807580E-1,1.222570419E0,1.515709460E-1
3.666382870E1,-7.241807580E-1,1.222570419E0,1.515709460E-1
3.666582873E1,-7.431175709E-1,1.252502799E0,2.004401535E-1
3.666782876E1,-7.431175709E-1,1.267774463E0,2.248747647E-1
3.666982880E1,-7.498371005E-1,1.288543820E0,2.645809948E-1
3.667182880E1,-7.486153841E-1,1.298317671E0,3.036763966E-1
3.667382880E1,-7.467827797E-1,1.299539447E0,3.220023513E-1
3.667582880E1,-7.376197577E-1,1.295874238E0,3.507130146E-1
3.667782880E1,-7.229590416E-1,1.283046126E0,3.757584691E-1
3.667982880E1,-7.150177956E-1,1.273272276E0,3.836997449E-1
3.668182966E1,-6.954700947E-1,1.243950725E0,3.983604908E-1
3.668383010E1,-6.649268270E-1,1.207909703E0,4.099669456E-1
3.668583006E1,-6.472117305E-1,1.185918570E0,4.136321247E-1
3.668783003E1,-6.093381047E-1,1.136438489E0,4.191299081E-1
3.668982999E1,-5.647448897E-1,1.071686745E0,4.191299081E-1
3.669182996E1,-5.403103232E-1,1.037478209E0,4.191299081E-1
3.669382993E1,-4.822781086E-1,9.715048075E-1,4.160755873E-1
3.669582989E1,-4.156937897E-1,9.073639512E-1,4.111886621E-1
3.669782986E1,-3.820962012E-1,8.774315715E-1,4.081343412E-1
3.669982986E1,-3.094032407E-1,8.120689988E-1,4.087451994E-1
3.670182902E1,-1.896736622E-1,7.149413824E-1,4.099669456E-1
3.670382829E1,-1.896736622E-1,7.149413824E-1,4.099669456E-1
3.670582832E1,-1.035416573E-1,6.562983394E-1,4.117995203E-1
3.670782836E1,-1.496619824E-2,5.982661247E-1,4.154647291E-1
3.670982839E1,2.840523422E-2,5.695554614E-1,4.172973335E-1
3.671182842E1,1.163698286E-1,5.194645524E-1,4.221842289E-1
3.671382846E1,2.018909603E-1,4.815908968E-1,4.295146167E-1
3.671582846E1,2.880229652E-1,4.516584873E-1,4.325689375E-1
3.671782842E1,3.295617998E-1,4.369977117E-1,4.392884672E-1
3.671982839E1,4.016439021E-1,4.198935032E-1,4.466188550E-1
3.672182922E1,4.767803252E-1,4.058435857E-1,4.539492428E-1
3.672383009E1,5.085453391E-1,4.021784067E-1,4.594470263E-1
3.672583005E1,5.696318150E-1,3.942371607E-1,4.710534513E-1
3.672783002E1,6.270532012E-1,3.856850564E-1,4.887685478E-1
3.672982998E1,6.490443349E-1,3.820198476E-1,4.979315400E-1
3.673182998E1,6.985244155E-1,3.795763850E-1,5.138140321E-1
3.673383002E1,7.418958545E-1,3.777438104E-1,5.272530913E-1
3.673583005E1,7.632761002E-1,3.759112060E-1,5.358051658E-1
3.673783008E1,7.993171811E-1,3.722459972E-1,5.516876578E-1
3.673983012E1,8.286387324E-1,3.643047512E-1,5.736788511E-1
3.674182928E1,8.695666790E-1,3.533091843E-1,6.115524769E-1
3.674382848E1,8.695666790E-1,3.533091843E-1,6.115524769E-1
3.674582852E1,8.994990587E-1,3.435353339E-1,6.469826698E-1
3.674782855E1,9.086620808E-1,3.380375504E-1,6.659194827E-1
3.674982855E1,9.343183637E-1,3.276528418E-1,7.044039965E-1
3.675182855E1,9.575312734E-1,3.209333420E-1,7.453319430E-1
3.675382855E1,9.673051238E-1,3.184898794E-1,7.661013603E-1
3.675582855E1,9.880745411E-1,3.178789914E-1,8.113054037E-1
3.675782855E1,1.008233070E0,3.221550584E-1,8.528442383E-1
3.675982855E1,1.018006921E0,3.239876628E-1,8.742245436E-1
3.676182938E1,1.037554622E0,3.319289088E-1,9.175959826E-1
3.676383011E1,1.051604509E0,3.453679383E-1,9.536370039E-1
3.676583008E1,1.058323979E0,3.533091843E-1,9.750173092E-1
3.676783005E1,1.074817419E0,3.771329224E-1,1.017166972E0
3.676983001E1,1.087034702E0,4.137848318E-1,1.058705807E0
3.677182998E1,1.096197724E0,4.321108162E-1,1.077642679E0
3.677382994E1,1.110858440E0,4.767039716E-1,1.114294529E0
3.677582991E1,1.131016970E0,5.237405896E-1,1.147892118E0
3.677782991E1,1.132849574E0,5.469534397E-1,1.163163781E0
3.677982994E1,1.146899462E0,5.988770127E-1,1.193706989E0
3.678182911E1,1.173166752E0,6.843981743E-1,1.234024167E0
3.678382824E1,1.173166752E0,6.843981743E-1,1.234024167E0
3.678582828E1,1.192714334E0,7.448738217E-1,1.259680510E0
3.678782831E1,1.200655699E0,8.108472824E-1,1.282282472E0
3.678982834E1,1.204320788E0,8.432230949E-1,1.290834665E0
3.679182837E1,1.216538191E0,9.055313468E-1,1.304884553E0
3.679382837E1,1.222646832E0,9.684504867E-1,1.316491008E0
3.679582834E1,1.226922870E0,1.000215530E0,1.320767045E0
3.679782831E1,1.238529325E0,1.059469461E0,1.328708291E0
3.679982827E1,1.239750981E0,1.112003803E0,1.328097343E0
3.680182910E1,1.240972757E0,1.139492750E0,1.326875687E0
3.680382990E1,1.240361929E0,1.185918570E0,1.318323612E0
3.680582987E1,1.239750981E0,1.226235628E0,1.304884553E0
3.680782984E1,1.233642340E0,1.240896344E0,1.296943307E0
3.680982984E1,1.218981624E0,1.259222388E0,1.268232584E0
3.681182984E1,1.193936110E0,1.262276649E0,1.227304578E0
3.681382984E1,1.177442789E0,1.256778836E0,1.202259183E0
3.681582984E1,1.142012596E0,1.239674687E0,1.141783476E0
3.681782984E1,1.095586777E0,1.207298756E0,1.071534038E0
3.681982984E1,1.065654397E0,1.187751055E0,1.031827807E0
3.682182897E1,9.789115787E-1,1.127886295E0,9.078221321E-1
3.682382997E1,9.434813857E-1,1.108949542E0,8.687267303E-1
3.682582997E1,9.086620808E-1,1.087569237E0,8.296313882E-1
3.682783000E1,8.475755453E-1,1.050917268E0,7.477754354E-1
3.682983004E1,7.748825550E-1,1.015487075E0,6.598108411E-1
3.683183007E1,7.376197577E-1,9.928851128E-1,6.139959097E-1
3.683383010E1,6.679811478E-1,9.434050322E-1,5.150357485E-1
3.683583014E1,5.855143666E-1,8.859837055E-1,4.050800204E-1
3.683783017E1,4.981606007E-1,8.193993568E-1,2.890156209E-1
3.683983017E1,4.578435123E-1,7.827474475E-1,2.297616899E-1
3.684183103E1,3.625485301E-1,7.027240992E-1,1.112538353E-1
3.684383190E1,2.617557645E-1,6.141486168E-1,-3.588833380E-3
3.684583187E1,2.159408629E-1,5.689446330E-1,-5.978843570E-2
3.684783183E1,1.230893433E-1,4.687627256E-1,-1.636355221E-1
3.684983180E1,3.878994286E-2,3.643047512E-1,-2.729803920E-1
3.685183176E1,-1.527163084E-3,3.099377453E-1,-3.236822188E-1
3.685383173E1,-8.460483700E-2,1.963168234E-1,-4.256967306E-1
3.685583173E1,-1.621847153E-1,7.780896127E-2,-5.197699666E-1
3.685783176E1,-2.000583708E-1,1.672243699E-2,-5.686391592E-1
3.685983180E1,-2.678644061E-1,-1.005636901E-1,-6.572146416E-1
3.686183096E1,-3.765984178E-1,-2.709950805E-1,-7.635052204E-1
3.686383016E1,-3.765984178E-1,-2.709950805E-1,-7.635052204E-1
3.686583020E1,-4.419609904E-1,-3.791182339E-1,-8.178722262E-1
3.686783023E1,-5.079344511E-1,-4.725806117E-1,-8.502480388E-1
3.686983026E1,-5.378668308E-1,-5.147303343E-1,-8.612436652E-1
3.687183029E1,-5.885686874E-1,-5.837581158E-1,-8.649088144E-1
3.687383029E1,-6.319400668E-1,-6.411794424E-1,-8.575784564E-1
3.687583029E1,-6.563746929E-1,-6.643922925E-1,-8.465828896E-1
3.687783029E1,-6.875288486E-1,-6.955464482E-1,-8.172613382E-1
3.687983029E1,-7.089090943E-1,-7.095963359E-1,-7.775551081E-1
3.688183116E1,-7.180721164E-1,-7.095963359E-1,-7.586182952E-1
3.688383016E1,-7.284567952E-1,-7.028768063E-1,-7.189120650E-1
3.688583016E1,-7.412849665E-1,-6.674466133E-1,-6.700428128E-1
3.688783013E1,-7.418958545E-1,-6.417902708E-1,-6.443864703E-1
3.688983009E1,-7.449501753E-1,-5.788711905E-1,-5.942955017E-1
3.689183006E1,-7.449501753E-1,-4.957934916E-1,-5.417611003E-1
3.689383002E1,-7.394523621E-1,-4.505894780E-1,-5.148830414E-1
3.689582999E1,-7.296785116E-1,-3.400228620E-1,-4.513530433E-1
3.689782996E1,-7.150177956E-1,-2.154063582E-1,-3.963751793E-1
3.689982992E1,-7.082982659E-1,-1.482111812E-1,-3.646101952E-1
3.690182902E1,-6.826419234E-1,7.353290170E-2,-2.717586756E-1
3.690382812E1,-6.734789610E-1,1.517236531E-1,-2.412154078E-1
3.690582816E1,-6.575964093E-1,2.299144119E-1,-2.143373489E-1
3.690782819E1,-6.380487680E-1,3.820198476E-1,-1.715767831E-1
3.690982822E1,-6.142250299E-1,5.316818357E-1,-1.398117840E-1
3.691182825E1,-6.032294035E-1,6.031530499E-1,-1.263727546E-1
3.691382829E1,-5.794056654E-1,7.302130461E-1,-1.007164046E-1
3.691582832E1,-5.525276065E-1,8.291732073E-1,-7.078400999E-2
3.691782832E1,-5.433646441E-1,8.682686090E-1,-5.734497309E-2
3.691982832E1,-5.146539807E-1,9.220247269E-1,-3.168863431E-2
3.692182915E1,-4.871650338E-1,9.525679946E-1,-1.336267684E-2
3.692382995E1,-4.737260044E-1,9.574549198E-1,-3.588833380E-3
3.692582992E1,-4.407392740E-1,9.537897110E-1,1.168279815E-2
3.692782988E1,-4.101960063E-1,9.299659729E-1,2.878702432E-2
3.692982985E1,-3.955352604E-1,9.128617644E-1,3.856086731E-2
3.693182982E1,-3.491095006E-1,8.731555343E-1,5.749769136E-2
3.693382982E1,-3.032945991E-1,8.206210732E-1,7.643451542E-2
3.693582985E1,-2.782491148E-1,7.864126563E-1,8.254316449E-2
3.693782988E1,-2.251038402E-1,7.308239341E-1,9.842566401E-2
3.693982992E1,-1.689042449E-1,6.721808314E-1,1.051451787E-1
3.694182908E1,-7.971791178E-2,5.860488415E-1,1.063669100E-1
3.694382822E1,-7.971791178E-2,5.860488415E-1,1.063669100E-1
3.694582825E1,-2.779436857E-2,5.304601192E-1,1.002582610E-1
3.694782828E1,5.803219974E-3,5.017494559E-1,9.781479836E-2
3.694982831E1,5.955936015E-2,4.437172413E-1,8.865182102E-2
3.695182831E1,1.218676195E-1,3.869067729E-1,8.315403014E-2
3.695382831E1,1.493565589E-1,3.557526469E-1,8.071056753E-2
3.695582831E1,2.067778856E-1,2.910009325E-1,7.521278411E-2
3.695782831E1,2.629774809E-1,2.183079720E-1,6.727153808E-2
3.695982871E1,3.130684495E-1,1.340085566E-1,5.627596006E-2
3.696182958E1,3.362813294E-1,8.819366992E-2,4.772384837E-2
3.696383048E1,3.802636266E-1,-6.490443368E-3,2.695442922E-2
3.696583045E1,4.193589985E-1,-1.042288840E-1,-6.643159315E-3
3.696783041E1,4.358523488E-1,-1.518763751E-1,-2.802344225E-2
3.696983038E1,4.725042582E-1,-2.422844321E-1,-7.567093521E-2
3.697183034E1,5.097670555E-1,-3.204751909E-1,-1.318705380E-1
3.697383031E1,5.329799056E-1,-3.516293168E-1,-1.654681265E-1
3.697583028E1,5.714644194E-1,-3.968333304E-1,-2.326633036E-1
3.697783024E1,6.239988208E-1,-4.145484269E-1,-3.096323311E-1
3.697983021E1,6.478226185E-1,-4.133267105E-1,-3.511711657E-1
3.698182934E1,7.363980412E-1,-3.650683463E-1,-4.788419902E-1
3.698382884E1,7.657195926E-1,-3.369685411E-1,-5.252677798E-1
3.698582797E1,7.962628603E-1,-3.082578778E-1,-5.710826516E-1
3.698782801E1,8.579602242E-1,-2.355649173E-1,-6.614906788E-1
3.698982804E1,9.123272300E-1,-1.647045463E-1,-7.439575195E-1
3.699182807E1,9.404270649E-1,-1.304960847E-1,-7.757225037E-1
3.699382811E1,9.862419367E-1,-8.162686974E-2,-8.294786215E-1
3.699582811E1,1.024726391E0,-5.352706835E-2,-8.612436652E-1
3.699782811E1,1.044885039E0,-4.558581859E-2,-8.704066277E-1
3.699982807E1,1.073595643E0,-4.986187443E-2,-8.832347989E-1
3.700182890E1,1.098641157E0,-7.673994452E-2,-8.862891197E-1
3.700382977E1,1.111469269E0,-9.689849615E-2,-8.838456273E-1
3.700582974E1,1.120021462E0,-1.518763751E-1,-8.728500605E-1
3.700782970E1,1.123686671E0,-2.178498209E-1,-8.557458520E-1
3.700982967E1,1.120021462E0,-2.551125884E-1,-8.453611135E-1
3.701182967E1,1.115134478E0,-3.210860491E-1,-8.184830546E-1
3.701382970E1,1.100473762E0,-3.803399801E-1,-7.818311453E-1
3.701582974E1,1.090699911E0,-4.041637182E-1,-7.592291236E-1
3.701782977E1,1.076039076E0,-4.371504486E-1,-7.054730058E-1
3.701982940E1,1.057102323E0,-4.695262909E-1,-6.480516791E-1
3.702182857E1,9.984592199E-1,-5.293911099E-1,-5.619196892E-1
3.702382770E1,9.984592199E-1,-5.293911099E-1,-5.619196892E-1
3.702582727E1,9.459248185E-1,-5.672647357E-1,-5.020548701E-1
3.702782730E1,9.294314981E-1,-5.782603025E-1,-4.727333486E-1
3.702982730E1,8.775079250E-1,-5.990297198E-1,-4.110359550E-1
3.703182730E1,8.292495608E-1,-6.014732122E-1,-3.517820239E-1
3.703382730E1,8.145887852E-1,-5.916993618E-1,-3.236822188E-1
3.703582730E1,7.712173462E-1,-5.678756237E-1,-2.699260712E-1
3.703782730E1,7.290676832E-1,-5.330562592E-1,-2.180025280E-1
3.703982730E1,7.131851912E-1,-5.153411627E-1,-1.954005212E-1
3.704182817E1,6.685920358E-1,-4.695262909E-1,-1.483639032E-1
3.704382866E1,6.246097088E-1,-4.279874563E-1,-1.031598672E-1
3.704582953E1,6.032294035E-1,-4.041637182E-1,-8.300131559E-2
3.704782950E1,5.616905689E-1,-3.577379584E-1,-4.573853686E-2
3.704982946E1,5.183191895E-1,-3.125339448E-1,-1.214094646E-2
3.705182943E1,5.006040931E-1,-2.893210649E-1,4.963280167E-3
3.705382940E1,4.541783035E-1,-2.545017302E-1,4.222606122E-2
3.705582936E1,4.101960063E-1,-2.178498209E-1,8.071056753E-2
3.705782933E1,3.875939846E-1,-2.044107765E-1,9.903652966E-2
3.705982933E1,3.460551500E-1,-1.750892550E-1,1.369101703E-1
3.706182849E1,2.806925774E-1,-1.341612786E-1,1.888337135E-1
3.706382953E1,2.611449063E-1,-1.188896447E-1,2.041053474E-1
3.706582956E1,2.440406680E-1,-1.030071527E-1,2.205987126E-1
3.706782959E1,2.000583708E-1,-9.078984708E-2,2.505311072E-1
3.706982963E1,1.774563491E-1,-8.773551881E-2,2.658027411E-1
3.707182966E1,1.322523206E-1,-8.223773539E-2,2.890156209E-1
3.707382966E1,9.010262042E-2,-7.551821321E-2,3.140611053E-1
3.707582966E1,5.650503561E-2,-6.879869848E-2,3.336087763E-1
3.707782962E1,3.756821156E-2,-6.574437022E-2,3.403283060E-1
3.707982959E1,7.635815535E-3,-5.902485549E-2,3.568216562E-1
3.708183042E1,-1.863138936E-2,-4.619668424E-2,3.733150363E-1
3.708383129E1,-2.779436857E-2,-3.642284125E-2,3.830888569E-1
3.708583172E1,-3.451388702E-2,-1.076649968E-2,3.995822370E-1
3.708783169E1,-3.573561832E-2,2.344195358E-2,4.142429829E-1
3.708983169E1,-3.268129006E-2,4.543310404E-2,4.215733707E-1
3.709183169E1,-1.496619824E-2,8.819366992E-2,4.386776090E-1
3.709383169E1,1.252273750E-2,1.327868253E-1,4.502840340E-1
3.709583169E1,2.290744707E-2,1.486693323E-1,4.570035636E-1
3.709783169E1,5.711590126E-2,1.737148017E-1,4.698317349E-1
3.709983169E1,9.254608303E-2,1.932624876E-1,4.832707644E-1
3.710183082E1,1.518000066E-1,2.134210467E-1,4.973206818E-1
3.710383002E1,1.518000066E-1,2.134210467E-1,4.973206818E-1
3.710583002E1,1.994474977E-1,2.250274867E-1,5.034292936E-1
3.710783005E1,2.269364446E-1,2.311361432E-1,5.077053905E-1
3.710983009E1,2.892446816E-1,2.341904640E-1,5.132031441E-1
3.711183012E1,3.521638215E-1,2.323578745E-1,5.217552781E-1
3.711383015E1,3.808744848E-1,2.256383449E-1,5.223661661E-1
3.711583019E1,4.370740950E-1,2.012037337E-1,5.339725614E-1
3.711783022E1,5.018258095E-1,1.676061451E-1,5.425246954E-1
3.711983025E1,5.250386596E-1,1.523345262E-1,5.486333370E-1
3.712183112E1,5.879577994E-1,1.248455867E-1,5.529094338E-1
3.712383008E1,6.472117305E-1,1.065196246E-1,5.590180755E-1
3.712583005E1,6.783658266E-1,9.552405030E-2,5.620723963E-1
3.712783002E1,7.357872128E-1,7.414376736E-2,5.651267171E-1
3.712982998E1,7.870998979E-1,4.909829423E-2,5.687919259E-1
3.713182995E1,8.115344644E-1,3.749185428E-2,5.712353587E-1
3.713382991E1,8.561276197E-1,1.061378326E-2,5.718462467E-1
3.713582988E1,9.001099467E-1,-5.268712528E-3,5.718462467E-1
3.713782988E1,9.184358716E-1,-1.931861416E-2,5.700136423E-1
3.713982991E1,9.477574229E-1,-5.047274008E-2,5.651267171E-1
3.714182908E1,9.850202203E-1,-1.042288840E-1,5.608506799E-1
3.714382821E1,9.850202203E-1,-1.042288840E-1,5.608506799E-1
3.714582825E1,1.009454846E0,-1.243874356E-1,5.577962995E-1
3.714782828E1,1.033278584E0,-1.353830099E-1,5.535202622E-1
3.714982831E1,1.038776398E0,-1.585958898E-1,5.522985458E-1
3.715182834E1,1.031445980E0,-2.380083650E-1,5.498550534E-1
3.715382838E1,1.010676503E0,-3.388011456E-1,5.468007326E-1
3.715582838E1,1.002735257E0,-3.907246888E-1,5.461899042E-1
3.715782838E1,9.721920490E-1,-5.037347674E-1,5.406920910E-1
3.715982838E1,9.330966473E-1,-6.210208535E-1,5.351943374E-1
3.716182924E1,9.153815508E-1,-6.808856726E-1,5.309182405E-1
3.716383004E1,8.713992834E-1,-8.012261391E-1,5.229769945E-1
3.716583004E1,8.188648820E-1,-9.160687923E-1,5.113705397E-1
3.716783001E1,7.925976515E-1,-9.686031938E-1,5.058727860E-1
3.716982998E1,7.406741381E-1,-1.062676430E0,4.887685478E-1
3.717182994E1,6.740897894E-1,-1.150641084E0,4.789946973E-1
3.717382991E1,6.423248053E-1,-1.193401575E0,4.728860557E-1
3.717582987E1,5.745187402E-1,-1.274035811E0,4.673882723E-1
3.717782984E1,5.079344511E-1,-1.335122347E0,4.631122053E-1
3.717982981E1,4.706716835E-1,-1.359556913E0,4.625013471E-1
3.718182890E1,3.674354553E-1,-1.406593561E0,4.521166384E-1
3.718382800E1,3.295617998E-1,-1.418810844E0,4.441753924E-1
3.718582804E1,2.922990322E-1,-1.435304284E0,4.368450046E-1
3.718782807E1,2.128865421E-1,-1.464625835E0,4.215733707E-1
3.718982810E1,1.408044398E-1,-1.489671230E0,4.056908786E-1
3.719182814E1,1.010981947E-1,-1.500055909E0,3.965279162E-1
3.719382817E1,3.207042441E-2,-1.508608103E0,3.763693571E-1
3.719582820E1,-3.329215571E-2,-1.493336439E0,3.519347310E-1
3.719782824E1,-9.132435173E-2,-1.462793231E0,3.293327391E-1
3.719982824E1,-1.182024255E-1,-1.445688963E0,3.183371425E-1
3.720182907E1,-1.634064466E-1,-1.399874091E0,2.994003296E-1
3.720382994E1,-2.079996169E-1,-1.346728802E0,2.841286957E-1
3.720582990E1,-2.275473028E-1,-1.319850683E0,2.749657333E-1
3.720782987E1,-2.587014437E-1,-1.261207700E0,2.609158158E-1
3.720982983E1,-2.868012190E-1,-1.198288560E0,2.548071742E-1
3.721182980E1,-2.935207486E-1,-1.167745233E0,2.529745698E-1
3.721382976E1,-3.087923825E-1,-1.106658697E0,2.474767864E-1
3.721582976E1,-3.106249869E-1,-1.050459146E0,2.505311072E-1
3.721782980E1,-3.014619946E-1,-1.023581028E0,2.548071742E-1
3.721982983E1,-2.776382565E-1,-9.887617826E-1,2.676353455E-1
3.722182900E1,-2.189951837E-1,-9.551641941E-1,2.804635167E-1
3.722382856E1,-2.189951837E-1,-9.551641941E-1,2.804635167E-1
3.722582860E1,-1.634064466E-1,-9.417251348E-1,2.957351506E-1
3.722782863E1,-9.865473956E-2,-9.362273216E-1,3.079524338E-1
3.722982866E1,-6.139195710E-2,-9.380599260E-1,3.128393590E-1
3.723182870E1,1.191187184E-2,-9.423360229E-1,3.275001347E-1
3.723382870E1,8.032877743E-2,-9.527207017E-1,3.397174478E-1
3.723582870E1,1.218676195E-1,-9.618836641E-1,3.482695520E-1
3.723782870E1,2.012801021E-1,-9.802096486E-1,3.562107980E-1
3.723982870E1,2.721404731E-1,-9.979247451E-1,3.623194396E-1
3.724182956E1,3.100140989E-1,-1.007087708E0,3.635411859E-1
3.724383046E1,3.686571717E-1,-1.021748424E0,3.665955067E-1
3.724583043E1,4.175263941E-1,-1.032133222E0,3.653737605E-1
3.724783039E1,4.401284158E-1,-1.030911446E0,3.617085814E-1
3.724983036E1,4.798346460E-1,-1.025413632E0,3.543781936E-1
3.725183032E1,5.232060552E-1,-1.017472386E0,3.439934850E-1
3.725383029E1,5.433646441E-1,-1.015639782E0,3.397174478E-1
3.725583026E1,5.958990455E-1,-1.013807178E0,3.299435973E-1
3.725783022E1,6.484334469E-1,-1.016861558E0,3.232240677E-1
3.725983019E1,6.722571850E-1,-1.017472386E0,3.183371425E-1
3.726182932E1,7.412849665E-1,-1.027246237E0,3.073415756E-1
3.726382846E1,7.565566301E-1,-1.026635408E0,3.036763966E-1
3.726582849E1,7.754934430E-1,-1.028468013E0,3.000111878E-1
3.726782852E1,8.011497855E-1,-1.021137595E0,2.914590836E-1
3.726982855E1,8.200865984E-1,-1.011974692E0,2.829069793E-1
3.727182859E1,8.310821652E-1,-1.005255103E0,2.798526287E-1
3.727382862E1,8.402451277E-1,-9.918161035E-1,2.725222707E-1
3.727582865E1,8.518515825E-1,-9.795987606E-1,2.664135993E-1
3.727782865E1,8.555167913E-1,-9.722684026E-1,2.633592784E-1
3.727982862E1,8.604037166E-1,-9.606619477E-1,2.596940994E-1
3.728182945E1,8.701775670E-1,-9.502772689E-1,2.578614950E-1
3.728382988E1,8.720101118E-1,-9.453903437E-1,2.554180324E-1
3.728582985E1,8.836165667E-1,-9.307295680E-1,2.578614950E-1
3.728782982E1,8.952230215E-1,-9.166796803E-1,2.627484202E-1
3.728982978E1,8.994990587E-1,-9.093492627E-1,2.658027411E-1
3.729182975E1,9.117164016E-1,-8.904124498E-1,2.731331289E-1
3.729382975E1,9.227119684E-1,-8.684213161E-1,2.816852331E-1
3.729582978E1,9.300423265E-1,-8.574257493E-1,2.871830165E-1
3.729782982E1,9.373727441E-1,-8.360454440E-1,2.987894714E-1
3.729982985E1,9.410378933E-1,-8.183303475E-1,3.140611053E-1
3.730182901E1,9.471465349E-1,-7.938957214E-1,3.397174478E-1
3.730383005E1,9.471465349E-1,-7.938957214E-1,3.397174478E-1
3.730583008E1,9.459248185E-1,-7.810675502E-1,3.543781936E-1
3.730783011E1,9.440922141E-1,-7.767915130E-1,3.604868650E-1
3.730983015E1,9.422596693E-1,-7.657959461E-1,3.720932901E-1
3.731183015E1,9.361509681E-1,-7.572438121E-1,3.843106031E-1
3.731383015E1,9.343183637E-1,-7.486917377E-1,3.879757822E-1
3.731583015E1,9.288206100E-1,-7.352526784E-1,4.001930952E-1
3.731783015E1,9.172141552E-1,-7.230353951E-1,4.154647291E-1
3.731983015E1,9.117164016E-1,-7.163158655E-1,4.289037585E-1
3.732183101E1,9.031642675E-1,-7.114289403E-1,4.374558628E-1
3.732383188E1,8.903360963E-1,-6.979898810E-1,4.545601010E-1
3.732583184E1,8.713992834E-1,-6.814965606E-1,4.716643393E-1
3.732783181E1,8.695666790E-1,-6.766096354E-1,4.808273017E-1
3.732983178E1,8.530732989E-1,-6.607271433E-1,4.954880774E-1
3.733183174E1,8.378016949E-1,-6.381251216E-1,5.125923157E-1
3.733383171E1,8.329147696E-1,-6.295729876E-1,5.193118453E-1
3.733583167E1,8.182539940E-1,-5.990297198E-1,5.358051658E-1
3.733783164E1,8.035932183E-1,-5.733733773E-1,5.565745831E-1
3.733983164E1,7.944302559E-1,-5.587126017E-1,5.675701499E-1
3.734183077E1,7.699956298E-1,-5.171737671E-1,5.993351340E-1
3.734383001E1,7.644978762E-1,-5.006804466E-1,6.121633053E-1
3.734583004E1,7.535023093E-1,-4.847979248E-1,6.262132525E-1
3.734783007E1,7.388415337E-1,-4.505894780E-1,6.463717818E-1
3.734983010E1,7.223481536E-1,-4.188244939E-1,6.714172363E-1
3.735183014E1,7.168503404E-1,-4.035528600E-1,6.811910868E-1
3.735383017E1,7.070765495E-1,-3.681226671E-1,7.062366009E-1
3.735583017E1,7.046330571E-1,-3.296381533E-1,7.318929434E-1
3.735783014E1,7.046330571E-1,-3.100904822E-1,7.416667938E-1
3.735983010E1,7.034113407E-1,-2.709950805E-1,7.587710023E-1
3.736183094E1,7.070765495E-1,-2.349540442E-1,7.740426064E-1
3.736382990E1,7.089090943E-1,-2.245693356E-1,7.801512480E-1
3.736582987E1,7.150177956E-1,-1.983021349E-1,7.966446280E-1
3.736782983E1,7.217372656E-1,-1.793653071E-1,8.058075905E-1
3.736982980E1,7.284567952E-1,-1.689805984E-1,8.088619709E-1
3.737182980E1,7.363980412E-1,-1.530981064E-1,8.180249333E-1
3.737382980E1,7.467827797E-1,-1.414916664E-1,8.271878958E-1
3.737582980E1,7.510588169E-1,-1.396590620E-1,8.284096122E-1
3.737782980E1,7.638869882E-1,-1.384373307E-1,8.332965374E-1
3.737982980E1,7.761042714E-1,-1.378264725E-1,8.369617462E-1
3.738182893E1,7.987062931E-1,-1.378264725E-1,8.375726342E-1
3.738382803E1,7.987062931E-1,-1.378264725E-1,8.375726342E-1
3.738582803E1,8.145887852E-1,-1.359938681E-1,8.339074254E-1
3.738782803E1,8.249735236E-1,-1.341612786E-1,8.326857090E-1
3.738982807E1,8.439103365E-1,-1.304960847E-1,8.284096122E-1
3.739182810E1,8.707883954E-1,-1.207222417E-1,8.180249333E-1
3.739382813E1,8.823948503E-1,-1.152244583E-1,8.113054037E-1
3.739582817E1,9.062185884E-1,-1.072832122E-1,8.003098369E-1
3.739782820E1,9.239336848E-1,-1.030071527E-1,7.942011952E-1
3.739982823E1,9.349292517E-1,-1.011745557E-1,7.899250984E-1
3.740182913E1,9.447031021E-1,-1.011745557E-1,7.844273448E-1
3.740382993E1,9.587529898E-1,-1.011745557E-1,7.777078152E-1
3.740582990E1,9.697485566E-1,-9.812022746E-2,7.722100019E-1
3.740782986E1,9.752463698E-1,-8.773551881E-2,7.636579275E-1
3.740982983E1,9.795224071E-1,-8.712465316E-2,7.489971519E-1
3.741183090E1,9.801332951E-1,-8.345946670E-2,7.441102266E-1
3.741383086E1,9.783006907E-1,-8.773551881E-2,7.257842422E-1
3.741583083E1,9.691377282E-1,-9.567677230E-2,7.111235261E-1
3.741783083E1,9.636399150E-1,-1.023962870E-1,7.001278996E-1
3.741983083E1,9.532552361E-1,-1.170570552E-1,6.824128628E-1
3.742182999E1,9.337075353E-1,-1.469894499E-1,6.475934982E-1
3.742382913E1,9.337075353E-1,-1.469894499E-1,6.475934982E-1
3.742582916E1,9.147707224E-1,-1.763109863E-1,6.231589317E-1
3.742782919E1,8.921687007E-1,-2.068542391E-1,5.975025892E-1
3.742982922E1,8.842274547E-1,-2.239584774E-1,5.852852464E-1
3.743182926E1,8.604037166E-1,-2.612212598E-1,5.596289039E-1
3.743382929E1,8.384125233E-1,-3.064252734E-1,5.321399570E-1
3.743582929E1,8.115344644E-1,-3.601814210E-1,5.052618980E-1
3.743782929E1,7.944302559E-1,-3.901138306E-1,4.893794060E-1
3.743982929E1,7.632761002E-1,-4.566981196E-1,4.600578845E-1
3.744183016E1,7.339546084E-1,-5.300019383E-1,4.313472211E-1
3.744383106E1,7.113525867E-1,-5.697082281E-1,4.179081917E-1
3.744583106E1,6.814202070E-1,-6.472880840E-1,3.885866404E-1
3.744783106E1,6.459900141E-1,-7.187592983E-1,3.531564772E-1
3.744983102E1,6.307183504E-1,-7.541894913E-1,3.360522389E-1
3.745183099E1,5.983424783E-1,-8.226063848E-1,3.018437922E-1
3.745383096E1,5.690209866E-1,-8.916341662E-1,2.688570619E-1
3.745583092E1,5.555819273E-1,-9.264535308E-1,2.517528534E-1
3.745783089E1,5.232060552E-1,-9.930378199E-1,2.224313021E-1
3.745983085E1,4.975497425E-1,-1.044961333E0,1.888337135E-1
3.746182995E1,4.541783035E-1,-1.121319532E0,1.405753642E-1
3.746382909E1,4.541783035E-1,-1.121319532E0,1.405753642E-1
3.746582909E1,4.285219610E-1,-1.156138778E0,1.106429696E-1
3.746782912E1,4.181372523E-1,-1.168967009E0,9.292787313E-2
3.746982915E1,3.973678350E-1,-1.183016896E0,6.482807547E-2
3.747182809E1,3.735440969E-1,-1.184238672E0,3.978259861E-2
3.747382772E1,3.656028509E-1,-1.180573463E0,2.878702432E-2
3.747582775E1,3.478877544E-1,-1.165301800E0,6.795875728E-3
3.747782778E1,3.332269788E-1,-1.142088890E0,-1.275181212E-2
3.747982758E1,3.240640163E-1,-1.125595570E0,-2.008219436E-2
3.748182845E1,3.149010241E-1,-1.083445907E0,-3.596469015E-2
3.748382932E1,3.069597781E-1,-1.035798430E0,-4.696026444E-2
3.748582928E1,3.039054573E-1,-1.011974692E0,-5.184718594E-2
3.748782925E1,3.087923825E-1,-9.618836641E-1,-6.162103266E-2
3.748982921E1,3.087923825E-1,-9.136253595E-1,-7.261660695E-2
3.749182918E1,3.069597781E-1,-8.885798454E-1,-7.933612168E-2
3.749382915E1,3.087923825E-1,-8.433758020E-1,-8.727737516E-2
3.749582915E1,3.155119121E-1,-7.957283258E-1,-9.949467331E-2
3.749782915E1,3.185662329E-1,-7.761806250E-1,-1.031598672E-1
3.749982915E1,3.203988075E-1,-7.370852828E-1,-1.129337102E-1
3.750182828E1,3.179553747E-1,-6.821073890E-1,-1.245401502E-1
3.750382738E1,3.179553747E-1,-6.821073890E-1,-1.245401502E-1
3.750582738E1,3.167336285E-1,-6.552293301E-1,-1.300379336E-1
3.750782738E1,3.142901659E-1,-6.314055920E-1,-1.367574632E-1
3.750982738E1,3.075706363E-1,-6.185774207E-1,-1.410335153E-1
3.751182738E1,2.990185320E-1,-5.965862870E-1,-1.483639032E-1
3.751382741E1,2.904664278E-1,-5.794820189E-1,-1.563051492E-1
3.751582744E1,2.794708610E-1,-5.721516609E-1,-1.605812013E-1
3.751782748E1,2.623666227E-1,-5.648213029E-1,-1.679115891E-1
3.751982751E1,2.434297949E-1,-5.605452061E-1,-1.746311039E-1
3.752182841E1,2.324342281E-1,-5.581017733E-1,-1.795180291E-1
3.752382928E1,2.043344229E-1,-5.593234897E-1,-1.856266707E-1
3.752582931E1,1.768454909E-1,-5.666538477E-1,-1.947896481E-1
3.752782931E1,1.640173197E-1,-5.678756237E-1,-2.021200359E-1
3.752982928E1,1.346957833E-1,-5.745950937E-1,-2.131156176E-1
3.753182924E1,1.029307917E-1,-5.831472278E-1,-2.265546471E-1
3.753382961E1,8.765916526E-2,-5.874232650E-1,-2.326633036E-1
3.753582957E1,5.955936015E-2,-5.953645110E-1,-2.497675270E-1
3.753782954E1,2.046398632E-2,-6.063601375E-1,-2.674826086E-1
3.753982974E1,8.246680722E-3,-6.075818539E-1,-2.772564590E-1
3.754182884E1,-5.222897977E-2,-6.130796075E-1,-3.059671223E-1
3.754382987E1,-6.933320314E-2,-6.130796075E-1,-3.175735772E-1
3.754582991E1,-9.071348608E-2,-6.118578911E-1,-3.285691440E-1
3.754782994E1,-1.328631938E-1,-6.069709659E-1,-3.560580909E-1
3.754982997E1,-1.756237596E-1,-6.020840406E-1,-3.847687542E-1
3.755183000E1,-1.994474977E-1,-5.965862870E-1,-3.963751793E-1
3.755383004E1,-2.409863323E-1,-5.868124366E-1,-4.256967306E-1
3.755583007E1,-2.837468982E-1,-5.770385861E-1,-4.531856477E-1
3.755783010E1,-3.289509416E-1,-5.697082281E-1,-4.861723781E-1
3.755983014E1,-3.533855379E-1,-5.642104149E-1,-5.020548701E-1
3.756183100E1,-3.998112977E-1,-5.581017733E-1,-5.362633467E-1
3.756383190E1,-4.419609904E-1,-5.495496392E-1,-5.704717636E-1
3.756583190E1,-4.645630121E-1,-5.489387512E-1,-5.881868601E-1
3.756783190E1,-5.054910183E-1,-5.422192812E-1,-6.168975234E-1
3.756983190E1,-5.421429276E-1,-5.361106396E-1,-6.504951119E-1
3.757183190E1,-5.641340613E-1,-5.324454308E-1,-6.706537008E-1
3.757383187E1,-5.928447247E-1,-5.245041847E-1,-7.018077970E-1
3.757583184E1,-6.307183504E-1,-5.190063715E-1,-7.341836691E-1
3.757783180E1,-6.453791261E-1,-5.190063715E-1,-7.531204820E-1
3.757983177E1,-6.789767146E-1,-5.208389759E-1,-7.928267121E-1
3.758183087E1,-7.315111160E-1,-5.110651255E-1,-8.496372104E-1
3.758383000E1,-7.315111160E-1,-5.110651255E-1,-8.496372104E-1
3.758582997E1,-7.706065178E-1,-5.031238794E-1,-8.832347989E-1
3.758782993E1,-8.121453524E-1,-4.921283126E-1,-9.192758203E-1
3.758982993E1,-8.347473741E-1,-4.835762084E-1,-9.406561255E-1
3.759182993E1,-8.811731339E-1,-4.548655450E-1,-9.809732437E-1
3.759382997E1,-9.294314981E-1,-4.157701433E-1,-1.020679474E0
3.759583000E1,-9.508117437E-1,-3.943898678E-1,-1.042670608E0
3.759783003E1,-9.917397499E-1,-3.394120038E-1,-1.084820271E0
3.759983006E1,-1.027169943E0,-2.771037519E-1,-1.129413486E0
3.760183096E1,-1.036332846E0,-2.392300963E-1,-1.152015448E0
3.760382996E1,-1.064432740E0,-1.585958898E-1,-1.196608663E0
3.760582996E1,-1.085202098E0,-7.368562371E-2,-1.239369273E0
3.760782993E1,-1.093143344E0,-2.787072770E-2,-1.260749459E0
3.760982990E1,-1.110858440E0,6.375905871E-2,-1.304731846E0
3.761182986E1,-1.121243119E0,1.590540409E-1,-1.351768374E0
3.761382983E1,-1.126130104E0,2.054798007E-1,-1.376203060E0
3.761582979E1,-1.142012596E0,3.007747829E-1,-1.428126574E0
3.761782976E1,-1.160949349E0,3.930154145E-1,-1.477606654E0
3.761982973E1,-1.168279767E0,4.296673536E-1,-1.504484773E0
3.762182886E1,-1.194546938E0,5.274057984E-1,-1.586951494E0
3.762382796E1,-1.206764340E0,5.567272902E-1,-1.613829613E0
3.762582796E1,-1.215316415E0,5.793293118E-1,-1.640096784E0
3.762782796E1,-1.239750981E0,6.123160720E-1,-1.697518110E0
3.762982796E1,-1.260520458E0,6.324746013E-1,-1.744554758E0
3.763182796E1,-1.276402950E0,6.361398101E-1,-1.768378496E0
3.763382796E1,-1.294118047E0,6.275876760E-1,-1.803197861E0
3.763582796E1,-1.323439598E0,5.976552963E-1,-1.823967218E0
3.763782796E1,-1.331991673E0,5.744423866E-1,-1.828854203E0
3.763982799E1,-1.358869791E0,5.072472095E-1,-1.822134614E0
3.764182889E1,-1.387580395E0,4.272238910E-1,-1.787315369E0
3.764382976E1,-1.403462887E0,3.765220642E-1,-1.762880683E0
3.764582979E1,-1.438282251E0,2.690097690E-1,-1.695685506E0
3.764782982E1,-1.481042743E0,1.468367279E-1,-1.615662217E0
3.764982986E1,-1.502423048E0,8.452847600E-2,-1.568014741E0
3.765182989E1,-1.547016263E0,-4.008803144E-2,-1.464778543E0
3.765382989E1,-1.595274568E0,-1.616502106E-1,-1.349324942E0
3.765582986E1,-1.622152686E0,-2.221258730E-1,-1.291903615E0
3.765782982E1,-1.677741408E0,-3.302490115E-1,-1.178893566E0
3.765982979E1,-1.735773563E0,-4.261548519E-1,-1.067105174E0
3.766182889E1,-1.831679463E0,-5.550474524E-1,-9.064476490E-1
3.766382795E1,-1.831679463E0,-5.550474524E-1,-9.064476490E-1
3.766582792E1,-1.894598603E0,-6.301838756E-1,-8.117635250E-1
3.766782792E1,-1.925752640E0,-6.582836509E-1,-7.653377652E-1
3.766982792E1,-1.988060951E0,-7.059311271E-1,-6.785949469E-1
3.767182795E1,-2.045482159E0,-7.370852828E-1,-5.912411809E-1
3.767382799E1,-2.090686321E0,-7.493025661E-1,-5.478697419E-1
3.767582802E1,-2.112066507E0,-7.627416253E-1,-4.623486400E-1
3.767782805E1,-2.152383804E0,-7.731263041E-1,-3.774383664E-1
3.767982809E1,-2.189035654E0,-7.651850581E-1,-2.864194512E-1
3.768182898E1,-2.196976900E0,-7.560220957E-1,-2.369393557E-1
3.768382992E1,-2.217135429E0,-7.053202987E-1,-1.434769779E-1
3.768582992E1,-2.225076675E0,-6.197991371E-1,-5.917757004E-2
3.768782992E1,-2.228741884E0,-5.697082281E-1,-1.824959926E-2
3.768982955E1,-2.227520227E0,-4.481460154E-1,5.933028832E-2
3.769182955E1,-2.219578981E0,-3.052035570E-1,1.320232451E-1
3.769382955E1,-2.214081049E0,-2.251801938E-1,1.631773859E-1
3.769582955E1,-2.205528975E0,-5.047274008E-2,2.254856378E-1
3.769782955E1,-2.187813759E0,1.395063549E-1,2.755765915E-1
3.769982952E1,-2.179872513E0,2.396882474E-1,3.000111878E-1
3.770182862E1,-2.152994633E0,5.567272902E-1,3.562107980E-1
3.770382805E1,-2.141388178E0,6.642395854E-1,3.745367527E-1
3.770582802E1,-2.133446932E0,7.705301642E-1,3.934735656E-1
3.770782798E1,-2.118175268E0,9.696722031E-1,4.398993254E-1
3.770982795E1,-2.104125261E0,1.151099205E0,4.991532564E-1
3.771182791E1,-2.098627567E0,1.231733441E0,5.315291286E-1
3.771382788E1,-2.087631941E0,1.373454094E0,6.048329473E-1
3.771582788E1,-2.079690695E0,1.484631658E0,6.805802584E-1
3.771782791E1,-2.076636314E0,1.532889962E0,7.172321677E-1
3.771982795E1,-2.084577560E0,1.609858990E0,7.825947404E-1
3.772182885E1,-2.096184015E0,1.673999906E0,8.455138803E-1
3.772382978E1,-2.108401299E0,1.698434472E0,8.748353720E-1
3.772582981E1,-2.130392551E0,1.741805911E0,9.322566986E-1
3.772782984E1,-2.166433573E0,1.777846932E0,9.811259508E-1
3.772982988E1,-2.184148788E0,1.798616409E0,1.000673652E0
3.773182988E1,-2.218357086E0,1.837100863E0,1.038547277E0
3.773382984E1,-2.245235205E0,1.885970116E0,1.066647053E0
3.773582981E1,-2.249511242E0,1.920789361E0,1.081307888E0
3.773782978E1,-2.255620003E0,2.003256321E0,1.097801208E0
3.773982974E1,-2.251954794E0,2.093664169E0,1.111851096E0
3.774182884E1,-2.237293959E0,2.232330799E0,1.122846723E0
3.774382791E1,-2.237293959E0,2.232330799E0,1.122846723E0
3.774582791E1,-2.225076675E0,2.320906162E0,1.112461925E0
3.774782791E1,-2.217746258E0,2.365499258E0,1.102077246E0
3.774982827E1,-2.201252937E0,2.446133614E0,1.075199246E0
3.775182827E1,-2.184759617E0,2.515772104E0,1.039158106E0
3.775382827E1,-2.173763990E0,2.553645849E0,1.018388748E0
3.775582827E1,-2.135890245E0,2.635501623E0,9.780716300E-1
3.775782827E1,-2.088242769E0,2.715525150E0,9.383653998E-1
3.775982827E1,-2.064419031E0,2.748511791E0,9.127090573E-1
3.776182914E1,-2.003332615E0,2.794326782E0,8.516225219E-1
3.776382971E1,-1.925752640E0,2.842585087E0,7.880925536E-1
3.776582974E1,-1.883602977E0,2.871295691E0,7.593818307E-1
3.776782977E1,-1.780366778E0,2.922608376E0,7.044039965E-1
3.776982980E1,-1.674687028E0,2.952540874E0,6.482043862E-1
3.777182984E1,-1.620320082E0,2.959260225E0,6.213263273E-1
3.777382987E1,-1.511586070E0,2.945821285E0,5.584071875E-1
3.777582990E1,-1.398576021E0,2.893286943E0,4.796055853E-1
3.777782990E1,-1.353982806E0,2.851137161E0,4.356232882E-1
3.777982987E1,-1.248914003E0,2.744846582E0,3.415500224E-1
3.778182897E1,-1.080926061E0,2.564641476E0,2.114357352E-1
3.778382994E1,-1.027780771E0,2.492559195E0,1.625665128E-1
3.778582990E1,-9.837985039E-1,2.405205488E0,1.069777757E-1
3.778782987E1,-9.312640429E-1,2.198733091E0,-2.680171281E-2
3.778982983E1,-9.184358716E-1,2.076560020E0,-1.068250611E-1
3.779182980E1,-8.988882303E-1,1.816942334E0,-2.668717504E-1
3.779382980E1,-8.854491711E-1,1.556102872E0,-4.287510514E-1
3.779582983E1,-8.738427162E-1,1.300761223E0,-5.869651437E-1
3.779782987E1,-8.750644922E-1,1.178588152E0,-6.621015668E-1
3.779982990E1,-8.628471494E-1,9.598983526E-1,-7.964919209E-1
3.780183080E1,-8.463537693E-1,7.900778651E-1,-9.064476490E-1
3.780383173E1,-8.304712772E-1,7.259370089E-1,-9.504299760E-1
3.780583176E1,-7.877107263E-1,6.288093925E-1,-1.029231548E0
3.780783180E1,-7.382306457E-1,5.481752157E-1,-1.091539860E0
3.780983183E1,-7.089090943E-1,5.115233064E-1,-1.119639635E0
3.781183183E1,-6.478226185E-1,4.406629205E-1,-1.169119716E0
3.781383183E1,-5.836817622E-1,3.746894598E-1,-1.203939080E0
3.781583183E1,-5.445863605E-1,3.417027593E-1,-1.216156363E0
3.781783183E1,-4.816672504E-1,2.738966942E-1,-1.240590930E0
3.781983183E1,-4.211915731E-1,2.091449946E-1,-1.254029989E0
3.782183096E1,-3.399465084E-1,1.413389444E-1,-1.252197385E0
3.782383003E1,-3.399465084E-1,1.413389444E-1,-1.252197385E0
3.782583000E1,-2.831360400E-1,1.254564524E-1,-1.243034363E0
3.782782996E1,-2.580905557E-1,1.285107732E-1,-1.233260512E0
3.782982993E1,-2.079996169E-1,1.450041384E-1,-1.216767192E0
3.783182989E1,-1.634064466E-1,1.767691374E-1,-1.194776058E0
3.783382986E1,-1.426370293E-1,1.957059503E-1,-1.188056588E0
3.783582983E1,-1.096503139E-1,2.451860309E-1,-1.163011074E0
3.783782979E1,-8.643743396E-2,3.032182455E-1,-1.143463373E0
3.783982979E1,-8.032877743E-2,3.355940878E-1,-1.124526501E0
3.784183066E1,-7.605272532E-2,3.979023397E-1,-1.095815897E0
3.784382969E1,-8.399397135E-2,4.577671289E-1,-1.067105174E0
3.784582972E1,-9.010262042E-2,4.883103967E-1,-1.050611854E0
3.784782976E1,-1.127046347E-1,5.445100069E-1,-1.014570832E0
3.784982979E1,-1.499674171E-1,5.927683711E-1,-9.699776769E-1
3.785182982E1,-1.701259762E-1,6.172029972E-1,-9.455430508E-1
3.785382986E1,-2.159408629E-1,6.642395854E-1,-8.966737986E-1
3.785582986E1,-2.635883391E-1,7.112762332E-1,-8.447502851E-1
3.785782982E1,-2.953533530E-1,7.363216877E-1,-8.160396218E-1
3.785982979E1,-3.552181423E-1,7.888560891E-1,-7.549530864E-1
3.786182889E1,-4.468479156E-1,8.646034002E-1,-6.639341712E-1
3.786382795E1,-4.468479156E-1,8.646034002E-1,-6.639341712E-1
3.786582792E1,-5.109887719E-1,9.140834808E-1,-6.052911282E-1
3.786782789E1,-5.726861954E-1,9.629526734E-1,-5.490915179E-1
3.786982785E1,-6.032294035E-1,9.837220907E-1,-5.209916830E-1
3.787182785E1,-6.582072973E-1,1.023428321E0,-4.641812146E-1
3.787382789E1,-7.137960196E-1,1.054582477E0,-4.061490297E-1
3.787582792E1,-7.431175709E-1,1.065578103E0,-3.768275082E-1
3.787782795E1,-7.932085395E-1,1.087569237E0,-3.157409728E-1
3.787982798E1,-8.384125233E-1,1.104062557E0,-2.558761835E-1
3.788182888E1,-8.591819406E-1,1.111392975E0,-2.265546471E-1
3.788382982E1,-8.976664543E-1,1.128497124E0,-1.691333205E-1
3.788582985E1,-9.318749309E-1,1.142547131E0,-1.141554415E-1
3.788782988E1,-9.471465349E-1,1.148044825E0,-9.033169597E-2
3.788982988E1,-9.654725194E-1,1.163316488E0,-4.390593991E-2
3.789182988E1,-9.764680862E-1,1.174922943E0,6.185010541E-3
3.789382988E1,-9.837985039E-1,1.179198980E0,2.695442922E-2
3.789582988E1,-9.831876159E-1,1.192638040E0,7.032585889E-2
3.789782988E1,-9.648616314E-1,1.198746681E0,1.118647009E-1
3.789982988E1,-9.550877810E-1,1.201801062E0,1.344667077E-1
3.790182902E1,-9.190467596E-1,1.196914077E0,2.004401535E-1
3.790382808E1,-9.049968719E-1,1.188972831E0,2.187661231E-1
3.790582805E1,-8.885034919E-1,1.179198980E0,2.370920777E-1
3.790782801E1,-8.426886201E-1,1.160262227E0,2.700788081E-1
3.790982798E1,-7.968736887E-1,1.136438489E0,2.975677252E-1
3.791182795E1,-7.712173462E-1,1.124832034E0,3.097850382E-1
3.791382791E1,-7.113525867E-1,1.100397348E0,3.287218511E-1
3.791582788E1,-6.484334469E-1,1.075351954E0,3.525456190E-1
3.791782788E1,-5.855143666E-1,1.047863007E0,3.769802153E-1
3.791982788E1,-5.494732857E-1,1.033202171E0,3.879757822E-1
3.792182878E1,-4.773911834E-1,1.005713224E0,4.075234830E-1
3.792382971E1,-3.943135142E-1,9.837220907E-1,4.295146167E-1
3.792582974E1,-3.564398587E-1,9.745591283E-1,4.411210716E-1
3.792782978E1,-2.733621895E-1,9.574549198E-1,4.582252800E-1
3.792982981E1,-1.970040351E-1,9.397398233E-1,4.777729809E-1
3.793182984E1,-1.530217379E-1,9.324094653E-1,4.838816226E-1
3.793382984E1,-7.055493444E-2,9.153051972E-1,5.040401816E-1
3.793582981E1,7.635815535E-3,8.969792724E-1,5.260313153E-1
3.793782978E1,4.489859566E-2,8.853728175E-1,5.370268822E-1
3.793982974E1,1.206458881E-1,8.664360046E-1,5.590180755E-1
3.794182884E1,2.171625942E-1,8.426122665E-1,5.901721716E-1
3.794382801E1,2.171625942E-1,8.426122665E-1,5.901721716E-1
3.794582797E1,2.776382565E-1,8.261188865E-1,6.036112309E-1
3.794782794E1,3.277291954E-1,8.151233196E-1,6.146067977E-1
3.794982794E1,3.533855379E-1,8.090146780E-1,6.207154393E-1
3.795182794E1,3.955352604E-1,7.943539023E-1,6.280458570E-1
3.795382794E1,4.260784984E-1,7.741953135E-1,6.341544986E-1
3.795582794E1,4.450153410E-1,7.650323510E-1,6.384305358E-1
3.795782794E1,4.731151462E-1,7.448738217E-1,6.475934982E-1
3.795982794E1,4.981606007E-1,7.222718000E-1,6.524804235E-1
3.796182997E1,5.109887719E-1,7.106653452E-1,6.591999531E-1
3.796383087E1,5.348125100E-1,6.862307191E-1,6.665303111E-1
3.796583087E1,5.531384945E-1,6.550766230E-1,6.848562956E-1
3.796783090E1,5.641340613E-1,6.410267353E-1,6.915758252E-1
3.796983094E1,5.849034786E-1,6.110942960E-1,7.111235261E-1
3.797183097E1,6.081163287E-1,5.805510283E-1,7.355580926E-1
3.797383100E1,6.209445000E-1,5.640577078E-1,7.483862638E-1
3.797583104E1,6.502660513E-1,5.365687609E-1,7.764860988E-1
3.797783107E1,6.777549982E-1,5.121341348E-1,8.082510829E-1
3.797983110E1,6.936374903E-1,5.023602843E-1,8.247444630E-1
3.798183024E1,7.418958545E-1,4.870886803E-1,8.705593348E-1
3.798382930E1,7.614435554E-1,4.876995385E-1,8.852201104E-1
3.798582927E1,7.767151594E-1,4.895321429E-1,8.998808861E-1
3.798782923E1,8.194757104E-1,4.974733889E-1,9.304241538E-1
3.798982920E1,8.555167913E-1,5.096907020E-1,9.609673619E-1
3.799182917E1,8.768970370E-1,5.182427764E-1,9.731847048E-1
3.799382913E1,9.159924388E-1,5.353470445E-1,9.994518757E-1
3.799582913E1,9.556986690E-1,5.567272902E-1,1.025719047E0
3.799782913E1,9.758572578E-1,5.701663494E-1,1.037325501E0
3.799982916E1,1.016174316E0,5.964335799E-1,1.060538411E0
3.800183006E1,1.058323979E0,6.275876760E-1,1.086194754E0
3.800383090E1,1.083369493E0,6.428593397E-1,1.097801208E0
3.800583093E1,1.123686671E0,6.746243238E-1,1.119181514E0
3.800783096E1,1.165836334E0,7.131088376E-1,1.144226909E0
3.800983100E1,1.185384035E0,7.296021581E-1,1.155833364E0
3.801183103E1,1.225090265E0,7.680866718E-1,1.184544086E0
3.801383103E1,1.261131287E0,8.059603572E-1,1.208978653E0
3.801583103E1,1.279457211E0,8.218428493E-1,1.220585108E0
3.801783103E1,1.314276576E0,8.548295498E-1,1.240743637E0
3.801983103E1,1.347874165E0,8.945357800E-1,1.263345718E0
3.802182900E1,1.392467380E0,9.623418450E-1,1.296332359E0
3.802383000E1,1.392467380E0,9.623418450E-1,1.296332359E0
3.802583000E1,1.416291118E0,1.006935000E0,1.316491008E0
3.802782996E1,1.424232364E0,1.028926134E0,1.327486515E0
3.802982993E1,1.441947460E0,1.066188931E0,1.345201612E0
3.803182989E1,1.446834326E0,1.101008296E0,1.359862447E0
3.803382986E1,1.437671304E0,1.116279840E0,1.365971088E0
3.803582983E1,1.430951834E0,1.133994937E0,1.371468782E0
3.803782979E1,1.402852058E0,1.138270974E0,1.368414521E0
3.803982976E1,1.363145828E0,1.130329728E0,1.361694932E0
3.804183059E1,1.335656881E0,1.121777654E0,1.355586290E0
3.804383149E1,1.280678988E0,1.096121311E0,1.337871194E0
3.804583152E1,1.216538191E0,1.065578103E0,1.317712665E0
3.804783156E1,1.182329655E0,1.052749872E0,1.305495381E0
3.804983159E1,1.122464895E0,1.024650097E0,1.284726024E0
3.805183169E1,1.058323979E0,9.886090159E-1,1.254182696E0
3.805383172E1,1.023504734E0,9.666178823E-1,1.237689376E0
3.805583176E1,9.483683109E-1,9.140834808E-1,1.197983146E0
3.805783179E1,8.689557910E-1,8.517752290E-1,1.155833364E0
3.805983179E1,8.206974864E-1,8.114581108E-1,1.129566193E0
3.806183089E1,6.795876026E-1,6.703482270E-1,1.042823315E0
3.806383036E1,6.246097088E-1,6.135377884E-1,1.008614898E0
3.806583032E1,5.696318150E-1,5.493969321E-1,9.744064212E-1
3.806783029E1,4.584543705E-1,4.186717570E-1,8.919396400E-1
3.806983025E1,3.405573666E-1,2.738966942E-1,8.070293665E-1
3.807183022E1,2.794708610E-1,1.981494129E-1,7.630470395E-1
3.807383022E1,1.536326110E-1,4.360050708E-2,6.671411991E-1
3.807583022E1,2.596177347E-2,-1.146135926E-1,5.608506799E-1
3.807783025E1,-3.512475267E-2,-1.915826052E-1,5.070945024E-1
3.807983028E1,-1.646281779E-1,-3.461315334E-1,3.953061700E-1
3.808183119E1,-2.892446816E-1,-4.976260960E-1,2.865721583E-1
3.808383022E1,-3.491095006E-1,-5.703190565E-1,2.346486151E-1
3.808583025E1,-4.633412957E-1,-7.132615447E-1,1.320232451E-1
3.808783028E1,-5.635231733E-1,-8.513170481E-1,3.489567712E-2
3.808983032E1,-6.111706495E-1,-9.172905087E-1,-1.153008174E-2
3.809183035E1,-6.991352439E-1,-1.030300617E0,-1.019381359E-1
3.809383035E1,-7.651087046E-1,-1.114599943E0,-1.789071560E-1
3.809583035E1,-7.950411439E-1,-1.144532442E0,-2.143373489E-1
3.809783035E1,-8.396342993E-1,-1.180573463E0,-2.778673172E-1
3.809983035E1,-8.695666790E-1,-1.189125538E0,-3.267365396E-1
3.810182948E1,-8.744536042E-1,-1.154917121E0,-3.768275082E-1
3.810382858E1,-8.744536042E-1,-1.154917121E0,-3.768275082E-1
3.810582855E1,-8.652906418E-1,-1.102993608E0,-3.963751793E-1
3.810782852E1,-8.524624705E-1,-1.070617676E0,-4.061490297E-1
3.810982848E1,-8.158105612E-1,-9.887617826E-1,-4.085924923E-1
3.811182838E1,-7.718282342E-1,-8.952993751E-1,-4.067598879E-1
3.811382835E1,-7.449501753E-1,-8.427649736E-1,-4.018729627E-1
3.811582831E1,-6.826419234E-1,-7.321983576E-1,-3.914882541E-1
3.811782828E1,-6.105598211E-1,-6.118578911E-1,-3.707188368E-1
3.811982824E1,-5.732970238E-1,-5.483279228E-1,-3.615558743E-1
3.812182911E1,-4.920519590E-1,-4.078288972E-1,-3.304017484E-1
3.812382964E1,-4.138612151E-1,-2.673299015E-1,-2.937498391E-1
3.812582968E1,-3.747658134E-1,-1.940260679E-1,-2.748129964E-1
3.812782971E1,-3.051272035E-1,-4.802928120E-2,-2.308306992E-1
3.812982974E1,-2.360994220E-1,1.028544381E-1,-1.856266707E-1
3.813182938E1,-2.104430795E-1,1.859321147E-1,-1.563051492E-1
3.813382941E1,-1.560760736E-1,3.484222591E-1,-1.013272703E-1
3.813582944E1,-1.151480973E-1,5.127450228E-1,-4.512767121E-2
3.813782944E1,-9.560041130E-2,5.927683711E-1,-1.886046492E-2
3.813982941E1,-6.994406879E-2,7.534258962E-1,3.917173296E-2
3.814182851E1,-3.695734590E-2,9.977720380E-1,1.167516187E-1
3.814382757E1,-3.695734590E-2,9.977720380E-1,1.167516187E-1
3.814582754E1,-1.435533352E-2,1.154153466E0,1.546252668E-1
3.814782751E1,9.162978968E-4,1.297096014E0,1.839468032E-1
3.814982747E1,1.007927675E-2,1.361847758E0,1.912771761E-1
3.815182744E1,3.329215571E-2,1.485242486E0,2.065488100E-1
3.815382730E1,6.200282276E-2,1.608026385E0,2.157117873E-1
3.815582730E1,9.376781434E-2,1.717371225E0,2.273182273E-1
3.815782730E1,1.139263660E-1,1.763186216E0,2.309834212E-1
3.815982730E1,1.572978050E-1,1.840766072E0,2.462550551E-1
3.816182817E1,2.043344229E-1,1.895133018E0,2.621375620E-1
3.816382907E1,2.324342281E-1,1.911626458E0,2.731331289E-1
3.816582907E1,2.874121070E-1,1.931174159E0,2.877938747E-1
3.816782907E1,3.362813294E-1,1.920789361E0,3.036763966E-1
3.816982907E1,3.607159257E-1,1.903074265E0,3.097850382E-1
3.817182910E1,4.059199691E-1,1.849318147E0,3.213914633E-1
3.817382914E1,4.401284158E-1,1.763797045E0,3.299435973E-1
3.817582917E1,4.523457289E-1,1.711873531E0,3.305544555E-1
3.817782920E1,4.682282209E-1,1.589089632E0,3.323870599E-1
3.817982924E1,4.639521539E-1,1.444925427E0,3.323870599E-1
3.818182840E1,4.291328490E-1,1.162705660E0,3.171154261E-1
3.818382787E1,4.291328490E-1,1.162705660E0,3.171154261E-1
3.818582783E1,3.833179474E-1,9.415724277E-1,2.957351506E-1
3.818782780E1,3.576616049E-1,8.218428493E-1,2.792417705E-1
3.818982777E1,2.977968156E-1,5.860488415E-1,2.444224507E-1
3.819182813E1,2.330450863E-1,3.472005427E-1,1.967749745E-1
3.819382810E1,1.963931769E-1,2.274709493E-1,1.698969007E-1
3.819582806E1,1.377501190E-1,-9.926559869E-4,1.045343131E-1
3.819782803E1,7.544185966E-2,-2.050216496E-1,2.939788997E-2
3.819982803E1,4.428773001E-2,-2.984840274E-1,-1.030835137E-2
3.820182893E1,-8.857546374E-3,-4.683045745E-1,-9.155342728E-2
3.820382986E1,-5.161811411E-2,-6.222426295E-1,-1.856266707E-1
3.820582990E1,-7.055493444E-2,-6.943247318E-1,-2.381610870E-1
3.820782993E1,-1.035416573E-1,-8.323802352E-1,-3.536146283E-1
3.820982996E1,-1.273654103E-1,-9.478337765E-1,-4.739550650E-1
3.821182999E1,-1.322523206E-1,-9.973138571E-1,-5.374850631E-1
3.821383016E1,-1.346957833E-1,-1.077948093E0,-6.645449996E-1
3.821583019E1,-1.212567538E-1,-1.137202024E0,-7.952702045E-1
3.821783019E1,-1.102611795E-1,-1.165301800E0,-8.594110608E-1
3.821983019E1,-9.010262042E-2,-1.197066784E0,-9.730319977E-1
3.822182933E1,-3.268129006E-2,-1.217225313E0,-1.111698389E0
3.822382843E1,-3.268129006E-2,-1.217225313E0,-1.111698389E0
3.822582843E1,1.679879427E-2,-1.208062410E0,-1.174617529E0
3.822782843E1,8.399397135E-2,-1.183627725E0,-1.217988968E0
3.822982843E1,1.182024255E-1,-1.164690971E0,-1.233260512E0
3.823182839E1,2.006692290E-1,-1.118876100E0,-1.248532176E0
3.823382836E1,2.886338234E-1,-1.063898206E0,-1.242423534E0
3.823582832E1,3.313944042E-1,-1.040074468E0,-1.236314893E0
3.823782829E1,4.187481403E-1,-9.771553278E-1,-1.216767192E0
3.823982826E1,5.152648091E-1,-9.038515091E-1,-1.192332625E0
3.824182909E1,5.574145317E-1,-8.635343909E-1,-1.180726171E0
3.824382959E1,6.514877677E-1,-7.645742297E-1,-1.145295978E0
3.824582959E1,7.406741381E-1,-6.485098004E-1,-1.098870158E0
3.824782959E1,7.828238010E-1,-5.849798322E-1,-1.073213935E0
3.824982962E1,8.695666790E-1,-4.628067911E-1,-1.011516452E0
3.825182966E1,9.502009153E-1,-3.381902575E-1,-9.430995584E-1
3.825382969E1,9.856310487E-1,-2.795472145E-1,-9.046150446E-1
3.825582972E1,1.049161077E0,-1.757001132E-1,-8.245916963E-1
3.825782975E1,1.094975948E0,-9.140071273E-2,-7.396814823E-1
3.825982979E1,1.114523649E0,-5.902485549E-2,-6.914231181E-1
3.826182892E1,1.131016970E0,-9.544769302E-3,-5.417611003E-1
3.826382989E1,1.117577910E0,-1.748601720E-2,-4.880049825E-1
3.826582985E1,1.099251986E0,-3.886630014E-2,-4.324162304E-1
3.826782982E1,1.038165450E0,-8.101600409E-2,-3.114649057E-1
3.826982978E1,9.673051238E-1,-1.152244583E-1,-1.972331107E-1
3.827182975E1,9.288206100E-1,-1.372155994E-1,-1.422552466E-1
3.827382972E1,8.280278444E-1,-1.921934783E-1,-3.962988406E-2
3.827582968E1,7.113525867E-1,-2.483930737E-1,5.810855702E-2
3.827782968E1,5.916230083E-1,-2.807689309E-1,1.460731477E-1
3.827982972E1,5.409211516E-1,-2.862667143E-1,1.857793927E-1
3.828183062E1,4.352414906E-1,-2.722168267E-1,2.517528534E-1
3.828383155E1,3.546072841E-1,-2.367866337E-1,3.055089712E-1
3.828583158E1,3.161227703E-1,-2.147954851E-1,3.299435973E-1
3.828783161E1,2.440406680E-1,-1.665371358E-1,3.757584691E-1
3.828983165E1,1.792889535E-1,-1.158353239E-1,4.203516543E-1
3.829183168E1,1.499674171E-1,-9.689849615E-2,4.417319298E-1
3.829383171E1,9.071348608E-2,-6.757696718E-2,4.869359732E-1
3.829583171E1,3.512475267E-2,-5.169447139E-2,5.272530913E-1
3.829783171E1,1.069014147E-2,-4.925100878E-2,5.510768294E-1
3.829983171E1,-3.573561832E-2,-4.741841555E-2,5.975025892E-1
3.830183085E1,-9.682214260E-2,-5.352706835E-2,6.726390123E-1
3.830382998E1,-9.682214260E-2,-5.352706835E-2,6.726390123E-1
3.830582998E1,-1.328631938E-1,-6.391177326E-2,7.257842422E-1
3.830782998E1,-1.646281779E-1,-7.735081017E-2,7.789295316E-1
3.830982995E1,-1.756237596E-1,-8.345946670E-2,8.039750457E-1
3.831182991E1,-2.073887438E-1,-9.934195876E-2,8.510116339E-1
3.831382988E1,-2.348776907E-1,-1.188896447E-1,8.931613564E-1
3.831582984E1,-2.489275932E-1,-1.298852265E-1,9.133198857E-1
3.831782981E1,-2.745839357E-1,-1.457677186E-1,9.395871162E-1
3.831982978E1,-2.965750694E-1,-1.463785917E-1,9.518043995E-1
3.832183061E1,-3.039054573E-1,-1.433242559E-1,9.566913247E-1
3.832382961E1,-3.210096955E-1,-1.237765700E-1,9.597456455E-1
3.832582961E1,-3.210096955E-1,-9.567677230E-2,9.487500787E-1
3.832782964E1,-3.265074790E-1,-7.735081017E-2,9.395871162E-1
3.832982967E1,-3.271183372E-1,-3.642284125E-2,9.243154526E-1
3.833182971E1,-3.271183372E-1,1.305724494E-2,8.998808861E-1
3.833382974E1,-3.265074790E-1,4.482223839E-2,8.870527148E-1
3.833582981E1,-3.124575615E-1,1.126282811E-1,8.583420515E-1
3.833782984E1,-2.886338234E-1,1.828777790E-1,8.204683661E-1
3.833982984E1,-2.764165103E-1,2.164753675E-1,8.009206653E-1
3.834182897E1,-2.275473028E-1,3.038291037E-1,7.349472642E-1
3.834382804E1,-2.128865421E-1,3.270419836E-1,7.117343545E-1
3.834582800E1,-1.921171248E-1,3.435353339E-1,6.903541088E-1
3.834782797E1,-1.566869318E-1,3.722459972E-1,6.488152742E-1
3.834982794E1,-1.133155003E-1,3.844633102E-1,6.072764397E-1
3.835182790E1,-8.765916526E-2,3.838524520E-1,5.865070224E-1
3.835382787E1,-4.001167417E-2,3.722459972E-1,5.480225086E-1
3.835582787E1,1.069014147E-2,3.453679383E-1,5.119814277E-1
3.835782790E1,4.428773001E-2,3.264311254E-1,4.960989356E-1
3.835982793E1,9.560041130E-2,2.775619030E-1,4.557818174E-1
3.836182883E1,1.530217379E-1,2.207514346E-1,4.252385795E-1
3.836382973E1,1.841758788E-1,1.877647042E-1,4.117995203E-1
3.836582977E1,2.550362349E-1,1.211803928E-1,3.830888569E-1
3.836782980E1,3.344487250E-1,4.298964143E-2,3.598759770E-1
3.836982983E1,3.711006343E-1,1.450804994E-3,3.476586938E-1
3.837182987E1,4.596760869E-1,-7.979427278E-2,3.226132095E-1
3.837382987E1,5.476406813E-1,-1.616502106E-1,2.951242626E-1
3.837582987E1,5.934556127E-1,-2.019673288E-1,2.816852331E-1
3.837782987E1,6.808093190E-1,-2.752711475E-1,2.529745698E-1
3.837982987E1,7.681630254E-1,-3.479641080E-1,2.267073691E-1
3.838182900E1,8.811731339E-1,-4.505894780E-1,1.961641014E-1
3.838382810E1,8.811731339E-1,-4.505894780E-1,1.961641014E-1
3.838582810E1,9.447031021E-1,-5.208389759E-1,1.778381467E-1
3.838782806E1,9.685268402E-1,-5.599343777E-1,1.711186320E-1
3.838982803E1,1.017396092E0,-6.362925172E-1,1.540143937E-1
3.839182800E1,1.052215338E0,-7.114289403E-1,1.362993121E-1
3.839382796E1,1.080926061E0,-7.871762514E-1,1.277471930E-1
3.839582790E1,1.091310740E0,-8.238281608E-1,1.143081561E-1
3.839782786E1,1.106582403E0,-8.940776587E-1,1.051451787E-1
3.839982783E1,1.115745425E0,-9.539424181E-1,9.476047009E-2
3.840182866E1,1.116967082E0,-9.838748574E-1,9.109527618E-2
3.840382956E1,1.110247612E0,-1.044961333E0,8.315403014E-2
3.840582959E1,1.104749799E0,-1.101771832E0,7.887797803E-2
3.840782963E1,1.095586777E0,-1.129871607E0,8.071056753E-2
3.840982966E1,1.074206591E0,-1.191568971E0,8.315403014E-2
3.841182969E1,1.049161077E0,-1.256320715E0,8.926268667E-2
3.841382973E1,1.036332846E0,-1.278922796E0,9.414960444E-2
3.841582976E1,1.014341712E0,-1.311909437E0,1.008691266E-1
3.841782976E1,9.746354818E-1,-1.346728802E0,1.069777757E-1
3.841982976E1,9.569203854E-1,-1.365665555E0,1.088103727E-1
3.842182886E1,8.940013051E-1,-1.414534807E0,1.234711409E-1
3.842382793E1,8.799513578E-1,-1.427973866E0,1.271363348E-1
3.842582789E1,8.622363210E-1,-1.438969493E0,1.338558495E-1
3.842782786E1,8.249735236E-1,-1.460960627E0,1.381319016E-1
3.842982782E1,7.840455174E-1,-1.482340932E0,1.485166103E-1
3.843182779E1,7.644978762E-1,-1.489671230E0,1.534035355E-1
3.843382779E1,7.284567952E-1,-1.498834252E0,1.717294902E-1
3.843582779E1,6.893614531E-1,-1.495169044E0,1.924989074E-1
3.843782779E1,6.728680730E-1,-1.486616969E0,2.016618848E-1
3.843982779E1,6.404922009E-1,-1.459128022E0,2.218204439E-1
3.844182866E1,6.142250299E-1,-1.420032620E0,2.419789881E-1
3.844382956E1,6.020076871E-1,-1.396208882E0,2.523637116E-1
3.844582956E1,5.751296282E-1,-1.357724309E0,2.670244575E-1
3.844782956E1,5.470298529E-1,-1.319850683E0,2.841286957E-1
3.844982956E1,5.378668308E-1,-1.300302982E0,2.884047627E-1
3.845182959E1,5.103778839E-1,-1.267316341E0,2.987894714E-1
3.845382962E1,4.889976382E-1,-1.242881656E0,3.103958964E-1
3.845582965E1,4.743368626E-1,-1.231886148E0,3.146719635E-1
3.845782969E1,4.584543705E-1,-1.212949276E0,3.226132095E-1
3.845982972E1,4.425718784E-1,-1.190958142E0,3.244458139E-1
3.846182889E1,4.248567820E-1,-1.168356180E0,3.287218511E-1
3.846382802E1,4.248567820E-1,-1.168356180E0,3.287218511E-1
3.846582802E1,4.199698567E-1,-1.157360554E0,3.317761719E-1
3.846782798E1,4.169155359E-1,-1.151251912E0,3.323870599E-1
3.846982795E1,4.205807149E-1,-1.139034629E0,3.354413807E-1
3.847182792E1,4.218024611E-1,-1.123762965E0,3.397174478E-1
3.847382788E1,4.224133193E-1,-1.115210891E0,3.409391642E-1
3.847582785E1,4.334088862E-1,-1.096274018E0,3.415500224E-1
3.847782782E1,4.474588037E-1,-1.081613302E0,3.409391642E-1
3.847982778E1,4.615086913E-1,-1.079780698E0,3.391065598E-1
3.848182865E1,4.853324294E-1,-1.077948093E0,3.323870599E-1
3.848382958E1,5.134322643E-1,-1.080391526E0,3.213914633E-1
3.848582961E1,5.293147564E-1,-1.084667563E0,3.146719635E-1
3.848782965E1,5.623014569E-1,-1.095052361E0,3.036763966E-1
3.848982968E1,5.983424783E-1,-1.109102249E0,2.951242626E-1
3.849182971E1,6.160575747E-1,-1.121930361E0,2.920699418E-1
3.849382974E1,6.575964093E-1,-1.154306293E0,2.835178375E-1
3.849582978E1,6.979135275E-1,-1.190958142E0,2.786309123E-1
3.849782981E1,7.217372656E-1,-1.217225313E0,2.749657333E-1
3.849982981E1,7.602217793E-1,-1.258153319E0,2.737439871E-1
3.850182894E1,8.176431060E-1,-1.330846310E0,2.755765915E-1
3.850382994E1,8.359690905E-1,-1.353448272E0,2.792417705E-1
3.850582994E1,8.524624705E-1,-1.371774316E0,2.810743749E-1
3.850782994E1,8.860600591E-1,-1.413923979E0,2.939025462E-1
3.850982994E1,9.068294764E-1,-1.429806471E0,2.987894714E-1
3.851182991E1,9.361509681E-1,-1.460960627E0,3.146719635E-1
3.851382988E1,9.654725194E-1,-1.487227798E0,3.311653137E-1
3.851582984E1,9.905179739E-1,-1.514105916E0,3.513238728E-1
3.851782981E1,1.003346205E0,-1.526323199E0,3.623194396E-1
3.851982977E1,1.025948167E0,-1.545870900E0,3.855323195E-1
3.852183061E1,1.048550248E0,-1.558088183E0,4.069126248E-1
3.852383147E1,1.061378360E0,-1.563585997E0,4.160755873E-1
3.852583144E1,1.077260852E0,-1.573970675E0,4.380667508E-1
3.852783144E1,1.092532516E0,-1.577024937E0,4.594470263E-1
3.852983147E1,1.097419381E0,-1.577024937E0,4.692208767E-1
3.853183150E1,1.112691045E0,-1.576414108E0,4.924337566E-1
3.853383154E1,1.121243119E0,-1.567862034E0,5.187009573E-1
3.853583157E1,1.121854067E0,-1.564196825E0,5.260313153E-1
3.853783160E1,1.118188858E0,-1.551368594E0,5.504659414E-1
3.853983164E1,1.116356254E0,-1.533653498E0,5.724570751E-1
3.854183080E1,1.106582403E0,-1.496390820E0,6.048329473E-1
3.854383030E1,1.106582403E0,-1.496390820E0,6.048329473E-1
3.854583027E1,1.095586777E0,-1.464014888E0,6.280458570E-1
3.854783024E1,1.087034702E0,-1.445688963E0,6.396522522E-1
3.854983020E1,1.066876173E0,-1.410258770E0,6.640868783E-1
3.855183017E1,1.054047942E0,-1.359556913E0,6.897432208E-1
3.855383013E1,1.047328472E0,-1.327181101E0,7.050148249E-1
3.855583010E1,1.033278584E0,-1.248990297E0,7.355580926E-1
3.855783007E1,1.016174316E0,-1.168356180E0,7.691556811E-1
3.855983006E1,1.011287451E0,-1.127428174E0,7.844273448E-1
3.856183097E1,9.960157871E-1,-1.052902579E0,8.143597245E-1
3.856383000E1,9.691377282E-1,-9.881508946E-1,8.412377834E-1
3.856583003E1,9.618073106E-1,-9.606619477E-1,8.510116339E-1
3.856783006E1,9.385944605E-1,-9.044623375E-1,8.748353720E-1
3.856983010E1,9.159924388E-1,-8.525388241E-1,8.956047893E-1
3.857183013E1,9.043859839E-1,-8.268824816E-1,9.004917145E-1
3.857383016E1,8.940013051E-1,-7.798458338E-1,9.072112441E-1
3.857583020E1,8.738427162E-1,-7.297548652E-1,9.066003561E-1
3.857783020E1,8.713992834E-1,-7.047094107E-1,9.041569233E-1
3.857983020E1,8.622363210E-1,-6.643922925E-1,9.011026025E-1
3.858182933E1,8.561276197E-1,-6.088035703E-1,8.846092224E-1
3.858382843E1,8.561276197E-1,-6.088035703E-1,8.846092224E-1
3.858582843E1,8.555167913E-1,-5.727625489E-1,8.730027676E-1
3.858782843E1,8.591819406E-1,-5.446627140E-1,8.565094471E-1
3.858982840E1,8.646797538E-1,-5.354997516E-1,8.412377834E-1
3.859182836E1,8.659014702E-1,-5.177846551E-1,8.186357617E-1
3.859382833E1,8.701775670E-1,-5.012912750E-1,7.923685908E-1
3.859582829E1,8.823948503E-1,-4.957934916E-1,7.777078152E-1
3.859782826E1,8.952230215E-1,-4.823544621E-1,7.526623607E-1
3.859982822E1,9.049968719E-1,-4.750240743E-1,7.251734138E-1
3.860182906E1,9.135489464E-1,-4.676937163E-1,7.092909217E-1
3.860382952E1,9.269880056E-1,-4.548655450E-1,6.811910868E-1
3.860582952E1,9.434813857E-1,-4.389830232E-1,6.530913115E-1
3.860782956E1,9.495900273E-1,-4.359287024E-1,6.390414238E-1
3.860982959E1,9.666942358E-1,-4.231005311E-1,6.133850813E-1
3.861182962E1,9.813550115E-1,-4.072180390E-1,5.852852464E-1
3.861382926E1,9.868528247E-1,-4.017202556E-1,5.706244707E-1
3.861582929E1,9.954048991E-1,-3.925572634E-1,5.437464118E-1
3.861782932E1,1.000291824E0,-3.876703680E-1,5.150357485E-1
3.861982936E1,1.008233070E0,-3.888920844E-1,5.028184652E-1
3.862182849E1,1.002124429E0,-3.870594800E-1,4.655556679E-1
3.862382755E1,1.006400466E0,-3.913355470E-1,4.533383846E-1
3.862582752E1,9.996809959E-1,-3.968333304E-1,4.392884672E-1
3.862782749E1,9.905179739E-1,-4.053854346E-1,4.130212665E-1
3.862982745E1,9.770789742E-1,-4.231005311E-1,3.836997449E-1
3.863182742E1,9.666942358E-1,-4.365395904E-1,3.690389693E-1
3.863382738E1,9.453139901E-1,-4.628067911E-1,3.403283060E-1
3.863582735E1,9.190467596E-1,-4.945717752E-1,3.079524338E-1
3.863782735E1,8.915578127E-1,-5.281693339E-1,2.798526287E-1
3.863982738E1,8.768970370E-1,-5.489387512E-1,2.651918828E-1
3.864182828E1,8.396342993E-1,-5.880341530E-1,2.352594733E-1
3.864382922E1,8.066475391E-1,-6.283512712E-1,2.071596831E-1
3.864582925E1,7.870998979E-1,-6.491206884E-1,1.949423701E-1
3.864782928E1,7.431175709E-1,-6.931029558E-1,1.637882441E-1
3.864982932E1,6.997461319E-1,-7.358635664E-1,1.344667077E-1
3.865182935E1,6.808093190E-1,-7.566329837E-1,1.210276783E-1
3.865382938E1,6.349944472E-1,-7.926740050E-1,9.170614183E-2
3.865582938E1,5.952881575E-1,-8.299368024E-1,6.238461286E-2
3.865782938E1,5.726861954E-1,-8.470410109E-1,4.772384837E-2
3.865982938E1,5.280929804E-1,-8.812494874E-1,2.206750773E-2
3.866182851E1,4.639521539E-1,-9.325621724E-1,-1.580613852E-2
3.866382805E1,4.639521539E-1,-9.325621724E-1,-1.580613852E-2
3.866582805E1,4.230241776E-1,-9.631054401E-1,-4.329507425E-2
3.866782801E1,3.772092760E-1,-9.881508946E-1,-6.650795043E-2
3.866982798E1,3.546072841E-1,-9.985355735E-1,-8.055785298E-2
3.867182795E1,3.118467033E-1,-1.015639782E0,-1.043815985E-1
3.867382831E1,2.758056521E-1,-1.027857184E0,-1.275944710E-1
3.867582828E1,2.525927722E-1,-1.030300617E0,-1.385900527E-1
3.867782824E1,2.226603776E-1,-1.027246237E0,-1.593594700E-1
3.867982821E1,1.902845204E-1,-1.019304991E0,-1.758528352E-1
3.868182904E1,1.774563491E-1,-1.014418125E0,-1.782962978E-1
3.868382994E1,1.481348276E-1,-9.960921407E-1,-1.892918646E-1
3.868582998E1,1.249219403E-1,-9.704357982E-1,-1.947896481E-1
3.868783001E1,1.182024255E-1,-9.527207017E-1,-1.966222525E-1
3.868983004E1,1.059851199E-1,-9.185122252E-1,-1.996765733E-1
3.869183007E1,9.071348608E-2,-8.824712038E-1,-1.966222525E-1
3.869383011E1,8.765916526E-2,-8.678104281E-1,-1.954005212E-1
3.869583014E1,8.338310570E-2,-8.336020112E-1,-1.905135959E-1
3.869783017E1,8.765916526E-2,-7.981718183E-1,-1.862375438E-1
3.869983017E1,8.827003092E-2,-7.792350054E-1,-1.850158125E-1
3.870182927E1,9.987647086E-2,-7.321983576E-1,-1.807397604E-1
3.870382834E1,1.035416573E-1,-7.157049775E-1,-1.782962978E-1
3.870582831E1,1.078177169E-1,-7.016550899E-1,-1.758528352E-1
3.870782827E1,1.145372316E-1,-6.753878593E-1,-1.709659100E-1
3.870982824E1,1.243110746E-1,-6.509532928E-1,-1.660789847E-1
3.871182820E1,1.328631938E-1,-6.393468380E-1,-1.666898578E-1
3.871382817E1,1.346957833E-1,-6.204100251E-1,-1.587486118E-1
3.871582817E1,1.365283877E-1,-6.014732122E-1,-1.538616866E-1
3.871782820E1,1.359175146E-1,-5.910884738E-1,-1.508073509E-1
3.871982824E1,1.389718503E-1,-5.678756237E-1,-1.385900527E-1
3.872182914E1,1.273654103E-1,-5.403866768E-1,-1.263727546E-1
3.872382964E1,1.230893433E-1,-5.263367891E-1,-1.190423667E-1
3.872582967E1,1.096503139E-1,-5.019021630E-1,-1.074359268E-1
3.872782970E1,9.254608303E-2,-4.829653203E-1,-9.582948685E-2
3.872982973E1,7.788532227E-2,-4.738023579E-1,-8.910996467E-2
3.873182977E1,5.283984542E-2,-4.536437988E-1,-7.933612168E-2
3.873382977E1,2.351831272E-2,-4.420373738E-1,-6.895141304E-2
3.873582977E1,1.313360315E-2,-4.353178442E-1,-6.528622657E-2
3.873782977E1,-2.107485011E-2,-4.261548519E-1,-5.917757004E-2
3.873982977E1,-5.161811411E-2,-4.194353521E-1,-5.795583874E-2
3.874182890E1,-1.041525230E-1,-4.066071808E-1,-5.856670439E-2
3.874382993E1,-1.041525230E-1,-4.066071808E-1,-5.856670439E-2
3.874582990E1,-1.340849251E-1,-3.962224722E-1,-6.223189831E-2
3.874782986E1,-1.585195363E-1,-3.931681514E-1,-6.345362961E-2
3.874982983E1,-1.933388561E-1,-3.821725547E-1,-7.139487565E-2
3.875182980E1,-2.318233550E-1,-3.705661297E-1,-7.872525603E-2
3.875382976E1,-2.721404731E-1,-3.638466001E-1,-8.666650951E-2
3.875582973E1,-2.935207486E-1,-3.565162420E-1,-9.216429293E-2
3.875782970E1,-3.368921876E-1,-3.497967124E-1,-1.056033298E-1
3.875982966E1,-3.790418804E-1,-3.418554664E-1,-1.214858219E-1
3.876183053E1,-3.949243724E-1,-3.406337202E-1,-1.288162023E-1
3.876383146E1,-4.468479156E-1,-3.442989290E-1,-1.483639032E-1
3.876583153E1,-4.859432876E-1,-3.461315334E-1,-1.660789847E-1
3.876783156E1,-5.054910183E-1,-3.491858542E-1,-1.776854247E-1
3.876983159E1,-5.476406813E-1,-3.510184288E-1,-2.021200359E-1
3.877183163E1,-5.873469114E-1,-3.540727794E-1,-2.289981097E-1
3.877383166E1,-6.044511795E-1,-3.559053540E-1,-2.418262810E-1
3.877583169E1,-6.423248053E-1,-3.656792045E-1,-2.711478174E-1
3.877783169E1,-6.808093190E-1,-3.730095923E-1,-3.010801971E-1
3.877983166E1,-6.979135275E-1,-3.772856593E-1,-3.187952936E-1
3.878183076E1,-7.480044961E-1,-3.888920844E-1,-3.670536578E-1
3.878382986E1,-7.651087046E-1,-3.925572634E-1,-3.841578662E-1
3.878582982E1,-7.773260474E-1,-3.992767930E-1,-4.012621045E-1
3.878782979E1,-8.066475391E-1,-4.096615016E-1,-4.379140139E-1
3.878982976E1,-8.371908069E-1,-4.243222773E-1,-4.770093858E-1
3.879182972E1,-8.530732989E-1,-4.316526651E-1,-4.941136241E-1
3.879382972E1,-8.799513578E-1,-4.438699484E-1,-5.338198543E-1
3.879582972E1,-9.037751555E-1,-4.438699484E-1,-5.759695768E-1
3.879782972E1,-9.147707224E-1,-4.402047694E-1,-5.955172777E-1
3.879982972E1,-9.373727441E-1,-4.212679565E-1,-6.388887167E-1
3.880183059E1,-9.599747062E-1,-3.888920844E-1,-6.792057753E-1
3.880382955E1,-9.685268402E-1,-3.693444133E-1,-7.011969686E-1
3.880582955E1,-9.929614663E-1,-3.253620863E-1,-7.445683479E-1
3.880782955E1,-1.008233070E0,-2.771037519E-1,-7.879397869E-1
3.880982955E1,-1.019839525E0,-2.483930737E-1,-8.105418086E-1
3.881182959E1,-1.035111189E0,-1.952477992E-1,-8.545241356E-1
3.881382962E1,-1.057713151E0,-1.335504204E-1,-9.009498954E-1
3.881582965E1,-1.060767531E0,-9.995282441E-2,-9.247736335E-1
3.881782968E1,-1.076650023E0,-3.153591976E-2,-9.724211097E-1
3.881982972E1,-1.093754172E0,4.543310404E-2,-1.024344683E0
3.882182888E1,-1.123686671E0,1.590540409E-1,-1.106811523E0
3.882382798E1,-1.123686671E0,1.590540409E-1,-1.106811523E0
3.882582795E1,-1.140790820E0,2.354121953E-1,-1.159956694E0
3.882782792E1,-1.156673312E0,2.696206570E-1,-1.187445641E0
3.882982788E1,-1.181107998E0,3.325397670E-1,-1.241201878E0
3.883182785E1,-1.204931736E0,3.887393773E-1,-1.299234033E0
3.883382781E1,-1.222035885E0,4.107305110E-1,-1.327944636E0
3.883582778E1,-1.251968265E0,4.388303161E-1,-1.383533478E0
3.883782775E1,-1.290452838E0,4.449389875E-1,-1.434235215E0
3.883982775E1,-1.312443972E0,4.418846369E-1,-1.461724162E0
3.884182861E1,-1.348484993E0,4.241695404E-1,-1.515480280E0
3.884382951E1,-1.391245604E0,3.893502355E-1,-1.560684323E0
3.884582954E1,-1.405906320E0,3.673590720E-1,-1.586340666E0
3.884782958E1,-1.443780065E0,3.227659166E-1,-1.625436068E0
3.884982961E1,-1.471268892E0,2.708423734E-1,-1.659644485E0
3.885182964E1,-1.484097123E0,2.402991205E-1,-1.670640111E0
3.885382968E1,-1.510364294E0,1.840995103E-1,-1.687133431E0
3.885582971E1,-1.528690219E0,1.254564524E-1,-1.684079170E0
3.885782971E1,-1.539075017E0,9.918924421E-2,-1.678581357E0
3.885982971E1,-1.550681472E0,4.726569727E-2,-1.654757619E0
3.886182884E1,-1.565342188E0,-4.008803144E-2,-1.592449307E0
3.886382794E1,-1.565342188E0,-4.008803144E-2,-1.592449307E0
3.886582794E1,-1.573283434E0,-1.011745557E-1,-1.539914966E0
3.886782794E1,-1.573894262E0,-1.708131880E-1,-1.472719789E0
3.886982794E1,-1.573894262E0,-2.062433809E-1,-1.440343857E0
3.887182791E1,-1.579392076E0,-2.771037519E-1,-1.362153172E0
3.887382788E1,-1.583668113E0,-3.485749662E-1,-1.283351541E0
3.887582784E1,-1.589776754E0,-4.133267105E-1,-1.193554282E0
3.887782781E1,-1.588555098E0,-4.420373738E-1,-1.147128582E0
3.887982777E1,-1.592220306E0,-4.988478422E-1,-1.057331324E0
3.888182861E1,-1.589165926E0,-5.434409976E-1,-9.663124681E-1
3.888382947E1,-1.586111665E0,-5.629886985E-1,-9.204975367E-1
3.888582944E1,-1.586722493E0,-5.825363398E-1,-8.374198675E-1
3.888782944E1,-1.578781247E0,-5.886450410E-1,-7.567856908E-1
3.888982947E1,-1.575116038E0,-5.941427946E-1,-7.158576846E-1
3.889182950E1,-1.577559471E0,-5.923101902E-1,-6.333909035E-1
3.889382954E1,-1.576948643E0,-5.868124366E-1,-5.533675551E-1
3.889582957E1,-1.580613852E0,-5.782603025E-1,-5.099961162E-1
3.889782960E1,-1.595274568E0,-5.581017733E-1,-4.256967306E-1
3.889982964E1,-1.616654873E0,-5.196172595E-1,-3.334560692E-1
3.890182880E1,-1.658193707E0,-4.426482320E-1,-1.941787899E-1
3.890382827E1,-1.658193707E0,-4.426482320E-1,-1.941787899E-1
3.890582823E1,-1.683850050E0,-3.730095923E-1,-1.001055390E-1
3.890782820E1,-1.702175975E0,-3.259729743E-1,-5.429064855E-2
3.890982817E1,-1.728443265E0,-2.306779921E-1,3.672827408E-2
3.891182813E1,-1.753488660E0,-1.072832122E-1,1.191950813E-1
3.891382810E1,-1.768760324E0,-4.253149405E-2,1.607339233E-1
3.891582806E1,-1.795638442E0,1.028544381E-1,2.432007194E-1
3.891782806E1,-1.821905613E0,2.647337317E-1,3.213914633E-1
3.891982806E1,-1.836566329E0,3.459787965E-1,3.617085814E-1
3.892182893E1,-1.863444448E0,5.157993436E-1,4.411210716E-1
3.892382983E1,-1.886657357E0,6.734025478E-1,5.266422033E-1
3.892582983E1,-1.891544223E0,7.405977249E-1,5.687919259E-1
3.892782983E1,-1.912313700E0,8.737663627E-1,6.500369906E-1
3.892982983E1,-1.933693886E0,9.953285456E-1,7.245625257E-1
3.893182983E1,-1.941635132E0,1.051528215E0,7.587710023E-1
3.893382983E1,-1.963626385E0,1.162705660E0,8.235226870E-1
3.893582986E1,-1.986839175E0,1.263498425E0,8.809440136E-1
3.893782990E1,-1.991115212E0,1.308702469E0,9.072112441E-1
3.893982993E1,-2.008830309E0,1.403386593E0,9.530261159E-1
3.894182910E1,-2.030210733E0,1.529835701E0,9.951758385E-1
3.894382823E1,-2.030210733E0,1.529835701E0,9.951758385E-1
3.894582826E1,-2.064419031E0,1.590311289E0,1.005560517E0
3.894782829E1,-2.099238396E0,1.645900011E0,1.000062823E0
3.894982829E1,-2.119396925E0,1.678886771E0,9.982301593E-1
3.895182826E1,-2.150551081E0,1.751579762E0,9.878454804E-1
3.895382823E1,-2.179261684E0,1.844431281E0,9.750173092E-1
3.895582819E1,-2.187813759E0,1.896354795E0,9.664651752E-1
3.895782816E1,-2.197587729E0,2.006310463E0,9.530261159E-1
3.895982812E1,-2.192700863E0,2.122985840E0,9.267589450E-1
3.896182896E1,-2.195144176E0,2.178574562E0,9.114872813E-1
3.896382946E1,-2.187813759E0,2.279367208E0,8.748353720E-1
3.896582946E1,-2.174374819E0,2.369164467E0,8.259661794E-1
3.896782949E1,-2.159713984E0,2.403983831E0,7.960337996E-1
3.896982952E1,-2.138944626E0,2.449798822E0,7.318929434E-1
3.897182956E1,-2.104736090E0,2.466902971E0,6.549239159E-1
3.897382959E1,-2.094962358E0,2.464459419E0,6.176611185E-1
3.897582962E1,-2.063808203E0,2.433916092E0,5.284748077E-1
3.897782966E1,-2.033264875E0,2.378938437E0,4.356232882E-1
3.897982969E1,-2.010052204E0,2.345951557E0,3.885866404E-1
3.898182885E1,-1.944689512E0,2.212172031E0,2.535854280E-1
3.898382795E1,-1.911702752E0,2.156583309E0,2.065488100E-1
3.898582795E1,-1.882992148E0,2.095496893E0,1.607339233E-1
3.898782795E1,-1.811520934E0,1.954997897E0,7.032585889E-2
3.898982795E1,-1.732108355E0,1.790675163E0,-1.763873361E-2
3.899182795E1,-1.637424231E0,1.703932285E0,-5.856670439E-2
3.899382795E1,-1.581224680E0,1.526781321E0,-1.300379336E-1
3.899582792E1,-1.482264519E0,1.328250170E0,-2.192242593E-1
3.899782789E1,-1.371087074E0,1.129718900E0,-3.230713606E-1
3.899982785E1,-1.314887404E0,1.030758739E0,-3.682753742E-1
3.900182868E1,-1.196379542E0,8.218428493E-1,-4.641812146E-1
3.900382955E1,-1.094365120E0,5.970444083E-1,-5.716935396E-1
3.900582952E1,-1.052826285E0,4.925864637E-1,-6.272822618E-1
3.900782948E1,-9.666942358E-1,3.056617081E-1,-7.396814823E-1
3.900982945E1,-8.878926635E-1,1.596648991E-1,-8.514698148E-1
3.901182945E1,-8.481863737E-1,9.796751291E-2,-9.015607238E-1
3.901382948E1,-7.791585922E-1,-8.323038928E-3,-1.001131773E0
3.901582952E1,-7.052439451E-1,-8.712465316E-2,-1.079933405E0
3.901782955E1,-6.667594314E-1,-1.164461896E-1,-1.119028807E0
3.901982958E1,-5.830708742E-1,-1.653154045E-1,-1.181947947E0
3.902182875E1,-4.608978331E-1,-2.264019251E-1,-1.254640818E0
3.902382788E1,-4.608978331E-1,-2.264019251E-1,-1.254640818E0
3.902582791E1,-3.698789179E-1,-2.636647224E-1,-1.288238406E0
3.902782791E1,-2.788599730E-1,-2.978731692E-1,-1.307786107E0
3.902982788E1,-2.354885489E-1,-3.143665195E-1,-1.318781734E0
3.903182784E1,-1.481348276E-1,-3.461315334E-1,-1.330388188E0
3.903382781E1,-6.811147183E-2,-3.705661297E-1,-1.343216300E0
3.903582778E1,-2.901609987E-2,-3.840051591E-1,-1.351157546E0
3.903782774E1,3.817907721E-2,-4.011093974E-1,-1.360931396E0
3.903982771E1,9.926560521E-2,-4.121049643E-1,-1.371316075E0
3.904182854E1,1.243110746E-1,-4.121049643E-1,-1.376813889E0
3.904382944E1,1.756237596E-1,-4.059963226E-1,-1.386587739E0
3.904582948E1,2.147191316E-1,-3.846160173E-1,-1.393307209E0
3.904782951E1,2.342668176E-1,-3.699552715E-1,-1.394528985E0
3.904982954E1,2.660318017E-1,-3.320816159E-1,-1.388420343E0
3.905182957E1,2.837468982E-1,-2.874884605E-1,-1.381089926E0
3.905382961E1,2.855795026E-1,-2.630538344E-1,-1.374370456E0
3.905582964E1,2.947424948E-1,-2.086868435E-1,-1.362764001E0
3.905782967E1,2.868012190E-1,-1.469894499E-1,-1.345048904E0
3.905982971E1,2.813034356E-1,-1.127809957E-1,-1.335275054E0
3.906182884E1,2.525927722E-1,-8.933904581E-3,-1.302899241E0
3.906382794E1,2.354885489E-1,2.405281924E-2,-1.289460182E0
3.906582794E1,2.208277881E-1,6.253732741E-2,-1.276631951E0
3.906782794E1,1.774563491E-1,1.346194297E-1,-1.246088743E0
3.906982794E1,1.285871267E-1,2.097558528E-1,-1.208825946E0
3.907182794E1,1.017090604E-1,2.482403666E-1,-1.187445641E0
3.907382790E1,4.184427112E-2,3.227659166E-1,-1.142241597E0
3.907582787E1,-2.046398632E-2,3.948480189E-1,-1.089096427E0
3.907782784E1,-5.772676691E-2,4.321108162E-1,-1.062829137E0
3.907982780E1,-1.157589629E-1,4.986951053E-1,-1.010294795E0
3.908182864E1,-1.811215430E-1,5.622251034E-1,-9.534842968E-1
3.908382950E1,-2.116648108E-1,5.952118039E-1,-9.247736335E-1
3.908582947E1,-2.733621895E-1,6.544657350E-1,-8.661305308E-1
3.908782943E1,-3.313944042E-1,7.124979496E-1,-8.074874878E-1
3.908982943E1,-3.582724631E-1,7.418195009E-1,-7.806094289E-1
3.909182943E1,-4.138612151E-1,7.925212979E-1,-7.176902890E-1
3.909382947E1,-4.621195495E-1,8.401687741E-1,-6.596581340E-1
3.909582950E1,-4.914411008E-1,8.652142882E-1,-6.297256947E-1
3.909782953E1,-5.323690772E-1,9.018661976E-1,-5.692500472E-1
3.909982957E1,-5.696318150E-1,9.336311817E-1,-5.099961162E-1
3.910182873E1,-6.081163287E-1,9.751700163E-1,-4.269184470E-1
3.910382786E1,-6.081163287E-1,9.751700163E-1,-4.269184470E-1
3.910582786E1,-6.252205968E-1,9.947177172E-1,-3.756057620E-1
3.910782783E1,-6.380487680E-1,1.004491568E0,-3.517820239E-1
3.910982780E1,-6.447682381E-1,1.012432814E0,-3.065779805E-1
3.911182776E1,-6.472117305E-1,1.016708851E0,-2.650391459E-1
3.911382773E1,-6.356052756E-1,1.017930627E0,-2.216677219E-1
3.911582770E1,-6.337726712E-1,1.010600209E0,-2.045634985E-1
3.911782766E1,-6.191119552E-1,9.892199039E-1,-1.727984995E-1
3.911982763E1,-5.952881575E-1,9.544005990E-1,-1.501964927E-1
3.912182849E1,-5.842925906E-1,9.317985773E-1,-1.398117840E-1
3.912382943E1,-5.531384945E-1,8.847619295E-1,-1.196532324E-1
3.912582946E1,-5.213735104E-1,8.297840953E-1,-9.888381511E-2
3.912782949E1,-5.030475259E-1,7.980191112E-1,-9.216429293E-2
3.912982953E1,-4.645630121E-1,7.350999713E-1,-7.628180087E-2
3.913182956E1,-4.138612151E-1,6.746243238E-1,-6.162103266E-2
3.913382959E1,-3.882048726E-1,6.459136605E-1,-5.429064855E-2
3.913582962E1,-3.368921876E-1,5.897140503E-1,-4.512767121E-2
3.913782966E1,-2.770273983E-1,5.365687609E-1,-3.901901841E-2
3.913982966E1,-2.495384514E-1,5.115233064E-1,-3.291036561E-2
3.914182879E1,-1.487456858E-1,4.443280995E-1,-1.763873361E-2
3.914382829E1,-1.139263660E-1,4.314999282E-1,-1.214094646E-2
3.914582829E1,-8.093964309E-2,4.125631154E-1,-6.032294128E-3
3.914782829E1,-2.748893574E-3,3.795763850E-1,7.406740915E-3
3.914982829E1,6.994406879E-2,3.484222591E-1,2.451096848E-2
3.915182829E1,1.096503139E-1,3.368158340E-1,3.367394581E-2
3.915382826E1,1.872301996E-1,3.221550584E-1,5.199990422E-2
3.915582822E1,2.690861523E-1,3.099377453E-1,7.276932150E-2
3.915782819E1,3.039054573E-1,3.074942827E-1,8.254316449E-2
3.915982815E1,3.833179474E-1,2.989421785E-1,1.033125818E-1
3.916182899E1,4.560109079E-1,2.952769995E-1,1.277471930E-1
3.916382985E1,4.932736754E-1,2.964987159E-1,1.442405581E-1
3.916582982E1,5.665774941E-1,2.983313203E-1,1.753946841E-1
3.916782982E1,6.319400668E-1,3.044399619E-1,2.053270787E-1
3.916982982E1,6.655376554E-1,3.068834245E-1,2.199878395E-1
3.917182985E1,7.284567952E-1,3.117703497E-1,2.554180324E-1
3.917382988E1,7.803803682E-1,3.184898794E-1,2.920699418E-1
3.917582992E1,8.066475391E-1,3.233767748E-1,3.091741800E-1
3.917782995E1,8.481863737E-1,3.343723714E-1,3.458260894E-1
3.917982998E1,8.915578127E-1,3.478114009E-1,3.824779987E-1
3.918182915E1,9.434813857E-1,3.722459972E-1,4.398993254E-1
3.918382825E1,9.434813857E-1,3.722459972E-1,4.398993254E-1
3.918582822E1,9.740246534E-1,3.911828399E-1,4.765512347E-1
3.918782818E1,9.825767279E-1,4.003458023E-1,4.985423982E-1
3.918982815E1,1.007622242E0,4.137848318E-1,5.364160538E-1
3.919182811E1,1.024726391E0,4.247804284E-1,5.779548883E-1
3.919382808E1,1.032056808E0,4.314999282E-1,5.993351340E-1
3.919582805E1,1.044274092E0,4.467715621E-1,6.451500654E-1
3.919782801E1,1.057102323E0,4.602105916E-1,6.940192580E-1
3.919982801E1,1.062600136E0,4.657084048E-1,7.208973765E-1
3.920182888E1,1.074206591E0,4.773148298E-1,7.758752108E-1
3.920382938E1,1.084591269E0,4.931973219E-1,8.253552914E-1
3.920582938E1,1.086423874E0,5.017494559E-1,8.497899175E-1
3.920782938E1,1.098030329E0,5.219079852E-1,9.004917145E-1
3.920982938E1,1.105971575E0,5.438991189E-1,9.493609667E-1
3.921182938E1,1.110858440E0,5.573381782E-1,9.768499136E-1
3.921382938E1,1.120632291E0,5.891031623E-1,1.029995203E0
3.921582938E1,1.137125611E0,6.263659596E-1,1.083140492E0
3.921782941E1,1.140790820E0,6.422484517E-1,1.107575059E0
3.921982944E1,1.154840708E0,6.746243238E-1,1.155222535E0
3.922182861E1,1.178664446E0,7.460955381E-1,1.230969787E0
3.922382774E1,1.178664446E0,7.460955381E-1,1.230969787E0
3.922582778E1,1.192714334E0,7.974082232E-1,1.277395606E0
3.922782781E1,1.207985997E0,8.481100202E-1,1.321377873E0
3.922982784E1,1.218370676E0,8.774315715E-1,1.340314746E0
3.923182784E1,1.232420683E0,9.342420101E-1,1.382464409E0
3.923382781E1,1.245248795E0,9.928851128E-1,1.423392415E0
3.923582777E1,1.263574719E0,1.053971648E0,1.462487698E0
3.923782774E1,1.268461704E0,1.080849648E0,1.477759361E0
3.923982771E1,1.283122420E0,1.139492750E0,1.508913517E0
3.924182854E1,1.288009405E0,1.195692301E0,1.537624121E0
3.924382940E1,1.289842010E0,1.223792195E0,1.548008919E0
3.924583021E1,1.289231062E0,1.275104880E0,1.562058806E0
3.924783020E1,1.284955025E0,1.327028394E0,1.572443485E0
3.924983024E1,1.280068159E0,1.350241303E0,1.574886918E0
3.925183027E1,1.264185667E0,1.386893153E0,1.570610881E0
3.925383030E1,1.241583586E0,1.416214705E0,1.560226202E0
3.925583034E1,1.223868489E0,1.426599383E0,1.551063180E0
3.925783037E1,1.189660072E0,1.449812293E0,1.533348083E0
3.925983040E1,1.146288633E0,1.460196972E0,1.504637480E0
3.926182957E1,1.070541382E0,1.458364367E0,1.453935623E0
3.926382867E1,1.070541382E0,1.458364367E0,1.453935623E0
3.926582867E1,1.017396092E0,1.447368860E0,1.408120751E0
3.926782867E1,9.941831827E-1,1.432097197E0,1.380631804E0
3.926982867E1,9.330966473E-1,1.400332212E0,1.321988702E0
3.927182867E1,8.671231866E-1,1.350241303E0,1.253571868E0
3.927382867E1,8.341364861E-1,1.317865372E0,1.217530847E0
3.927582867E1,7.559457421E-1,1.236009479E0,1.131398797E0
3.927782864E1,6.728680730E-1,1.135216713E0,1.042823315E0
3.927982860E1,6.294966340E-1,1.076573610E0,9.945649505E-1
3.928182943E1,5.390886068E-1,9.507353902E-1,8.937721848E-1
3.928383030E1,4.407392740E-1,8.035168648E-1,7.850381732E-1
3.928583027E1,3.930917978E-1,7.253261209E-1,7.239516973E-1
3.928783023E1,2.843577862E-1,5.567272902E-1,5.962808132E-1
3.928983020E1,1.689042449E-1,3.832415938E-1,4.588361681E-1
3.929183016E1,1.139263660E-1,2.952769995E-1,3.855323195E-1
3.929383016E1,2.748893574E-3,1.254564524E-1,2.248747647E-1
3.929583020E1,-1.041525230E-1,-4.253149405E-2,5.688682571E-2
3.929783023E1,-1.536326110E-1,-1.262200326E-1,-2.985603921E-2
3.929983026E1,-2.507601976E-1,-2.807689309E-1,-2.076178193E-1
3.930182943E1,-3.814853430E-1,-4.976260960E-1,-4.733442068E-1
3.930382856E1,-3.814853430E-1,-4.976260960E-1,-4.733442068E-1
3.930582780E1,-4.578435123E-1,-6.283512712E-1,-6.333909035E-1
3.930782783E1,-5.238169432E-1,-7.535786629E-1,-7.641160488E-1
3.930982783E1,-5.531384945E-1,-8.158869147E-1,-8.203156590E-1
3.931182779E1,-6.075055003E-1,-9.337838888E-1,-9.082802534E-1
3.931382776E1,-6.490443349E-1,-1.037631035E0,-9.687559009E-1
3.931582773E1,-6.685920358E-1,-1.081002355E0,-9.907470942E-1
3.931782769E1,-7.009678483E-1,-1.156749725E0,-1.018846869E0
3.931982766E1,-7.168503404E-1,-1.213560224E0,-1.023733735E0
3.932182849E1,-7.205155492E-1,-1.236162186E0,-1.018236041E0
3.932382939E1,-7.180721164E-1,-1.264261961E0,-9.944122434E-1
3.932582939E1,-7.052439451E-1,-1.281366229E0,-9.540951252E-1
3.932782942E1,-6.924157739E-1,-1.276479244E0,-9.290496707E-1
3.932982946E1,-6.588181853E-1,-1.245325208E0,-8.746826649E-1
3.933182949E1,-6.111706495E-1,-1.178740859E0,-8.135961294E-1
3.933382952E1,-5.867360830E-1,-1.131093383E0,-7.781659365E-1
3.933582956E1,-5.299255848E-1,-1.008309484E0,-7.121925354E-1
3.933782959E1,-4.615086913E-1,-8.513170481E-1,-6.468299627E-1
3.933982962E1,-4.248567820E-1,-7.584655881E-1,-6.138432026E-1
3.934182879E1,-3.100140989E-1,-4.328743815E-1,-5.069417953E-1
3.934382789E1,-2.721404731E-1,-3.113121986E-1,-4.672355652E-1
3.934582789E1,-2.287690341E-1,-1.811978966E-1,-4.238641262E-1
3.934782789E1,-1.597412676E-1,7.414376736E-2,-3.371212482E-1
3.934982789E1,-9.743300825E-2,3.245985210E-1,-2.528218627E-1
3.935182789E1,-4.062253982E-2,4.492150247E-1,-2.100612819E-1
3.935382789E1,-1.802052557E-2,6.801220775E-1,-1.282053441E-1
3.935582785E1,1.863138936E-2,8.829293251E-1,-3.901901841E-2
3.935782782E1,4.734205827E-2,1.061912894E0,4.772384837E-2
3.935982779E1,6.322455406E-2,1.136438489E0,8.681922406E-2
3.936182862E1,9.498954564E-2,1.260444045E0,1.613447815E-1
3.936382949E1,1.261436790E-1,1.377119303E0,2.126574665E-1
3.936582945E1,1.408044398E-1,1.420490742E0,2.352594733E-1
3.936782942E1,1.603521258E-1,1.498070598E0,2.621375620E-1
3.936982938E1,1.866193265E-1,1.568320155E0,2.792417705E-1
3.937182938E1,1.970040351E-1,1.601306915E0,2.853504419E-1
3.937382942E1,2.141082734E-1,1.639791369E0,2.939025462E-1
3.937582945E1,2.385428846E-1,1.646510959E0,3.048981130E-1
3.937782948E1,2.483167201E-1,1.640402317E0,3.103958964E-1
3.937982952E1,2.758056521E-1,1.603139520E0,3.311653137E-1
3.938182868E1,3.118467033E-1,1.495627165E0,3.672063649E-1
3.938382818E1,3.118467033E-1,1.495627165E0,3.672063649E-1
3.938582821E1,3.368921876E-1,1.390558362E0,3.922518492E-1
3.938782821E1,3.631593883E-1,1.262887478E0,4.117995203E-1
3.938982818E1,3.753767014E-1,1.196914077E0,4.215733707E-1
3.939182815E1,3.992004395E-1,1.050917268E0,4.380667508E-1
3.939382811E1,4.181372523E-1,8.872054219E-1,4.496731758E-1
3.939582808E1,4.254676402E-1,8.053494692E-1,4.521166384E-1
3.939782804E1,4.425718784E-1,6.300311685E-1,4.563927054E-1
3.939982801E1,4.541783035E-1,4.467715621E-1,4.478405714E-1
3.940182884E1,4.639521539E-1,3.618612885E-1,4.398993254E-1
3.940382974E1,4.566217661E-1,1.908190250E-1,4.234059751E-1
3.940582974E1,4.541783035E-1,2.955060638E-2,3.959170282E-1
3.940782974E1,4.517348409E-1,-4.802928120E-2,3.800345361E-1
3.940982974E1,4.327980280E-1,-1.836413592E-1,3.415500224E-1
3.941182974E1,4.101960063E-1,-3.052035570E-1,2.847395539E-1
3.941382974E1,3.949243724E-1,-3.620140254E-1,2.535854280E-1
3.941582974E1,3.674354553E-1,-4.634176493E-1,1.808924675E-1
3.941782974E1,3.283400834E-1,-5.587126017E-1,9.659306705E-2
3.941982974E1,3.087923825E-1,-6.033058167E-1,4.955644161E-2
3.942182891E1,2.483167201E-1,-7.273114324E-1,-1.086576581E-1
3.942382814E1,2.299907655E-1,-7.621307373E-1,-1.660789847E-1
3.942582818E1,2.098322064E-1,-7.963392138E-1,-2.235003263E-1
3.942782821E1,1.713477075E-1,-8.604800701E-1,-3.548363447E-1
3.942982824E1,1.469130963E-1,-9.148470759E-1,-4.928919077E-1
3.943182827E1,1.377501190E-1,-9.356164932E-1,-5.625305176E-1
3.943382827E1,1.291979998E-1,-9.692140818E-1,-7.005860806E-1
3.943582824E1,1.200350225E-1,-9.893726110E-1,-8.319221139E-1
3.943782821E1,1.237002090E-1,-9.985355735E-1,-8.960629702E-1
3.943982817E1,1.353066564E-1,-1.006476879E0,-1.009683847E0
3.944182900E1,1.591303945E-1,-1.015639782E0,-1.108644009E0
3.944382951E1,1.689042449E-1,-1.022359371E0,-1.148350358E0
3.944582947E1,2.141082734E-1,-1.044350505E0,-1.223486781E0
3.944782944E1,2.550362349E-1,-1.068174243E0,-1.276631951E0
3.944982944E1,2.800817192E-1,-1.080391526E0,-1.296790600E0
3.945182947E1,3.338378668E-1,-1.105437040E0,-1.327944636E0
3.945382950E1,3.900374472E-1,-1.123152137E0,-1.345048904E0
3.945582954E1,4.169155359E-1,-1.131704211E0,-1.348714113E0
3.945782957E1,4.780020416E-1,-1.145754099E0,-1.354211926E0
3.945982960E1,5.305364728E-1,-1.149419308E0,-1.349324942E0
3.946182877E1,6.233879924E-1,-1.123152137E0,-1.321225166E0
3.946382790E1,6.233879924E-1,-1.123152137E0,-1.321225166E0
3.946582793E1,6.930266023E-1,-1.079780698E0,-1.296179652E0
3.946782793E1,7.199047208E-1,-1.052902579E0,-1.279075503E0
3.946982793E1,7.864890099E-1,-9.893726110E-1,-1.241812706E0
3.947182793E1,8.439103365E-1,-9.209557176E-1,-1.202106476E0
3.947382793E1,8.940013051E-1,-8.653669953E-1,-1.158124089E0
3.947582793E1,9.129381180E-1,-8.366563320E-1,-1.133078694E0
3.947782793E1,9.514226317E-1,-7.829001546E-1,-1.072602987E0
3.947982793E1,9.844093323E-1,-7.199810743E-1,-1.001131773E0
3.948182877E1,9.990701079E-1,-6.955464482E-1,-9.632581472E-1
3.948382953E1,1.016785145E0,-6.576728225E-1,-8.814021945E-1
3.948582950E1,1.021672130E0,-6.424011588E-1,-7.836637497E-1
3.948782947E1,1.021672130E0,-6.454554796E-1,-7.335727811E-1
3.948982943E1,1.001513600E0,-6.631705761E-1,-6.266713738E-1
3.949182940E1,9.642508030E-1,-6.937138438E-1,-5.209916830E-1
3.949382936E1,9.404270649E-1,-7.102072239E-1,-4.666246772E-1
3.949582936E1,8.848382831E-1,-7.395287156E-1,-3.554472029E-1
3.949782936E1,8.237518072E-1,-7.444156408E-1,-2.448806018E-1
3.949982940E1,7.907650471E-1,-7.340309620E-1,-1.923462003E-1
3.950182856E1,7.009678483E-1,-6.637814641E-1,-4.085161164E-2
3.950382770E1,6.789767146E-1,-6.204100251E-1,-4.085161164E-2
3.950582773E1,6.520986557E-1,-5.794820189E-1,5.016730726E-2
3.950782776E1,6.013968587E-1,-4.860196710E-1,1.399645060E-1
3.950982779E1,5.506950021E-1,-3.772856593E-1,2.199878395E-1
3.951182779E1,5.256495476E-1,-3.198643029E-1,2.566397488E-1
3.951382776E1,4.731151462E-1,-1.915826052E-1,3.329979181E-1
3.951582773E1,4.224133193E-1,-5.291620269E-2,4.008039534E-1
3.951782769E1,3.985895813E-1,9.392052889E-3,4.356232882E-1
3.951982766E1,3.454442918E-1,1.358411610E-1,4.948772192E-1
3.952182849E1,3.002402782E-1,2.561815977E-1,5.504659414E-1
3.952382936E1,2.776382565E-1,3.136029541E-1,5.797874928E-1
3.952582932E1,2.324342281E-1,4.247804284E-1,6.365979314E-1
3.952782932E1,1.902845204E-1,5.127450228E-1,6.885215044E-1
3.952982932E1,1.713477075E-1,5.475643277E-1,7.135669589E-1
3.953182932E1,1.304197311E-1,5.927683711E-1,7.593818307E-1
3.953382932E1,8.704829961E-2,6.159812212E-1,8.015315533E-1
3.953582932E1,6.444628537E-2,6.172029972E-1,8.168032169E-1
3.953782932E1,2.962696366E-2,6.153703928E-1,8.455138803E-1
3.953982932E1,-2.748893574E-3,6.117051840E-1,8.699484468E-1
3.954182846E1,-4.184427112E-2,6.007096171E-1,8.931613564E-1
3.954382756E1,-4.184427112E-2,6.007096171E-1,8.931613564E-1
3.954582759E1,-4.795292020E-2,6.007096171E-1,8.992699981E-1
3.954782762E1,-5.406157300E-2,6.043748260E-1,8.980482817E-1
3.954982766E1,-5.528330430E-2,6.165921092E-1,8.943830729E-1
3.955182769E1,-4.856378585E-2,6.312528849E-1,8.864418268E-1
3.955382772E1,-4.062253982E-2,6.367506385E-1,8.778896928E-1
3.955582775E1,-3.084869497E-2,6.453027725E-1,8.589528799E-1
3.955782779E1,-1.679879427E-2,6.410267353E-1,8.400160670E-1
3.955982779E1,-8.857546374E-3,6.349180937E-1,8.290205002E-1
3.956182862E1,4.581489135E-3,6.153703928E-1,8.058075905E-1
3.956382949E1,2.168571576E-2,5.823836327E-1,7.770969272E-1
3.956582945E1,2.596177347E-2,5.597816110E-1,7.630470395E-1
3.956782942E1,4.062253982E-2,5.078580976E-1,7.306711674E-1
3.956982938E1,4.917465150E-2,4.479933083E-1,7.007387877E-1
3.957182935E1,5.222897977E-2,4.162282944E-1,6.824128628E-1
3.957382935E1,5.955936015E-2,3.496440053E-1,6.530913115E-1
3.957582935E1,6.383541971E-2,2.824488282E-1,6.188828349E-1
3.957782938E1,6.750060618E-2,2.506838143E-1,6.023895144E-1
3.957982942E1,7.360926270E-2,1.847103834E-1,5.712353587E-1
3.958182858E1,7.727445662E-2,8.208502084E-2,5.113705397E-1
3.958382772E1,7.727445662E-2,8.208502084E-2,5.113705397E-1
3.958582775E1,8.338310570E-2,1.183551457E-2,4.783838391E-1
3.958782778E1,9.193521738E-2,-5.963572115E-2,4.447862506E-1
3.958982781E1,9.437867999E-2,-9.506590664E-2,4.289037585E-1
3.959182785E1,1.029307917E-1,-1.702023298E-1,3.953061700E-1
3.959382785E1,1.023199260E-1,-2.538908720E-1,3.647629023E-1
3.959582785E1,1.047633886E-1,-3.491858542E-1,3.360522389E-1
3.959782785E1,1.023199260E-1,-3.974441886E-1,3.226132095E-1
3.959982785E1,1.053742543E-1,-4.945717752E-1,2.926808000E-1
3.960182871E1,1.114829108E-1,-5.831472278E-1,2.688570619E-1
3.960382961E1,1.188132912E-1,-6.301838756E-1,2.584723532E-1
3.960582958E1,1.371392459E-1,-7.132615447E-1,2.309834212E-1
3.960782954E1,1.676825136E-1,-7.975609303E-1,2.102140039E-1
3.960982951E1,1.860084683E-1,-8.360454440E-1,2.010510266E-1
3.961182948E1,2.281581759E-1,-9.136253595E-1,1.833359301E-1
3.961382944E1,2.770273983E-1,-9.820422530E-1,1.698969007E-1
3.961582941E1,3.032945991E-1,-1.020526767E0,1.662317067E-1
3.961782938E1,3.503312171E-1,-1.099328399E0,1.576795876E-1
3.961982934E1,3.992004395E-1,-1.179962635E0,1.527926624E-1
3.962182847E1,4.712825418E-1,-1.300913930E0,1.607339233E-1
3.962382771E1,4.712825418E-1,-1.300913930E0,1.607339233E-1
3.962582774E1,5.195409060E-1,-1.395598054E0,1.735620946E-1
3.962782777E1,5.427537560E-1,-1.439580321E0,1.796707362E-1
3.962982781E1,5.812382698E-1,-1.520825386E0,1.943315119E-1
3.963182784E1,6.111706495E-1,-1.591685772E0,2.096031308E-1
3.963382787E1,6.288857460E-1,-1.617952943E0,2.205987126E-1
3.963582790E1,6.404922009E-1,-1.657659173E0,2.389246672E-1
3.963782790E1,6.496551633E-1,-1.682093859E0,2.578614950E-1
3.963982787E1,6.551529765E-1,-1.686980724E0,2.651918828E-1
3.964182870E1,6.575964093E-1,-1.687591553E0,2.835178375E-1
3.964382957E1,6.496551633E-1,-1.672930837E0,2.932916880E-1
3.964582954E1,6.447682381E-1,-1.667433023E0,3.036763966E-1
3.964782950E1,6.288857460E-1,-1.649107099E0,3.073415756E-1
3.964982947E1,6.178901792E-1,-1.632002831E0,3.140611053E-1
3.965182943E1,6.093381047E-1,-1.621007323E0,3.146719635E-1
3.965382943E1,5.934556127E-1,-1.599627018E0,3.207806051E-1
3.965582947E1,5.745187402E-1,-1.575803280E0,3.220023513E-1
3.965782950E1,5.641340613E-1,-1.562975049E0,3.220023513E-1
3.965982953E1,5.494732857E-1,-1.529988408E0,3.207806051E-1
3.966182870E1,5.225952268E-1,-1.493947268E0,3.189480305E-1
3.966382783E1,5.225952268E-1,-1.493947268E0,3.189480305E-1
3.966582787E1,5.085453391E-1,-1.464625835E0,3.220023513E-1
3.966782790E1,4.969388843E-1,-1.432860732E0,3.262783885E-1
3.966982793E1,4.865541756E-1,-1.414534807E0,3.275001347E-1
3.967182793E1,4.767803252E-1,-1.377882957E0,3.287218511E-1
3.967382793E1,4.627304375E-1,-1.338787556E0,3.336087763E-1
3.967582793E1,4.572326243E-1,-1.316796422E0,3.354413807E-1
3.967782793E1,4.505131245E-1,-1.276479244E0,3.427717686E-1
3.967982793E1,4.456261992E-1,-1.241049051E0,3.470478058E-1
3.968182880E1,4.450153410E-1,-1.224555731E0,3.531564772E-1
3.968382956E1,4.462370574E-1,-1.190347314E0,3.549890518E-1
3.968582866E1,4.444044530E-1,-1.160414934E0,3.617085814E-1
3.968782863E1,4.511239827E-1,-1.148808479E0,3.641520441E-1
3.968982860E1,4.547891617E-1,-1.127428174E0,3.678172231E-1
3.969182856E1,4.639521539E-1,-1.104215264E0,3.659846485E-1
3.969382853E1,4.688390791E-1,-1.091387153E0,3.672063649E-1
3.969582849E1,4.834998548E-1,-1.071228623E0,3.641520441E-1
3.969782846E1,5.024366379E-1,-1.052902579E0,3.617085814E-1
3.969982846E1,5.177083015E-1,-1.041296124E0,3.580434024E-1
3.970182762E1,5.506950021E-1,-1.013807178E0,3.421608806E-1
3.970382676E1,5.561928153E-1,-1.005255103E0,3.372739851E-1
3.970582679E1,5.696318150E-1,-9.979247451E-1,3.354413807E-1
3.970782682E1,5.971207619E-1,-9.826530814E-1,3.232240677E-1
3.970982686E1,6.154467463E-1,-9.734901190E-1,3.122285008E-1
3.971182689E1,6.380487680E-1,-9.655488729E-1,3.079524338E-1
3.971382786E1,6.508769393E-1,-9.624945521E-1,3.006220460E-1
3.971582786E1,6.710354686E-1,-9.569967389E-1,2.957351506E-1
3.971782782E1,6.936374903E-1,-9.533315897E-1,2.884047627E-1
3.971982779E1,7.046330571E-1,-9.496663809E-1,2.896264791E-1
3.972182862E1,7.254024744E-1,-9.484446645E-1,2.829069793E-1
3.972382949E1,7.431175709E-1,-9.423360229E-1,2.865721583E-1
3.972582855E1,7.541131377E-1,-9.392817020E-1,2.847395539E-1
3.972782852E1,7.785477638E-1,-9.331730008E-1,2.841286957E-1
3.972982849E1,8.042041063E-1,-9.227883220E-1,2.804635167E-1
3.973182848E1,8.170322776E-1,-9.166796803E-1,2.835178375E-1
3.973382852E1,8.359690905E-1,-9.081275463E-1,2.816852331E-1
3.973582855E1,8.591819406E-1,-8.977428079E-1,2.871830165E-1
3.973782858E1,8.713992834E-1,-8.922450542E-1,2.871830165E-1
3.973982862E1,8.946121335E-1,-8.849146366E-1,2.920699418E-1
3.974182778E1,9.221010804E-1,-8.647561073E-1,2.957351506E-1
3.974382695E1,9.221010804E-1,-8.647561073E-1,2.957351506E-1
3.974582785E1,9.428704977E-1,-8.537605405E-1,3.000111878E-1
3.974782788E1,9.544769526E-1,-8.390997648E-1,3.024546504E-1
3.974982788E1,9.630290866E-1,-8.305476308E-1,3.024546504E-1
3.975182788E1,9.709703326E-1,-8.134434223E-1,3.030655086E-1
3.975382788E1,9.825767279E-1,-7.914522886E-1,3.055089712E-1
3.975582788E1,9.868528247E-1,-7.780132294E-1,3.055089712E-1
3.975782788E1,9.941831827E-1,-7.535786629E-1,3.055089712E-1
3.975982788E1,9.972375035E-1,-7.285331488E-1,3.097850382E-1
3.976182872E1,9.996809959E-1,-7.175375819E-1,3.103958964E-1
3.976382958E1,9.954048991E-1,-6.943247318E-1,3.201697469E-1
3.976582955E1,9.886853695E-1,-6.674466133E-1,3.305544555E-1
3.976782951E1,9.856310487E-1,-6.533967257E-1,3.409391642E-1
3.976982948E1,9.770789742E-1,-6.173557043E-1,3.562107980E-1
3.977182944E1,9.642508030E-1,-5.813146234E-1,3.812562823E-1
3.977382848E1,9.556986690E-1,-5.611560941E-1,3.916409910E-1
3.977582844E1,9.471465349E-1,-5.165629387E-1,4.185190499E-1
3.977782844E1,9.355401397E-1,-4.695262909E-1,4.441753924E-1
3.977982848E1,9.251554012E-1,-4.420373738E-1,4.582252800E-1
3.978182764E1,9.013316631E-1,-3.510184288E-1,4.991532564E-1
3.978382678E1,8.958339095E-1,-3.223077655E-1,5.138140321E-1
3.978582731E1,8.854491711E-1,-2.929862440E-1,5.235878825E-1
3.978782734E1,8.744536042E-1,-2.318997234E-1,5.510768294E-1
3.978982738E1,8.622363210E-1,-1.775327176E-1,5.810092092E-1
3.979182741E1,8.518515825E-1,-1.512655020E-1,5.907830596E-1
3.979382741E1,8.402451277E-1,-1.011745557E-1,6.170502305E-1
3.979582737E1,8.225300312E-1,-6.085744873E-2,6.414848566E-1
3.979782734E1,8.170322776E-1,-4.375322163E-2,6.537021995E-1
3.979982731E1,8.017606139E-1,-1.687515154E-2,6.769150496E-1
3.980182814E1,7.950411439E-1,4.505131394E-3,6.970735788E-1
3.980382897E1,7.925976515E-1,1.366810966E-2,7.062366009E-1
3.980582894E1,7.883216143E-1,2.649627998E-2,7.215082049E-1
3.980782890E1,7.858781219E-1,3.260493279E-2,7.343363762E-1
3.980982890E1,7.870998979E-1,3.565925732E-2,7.428885102E-1
3.981182890E1,7.870998979E-1,3.749185428E-2,7.496080399E-1
3.981382890E1,7.889324427E-1,4.237877578E-2,7.593818307E-1
3.981582890E1,7.901542187E-1,4.298964143E-2,7.587710023E-1
3.981782890E1,7.950411439E-1,4.298964143E-2,7.654905319E-1
3.981982890E1,7.932085395E-1,4.054617882E-2,7.654905319E-1
3.982182804E1,8.005388975E-1,2.649627998E-2,7.661013603E-1
3.982382714E1,8.005388975E-1,2.649627998E-2,7.661013603E-1
3.982582714E1,8.072584271E-1,1.488984004E-2,7.593818307E-1
3.982782717E1,8.072584271E-1,1.244637929E-2,7.575492859E-1
3.982982720E1,8.054258227E-1,-2.214386594E-3,7.520514727E-1
3.983182724E1,8.042041063E-1,-1.870774850E-2,7.380015850E-1
3.983382727E1,8.011497855E-1,-3.886630014E-2,7.294494510E-1
3.983582730E1,8.011497855E-1,-5.291620269E-2,7.215082049E-1
3.983782734E1,7.956519723E-1,-7.857254148E-2,7.044039965E-1
3.983982734E1,7.895433307E-1,-1.078940704E-1,6.903541088E-1
3.984182820E1,7.864890099E-1,-1.219439730E-1,6.769150496E-1
3.984382907E1,7.748825550E-1,-1.530981064E-1,6.573673487E-1
3.984582943E1,7.657195926E-1,-1.866956949E-1,6.304892898E-1
3.984782940E1,7.590000629E-1,-2.074651122E-1,6.170502305E-1
3.984982937E1,7.425066829E-1,-2.508365512E-1,5.938373804E-1
3.985182933E1,7.223481536E-1,-2.972623110E-1,5.620723963E-1
3.985382930E1,7.095199823E-1,-3.241403699E-1,5.468007326E-1
3.985582930E1,6.838636398E-1,-3.748421967E-1,5.162574649E-1
3.985782933E1,6.582072973E-1,-4.231005311E-1,4.838816226E-1
3.985982936E1,6.417139173E-1,-4.530329406E-1,4.661665261E-1
3.986182853E1,5.910121202E-1,-5.373323560E-1,4.142429829E-1
3.986382773E1,5.787948370E-1,-5.629886985E-1,3.959170282E-1
3.986582776E1,5.586362481E-1,-5.874232650E-1,3.775910735E-1
3.986782780E1,5.329799056E-1,-6.301838756E-1,3.452152312E-1
3.986982783E1,5.079344511E-1,-6.643922925E-1,3.085633218E-1
3.987182786E1,4.975497425E-1,-6.784422398E-1,2.896264791E-1
3.987382786E1,4.786129296E-1,-7.053202987E-1,2.511419654E-1
3.987582786E1,4.590652287E-1,-7.346417904E-1,2.096031308E-1
3.987782786E1,4.517348409E-1,-7.456374168E-1,1.912771761E-1
3.987982786E1,4.395175576E-1,-7.639633417E-1,1.534035355E-1
3.988182873E1,4.273002446E-1,-7.822893262E-1,1.191950813E-1
3.988382963E1,4.254676402E-1,-7.896196842E-1,1.063669100E-1
3.988582963E1,4.144720733E-1,-8.067238927E-1,8.193229884E-2
3.988782959E1,4.065308273E-1,-8.305476308E-1,6.177374721E-2
3.988982956E1,3.985895813E-1,-8.409323692E-1,5.199990422E-2
3.989182953E1,3.961461186E-1,-8.568148613E-1,3.611740842E-2
3.989382949E1,3.863722682E-1,-8.671995997E-1,2.390010282E-2
3.989582946E1,3.882048726E-1,-8.720865250E-1,1.473712362E-2
3.989782929E1,3.875939846E-1,-8.739190698E-1,7.406740915E-3
3.989982926E1,3.888157308E-1,-8.720865250E-1,7.635815564E-5
3.990182836E1,3.888157308E-1,-8.641452193E-1,-8.475755341E-3
3.990382746E1,3.888157308E-1,-8.641452193E-1,-8.475755341E-3
3.990582749E1,3.875939846E-1,-8.580365777E-1,-9.697485715E-3
3.990782752E1,3.851505518E-1,-8.555931449E-1,-7.864889689E-3
3.990982756E1,3.765984178E-1,-8.494845033E-1,-3.588833380E-3
3.991182759E1,3.723223805E-1,-8.390997648E-1,5.574145354E-3
3.991382762E1,3.662137091E-1,-8.354345560E-1,1.229366288E-2
3.991582765E1,3.576616049E-1,-8.201629519E-1,2.573269792E-2
3.991782765E1,3.417791128E-1,-8.030587435E-1,4.039346427E-2
3.991982765E1,3.393356502E-1,-7.920631766E-1,5.016730726E-2
3.992182849E1,3.258966208E-1,-7.725154757E-1,6.299547851E-2
3.992382929E1,3.100140989E-1,-7.560220957E-1,7.643451542E-2
3.992582925E1,2.959642112E-1,-7.511351705E-1,8.193229884E-2
3.992782922E1,2.782491148E-1,-7.431939244E-1,9.414960444E-2
3.992982918E1,2.507601976E-1,-7.376961708E-1,1.027017161E-1
3.993182915E1,2.409863323E-1,-7.352526784E-1,1.075886413E-1
3.993382915E1,2.153300047E-1,-7.303657532E-1,1.112538353E-1
3.993582918E1,1.927279830E-1,-7.291440368E-1,1.130864322E-1
3.993782922E1,1.762346178E-1,-7.334200740E-1,1.130864322E-1
3.993982925E1,1.524108797E-1,-7.413613200E-1,1.112538353E-1
3.994182842E1,1.133155003E-1,-7.554112077E-1,9.781479836E-2
3.994382755E1,1.133155003E-1,-7.554112077E-1,9.781479836E-2
3.994582758E1,9.010262042E-2,-7.621307373E-1,8.315403014E-2
3.994782762E1,7.116580009E-2,-7.712937593E-1,6.788240373E-2
3.994982765E1,6.444628537E-2,-7.767915130E-1,5.933028832E-2
3.995182765E1,4.489859566E-2,-7.945066094E-1,3.795000166E-2
3.995382765E1,2.779436857E-2,-8.048913479E-1,2.206750773E-2
3.995582765E1,1.618792862E-2,-8.183303475E-1,4.963280167E-3
3.995782778E1,7.024950348E-3,-8.268824816E-1,-2.977967961E-3
3.995982778E1,-3.970623948E-3,-8.397106528E-1,-2.435825206E-2
3.996182865E1,-1.435533352E-2,-8.507062197E-1,-4.390593991E-2
3.996382955E1,-2.046398632E-2,-8.543714285E-1,-5.062545836E-2
3.996582951E1,-1.740965992E-2,-8.629235029E-1,-5.734497309E-2
3.996782948E1,-3.329215571E-2,-8.568148613E-1,-7.383833826E-2
3.996982944E1,-3.268129006E-2,-8.586474657E-1,-9.094256163E-2
3.997182941E1,-3.084869497E-2,-8.659778237E-1,-1.330922693E-1
3.997382938E1,-2.168571576E-2,-8.714756370E-1,-1.752419621E-1
3.997582934E1,-2.962696366E-2,-8.733082414E-1,-1.935679317E-1
3.997782931E1,-3.207042441E-2,-8.720865250E-1,-2.289981097E-1
3.997982928E1,-4.367686436E-2,-8.671995997E-1,-2.632065713E-1
3.998182841E1,-6.750060618E-2,-8.348237276E-1,-3.120757937E-1
3.998382754E1,-6.750060618E-2,-8.348237276E-1,-3.120757937E-1
3.998582757E1,-8.338310570E-2,-8.085564971E-1,-3.450624943E-1
3.998782761E1,-8.827003092E-2,-7.938957214E-1,-3.603341281E-1
3.998982764E1,-1.120937690E-1,-7.670176625E-1,-3.920991421E-1
3.999182767E1,-1.340849251E-1,-7.376961708E-1,-4.256967306E-1
3.999382771E1,-1.481348276E-1,-7.242571115E-1,-4.415792227E-1
3.999582771E1,-1.737911552E-1,-6.973790526E-1,-4.782311320E-1
3.999782771E1,-1.988366395E-1,-6.686683893E-1,-5.154939294E-1
3.999982767E1,-2.128865421E-1,-6.527858973E-1,-5.368741751E-1
4.000182851E1,-2.354885489E-1,-6.185774207E-1,-5.814673305E-1
4.000382937E1,-2.611449063E-1,-5.862015486E-1,-6.254496574E-1
4.000582934E1,-2.764165103E-1,-5.642104149E-1,-6.486625075E-1
4.000782930E1,-2.977968156E-1,-5.226715803E-1,-6.993643641E-1
4.000982927E1,-3.234531581E-1,-4.738023579E-1,-7.470118403E-1
4.001182927E1,-3.375030458E-1,-4.493677318E-1,-7.690029740E-1
4.001382927E1,-3.619376719E-1,-4.023311138E-1,-8.190939426E-1
4.001582927E1,-3.949243724E-1,-3.620140254E-1,-8.673523068E-1
4.001782927E1,-4.108068645E-1,-3.388011456E-1,-8.899543285E-1
4.001982927E1,-4.444044530E-1,-2.997057736E-1,-9.357692003E-1
4.002182840E1,-4.902193546E-1,-2.490039468E-1,-1.004796982E0
4.002382847E1,-4.902193546E-1,-2.490039468E-1,-1.004796982E0
4.002582847E1,-5.244278312E-1,-2.257910669E-1,-1.047557592E0
4.002782847E1,-5.537493229E-1,-2.086868435E-1,-1.093372464E0
4.002982850E1,-5.720753074E-1,-2.025781870E-1,-1.115974426E0
4.003182853E1,-6.038402915E-1,-1.909717470E-1,-1.167287111E0
4.003382857E1,-6.404922009E-1,-1.836413592E-1,-1.220432401E0
4.003582860E1,-6.551529765E-1,-1.775327176E-1,-1.252808213E0
4.003782863E1,-6.905831695E-1,-1.622610837E-1,-1.314505696E0
4.003982867E1,-7.266241908E-1,-1.457677186E-1,-1.381089926E0
4.004182957E1,-7.406741381E-1,-1.378264725E-1,-1.415909290E0
4.004383047E1,-7.803803682E-1,-1.103375331E-1,-1.481271863E0
4.004583043E1,-8.115344644E-1,-7.673994452E-2,-1.547856212E0
4.004783040E1,-8.347473741E-1,-5.902485549E-2,-1.583897233E0
4.004983036E1,-8.732318878E-1,-2.542726509E-2,-1.649870634E0
4.005183033E1,-9.196576476E-1,1.450804994E-3,-1.712178946E0
4.005383030E1,-9.422596693E-1,6.337726954E-3,-1.745165706E0
4.005583026E1,-9.990701079E-1,1.427897532E-2,-1.800143480E0
4.005783023E1,-1.057713151E0,1.305724494E-2,-1.848401904E0
4.005983023E1,-1.087645531E0,1.244637929E-2,-1.872836471E0
4.006182939E1,-1.196379542E0,2.710714564E-2,-1.943696856E0
4.006382853E1,-1.196379542E0,2.710714564E-2,-1.943696856E0
4.006582856E1,-1.228144526E0,3.138320148E-2,-1.954692483E0
4.006782859E1,-1.275181174E0,2.832887508E-2,-1.964466214E0
4.006982863E1,-1.323439598E0,1.427897532E-2,-1.956524968E0
4.007182866E1,-1.374141335E0,-1.870774850E-2,-1.925981760E0
4.007382869E1,-1.401630282E0,-4.192062840E-2,-1.903990626E0
4.007582872E1,-1.455386400E0,-9.567677230E-2,-1.839238882E0
4.007782872E1,-1.509753466E0,-1.647045463E-1,-1.751274347E0
4.007982873E1,-1.542129278E0,-2.019673288E-1,-1.701183319E0
4.008182959E1,-1.597107172E0,-2.856558561E-1,-1.579621196E0
4.008382952E1,-1.662469745E0,-3.772856593E-1,-1.442787409E0
4.008582952E1,-1.697899938E0,-4.237114191E-1,-1.366429210E0
4.008782976E1,-1.776090741E0,-5.208389759E-1,-1.205771685E0
4.008982972E1,-1.851227164E0,-6.167448163E-1,-1.047557592E0
4.009182969E1,-1.895820260E0,-6.625596881E-1,-9.644798636E-1
4.009382966E1,-1.983173966E0,-7.444156408E-1,-8.080983758E-1
4.009582962E1,-2.072360277E0,-8.116108179E-1,-6.590472460E-1
4.009782959E1,-2.124283791E0,-8.427649736E-1,-5.863542557E-1
4.009982955E1,-2.229963541E0,-9.099601507E-1,-4.519639313E-1
4.010182865E1,-2.397951603E0,-1.006476879E0,-2.790890634E-1
4.010382805E1,-2.397951603E0,-1.006476879E0,-2.790890634E-1
4.010582805E1,-2.501798630E0,-1.062065601E0,-1.807397604E-1
4.010782809E1,-2.601369619E0,-1.101161003E0,-9.766208380E-2
4.010982812E1,-2.644130230E0,-1.104215264E0,-5.734497309E-2
4.011182815E1,-2.723542690E0,-1.096884847E0,1.229366288E-2
4.011382795E1,-2.787072659E0,-1.050459146E0,6.666067243E-2
4.011582798E1,-2.809674740E0,-1.015639782E0,8.987355232E-2
4.011782802E1,-2.849991798E0,-9.172905087E-1,1.259146035E-1
4.011982805E1,-2.867706776E0,-7.780132294E-1,1.509600729E-1
4.012182892E1,-2.875037193E0,-6.967681646E-1,1.613447815E-1
4.012382978E1,-2.869539499E0,-5.061782002E-1,1.784490049E-1
4.012582975E1,-2.854878664E0,-2.917645276E-1,1.931097806E-1
4.012782972E1,-2.846326590E0,-1.738675237E-1,2.010510266E-1
4.012982968E1,-2.817005157E0,7.047858089E-2,2.108248621E-1
4.013182965E1,-2.777909756E0,3.166572750E-1,2.273182273E-1
4.013382961E1,-2.762638092E0,4.382194579E-1,2.346486151E-1
4.013582958E1,-2.729651451E0,6.648504734E-1,2.535854280E-1
4.013782958E1,-2.693610191E0,8.646034002E-1,2.804635167E-1
4.013982961E1,-2.672840834E0,9.562332034E-1,2.945134044E-1
4.014182878E1,-2.626415014E0,1.167592525E0,3.433826268E-1
4.014382791E1,-2.608700037E0,1.223792195E0,3.623194396E-1
4.014582794E1,-2.594650030E0,1.270217896E0,3.843106031E-1
4.014782774E1,-2.563496113E0,1.345354319E0,4.325689375E-1
4.014982778E1,-2.537839651E0,1.399721384E0,4.851033688E-1
4.015182781E1,-2.526233196E0,1.423545122E0,5.150357485E-1
4.015382784E1,-2.510961533E0,1.458364367E0,5.742896795E-1
4.015582784E1,-2.496911764E0,1.500514150E0,6.323218942E-1
4.015782784E1,-2.488970518E0,1.532889962E0,6.622542739E-1
4.015982784E1,-2.464535713E0,1.608637214E0,7.172321677E-1
4.016182871E1,-2.440101147E0,1.700267076E0,7.691556811E-1
4.016382928E1,-2.422386169E0,1.747914553E0,7.917577028E-1
4.016582928E1,-2.388177633E0,1.859702826E0,8.455138803E-1
4.016782924E1,-2.347249746E0,1.983097672E0,8.864418268E-1
4.016982921E1,-2.328312874E0,2.044184208E0,9.102655649E-1
4.017182917E1,-2.296547890E0,2.156583309E0,9.432523251E-1
4.017382937E1,-2.272724152E0,2.254932642E0,9.695194960E-1
4.017582934E1,-2.262339354E0,2.303190947E0,9.768499136E-1
4.017782930E1,-2.245235205E0,2.407649040E0,1.001284480E0
4.017982927E1,-2.223855019E0,2.521880865E0,1.022053957E0
4.018182837E1,-2.171931267E0,2.714303255E0,1.048321128E0
4.018382747E1,-2.171931267E0,2.714303255E0,1.048321128E0
4.018582750E1,-2.130392551E0,2.847471952E0,1.058094978E0
4.018782754E1,-2.104125261E0,2.907336712E0,1.061149240E0
4.018982757E1,-2.057699680E0,3.009962082E0,1.056262374E0
4.019182760E1,-2.012495518E0,3.090596437E0,1.042212486E0
4.019382764E1,-1.963626385E0,3.161456823E0,1.022664785E0
4.019582767E1,-1.937970042E0,3.189556599E0,1.008614898E0
4.019782770E1,-1.884213805E0,3.228652000E0,9.835693836E-1
4.019982770E1,-1.823127270E0,3.240258217E0,9.548587203E-1
4.020182854E1,-1.796860099E0,3.237814903E0,9.389762282E-1
4.020382940E1,-1.729664922E0,3.217656374E0,9.072112441E-1
4.020582937E1,-1.655750275E0,3.178560972E0,8.778896928E-1
4.020782933E1,-1.611768007E0,3.148628473E0,8.607854843E-1
4.020982930E1,-1.526246786E0,3.067383528E0,8.241335750E-1
4.021182927E1,-1.440114856E0,2.938490868E0,7.770969272E-1
4.021382923E1,-1.405295491E0,2.854802370E0,7.477754354E-1
4.021582923E1,-1.320996046E0,2.658714533E0,6.946301460E-1
4.021782926E1,-1.233642340E0,2.443690062E0,6.188828349E-1
4.021982930E1,-1.189660072E0,2.330069065E0,5.718462467E-1
4.022182846E1,-1.048550248E0,1.975767255E0,4.087451994E-1
4.022382770E1,-9.966266751E-1,1.862146378E0,3.464369476E-1
4.022582773E1,-9.465357065E-1,1.746081948E0,2.847395539E-1
4.022782776E1,-8.536841869E-1,1.510898829E0,1.540143937E-1
4.022982780E1,-7.779368758E-1,1.259833217E0,1.534798928E-2
4.023182783E1,-7.412849665E-1,1.140714526E0,-5.673411116E-2
4.023382783E1,-6.856962442E-1,9.085856676E-1,-2.180025280E-1
4.023582783E1,-6.356052756E-1,7.155522704E-1,-3.798818290E-1
4.023782783E1,-6.062837839E-1,6.361398101E-1,-4.599051774E-1
4.023982783E1,-5.366451144E-1,4.968625307E-1,-6.071236730E-1
4.024182869E1,-4.566217661E-1,3.862959146E-1,-7.335727811E-1
4.024382959E1,-4.132503271E-1,3.447570801E-1,-7.873289585E-1
4.024582956E1,-3.161227703E-1,2.781727612E-1,-8.728500605E-1
4.024782953E1,-2.232712507E-1,2.140319049E-1,-9.388235211E-1
4.024982949E1,-1.719585657E-1,1.847103834E-1,-9.644798636E-1
4.025182946E1,-6.566801667E-2,1.089630872E-1,-1.002964377E0
4.025382942E1,3.756821156E-2,3.565925732E-2,-1.029231548E0
4.025582939E1,8.093964309E-2,-2.825251780E-3,-1.039005399E0
4.025782936E1,1.853975952E-1,-7.551821321E-2,-1.051222682E0
4.025982932E1,2.886338234E-1,-1.366047412E-1,-1.057331324E0
4.026182846E1,4.370740950E-1,-2.007455975E-1,-1.068326950E0
4.026382759E1,4.370740950E-1,-2.007455975E-1,-1.068326950E0
4.026582762E1,5.348125100E-1,-2.233476043E-1,-1.080544233E0
4.026782765E1,5.794056654E-1,-2.239584774E-1,-1.088485479E0
4.026982769E1,6.606507897E-1,-2.172389477E-1,-1.103146315E0
4.027182772E1,7.266241908E-1,-2.001347244E-1,-1.120861411E0
4.027382775E1,7.565566301E-1,-1.885282844E-1,-1.128191710E0
4.027582779E1,8.127561808E-1,-1.537089646E-1,-1.150793791E0
4.027782779E1,8.536841869E-1,-1.048397496E-1,-1.166676283E0
4.027982775E1,8.646797538E-1,-8.040513843E-2,-1.173395753E0
4.028182858E1,8.842274547E-1,-1.198823005E-2,-1.182558775E0
4.028382935E1,8.958339095E-1,5.887213722E-2,-1.188667417E0
4.028582932E1,8.933904171E-1,9.246972948E-2,-1.188056588E0
4.028782928E1,8.787296414E-1,1.645518243E-1,-1.186834812E0
4.028982925E1,8.414669037E-1,2.311361432E-1,-1.180726171E0
4.029182922E1,8.188648820E-1,2.616794109E-1,-1.170952320E0
4.029382922E1,7.596109509E-1,3.215442002E-1,-1.151404619E0
4.029582922E1,6.887505651E-1,3.759112060E-1,-1.123915672E0
4.029782922E1,6.435465217E-1,4.046218693E-1,-1.106811523E0
4.029982922E1,5.561928153E-1,4.571562707E-1,-1.065272689E0
4.030182835E1,4.016439021E-1,5.176319480E-1,-9.950231314E-1
4.030382745E1,4.016439021E-1,5.176319480E-1,-9.950231314E-1
4.030582745E1,2.898555696E-1,5.426774025E-1,-9.430995584E-1
4.030782745E1,1.652390510E-1,5.658903122E-1,-8.868999481E-1
4.030982745E1,1.041525230E-1,5.738315582E-1,-8.588001728E-1
4.031182748E1,-2.290744707E-2,5.952118039E-1,-7.903832793E-1
4.031382751E1,-1.463022232E-1,6.165921092E-1,-7.115816474E-1
4.031582755E1,-2.587014437E-1,6.538549066E-1,-6.236170530E-1
4.031782758E1,-3.173444867E-1,6.770677567E-1,-5.759695768E-1
4.031982761E1,-4.358523488E-1,7.338782549E-1,-4.818963110E-1
4.032182851E1,-5.464189649E-1,7.955756187E-1,-3.878230751E-1
4.032382941E1,-6.038402915E-1,8.273406029E-1,-3.413973153E-1
4.032582941E1,-7.064656615E-1,9.018661976E-1,-2.473240644E-1
4.032782938E1,-8.011497855E-1,9.806677699E-1,-1.550834179E-1
4.032982934E1,-8.500189781E-1,1.018541455E0,-1.092685238E-1
4.033182931E1,-9.288206100E-1,1.093677878E0,-2.313652076E-2
4.033382928E1,-1.005178809E0,1.169425130E0,6.116288155E-2
4.033582924E1,-1.036943793E0,1.207909703E0,1.020908505E-1
4.033782921E1,-1.090699911E0,1.281824350E0,1.802816093E-1
4.033982921E1,-1.133460522E0,1.345354319E0,2.523637116E-1
4.034182834E1,-1.172555804E0,1.434540629E0,3.549890518E-1
4.034382791E1,-1.172555804E0,1.434540629E0,3.549890518E-1
4.034582794E1,-1.182940602E0,1.474857807E0,4.172973335E-1
4.034782797E1,-1.183551431E0,1.490740299E0,4.453971088E-1
4.034982801E1,-1.174999356E0,1.510898829E0,5.064836740E-1
4.035182804E1,-1.154840708E0,1.510898829E0,5.608506799E-1
4.035382807E1,-1.141401768E0,1.505401015E0,5.865070224E-1
4.035582811E1,-1.105971575E0,1.484020710E0,6.323218942E-1
4.035782811E1,-1.050993681E0,1.449812293E0,6.708064079E-1
4.035982811E1,-1.018617749E0,1.430264592E0,6.885215044E-1
4.036182897E1,-9.440922141E-1,1.382617116E0,7.135669589E-1
4.036382987E1,-8.542950749E-1,1.331304431E0,7.392233014E-1
4.036582987E1,-7.987062931E-1,1.301982880E0,7.508297563E-1
4.036782987E1,-6.850853562E-1,1.240285516E0,7.715991735E-1
4.036982987E1,-5.531384945E-1,1.175533772E0,7.911468744E-1
4.037182984E1,-4.834998548E-1,1.143157959E0,7.996989489E-1
4.037382980E1,-3.313944042E-1,1.069854140E0,8.131380081E-1
4.037582977E1,-1.731802970E-1,9.996046424E-1,8.235226870E-1
4.037782974E1,-8.460483700E-2,9.727265239E-1,8.284096122E-1
4.037982970E1,7.727445662E-2,9.342420101E-1,8.339074254E-1
4.038182880E1,3.112358451E-1,9.036987424E-1,8.394051790E-1
4.038382787E1,3.112358451E-1,9.036987424E-1,8.394051790E-1
4.038582783E1,4.572326243E-1,8.865945339E-1,8.381834626E-1
4.038782783E1,5.922338367E-1,8.688794374E-1,8.369617462E-1
4.038982787E1,6.502660513E-1,8.566621542E-1,8.400160670E-1
4.039182790E1,7.608326674E-1,8.340601325E-1,8.473464251E-1
4.039382793E1,8.604037166E-1,8.053494692E-1,8.595637679E-1
4.039582797E1,9.056077003E-1,7.949647307E-1,8.675050139E-1
4.039782800E1,9.831876159E-1,7.662540674E-1,8.852201104E-1
4.039982803E1,1.055880547E0,7.430412173E-1,9.066003561E-1
4.040182893E1,1.088256478E0,7.332673669E-1,9.163742065E-1
4.040382940E1,1.154229879E0,7.149413824E-1,9.377545118E-1
4.040582936E1,1.210429430E0,6.984480619E-1,9.634108543E-1
4.040782933E1,1.236085773E0,6.911176443E-1,9.744064212E-1
4.040982930E1,1.280678988E0,6.770677567E-1,9.982301593E-1
4.041182926E1,1.320385218E0,6.630178690E-1,1.021443009E0
4.041382923E1,1.341154695E0,6.593526602E-1,1.032438636E0
4.041582919E1,1.373530507E0,6.520223022E-1,1.059927583E0
4.041782919E1,1.402852058E0,6.489679813E-1,1.083140492E0
4.041982919E1,1.420567155E0,6.489679813E-1,1.097190380E0
4.042182836E1,1.466382027E0,6.514114141E-1,1.133231401E0
4.042382749E1,1.466382027E0,6.483570933E-1,1.144226909E0
4.042582753E1,1.473712444E0,6.526331306E-1,1.158887744E0
4.042782756E1,1.485929728E0,6.483570933E-1,1.188820124E0
4.042982759E1,1.496314406E0,6.465244889E-1,1.218752503E0
4.043182763E1,1.506088257E0,6.410267353E-1,1.246852279E0
4.043382766E1,1.507920861E0,6.410267353E-1,1.260902166E0
4.043582766E1,1.510364294E0,6.398049593E-1,1.289612889E0
4.043782766E1,1.513418674E0,6.453027725E-1,1.324432254E0
4.043982766E1,1.514640331E0,6.471353769E-1,1.339703798E0
4.044182852E1,1.514640331E0,6.562983394E-1,1.375744939E0
4.044382942E1,1.510975242E0,6.630178690E-1,1.411175132E0
4.044582942E1,1.510364294E0,6.660721898E-1,1.428890109E0
4.044782942E1,1.499979615E0,6.721808314E-1,1.467374682E0
4.044982939E1,1.493260145E0,6.868416071E-1,1.499750495E0
4.045182936E1,1.490205765E0,6.953937411E-1,1.518076539E0
4.045382932E1,1.481653690E0,7.204391956E-1,1.554117560E0
4.045582929E1,1.466992855E0,7.454846501E-1,1.586493373E0
4.045782925E1,1.464549422E0,7.625889182E-1,1.604819298E0
4.045982922E1,1.448056102E0,7.937430143E-1,1.635362625E0
4.046182832E1,1.419956207E0,8.450556993E-1,1.667127609E0
4.046382739E1,1.419956207E0,8.450556993E-1,1.667127609E0
4.046582739E1,1.392467380E0,8.853728175E-1,1.688507915E0
4.046782742E1,1.358869791E0,9.232464433E-1,1.701946974E0
4.046982745E1,1.341765523E0,9.427941442E-1,1.705001235E0
4.047182749E1,1.299615860E0,9.782243371E-1,1.705001235E0
4.047382752E1,1.247081399E0,1.016708851E0,1.698892593E0
4.047582755E1,1.213483810E0,1.036256552E0,1.692173123E0
4.047782758E1,1.135293007E0,1.071686745E0,1.670181990E0
4.047982762E1,1.057102323E0,1.111392975E0,1.636584401E0
4.048182848E1,1.009454846E0,1.130940676E0,1.613371491E0
4.048382935E1,9.153815508E-1,1.173090339E0,1.555950165E0
4.048582932E1,8.090910316E-1,1.209742308E0,1.481424570E0
4.048782928E1,7.547240257E-1,1.223181248E0,1.438053131E0
4.048982925E1,6.356052756E-1,1.232955098E0,1.339703798E0
4.049182921E1,5.030475259E-1,1.221959591E0,1.226082921E0
4.049382918E1,4.327980280E-1,1.201801062E0,1.164996386E0
4.049582918E1,2.855795026E-1,1.141936183E0,1.033660412E0
4.049782918E1,1.395827085E-1,1.063134551E0,8.772788644E-1
4.049982918E1,6.444628537E-2,1.019152284E0,7.942011952E-1
4.050182831E1,-1.383609772E-1,8.639925122E-1,5.303074121E-1
4.050382741E1,-2.031126916E-1,8.059603572E-1,4.423427880E-1
4.050582741E1,-2.660318017E-1,7.405977249E-1,3.531564772E-1
4.050782741E1,-3.845396638E-1,5.958226919E-1,1.711186320E-1
4.050982741E1,-5.036584139E-1,4.217261076E-1,-1.458440814E-2
4.051182741E1,-5.580254197E-1,3.258202374E-1,-1.025490016E-1
4.051382745E1,-6.551529765E-1,1.224021241E-1,-2.760347426E-1
4.051582748E1,-7.473936081E-1,-1.042288840E-1,-4.379140139E-1
4.051782751E1,-7.864890099E-1,-2.233476043E-1,-5.118287206E-1
4.051982754E1,-8.689557910E-1,-4.701371789E-1,-6.559929252E-1
4.052182844E1,-9.404270649E-1,-7.126506567E-1,-7.909941077E-1
4.052382938E1,-9.789115787E-1,-8.244389892E-1,-8.520806432E-1
4.052582941E1,-1.044274092E0,-1.011974692E0,-9.675341845E-1
4.052782941E1,-1.105971575E0,-1.154306293E0,-1.056720495E0
4.052982938E1,-1.124908328E0,-1.211727619E0,-1.089707255E0
4.053182934E1,-1.166447163E0,-1.307633400E0,-1.134300351E0
4.053382931E1,-1.182940602E0,-1.387045860E0,-1.150182843E0
4.053582927E1,-1.190270901E0,-1.421865225E0,-1.151404619E0
4.053782924E1,-1.189049244E0,-1.468290925E0,-1.137354732E0
4.053982921E1,-1.173777580E0,-1.488449574E0,-1.115363598E0
4.054182831E1,-1.129795313E0,-1.440802097E0,-1.078100801E0
4.054382741E1,-1.129795313E0,-1.440802097E0,-1.078100801E0
4.054582744E1,-1.091921568E0,-1.363833070E0,-1.053055286E0
4.054782747E1,-1.076039076E0,-1.311909437E0,-1.039005399E0
4.054982750E1,-1.033889413E0,-1.192179918E0,-1.007851243E0
4.055182754E1,-1.000902653E0,-1.058400393E0,-9.705885053E-1
4.055382757E1,-9.654725194E-1,-9.062949419E-1,-9.253844619E-1
4.055582760E1,-9.447031021E-1,-8.238281608E-1,-8.991172910E-1
4.055782764E1,-8.994990587E-1,-6.369034052E-1,-8.484154940E-1
4.055982767E1,-8.457429409E-1,-4.395939112E-1,-7.879397869E-1
4.056182854E1,-8.194757104E-1,-3.400228620E-1,-7.573965192E-1
4.056382944E1,-7.620543838E-1,-1.445459872E-1,-6.853144765E-1
4.056582944E1,-7.089090943E-1,4.604396969E-2,-6.059019566E-1
4.056782944E1,-6.783658266E-1,1.401172131E-1,-5.613088012E-1
4.056982944E1,-6.264423132E-1,3.148246706E-1,-4.727333486E-1
4.057182944E1,-5.714644194E-1,4.822017550E-1,-3.811035454E-1
4.057382940E1,-5.500841737E-1,5.573381782E-1,-3.352886736E-1
4.057582937E1,-4.987714589E-1,7.008914948E-1,-2.369393557E-1
4.057782933E1,-4.547891617E-1,8.236754537E-1,-1.404226422E-1
4.057982930E1,-4.315762818E-1,8.774315715E-1,-8.788824081E-2
4.058182840E1,-3.796527386E-1,1.008156776E0,6.910412759E-2
4.058382787E1,-3.668245673E-1,1.045419455E0,1.185842156E-1
4.058582783E1,-3.552181423E-1,1.079017043E0,1.680642962E-1
4.058782780E1,-3.301726580E-1,1.138881922E0,2.670244575E-1
4.058982780E1,-3.100140989E-1,1.185307622E0,3.604868650E-1
4.059182780E1,-2.977968156E-1,1.204244494E0,4.044691622E-1
4.059382783E1,-2.782491148E-1,1.237231255E0,4.844925106E-1
4.059582786E1,-2.495384514E-1,1.262276649E0,5.468007326E-1
4.059782790E1,-2.354885489E-1,1.271439672E0,5.718462467E-1
4.059982793E1,-2.067778856E-1,1.281824350E0,6.023895144E-1
4.060182883E1,-1.744020283E-1,1.278770089E0,6.188828349E-1
4.060382976E1,-1.572978050E-1,1.273272276E0,6.243806481E-1
4.060582976E1,-1.224784851E-1,1.264720082E0,6.274349689E-1
4.060782973E1,-1.004873365E-1,1.251891971E0,6.311001778E-1
4.060982970E1,-8.338310570E-2,1.242728949E0,6.335436106E-1
4.061182966E1,-5.161811411E-2,1.214629173E0,6.353762150E-1
4.061382963E1,-1.007927675E-2,1.176144719E0,6.427065730E-1
4.061582959E1,1.252273750E-2,1.150488377E0,6.457608938E-1
4.061782956E1,5.772676691E-2,1.092456102E0,6.500369906E-1
4.061982952E1,1.047633886E-1,1.018541455E0,6.518695951E-1
4.062182866E1,1.823432744E-1,8.841511011E-1,6.457608938E-1
4.062382776E1,1.823432744E-1,8.841511011E-1,6.457608938E-1
4.062582776E1,2.470949888E-1,7.870234847E-1,6.311001778E-1
4.062782776E1,2.800817192E-1,7.436521053E-1,6.249914765E-1
4.062982776E1,3.454442918E-1,6.495788097E-1,6.017786264E-1
4.063182776E1,4.175263941E-1,5.726097822E-1,5.755113959E-1
4.063382776E1,4.535674453E-1,5.353470445E-1,5.596289039E-1
4.063582776E1,5.207626224E-1,4.663192630E-1,5.187009573E-1
4.063782776E1,5.897904038E-1,3.985132277E-1,4.796055853E-1
4.063982779E1,6.239988208E-1,3.667482138E-1,4.539492428E-1
4.064182869E1,6.777549982E-1,2.977204621E-1,4.008039534E-1
4.064382922E1,7.272350788E-1,2.250274867E-1,3.421608806E-1
4.064582926E1,7.541131377E-1,1.859321147E-1,3.091741800E-1
4.064782929E1,7.809911966E-1,1.046870351E-1,2.364812046E-1
4.064982932E1,8.042041063E-1,1.366810966E-2,1.564578563E-1
4.065182936E1,8.103127480E-1,-3.275764734E-2,1.112538353E-1
4.065382936E1,8.219192028E-1,-1.268308908E-1,2.145664208E-2
4.065582932E1,8.280278444E-1,-2.257910669E-1,-8.666650951E-2
4.065782929E1,8.280278444E-1,-2.758820057E-1,-1.453095675E-1
4.065982925E1,8.231409192E-1,-3.791182339E-1,-2.748129964E-1
4.066182835E1,8.316930532E-1,-5.251150131E-1,-4.843397737E-1
4.066382742E1,8.316930532E-1,-5.251150131E-1,-4.843397737E-1
4.066582739E1,8.451320529E-1,-6.118578911E-1,-6.230061650E-1
4.066782739E1,8.640688658E-1,-6.869943142E-1,-7.543421984E-1
4.066982739E1,8.952230215E-1,-7.205919027E-1,-8.154287338E-1
4.067182742E1,9.098837972E-1,-7.645742297E-1,-9.174432158E-1
4.067382745E1,9.563095570E-1,-7.920631766E-1,-1.000520945E0
4.067582748E1,1.002124429E0,-8.134434223E-1,-1.050611854E0
4.067782752E1,1.024726391E0,-8.238281608E-1,-1.067105174E0
4.067982755E1,1.066876173E0,-8.464301825E-1,-1.090318084E0
4.068182845E1,1.106582403E0,-8.794168830E-1,-1.095205069E0
4.068382938E1,1.118188858E0,-8.977428079E-1,-1.095205069E0
4.068582938E1,1.137736559E0,-9.417251348E-1,-1.088485479E0
4.068782938E1,1.158505917E0,-9.802096486E-1,-1.073824763E0
4.068982938E1,1.168890595E0,-9.985355735E-1,-1.065883517E0
4.069182938E1,1.185384035E0,-1.030911446E0,-1.040838003E0
4.069382938E1,1.196379542E0,-1.060232997E0,-1.006018758E0
4.069582938E1,1.194546938E0,-1.077337265E0,-9.876927137E-1
4.069782938E1,1.196379542E0,-1.101771832E0,-9.449321628E-1
4.069982935E1,1.185384035E0,-1.120708704E0,-8.966737986E-1
4.070182845E1,1.157284260E0,-1.125595570E0,-8.209265471E-1
4.070382755E1,1.157284260E0,-1.125595570E0,-8.209265471E-1
4.070582752E1,1.119410515E0,-1.135980248E0,-7.683921456E-1
4.070782748E1,1.093143344E0,-1.139034629E0,-7.415140271E-1
4.070982745E1,1.031445980E0,-1.143921494E0,-6.828709841E-1
4.071182741E1,9.636399150E-1,-1.134758592E0,-6.187301278E-1
4.071382738E1,9.306532145E-1,-1.123762965E0,-5.814673305E-1
4.071582738E1,8.652906418E-1,-1.077337265E0,-5.112178326E-1
4.071782741E1,8.066475391E-1,-1.000979066E0,-4.403574765E-1
4.071982745E1,7.761042714E-1,-9.533315897E-1,-4.043164253E-1
4.072182835E1,7.315111160E-1,-8.476518989E-1,-3.365103900E-1
4.072382928E1,6.985244155E-1,-7.138723731E-1,-2.790890634E-1
4.072582931E1,6.759223938E-1,-6.564510465E-1,-2.534327209E-1
4.072782934E1,6.172793508E-1,-5.538256764E-1,-2.027309090E-1
4.072982938E1,5.476406813E-1,-4.609741867E-1,-1.446987092E-1
4.073182938E1,5.085453391E-1,-4.194353521E-1,-1.098793894E-1
4.073382934E1,4.218024611E-1,-3.430771828E-1,-4.146247730E-2
4.073582931E1,3.423899710E-1,-2.703842223E-1,3.245221451E-2
4.073782928E1,2.984076738E-1,-2.349540442E-1,6.971499324E-2
4.073982924E1,2.275473028E-1,-1.592067480E-1,1.442405581E-1
4.074182834E1,1.206458881E-1,-5.230533704E-2,2.529745698E-1
4.074382741E1,1.206458881E-1,-5.230533704E-2,2.529745698E-1
4.074582741E1,6.078109145E-2,2.832887508E-2,3.220023513E-1
4.074782741E1,2.748893574E-3,1.162934676E-1,3.953061700E-1
4.074982744E1,-1.985312067E-2,1.596648991E-1,4.307363629E-1
4.075182747E1,-7.055493444E-2,2.427425832E-1,5.040401816E-1
4.075382751E1,-1.139263660E-1,3.307071626E-1,5.687919259E-1
4.075582754E1,-1.334740520E-1,3.728568852E-1,6.030003428E-1
4.075782757E1,-1.737911552E-1,4.400520623E-1,6.714172363E-1
4.075982761E1,-2.061670274E-1,4.956407845E-1,7.306711674E-1
4.076182851E1,-2.263255715E-1,5.194645524E-1,7.575492859E-1
4.076382937E1,-2.568688393E-1,5.665011406E-1,8.064184785E-1
4.076582937E1,-2.849686444E-1,5.982661247E-1,8.400160670E-1
4.076782937E1,-2.947424948E-1,6.104834676E-1,8.546768427E-1
4.076982937E1,-3.130684495E-1,6.196464300E-1,8.717810512E-1
4.077182937E1,-3.313944042E-1,6.184247136E-1,8.864418268E-1
4.077382937E1,-3.393356502E-1,6.165921092E-1,8.888853192E-1
4.077582937E1,-3.466660380E-1,6.123160720E-1,8.962156773E-1
4.077782934E1,-3.472768962E-1,6.117051840E-1,8.943830729E-1
4.077982930E1,-3.448334336E-1,6.123160720E-1,8.980482817E-1
4.078182840E1,-3.240640163E-1,6.123160720E-1,8.974373937E-1
4.078382747E1,-3.155119121E-1,6.165921092E-1,8.919396400E-1
4.078582744E1,-3.020728528E-1,6.202573180E-1,8.882744312E-1
4.078782740E1,-2.788599730E-1,6.269767880E-1,8.797222972E-1
4.078982737E1,-2.470949888E-1,6.281985641E-1,8.656724095E-1
4.079182733E1,-2.196060568E-1,6.165921092E-1,8.485682011E-1
4.079382733E1,-2.037235647E-1,6.055965424E-1,8.357400298E-1
4.079582737E1,-1.689042449E-1,5.719989538E-1,8.149706125E-1
4.079782740E1,-1.414152980E-1,5.267949104E-1,7.880925536E-1
4.079982743E1,-1.212567538E-1,4.938081801E-1,7.734317780E-1
4.080182833E1,-9.132435173E-2,4.229478240E-1,7.471645474E-1
4.080382927E1,-5.528330430E-2,3.502548635E-1,7.141778469E-1
4.080582930E1,-3.512475267E-2,3.142138124E-1,7.031822801E-1
4.080782933E1,6.414085161E-3,2.427425832E-1,6.738607287E-1
4.080982933E1,3.878994286E-2,1.633300930E-1,6.494261026E-1
4.081182930E1,5.467243865E-2,1.236238554E-1,6.335436106E-1
4.081382926E1,8.704829961E-2,4.787656292E-2,6.060546637E-1
4.081582923E1,1.224784851E-1,-2.603813075E-2,5.706244707E-1
4.081782920E1,1.426370293E-1,-6.085744873E-2,5.565745831E-1
4.081982916E1,1.744020283E-1,-1.243874356E-1,5.248095989E-1
4.082182826E1,2.299907655E-1,-2.080759704E-1,4.789946973E-1
4.082382743E1,2.299907655E-1,-2.080759704E-1,4.789946973E-1
4.082582743E1,2.660318017E-1,-2.593886554E-1,4.496731758E-1
4.082782743E1,3.051272035E-1,-3.131448030E-1,4.172973335E-1
4.082982743E1,3.252857327E-1,-3.400228620E-1,4.032474160E-1
4.083182743E1,3.588833213E-1,-4.017202556E-1,3.714824319E-1
4.083382743E1,3.875939846E-1,-4.670828283E-1,3.391065598E-1
4.083582743E1,4.059199691E-1,-4.988478422E-1,3.213914633E-1
4.083782743E1,4.321871698E-1,-5.629886985E-1,2.932916880E-1
4.083982743E1,4.584543705E-1,-6.314055920E-1,2.603049576E-1
4.084182829E1,4.682282209E-1,-6.668357849E-1,2.432007194E-1
4.084382923E1,4.847215712E-1,-7.450265288E-1,2.144900560E-1
4.084582926E1,4.969388843E-1,-8.195520639E-1,1.931097806E-1
4.084782929E1,5.024366379E-1,-8.574257493E-1,1.833359301E-1
4.084982933E1,4.969388843E-1,-9.313403964E-1,1.680642962E-1
4.085182936E1,4.993823469E-1,-9.973138571E-1,1.534035355E-1
4.085382939E1,4.999932051E-1,-1.027246237E0,1.466840208E-1
4.085582939E1,4.987714589E-1,-1.075504661E0,1.320232451E-1
4.085782936E1,4.993823469E-1,-1.119486928E0,1.271363348E-1
4.085982932E1,4.951062799E-1,-1.140256286E0,1.246928647E-1
4.086182842E1,4.859432876E-1,-1.196455956E0,1.222494096E-1
4.086382749E1,4.822781086E-1,-1.211727619E0,1.216385439E-1
4.086582746E1,4.810563922E-1,-1.228220940E0,1.179733500E-1
4.086782742E1,4.718934000E-1,-1.255099058E0,1.136972904E-1
4.086982739E1,4.663956165E-1,-1.270370603E0,1.143081561E-1
4.087182739E1,4.657847583E-1,-1.284420490E0,1.143081561E-1
4.087382742E1,4.547891617E-1,-1.302135587E0,1.185842156E-1
4.087582745E1,4.480696619E-1,-1.316185474E0,1.240820065E-1
4.087782749E1,4.474588037E-1,-1.322905064E0,1.259146035E-1
4.087982752E1,4.382958114E-1,-1.335122347E0,1.277471930E-1
4.088182842E1,4.352414906E-1,-1.338787556E0,1.332449764E-1
4.088382929E1,4.321871698E-1,-1.344896197E0,1.369101703E-1
4.088582932E1,4.266893864E-1,-1.356502652E0,1.448514163E-1
4.088782935E1,4.266893864E-1,-1.360778689E0,1.546252668E-1
4.088982935E1,4.291328490E-1,-1.360167861E0,1.637882441E-1
4.089182935E1,4.279111028E-1,-1.363833070E0,1.766164154E-1
4.089382935E1,4.352414906E-1,-1.357724309E0,1.924989074E-1
4.089582935E1,4.352414906E-1,-1.349783063E0,2.041053474E-1
4.089782935E1,4.395175576E-1,-1.337565780E0,2.285399586E-1
4.089982935E1,4.474588037E-1,-1.319850683E0,2.523637116E-1
4.090182848E1,4.560109079E-1,-1.275257587E0,2.792417705E-1
4.090382755E1,4.560109079E-1,-1.275257587E0,2.792417705E-1
4.090582752E1,4.651738703E-1,-1.234329581E0,2.951242626E-1
4.090782748E1,4.706716835E-1,-1.214171052E0,3.061198592E-1
4.090982745E1,4.737260044E-1,-1.177519083E0,3.195588887E-1
4.091182742E1,4.792237878E-1,-1.142699838E0,3.323870599E-1
4.091382738E1,4.871650338E-1,-1.109713078E0,3.415500224E-1
4.091582735E1,4.920519590E-1,-1.093830585E0,3.452152312E-1
4.091782735E1,4.999932051E-1,-1.058400393E0,3.519347310E-1
4.091982735E1,5.073235631E-1,-1.024191976E0,3.549890518E-1
4.092182825E1,5.134322643E-1,-1.004033446E0,3.549890518E-1
4.092382918E1,5.225952268E-1,-9.667705894E-1,3.562107980E-1
4.092582921E1,5.335907936E-1,-9.313403964E-1,3.537673354E-1
4.092782925E1,5.445863605E-1,-9.136253595E-1,3.531564772E-1
4.092982928E1,5.537493229E-1,-8.794168830E-1,3.470478058E-1
4.093182931E1,5.739079118E-1,-8.513170481E-1,3.415500224E-1
4.093382931E1,5.787948370E-1,-8.397106528E-1,3.354413807E-1
4.093582928E1,5.928447247E-1,-8.287150860E-1,3.293327391E-1
4.093782924E1,6.093381047E-1,-8.293259144E-1,3.238349259E-1
4.093982921E1,6.166684628E-1,-8.354345560E-1,3.207806051E-1
4.094182831E1,6.527095437E-1,-8.659778237E-1,3.128393590E-1
4.094382738E1,6.649268270E-1,-8.794168830E-1,3.091741800E-1
4.094582734E1,6.801984310E-1,-8.922450542E-1,3.103958964E-1
4.094782731E1,7.064656615E-1,-9.221774340E-1,3.122285008E-1
4.094982731E1,7.455610037E-1,-9.667705894E-1,3.122285008E-1
4.095182734E1,7.596109509E-1,-9.887617826E-1,3.122285008E-1
4.095382737E1,8.011497855E-1,-1.038852692E0,3.152828217E-1
4.095582741E1,8.518515825E-1,-1.095663190E0,3.226132095E-1
4.095782744E1,8.762862086E-1,-1.123152137E0,3.256675303E-1
4.095982747E1,9.239336848E-1,-1.173243046E0,3.329979181E-1
4.096182837E1,9.691377282E-1,-1.201953769E0,3.354413807E-1
4.096382931E1,9.874636531E-1,-1.209284067E0,3.397174478E-1
4.096582934E1,1.024115562E0,-1.212949276E0,3.458260894E-1
4.096782934E1,1.056491494E0,-1.207451463E0,3.549890518E-1
4.096982934E1,1.076039076E0,-1.205008030E0,3.574325144E-1
4.097182934E1,1.099251986E0,-1.192790747E0,3.641520441E-1
4.097382934E1,1.125519156E0,-1.176297426E0,3.690389693E-1
4.097582934E1,1.138958216E0,-1.167134404E0,3.720932901E-1
4.097782934E1,1.153619051E0,-1.153695345E0,3.727041483E-1
4.097982934E1,1.164614558E0,-1.134758592E0,3.775910735E-1
4.098182844E1,1.182329655E0,-1.106658697E0,3.806453943E-1
4.098382750E1,1.182329655E0,-1.106658697E0,3.806453943E-1
4.098582747E1,1.185994864E0,-1.087721944E0,3.824779987E-1
4.098782744E1,1.187216640E0,-1.076115489E0,3.836997449E-1
4.098982740E1,1.187827468E0,-1.051680923E0,3.843106031E-1
4.099182737E1,1.185384035E0,-1.019304991E0,3.891975284E-1
4.099382734E1,1.184773088E0,-1.002811670E0,3.922518492E-1
4.099582734E1,1.183551431E0,-9.637162685E-1,4.001930952E-1
4.099782734E1,1.184162259E0,-9.240100384E-1,4.160755873E-1
4.099982737E1,1.183551431E0,-9.032406211E-1,4.234059751E-1
4.100182827E1,1.176831841E0,-8.610908985E-1,4.453971088E-1
4.100382920E1,1.173166752E0,-8.250498772E-1,4.649448097E-1
4.100582923E1,1.168890595E0,-8.036695719E-1,4.771621227E-1
4.100782927E1,1.158505917E0,-7.676285505E-1,4.924337566E-1
4.100982890E1,1.155451655E0,-7.340309620E-1,5.119814277E-1
4.101182890E1,1.145677805E0,-7.181484699E-1,5.217552781E-1
4.101382887E1,1.132849574E0,-6.900486350E-1,5.419138074E-1
4.101582883E1,1.120021462E0,-6.680575013E-1,5.602397919E-1
4.101782880E1,1.108415008E0,-6.595053673E-1,5.712353587E-1
4.101982876E1,1.090699911E0,-6.515641212E-1,5.920047760E-1
4.102182786E1,1.050382733E0,-6.460663676E-1,6.268240809E-1
4.102382693E1,1.050382733E0,-6.460663676E-1,6.268240809E-1
4.102582766E1,1.027780771E0,-6.503424048E-1,6.549239159E-1
4.102782766E1,1.002124429E0,-6.448446512E-1,6.811910868E-1
4.102982766E1,9.789115787E-1,-6.436228752E-1,6.940192580E-1
4.103182766E1,9.691377282E-1,-6.356816292E-1,7.208973765E-1
4.103382766E1,9.563095570E-1,-6.246860623E-1,7.465536594E-1
4.103582766E1,9.489791393E-1,-6.081926823E-1,7.654905319E-1
4.103782766E1,9.392052889E-1,-5.984188914E-1,7.752643824E-1
4.103982766E1,9.337075353E-1,-5.739842653E-1,7.954229116E-1
4.104182853E1,9.306532145E-1,-5.526039600E-1,8.125271201E-1
4.104382943E1,9.312640429E-1,-5.403866768E-1,8.186357617E-1
4.104582946E1,9.318749309E-1,-5.208389759E-1,8.296313882E-1
4.104782950E1,9.294314981E-1,-5.000695586E-1,8.363508582E-1
4.104982953E1,9.294314981E-1,-4.957934916E-1,8.412377834E-1
4.105182956E1,9.208793640E-1,-4.927391708E-1,8.412377834E-1
4.105382959E1,9.178250432E-1,-4.951826334E-1,8.369617462E-1
4.105582963E1,9.172141552E-1,-5.000695586E-1,8.308531046E-1
4.105782966E1,9.086620808E-1,-5.104542971E-1,8.174140453E-1
4.105982966E1,9.013316631E-1,-5.275585055E-1,8.021424413E-1
4.106182876E1,8.866708875E-1,-5.581017733E-1,7.709882855E-1
4.106382826E1,8.866708875E-1,-5.581017733E-1,7.709882855E-1
4.106582823E1,8.768970370E-1,-5.819255114E-1,7.465536594E-1
4.106782819E1,8.726209998E-1,-5.971971154E-1,7.318929434E-1
4.106982856E1,8.542950749E-1,-6.320164800E-1,7.025713921E-1
4.107182852E1,8.359690905E-1,-6.656140685E-1,6.671411991E-1
4.107382852E1,8.280278444E-1,-6.851617098E-1,6.488152742E-1
4.107582852E1,8.097018600E-1,-7.199810743E-1,6.127741933E-1
4.107782856E1,7.944302559E-1,-7.572438121E-1,5.730679631E-1
4.107982859E1,7.834346890E-1,-7.780132294E-1,5.535202622E-1
4.108182949E1,7.657195926E-1,-8.213846684E-1,5.119814277E-1
4.108383042E1,7.449501753E-1,-8.653669953E-1,4.649448097E-1
4.108582969E1,7.370089293E-1,-8.843038082E-1,4.411210716E-1
4.108782972E1,7.125743032E-1,-9.209557176E-1,3.934735656E-1
4.108982976E1,6.936374903E-1,-9.600511193E-1,3.452152312E-1
4.109182979E1,6.832527518E-1,-9.783770442E-1,3.183371425E-1
4.109382979E1,6.655376554E-1,-1.006476879E0,2.688570619E-1
4.109582979E1,6.392704844E-1,-1.027857184E0,2.230421752E-1
4.109782979E1,6.270532012E-1,-1.034576654E0,1.992184222E-1
4.109982979E1,6.020076871E-1,-1.050459146E0,1.509600729E-1
4.110182892E1,5.702427030E-1,-1.064509034E0,8.254316449E-2
4.110382802E1,5.702427030E-1,-1.064509034E0,8.254316449E-2
4.110582799E1,5.458080769E-1,-1.061454773E0,4.100432992E-2
4.110782795E1,5.238169432E-1,-1.049237370E0,1.908953884E-3
4.110982792E1,5.128213763E-1,-1.043739676E0,-2.069306001E-2
4.111182789E1,4.932736754E-1,-1.025413632E0,-5.551237985E-2
4.111382785E1,4.694499373E-1,-9.997573495E-1,-9.155342728E-2
4.111582782E1,4.560109079E-1,-9.857074022E-1,-1.031598672E-1
4.111782778E1,4.334088862E-1,-9.594402313E-1,-1.324813962E-1
4.111982775E1,4.169155359E-1,-9.288969636E-1,-1.501964927E-1
4.112182862E1,4.034765065E-1,-9.117927551E-1,-1.630246639E-1
4.112382912E1,3.888157308E-1,-8.836929202E-1,-1.813506186E-1
4.112582915E1,3.674354553E-1,-8.586474657E-1,-1.996765733E-1
4.112782918E1,3.625485301E-1,-8.476518989E-1,-2.070069611E-1
4.112982921E1,3.472768962E-1,-8.238281608E-1,-2.192242593E-1
4.113182925E1,3.320052624E-1,-8.018369675E-1,-2.277763784E-1
4.113382928E1,3.252857327E-1,-7.883979678E-1,-2.338850349E-1
4.113582931E1,3.124575615E-1,-7.657959461E-1,-2.399936765E-1
4.113782931E1,3.020728528E-1,-7.493025661E-1,-2.406045496E-1
4.113982928E1,2.959642112E-1,-7.413613200E-1,-2.412154078E-1
4.114182838E1,2.684752643E-1,-7.212027907E-1,-2.412154078E-1
4.114382744E1,2.684752643E-1,-7.144832611E-1,-2.387719452E-1
4.114582741E1,2.684752643E-1,-7.071529031E-1,-2.338850349E-1
4.114782738E1,2.470949888E-1,-6.992116570E-1,-2.283872366E-1
4.114982734E1,2.312124968E-1,-6.876052022E-1,-2.253329158E-1
4.115182731E1,2.073887438E-1,-6.790530682E-1,-2.161699384E-1
4.115382731E1,1.939497143E-1,-6.759987473E-1,-2.106721550E-1
4.115582734E1,1.634064466E-1,-6.698901057E-1,-1.941787899E-1
4.115782738E1,1.304197311E-1,-6.595053673E-1,-1.795180291E-1
4.115982741E1,1.157589629E-1,-6.527858973E-1,-1.715767831E-1
4.116182831E1,8.521570265E-2,-6.466771960E-1,-1.569160074E-1
4.116382924E1,4.856378585E-2,-6.442337632E-1,-1.440878361E-1
4.116582927E1,2.840523422E-2,-6.424011588E-1,-1.367574632E-1
4.116782931E1,-1.007927675E-2,-6.436228752E-1,-1.239292845E-1
4.116982934E1,-5.039638281E-2,-6.485098004E-1,-1.098793894E-1
4.117182934E1,-6.383541971E-2,-6.485098004E-1,-1.049924642E-1
4.117382934E1,-1.029307917E-1,-6.527858973E-1,-9.521862119E-2
4.117582934E1,-1.328631938E-1,-6.595053673E-1,-8.666650951E-2
4.117782934E1,-1.487456858E-1,-6.607271433E-1,-8.544477820E-2
4.117982934E1,-1.762346178E-1,-6.674466133E-1,-8.116871864E-2
4.118182847E1,-2.025018334E-1,-6.759987473E-1,-7.994698733E-2
4.118382761E1,-2.025018334E-1,-6.759987473E-1,-7.994698733E-2
4.118582757E1,-2.238821089E-1,-6.814965606E-1,-8.116871864E-2
4.118782754E1,-2.336559594E-1,-6.814965606E-1,-8.544477820E-2
4.118982750E1,-2.415972054E-1,-6.814965606E-1,-8.544477820E-2
4.119182747E1,-2.464841306E-1,-6.827182770E-1,-9.216429293E-2
4.119382744E1,-2.580905557E-1,-6.851617098E-1,-9.888381511E-2
4.119582740E1,-2.587014437E-1,-6.894378066E-1,-1.062141955E-1
4.119782724E1,-2.703078687E-1,-6.973790526E-1,-1.190423667E-1
4.119982724E1,-2.825251818E-1,-7.040985823E-1,-1.440878361E-1
4.120182814E1,-2.868012190E-1,-7.059311271E-1,-1.581377387E-1
4.120382907E1,-2.984076738E-1,-7.077637315E-1,-1.886810064E-1
4.120582910E1,-3.124575615E-1,-7.077637315E-1,-2.235003263E-1
4.120782913E1,-3.185662329E-1,-7.059311271E-1,-2.406045496E-1
4.120982917E1,-3.307835162E-1,-7.016550899E-1,-2.729803920E-1
4.121182920E1,-3.436116874E-1,-6.955464482E-1,-3.059671223E-1
4.121382923E1,-3.515529633E-1,-6.918812394E-1,-3.187952936E-1
4.121582923E1,-3.674354553E-1,-6.869943142E-1,-3.523928821E-1
4.121782920E1,-3.833179474E-1,-6.814965606E-1,-3.841578662E-1
4.121982916E1,-3.900374472E-1,-6.778313518E-1,-4.012621045E-1
4.122182826E1,-4.150829315E-1,-6.668357849E-1,-4.592943192E-1
4.122382733E1,-4.218024611E-1,-6.643922925E-1,-4.733442068E-1
4.122582730E1,-4.279111028E-1,-6.607271433E-1,-4.904484451E-1
4.122782726E1,-4.492913783E-1,-6.533967257E-1,-5.332090259E-1
4.122982723E1,-4.682282209E-1,-6.454554796E-1,-5.710826516E-1
4.123182723E1,-4.798346460E-1,-6.448446512E-1,-5.942955017E-1
4.123382723E1,-4.987714589E-1,-6.362925172E-1,-6.321691871E-1
4.123582723E1,-5.225952268E-1,-6.265186667E-1,-6.761514544E-1
4.123782723E1,-5.280929804E-1,-6.185774207E-1,-7.011969686E-1
4.123982723E1,-5.598580241E-1,-6.039166451E-1,-7.500661612E-1
4.124182810E1,-5.891795158E-1,-5.874232650E-1,-8.032114506E-1
4.124382893E1,-6.056728959E-1,-5.807037950E-1,-8.325329423E-1
4.124582893E1,-6.343835592E-1,-5.666538477E-1,-8.905651569E-1
4.124782893E1,-6.624833345E-1,-5.458844304E-1,-9.504299760E-1
4.124982896E1,-6.753115058E-1,-5.312237144E-1,-9.815840721E-1
4.125182899E1,-7.015787363E-1,-5.049564838E-1,-1.049390078E0
4.125382903E1,-7.315111160E-1,-4.744132161E-1,-1.118417859E0
4.125582906E1,-7.437284589E-1,-4.530329406E-1,-1.156291604E0
4.125782923E1,-7.681630254E-1,-4.108832479E-1,-1.225930214E0
4.125982926E1,-7.925976515E-1,-3.565162420E-1,-1.298623204E0
4.126182839E1,-8.206974864E-1,-2.599995136E-1,-1.417741895E0
4.126382746E1,-8.206974864E-1,-2.599995136E-1,-1.417741895E0
4.126582742E1,-8.469646573E-1,-1.915826052E-1,-1.492267489E0
4.126782739E1,-8.542950749E-1,-1.573741585E-1,-1.531973720E0
4.126982736E1,-8.793405294E-1,-8.590292186E-2,-1.602223158E0
4.127182732E1,-9.129381180E-1,-1.626428775E-2,-1.667585731E0
4.127382729E1,-9.453139901E-1,4.298964143E-2,-1.732337475E0
4.127582725E1,-9.556986690E-1,7.292203605E-2,-1.762269855E0
4.127782725E1,-9.935722947E-1,1.260673106E-1,-1.820302129E0
4.127982729E1,-1.027169943E0,1.559997052E-1,-1.871003866E0
4.128182819E1,-1.046717644E0,1.676061451E-1,-1.895438552E0
4.128382912E1,-1.083369493E0,1.804343164E-1,-1.939420819E0
4.128582915E1,-1.123075724E0,1.621083617E-1,-1.976072669E0
4.128782919E1,-1.143845201E0,1.456149966E-1,-1.993787766E0
4.128982922E1,-1.182940602E0,9.552405030E-2,-2.017000675E0
4.129182925E1,-1.234253287E0,2.405281924E-2,-2.027385473E0
4.129382928E1,-1.256244421E0,-1.809688285E-2,-2.026774406E0
4.129582928E1,-1.307557106E0,-1.133918613E-1,-2.012113810E0
4.129782929E1,-1.352761030E0,-2.202932835E-1,-1.980959654E0
4.129982928E1,-1.377806544E0,-2.764928937E-1,-1.957746744E0
4.130182842E1,-1.457219005E0,-4.609741867E-1,-1.864284396E0
4.130382785E1,-1.477377653E0,-5.220606923E-1,-1.822745562E0
4.130582785E1,-1.499368787E0,-5.837581158E-1,-1.782428384E0
4.130782785E1,-1.537853241E0,-6.869943142E-1,-1.685911775E0
4.130982782E1,-1.569007397E0,-7.645742297E-1,-1.578399420E0
4.131182778E1,-1.581224680E0,-7.938957214E-1,-1.527086735E0
4.131382775E1,-1.597107172E0,-8.397106528E-1,-1.422017932E0
4.131582772E1,-1.622152686E0,-8.769733906E-1,-1.310840487E0
4.131782768E1,-1.627039552E0,-8.952993751E-1,-1.258306026E0
4.131982765E1,-1.643532991E0,-9.301186800E-1,-1.142852545E0
4.132182848E1,-1.663080573E0,-9.637162685E-1,-1.024955511E0
4.132382938E1,-1.674687028E0,-9.802096486E-1,-9.663124681E-1
4.132582938E1,-1.697289109E0,-9.997573495E-1,-8.484154940E-1
4.132782941E1,-1.712560773E0,-1.007698536E0,-7.292967439E-1
4.132982945E1,-1.719891071E0,-1.007698536E0,-6.730971336E-1
4.133182948E1,-1.741271377E0,-1.000368237E0,-5.613088012E-1
4.133382951E1,-1.759597301E0,-9.820422530E-1,-4.525747895E-1
4.133582954E1,-1.764484286E0,-9.686031938E-1,-3.957643211E-1
4.133782958E1,-1.785253644E0,-9.319512844E-1,-2.870303094E-1
4.133982958E1,-1.798081875E0,-8.708647490E-1,-1.813506186E-1
4.134182871E1,-1.817629576E0,-7.407504916E-1,-4.207334295E-2
4.134382778E1,-1.817629576E0,-7.407504916E-1,-4.207334295E-2
4.134582774E1,-1.825570822E0,-6.283512712E-1,4.100432992E-2
4.134782771E1,-1.821905613E0,-5.672647357E-1,7.582364976E-2
4.134982768E1,-1.824349046E0,-4.340961277E-1,1.399645060E-1
4.135182764E1,-1.823738217E0,-2.758820057E-1,1.900554448E-1
4.135382761E1,-1.822516441E0,-1.903608888E-1,2.157117873E-1
4.135582761E1,-1.821294785E0,-1.137736533E-2,2.676353455E-1
4.135782764E1,-1.821294785E0,1.779908538E-1,3.177262843E-1
4.135982767E1,-1.821905613E0,2.732858360E-1,3.458260894E-1
4.136182857E1,-1.820073009E0,4.632649422E-1,4.050800204E-1
4.136382917E1,-1.824349046E0,6.422484517E-1,4.655556679E-1
4.136582921E1,-1.825570822E0,7.259370089E-1,4.973206818E-1
4.136782924E1,-1.833512068E0,8.817076087E-1,5.681810379E-1
4.136982927E1,-1.835955501E0,1.023428321E0,6.378196478E-1
4.137182931E1,-1.837177277E0,1.088180065E0,6.714172363E-1
4.137382930E1,-1.843896747E0,1.221348643E0,7.337254882E-1
4.137582930E1,-1.853670597E0,1.338024020E0,7.917577028E-1
4.137782931E1,-1.865277052E0,1.388725758E0,8.149706125E-1
4.137982930E1,-1.887879014E0,1.475468636E0,8.607854843E-1
4.138182844E1,-1.931861281E0,1.570763588E0,9.133198857E-1
4.138382754E1,-1.931861281E0,1.570763588E0,9.133198857E-1
4.138582754E1,-1.969735026E0,1.636737108E0,9.408088326E-1
4.138782750E1,-2.010663033E0,1.715538740E0,9.695194960E-1
4.138982747E1,-2.044871330E0,1.803503275E0,9.823476672E-1
4.139182744E1,-2.065640926E0,1.843820333E0,1.004949689E0
4.139382740E1,-2.104736090E0,1.927508950E0,1.020221353E0
4.139582737E1,-2.134057760E0,2.025858164E0,1.031216860E0
4.139782733E1,-2.149940252E0,2.083890438E0,1.037936449E0
4.139982730E1,-2.171320438E0,2.206674337E0,1.045266747E0
4.140182813E1,-2.183537722E0,2.336788654E0,1.047099352E0
4.140382903E1,-2.187813759E0,2.400318623E0,1.047099352E0
4.140582907E1,-2.191478968E0,2.521270037E0,1.039158106E0
4.140782910E1,-2.194533348E0,2.629393101E0,1.016556144E0
4.140982913E1,-2.189646482E0,2.680094957E0,1.001895308E0
4.141182916E1,-2.178650856E0,2.772335529E0,9.640217423E-1
4.141382920E1,-2.150551081E0,2.848693609E0,9.249263406E-1
4.141582923E1,-2.135279417E0,2.882291317E0,9.023243189E-1
4.141782923E1,-2.083966732E0,2.929938793E0,8.497899175E-1
4.141982923E1,-2.040595293E0,2.937880039E0,7.905359864E-1
4.142182833E1,-1.931861281E0,2.890232563E0,6.799693704E-1
4.142382743E1,-1.931861281E0,2.890232563E0,6.799693704E-1
4.142582740E1,-1.850005388E0,2.816317797E0,5.956699848E-1
4.142782736E1,-1.804190516E0,2.767448664E0,5.529094338E-1
4.142982733E1,-1.705230355E0,2.648940802E0,4.588361681E-1
4.143182730E1,-1.612989664E0,2.506609201E0,3.714824319E-1
4.143382730E1,-1.567174792E0,2.422920704E0,3.299435973E-1
4.143582730E1,-1.482875347E0,2.235995770E0,2.462550551E-1
4.143782730E1,-1.394299865E0,2.033188581E0,1.698969007E-1
4.143982730E1,-1.344819784E0,1.928730607E0,1.344667077E-1
4.144182816E1,-1.240361929E0,1.719203830E0,5.933028832E-2
4.144382906E1,-1.138958216E0,1.504179358E0,-3.718642145E-2
4.144582906E1,-1.081536889E0,1.402775645E0,-8.666650951E-2
4.144782906E1,-9.666942358E-1,1.202411890E0,-1.947896481E-1
4.144982836E1,-8.561276197E-1,9.898307920E-1,-3.023019433E-1
4.145182839E1,-8.066475391E-1,8.841511011E-1,-3.585015535E-1
4.145382843E1,-7.192938328E-1,6.996697783E-1,-4.715116024E-1
4.145582846E1,-6.472117305E-1,5.469534397E-1,-5.771912932E-1
4.145782849E1,-6.062837839E-1,4.803691506E-1,-6.285039783E-1
4.145982853E1,-5.445863605E-1,3.618612885E-1,-7.225772142E-1
4.146182769E1,-4.273002446E-1,2.207514346E-1,-8.539132476E-1
4.146382683E1,-4.273002446E-1,2.207514346E-1,-8.539132476E-1
4.146582682E1,-3.546072841E-1,1.352302879E-1,-9.308822751E-1
4.146782679E1,-2.782491148E-1,4.909829423E-2,-9.889144897E-1
4.146982676E1,-2.403754741E-1,6.337726954E-3,-1.009683847E0
4.147182672E1,-1.579086632E-1,-7.185302675E-2,-1.040838003E0
4.147382669E1,-7.666359097E-2,-1.530981064E-1,-1.057331324E0
4.147582666E1,-4.062253982E-2,-1.915826052E-1,-1.060996532E0
4.147782662E1,3.878994286E-2,-2.685516477E-1,-1.068326950E0
4.147982659E1,1.127046347E-1,-3.375793993E-1,-1.071992159E0
4.148182745E1,1.487456858E-1,-3.662900627E-1,-1.073213935E0
4.148382835E1,2.171625942E-1,-4.169918895E-1,-1.073824763E0
4.148582839E1,2.788599730E-1,-4.591415823E-1,-1.077489972E0
4.148782842E1,3.100140989E-1,-4.768566787E-1,-1.081155181E0
4.148982845E1,3.723223805E-1,-4.988478422E-1,-1.087263823E0
4.149182848E1,4.138612151E-1,-5.043455958E-1,-1.092761517E0
4.149382852E1,4.327980280E-1,-4.994587004E-1,-1.095205069E0
4.149582855E1,4.645630121E-1,-4.847979248E-1,-1.095815897E0
4.149782858E1,4.908302128E-1,-4.603633285E-1,-1.101313710E0
4.149982858E1,5.006040931E-1,-4.457025528E-1,-1.102535367E0
4.150182772E1,5.091561675E-1,-3.669009507E-1,-1.094594121E0
4.150382682E1,5.091561675E-1,-3.669009507E-1,-1.094594121E0
4.150582682E1,5.115996599E-1,-3.412446082E-1,-1.086652875E0
4.150782682E1,4.993823469E-1,-2.838232517E-1,-1.068326950E0
4.150982752E1,4.786129296E-1,-2.166280895E-1,-1.050611854E0
4.151182748E1,4.450153410E-1,-1.414916664E-1,-1.028009892E0
4.151382745E1,4.291328490E-1,-1.005636901E-1,-1.014570832E0
4.151582742E1,3.912591934E-1,-1.687515154E-2,-9.846383929E-1
4.151782738E1,3.417791128E-1,6.864598393E-2,-9.528734088E-1
4.151982735E1,3.167336285E-1,1.114065498E-1,-9.357692003E-1
4.152182818E1,2.544253767E-1,2.012037337E-1,-8.948412538E-1
4.152382905E1,1.945605874E-1,2.940552533E-1,-8.423067927E-1
4.152582901E1,1.591303945E-1,3.410918713E-1,-8.117635250E-1
4.152782901E1,8.888089657E-2,4.388303161E-1,-7.512878776E-1
4.152982904E1,1.924225502E-2,5.445100069E-1,-6.822600961E-1
4.153182908E1,-1.802052557E-2,6.000987291E-1,-6.456081867E-1
4.153382911E1,-8.216137439E-2,7.045567036E-1,-5.674174428E-1
4.153582914E1,-1.444696337E-1,8.022951484E-1,-4.996114075E-1
4.153782918E1,-1.750128865E-1,8.468883038E-1,-4.623486400E-1
4.153982921E1,-2.379320115E-1,9.330202937E-1,-3.933208585E-1
4.154182838E1,-3.222314119E-1,1.041754365E0,-2.888629138E-1
4.154382758E1,-3.222314119E-1,1.041754365E0,-2.888629138E-1
4.154582754E1,-3.747658134E-1,1.097953916E0,-2.180025280E-1
4.154782751E1,-4.169155359E-1,1.141936183E0,-1.520290822E-1
4.154982747E1,-4.382958114E-1,1.163927317E0,-1.172097698E-1
4.155182744E1,-4.682282209E-1,1.203633666E0,-5.306891724E-2
4.155382741E1,-4.981606007E-1,1.235398650E0,1.168279815E-2
4.155582737E1,-5.140430927E-1,1.250059366E0,4.100432992E-2
4.155782734E1,-5.335907936E-1,1.273272276E0,9.720393270E-2
4.155982734E1,-5.427537560E-1,1.287322164E0,1.515709460E-1
4.156182824E1,-5.494732857E-1,1.289154768E0,1.772272736E-1
4.156382917E1,-5.506950021E-1,1.293430805E0,2.218204439E-1
4.156582920E1,-5.445863605E-1,1.292819977E0,2.658027411E-1
4.156782924E1,-5.445863605E-1,1.292209029E0,2.877938747E-1
4.156982927E1,-5.262604356E-1,1.279991746E0,3.262783885E-1
4.157182930E1,-5.067127347E-1,1.266552687E0,3.568216562E-1
4.157382934E1,-4.969388843E-1,1.256168008E0,3.696498275E-1
4.157582937E1,-4.670064747E-1,1.232955098E0,3.983604908E-1
4.157782937E1,-4.352414906E-1,1.207909703E0,4.209625125E-1
4.157982937E1,-4.193589985E-1,1.189583659E0,4.331798255E-1
4.158182850E1,-3.515529633E-1,1.122999430E0,4.625013471E-1
4.158382760E1,-3.307835162E-1,1.097343087E0,4.710534513E-1
4.158582760E1,-3.051272035E-1,1.074130177E0,4.802164435E-1
4.158782760E1,-2.525927722E-1,1.027093530E0,5.003749728E-1
4.158982757E1,-1.921171248E-1,9.721156955E-1,5.150357485E-1
4.159182753E1,-1.640173197E-1,9.464593530E-1,5.272530913E-1
4.159382750E1,-1.004873365E-1,8.963683844E-1,5.406920910E-1
4.159582747E1,-3.695734590E-2,8.438339829E-1,5.590180755E-1
4.159782743E1,-3.054326226E-4,8.193993568E-1,5.687919259E-1
4.159982740E1,6.688974798E-2,7.705301642E-1,5.920047760E-1
4.160182823E1,1.438587606E-1,7.271587253E-1,6.103307605E-1
4.160382900E1,1.811215430E-1,7.063893080E-1,6.231589317E-1
4.160582900E1,2.519819140E-1,6.685156822E-1,6.390414238E-1
4.160782903E1,3.271183372E-1,6.373615265E-1,6.610325575E-1
4.160982906E1,3.625485301E-1,6.257550716E-1,6.708064079E-1
4.161182910E1,4.334088862E-1,5.988770127E-1,6.897432208E-1
4.161382913E1,5.006040931E-1,5.781075954E-1,7.111235261E-1
4.161582916E1,5.323690772E-1,5.695554614E-1,7.202864885E-1
4.161782920E1,5.946773291E-1,5.500078201E-1,7.416667938E-1
4.161982923E1,6.502660513E-1,5.347361565E-1,7.624362111E-1
4.162182836E1,7.241807580E-1,5.121341348E-1,7.990881205E-1
4.162382743E1,7.241807580E-1,5.121341348E-1,7.990881205E-1
4.162582739E1,7.687739134E-1,4.986951053E-1,8.277987838E-1
4.162782736E1,7.938193679E-1,4.968625307E-1,8.406269550E-1
4.162982732E1,8.292495608E-1,4.852560759E-1,8.687267303E-1
4.163182729E1,8.610145450E-1,4.748713672E-1,8.986591101E-1
4.163382726E1,8.897252083E-1,4.687627256E-1,9.261480570E-1
4.163582722E1,9.086620808E-1,4.687627256E-1,9.408088326E-1
4.163782722E1,9.318749309E-1,4.638758004E-1,9.725738168E-1
4.163982726E1,9.581421614E-1,4.663192630E-1,1.006171465E0
4.164182816E1,9.648616314E-1,4.669301212E-1,1.022664785E0
4.164382909E1,9.892962575E-1,4.712061882E-1,1.053818941E0
4.164582912E1,1.008233070E0,4.803691506E-1,1.087416530E0
4.164782916E1,1.020450354E0,4.846452177E-1,1.104520679E0
4.164982919E1,1.041830659E0,5.011385679E-1,1.141172647E0
4.165182922E1,1.063821793E0,5.231297016E-1,1.175992012E0
4.165382925E1,1.074206591E0,5.341253281E-1,1.196150541E0
4.165582925E1,1.097419381E0,5.652794242E-1,1.234024167E0
4.165782925E1,1.118799686E0,6.031530499E-1,1.268232584E0
4.165982925E1,1.133460522E0,6.227007508E-1,1.289002061E0
4.166182839E1,1.172555804E0,6.923394203E-1,1.342147350E0
4.166382775E1,1.181107998E0,7.143305540E-1,1.361694932E0
4.166582775E1,1.193325281E0,7.381542921E-1,1.375744939E0
4.166782772E1,1.215316415E0,7.851909399E-1,1.406898975E0
4.166982768E1,1.237307549E0,8.340601325E-1,1.438663960E0
4.167182765E1,1.242194533E0,8.609381914E-1,1.456990004E0
4.167382762E1,1.267850757E0,9.098074436E-1,1.484478951E0
4.167582758E1,1.280068159E0,9.617309570E-1,1.516243935E0
4.167782755E1,1.288009405E0,9.873872995E-1,1.527239442E0
4.167982752E1,1.294728875E0,1.039921761E0,1.554728389E0
4.168182835E1,1.300226688E0,1.094899535E0,1.573665261E0
4.168382925E1,1.300226688E0,1.122388482E0,1.582828164E0
4.168582928E1,1.300226688E0,1.178588152E0,1.592602015E0
4.168782931E1,1.289842010E0,1.239674687E0,1.601154208E0
4.168982935E1,1.281289816E0,1.272050500E0,1.603597641E0
4.169182938E1,1.259909511E0,1.335580468E0,1.601154208E0
4.169382941E1,1.226311922E0,1.394834399E0,1.598710656E0
4.169582945E1,1.211040378E0,1.421101689E0,1.590158582E0
4.169782948E1,1.161560297E0,1.471192598E0,1.570000052E0
4.169982948E1,1.099251986E0,1.511509657E0,1.535791636E0
4.170182858E1,9.996809959E-1,1.554270267E0,1.463098645E0
4.170382851E1,9.996809959E-1,1.554270267E0,1.463098645E0
4.170582848E1,9.178250432E-1,1.568320155E0,1.398346901E0
4.170782844E1,8.707883954E-1,1.568320155E0,1.361694932E0
4.170982841E1,7.779368758E-1,1.551215887E0,1.277395606E0
4.171182838E1,6.704245806E-1,1.499903202E0,1.179657102E0
4.171382834E1,6.111706495E-1,1.464473009E0,1.125290155E0
4.171582834E1,4.908302128E-1,1.380173683E0,1.009836555E0
4.171782838E1,3.717114925E-1,1.278159142E0,8.778896928E-1
4.171982841E1,3.069597781E-1,1.224403024E0,8.070293665E-1
4.172182931E1,1.798998117E-1,1.118723392E0,6.567565203E-1
4.172382997E1,4.489859566E-2,1.010600209E0,4.997641146E-1
4.172583001E1,-2.474004216E-2,9.550114274E-1,4.166864455E-1
4.172783004E1,-1.536326110E-1,8.365035653E-1,2.413681298E-1
4.172983007E1,-2.886338234E-1,7.124979496E-1,6.727153808E-2
4.173183011E1,-3.466660380E-1,6.514114141E-1,-1.458440814E-2
4.173383011E1,-4.584543705E-1,5.182427764E-1,-1.727984995E-1
4.173583011E1,-5.531384945E-1,3.777438104E-1,-3.071888685E-1
4.173783011E1,-5.952881575E-1,3.044399619E-1,-3.658319116E-1
4.173983011E1,-6.527095437E-1,1.584431678E-1,-4.599051774E-1
4.174182924E1,-7.247915864E-1,-6.085744873E-2,-5.661957264E-1
4.174382834E1,-7.247915864E-1,-6.085744873E-2,-5.661957264E-1
4.174582830E1,-7.553348541E-1,-1.836413592E-1,-6.285039783E-1
4.174782827E1,-7.834346890E-1,-2.764928937E-1,-6.798166633E-1
4.174982824E1,-7.913759351E-1,-3.449097872E-1,-7.250207067E-1
4.175182820E1,-7.919867635E-1,-3.730095923E-1,-7.427358031E-1
4.175382817E1,-7.864890099E-1,-4.133267105E-1,-7.641160488E-1
4.175582814E1,-7.651087046E-1,-4.395939112E-1,-7.671703696E-1
4.175782810E1,-7.510588169E-1,-4.487568736E-1,-7.696138620E-1
4.175982807E1,-7.168503404E-1,-4.597524405E-1,-7.586182952E-1
4.176182893E1,-6.771441102E-1,-4.548655450E-1,-7.451792359E-1
4.176382900E1,-6.539312601E-1,-4.475351572E-1,-7.378488779E-1
4.176582903E1,-6.062837839E-1,-4.224896729E-1,-7.152468562E-1
4.176782906E1,-5.561928153E-1,-3.772856593E-1,-6.889796257E-1
4.176982910E1,-5.299255848E-1,-3.442989290E-1,-6.712645292E-1
4.177182913E1,-4.804455042E-1,-2.685516477E-1,-6.388887167E-1
4.177382986E1,-4.230241776E-1,-1.708131880E-1,-6.010150313E-1
4.177582990E1,-3.949243724E-1,-1.133918613E-1,-5.759695768E-1
4.177782990E1,-3.320052624E-1,1.488984004E-2,-5.307655334E-1
4.177982986E1,-2.745839357E-1,1.505019218E-1,-4.849506319E-1
4.178182896E1,-1.890627891E-1,3.569743633E-1,-4.012621045E-1
4.178382846E1,-1.890627891E-1,3.569743633E-1,-4.012621045E-1
4.178582843E1,-1.304197311E-1,4.938081801E-1,-3.304017484E-1
4.178782840E1,-1.029307917E-1,5.579490662E-1,-2.961932719E-1
4.178982836E1,-4.917465150E-2,6.782894731E-1,-2.259437889E-1
4.179182833E1,-2.138028387E-3,7.778605223E-1,-1.691333205E-1
4.179382833E1,1.618792862E-2,8.181776404E-1,-1.422552466E-1
4.179582836E1,5.222897977E-2,8.859837055E-1,-8.972083032E-2
4.179782839E1,8.582656831E-2,9.281333685E-1,-4.696026444E-2
4.179982843E1,9.682214260E-2,9.434050322E-1,-2.374738641E-2
4.180182933E1,1.310305893E-1,9.653961658E-1,2.023491077E-2
4.180383026E1,1.542434692E-1,9.892199039E-1,6.482807547E-2
4.180583029E1,1.627955884E-1,1.002048135E0,8.620835841E-2
4.180783033E1,1.872301996E-1,1.027093530E0,1.216385439E-1
4.180983036E1,2.043344229E-1,1.057636857E0,1.546252668E-1
4.181183036E1,2.171625942E-1,1.070464969E0,1.692860276E-1
4.181383036E1,2.306016237E-1,1.096732140E0,1.943315119E-1
4.181583036E1,2.397646159E-1,1.112003803E0,2.126574665E-1
4.181783036E1,2.464841306E-1,1.115058184E0,2.212095708E-1
4.181983036E1,2.605340183E-1,1.104673386E0,2.358703464E-1
4.182182949E1,2.721404731E-1,1.056415081E0,2.529745698E-1
4.182382856E1,2.721404731E-1,1.056415081E0,2.529745698E-1
4.182582852E1,2.709187269E-1,1.002048135E0,2.719113827E-1
4.182782849E1,2.672535479E-1,9.220247269E-1,2.914590836E-1
4.182982846E1,2.525927722E-1,8.682686090E-1,2.969568670E-1
4.183182842E1,2.257147133E-1,7.424303293E-1,3.042872548E-1
4.183382769E1,1.774563491E-1,5.811619163E-1,2.939025462E-1
4.183582765E1,1.475239545E-1,4.852560759E-1,2.847395539E-1
4.183782762E1,6.750060618E-2,2.696206570E-1,2.493093759E-1
4.183982762E1,-1.802052557E-2,2.405281924E-2,1.833359301E-1
4.184182848E1,-6.444628537E-2,-1.036180183E-1,1.399645060E-1
4.184382898E1,-1.621847153E-1,-3.705661297E-1,2.695442922E-2
4.184582902E1,-2.477058619E-1,-6.234643459E-1,-1.153771728E-1
4.184782905E1,-2.880229652E-1,-7.407504916E-1,-1.984548420E-1
4.184982908E1,-3.643811047E-1,-9.460011721E-1,-3.829361498E-1
4.185182912E1,-4.401284158E-1,-1.099939227E0,-5.851325393E-1
4.185382915E1,-4.676173329E-1,-1.156749725E0,-6.865361929E-1
4.185582915E1,-5.158756971E-1,-1.210505843E0,-8.923977613E-1
4.185782912E1,-5.488623977E-1,-1.203175426E0,-1.078100801E0
4.185982908E1,-5.525276065E-1,-1.181795120E0,-1.162400246E0
4.186182818E1,-5.415320396E-1,-1.043739676E0,-1.394528985E0
4.186382725E1,-5.415320396E-1,-1.043739676E0,-1.394528985E0
4.186582721E1,-5.268712640E-1,-1.005865932E0,-1.433013558E0
4.186782718E1,-4.834998548E-1,-9.288969636E-1,-1.495932579E0
4.186982715E1,-4.108068645E-1,-8.507062197E-1,-1.549077868E0
4.187182715E1,-3.167336285E-1,-7.633524537E-1,-1.597336292E0
4.187382715E1,-2.580905557E-1,-7.181484699E-1,-1.619938254E0
4.187582715E1,-1.255328059E-1,-6.143013835E-1,-1.659644485E0
4.187782715E1,1.007927675E-2,-5.037347674E-1,-1.693853021E0
4.187982715E1,8.460483700E-2,-4.444808364E-1,-1.707902908E0
4.188182801E1,2.318233550E-1,-3.284164369E-1,-1.729894042E0
4.188382891E1,3.833179474E-1,-2.092977017E-1,-1.745776534E0
4.188582891E1,4.633412957E-1,-1.488220394E-1,-1.750052571E0
4.188782891E1,6.172793508E-1,-2.664899640E-2,-1.743333101E0
4.188982895E1,7.748825550E-1,9.124799818E-2,-1.721952796E0
4.189182898E1,8.512406945E-1,1.456149966E-1,-1.703626752E0
4.189382901E1,1.010676503E0,2.433534414E-1,-1.656590223E0
4.189582904E1,1.158505917E0,3.319289088E-1,-1.597336292E0
4.189782908E1,1.223868489E0,3.740786016E-1,-1.560073495E0
4.189982911E1,1.357037187E0,4.553236961E-1,-1.478217483E0
4.190182828E1,1.512807727E0,5.353470445E-1,-1.327333808E0
4.190382754E1,1.512807727E0,5.353470445E-1,-1.327333808E0
4.190582751E1,1.567174792E0,5.322927237E-1,-1.217988968E0
4.190782747E1,1.564120412E0,4.565454125E-1,-1.090318084E0
4.190982744E1,1.553124905E0,4.088979363E-1,-1.015792489E0
4.191182741E1,1.521970749E0,3.050508201E-1,-8.557458520E-1
4.191382737E1,1.474323273E0,1.895972937E-1,-6.877579093E-1
4.191582734E1,1.450499535E0,1.346194297E-1,-5.985715985E-1
4.191782677E1,1.391856432E0,1.183551457E-2,-4.287510514E-1
4.191982677E1,1.310000539E0,-1.140027270E-1,-2.577087879E-1
4.192182767E1,1.267239928E0,-1.793653071E-1,-1.752419621E-1
4.192382860E1,1.159727693E0,-2.990948856E-1,-2.130392566E-2
4.192582864E1,1.042441487E0,-4.017202556E-1,1.173624843E-1
4.192782867E1,9.844093323E-1,-4.359287024E-1,1.808924675E-1
4.192982870E1,8.567385077E-1,-5.165629387E-1,2.975677252E-1
4.193182874E1,7.113525867E-1,-5.898667574E-1,3.971387744E-1
4.193382877E1,6.356052756E-1,-6.167448163E-1,4.429536462E-1
4.193582877E1,4.883867502E-1,-6.613379717E-1,5.333617330E-1
4.193782877E1,3.466660380E-1,-6.698901057E-1,6.109415889E-1
4.193982877E1,2.770273983E-1,-6.741661429E-1,6.445391774E-1
4.194182790E1,8.032877743E-2,-6.466771960E-1,7.459428310E-1
4.194382700E1,2.840523422E-2,-6.161339283E-1,7.777078152E-1
4.194582700E1,-2.046398632E-2,-5.800929070E-1,8.076401949E-1
4.194782700E1,-9.865473956E-2,-4.756349623E-1,8.571202755E-1
4.194982697E1,-1.554652005E-1,-3.473532498E-1,8.937721848E-1
4.195182693E1,-1.756237596E-1,-2.746602893E-1,9.078221321E-1
4.195382690E1,-2.025018334E-1,-1.256091595E-1,9.261480570E-1
4.195582687E1,-2.208277881E-1,3.077233583E-2,9.383653998E-1
4.195782683E1,-2.257147133E-1,1.065196246E-1,9.408088326E-1
4.195982680E1,-2.403754741E-1,2.494620979E-1,9.426414371E-1
4.196182763E1,-2.648100853E-1,3.594178259E-1,9.456957579E-1
4.196382833E1,-2.782491148E-1,3.972914815E-1,9.487500787E-1
4.196582833E1,-3.179553747E-1,4.431063831E-1,9.524152875E-1
4.196782836E1,-3.692680299E-1,4.650975168E-1,9.560804963E-1
4.196982940E1,-3.863722682E-1,4.760931134E-1,9.573022127E-1
4.197182943E1,-4.260784984E-1,4.913647175E-1,9.542478919E-1
4.197382946E1,-4.547891617E-1,5.188536644E-1,9.438631535E-1
4.197582950E1,-4.578435123E-1,5.365687609E-1,9.359219074E-1
4.197783010E1,-4.627304375E-1,5.817728043E-1,9.059895277E-1
4.197983013E1,-4.523457289E-1,6.288093925E-1,8.711702228E-1
4.198182926E1,-4.205807149E-1,6.837872863E-1,8.064184785E-1
4.198382833E1,-4.205807149E-1,6.837872863E-1,8.064184785E-1
4.198582829E1,-3.943135142E-1,7.051675916E-1,7.575492859E-1
4.198782826E1,-3.778201640E-1,7.094436288E-1,7.306711674E-1
4.198982823E1,-3.338378668E-1,7.039458156E-1,6.824128628E-1
4.199182819E1,-2.849686444E-1,6.813437939E-1,6.335436106E-1
4.199382816E1,-2.354885489E-1,6.361398101E-1,5.865070224E-1
4.199582816E1,-2.073887438E-1,6.086508632E-1,5.651267171E-1
4.199782816E1,-1.505782902E-1,5.347361565E-1,5.266422033E-1
4.199982816E1,-8.643743396E-2,4.486041665E-1,4.881576896E-1
4.200182902E1,-5.589416996E-2,4.064544737E-1,4.692208767E-1
4.200382992E1,1.435533352E-2,3.093268871E-1,4.344015419E-1
4.200582992E1,7.849618047E-2,2.097558528E-1,3.977496326E-1
4.200782992E1,1.157589629E-1,1.584431678E-1,3.794236779E-1
4.200982992E1,1.835650057E-1,4.665483162E-2,3.513238728E-1
4.201182992E1,2.538145185E-1,-6.513350457E-2,3.299435973E-1
4.201382996E1,2.880229652E-1,-1.207222417E-1,3.213914633E-1
4.201582999E1,3.594942093E-1,-2.471713424E-1,3.024546504E-1
4.201783002E1,4.315762818E-1,-3.785073757E-1,2.884047627E-1
4.201983006E1,4.700607955E-1,-4.463134110E-1,2.822960913E-1
4.202182922E1,5.946773291E-1,-6.460663676E-1,2.694679201E-1
4.202382876E1,6.337726712E-1,-7.083746195E-1,2.664135993E-1
4.202582842E1,6.765332818E-1,-7.682393789E-1,2.658027411E-1
4.202782842E1,7.522805333E-1,-8.781951666E-1,2.682462037E-1
4.202982739E1,8.249735236E-1,-9.912052155E-1,2.645809948E-1
4.203182735E1,8.555167913E-1,-1.041907072E0,2.664135993E-1
4.203382732E1,9.172141552E-1,-1.148197532E0,2.596940994E-1
4.203582728E1,9.728028774E-1,-1.242270827E0,2.493093759E-1
4.203782725E1,9.984592199E-1,-1.283198833E0,2.401463985E-1
4.203982722E1,1.047328472E0,-1.360778689E0,2.248747647E-1
4.204182805E1,1.077260852E0,-1.424919486E0,2.126574665E-1
4.204382895E1,1.089478135E0,-1.451797605E0,2.144900560E-1
4.204582898E1,1.101084590E0,-1.504942894E0,2.157117873E-1
4.204782902E1,1.107193232E0,-1.553201199E0,2.212095708E-1
4.204982905E1,1.102917194E0,-1.578857541E0,2.193769813E-1
4.205182908E1,1.101084590E0,-1.621007323E0,2.175443918E-1
4.205382912E1,1.085202098E0,-1.667433023E0,2.151009291E-1
4.205582915E1,1.071152210E0,-1.697976351E0,2.187661231E-1
4.205782918E1,1.031445980E0,-1.768836617E0,2.291508317E-1
4.205982921E1,9.691377282E-1,-1.824425459E0,2.523637116E-1
4.206182835E1,8.707883954E-1,-1.862299085E0,2.981785834E-1
4.206382745E1,8.707883954E-1,-1.862299085E0,2.981785834E-1
4.206582745E1,7.913759351E-1,-1.869629383E0,3.397174478E-1
4.206782745E1,7.498371005E-1,-1.867185950E0,3.641520441E-1
4.206982745E1,6.692028642E-1,-1.841529608E0,4.038582742E-1
4.207182745E1,5.971207619E-1,-1.803655982E0,4.423427880E-1
4.207382741E1,5.616905689E-1,-1.779832244E0,4.570035636E-1
4.207582738E1,5.079344511E-1,-1.718134880E0,4.808273017E-1
4.207782734E1,4.566217661E-1,-1.658880949E0,5.022075772E-1
4.207982731E1,4.382958114E-1,-1.629559398E0,5.089271069E-1
4.208182814E1,4.016439021E-1,-1.570916295E0,5.138140321E-1
4.208382861E1,3.668245673E-1,-1.510440707E0,5.180900693E-1
4.208582894E1,3.558290005E-1,-1.480508327E0,5.162574649E-1
4.208782891E1,3.356704414E-1,-1.413923979E0,5.156466365E-1
4.208982891E1,3.234531581E-1,-1.342452765E0,5.150357485E-1
4.209182891E1,3.228422701E-1,-1.308244228E0,5.132031441E-1
4.209382894E1,3.265074790E-1,-1.236162186E0,5.070945024E-1
4.209582898E1,3.301726580E-1,-1.165912628E0,5.022075772E-1
4.209782901E1,3.387247920E-1,-1.132315040E0,4.954880774E-1
4.209982904E1,3.656028509E-1,-1.071228623E0,4.826599061E-1
4.210182821E1,4.022547603E-1,-1.011363745E0,4.551709592E-1
4.210382734E1,4.022547603E-1,-1.011363745E0,4.551709592E-1
4.210582734E1,4.352414906E-1,-9.832639694E-1,4.344015419E-1
4.210782731E1,4.633412957E-1,-9.686031938E-1,4.258494377E-1
4.210982727E1,4.902193546E-1,-9.661597610E-1,4.172973335E-1
4.211182724E1,4.969388843E-1,-9.722684026E-1,4.154647291E-1
4.211382720E1,5.146539807E-1,-9.930378199E-1,4.117995203E-1
4.211582717E1,5.232060552E-1,-1.020526767E0,4.026365578E-1
4.211782714E1,5.262604356E-1,-1.035187483E0,3.995822370E-1
4.211982710E1,5.372560024E-1,-1.070617676E0,3.946953118E-1
4.212182797E1,5.451972485E-1,-1.109102249E0,3.836997449E-1
4.212382890E1,5.482515693E-1,-1.124984741E0,3.800345361E-1
4.212582893E1,5.525276065E-1,-1.158582330E0,3.690389693E-1
4.212782897E1,5.616905689E-1,-1.187292933E0,3.592651188E-1
4.212982900E1,5.647448897E-1,-1.200731993E0,3.525456190E-1
4.213182903E1,5.751296282E-1,-1.225777507E0,3.415500224E-1
4.213382907E1,5.879577994E-1,-1.248990297E0,3.336087763E-1
4.213582910E1,5.910121202E-1,-1.262429357E0,3.287218511E-1
4.213782913E1,6.123924255E-1,-1.274646640E0,3.207806051E-1
4.213982913E1,6.313292384E-1,-1.282587886E0,3.146719635E-1
4.214182826E1,6.643159389E-1,-1.294805288E0,3.036763966E-1
4.214382743E1,6.643159389E-1,-1.294805288E0,3.036763966E-1
4.214582743E1,6.948592067E-1,-1.300302982E0,3.012329340E-1
4.214782743E1,7.089090943E-1,-1.305189967E0,3.000111878E-1
4.214982743E1,7.388415337E-1,-1.305800796E0,3.000111878E-1
4.215182743E1,7.754934430E-1,-1.292361736E0,3.042872548E-1
4.215382740E1,7.938193679E-1,-1.279533625E0,3.055089712E-1
4.215582736E1,8.261952400E-1,-1.247157812E0,3.091741800E-1
4.215782733E1,8.555167913E-1,-1.209284067E0,3.128393590E-1
4.215982730E1,8.683449626E-1,-1.183016896E0,3.140611053E-1
4.216182813E1,8.903360963E-1,-1.127428174E0,3.189480305E-1
4.216382899E1,9.147707224E-1,-1.057789564E0,3.213914633E-1
4.216582896E1,9.208793640E-1,-1.018083334E0,3.244458139E-1
4.216782896E1,9.392052889E-1,-9.423360229E-1,3.348305225E-1
4.216982896E1,9.477574229E-1,-8.726973534E-1,3.415500224E-1
4.217182899E1,9.495900273E-1,-8.452084064E-1,3.452152312E-1
4.217382903E1,9.459248185E-1,-7.920631766E-1,3.488804102E-1
4.217582906E1,9.367618561E-1,-7.444156408E-1,3.549890518E-1
4.217782909E1,9.269880056E-1,-7.218136191E-1,3.586542606E-1
4.217982913E1,9.141598344E-1,-6.790530682E-1,3.684281111E-1
4.218182829E1,8.811731339E-1,-6.252969503E-1,3.904192448E-1
4.218382739E1,8.811731339E-1,-6.252969503E-1,3.904192448E-1
4.218582736E1,8.628471494E-1,-5.892558694E-1,4.075234830E-1
4.218782732E1,8.426886201E-1,-5.562691689E-1,4.240168333E-1
4.218982729E1,8.341364861E-1,-5.397757888E-1,4.307363629E-1
4.219182726E1,8.121453524E-1,-5.092325211E-1,4.472297132E-1
4.219382722E1,7.987062931E-1,-4.695262909E-1,4.618904889E-1
4.219582719E1,7.907650471E-1,-4.487568736E-1,4.704425931E-1
4.219782715E1,7.712173462E-1,-4.090506434E-1,4.881576896E-1
4.219982715E1,7.614435554E-1,-3.699552715E-1,4.997641146E-1
4.220182802E1,7.535023093E-1,-3.485749662E-1,5.083162189E-1
4.220382885E1,7.412849665E-1,-3.088687360E-1,5.187009573E-1
4.220582885E1,7.345654368E-1,-2.709950805E-1,5.278639197E-1
4.220782885E1,7.241807580E-1,-2.532800138E-1,5.303074121E-1
4.220982885E1,7.192938328E-1,-2.184606791E-1,5.394703746E-1
4.221182885E1,7.070765495E-1,-1.866956949E-1,5.431355834E-1
4.221382885E1,7.028004527E-1,-1.720349193E-1,5.480225086E-1
4.221582885E1,6.918048859E-1,-1.421025246E-1,5.541311502E-1
4.221782888E1,6.826419234E-1,-1.158353239E-1,5.577962995E-1
4.221982892E1,6.777549982E-1,-1.036180183E-1,5.596289039E-1
4.222182808E1,6.618725061E-1,-5.413793400E-2,5.651267171E-1
4.222382722E1,6.618725061E-1,-5.413793400E-2,5.651267171E-1
4.222582725E1,6.594290137E-1,-4.497495294E-2,5.645158291E-1
4.222782728E1,6.527095437E-1,-2.237293869E-2,5.639050007E-1
4.222982732E1,6.478226185E-1,-4.657847341E-3,5.657375455E-1
4.223182732E1,6.398813725E-1,1.366810966E-2,5.626832247E-1
4.223382728E1,6.368269920E-1,2.222022414E-2,5.608506799E-1
4.223582725E1,6.282749176E-1,3.688098863E-2,5.602397919E-1
4.223782721E1,6.221662760E-1,4.726569727E-2,5.614615083E-1
4.223982718E1,6.172793508E-1,5.398521572E-2,5.590180755E-1
4.224182801E1,6.099489331E-1,6.253732741E-2,5.584071875E-1
4.224382888E1,6.007859707E-1,6.253732741E-2,5.571854711E-1
4.224582888E1,6.001750827E-1,6.131559983E-2,5.584071875E-1
4.224782851E1,5.904012322E-1,5.520694703E-2,5.590180755E-1
4.224982854E1,5.812382698E-1,4.543310404E-2,5.590180755E-1
4.225182858E1,5.775730610E-1,3.932445124E-2,5.565745831E-1
4.225382861E1,5.726861954E-1,2.038762718E-2,5.577962995E-1
4.225582864E1,5.647448897E-1,-1.603521290E-3,5.541311502E-1
4.225782868E1,5.629123449E-1,-1.443169173E-2,5.535202622E-1
4.225982871E1,5.525276065E-1,-4.253149405E-2,5.547419786E-1
4.226182788E1,5.384777188E-1,-9.628763795E-2,5.522985458E-1
4.226382741E1,5.384777188E-1,-9.628763795E-2,5.522985458E-1
4.226582741E1,5.287038684E-1,-1.335504204E-1,5.492442250E-1
4.226782741E1,5.213735104E-1,-1.683697402E-1,5.468007326E-1
4.226982741E1,5.109887719E-1,-1.848630905E-1,5.419138074E-1
4.227182741E1,5.054910183E-1,-2.196824104E-1,5.419138074E-1
4.227382741E1,4.957171381E-1,-2.545017302E-1,5.370268822E-1
4.227582741E1,4.908302128E-1,-2.709950805E-1,5.321399570E-1
4.227782738E1,4.859432876E-1,-2.966514230E-1,5.272530913E-1
4.227982734E1,4.773911834E-1,-3.216969073E-1,5.223661661E-1
4.228182817E1,4.773911834E-1,-3.345250785E-1,5.205335617E-1
4.228382904E1,4.676173329E-1,-3.577379584E-1,5.101488233E-1
4.228582901E1,4.621195495E-1,-3.791182339E-1,5.040401816E-1
4.228782897E1,4.584543705E-1,-3.931681514E-1,4.997641146E-1
4.228982894E1,4.474588037E-1,-4.114941061E-1,4.881576896E-1
4.229182890E1,4.431827366E-1,-4.243222773E-1,4.802164435E-1
4.229382890E1,4.419609904E-1,-4.310417771E-1,4.734969139E-1
4.229582894E1,4.364632070E-1,-4.377613068E-1,4.673882723E-1
4.229782897E1,4.279111028E-1,-4.426482320E-1,4.600578845E-1
4.229982900E1,4.248567820E-1,-4.426482320E-1,4.533383846E-1
4.230182817E1,4.132503271E-1,-4.450916946E-1,4.368450046E-1
4.230382730E1,4.175263941E-1,-4.426482320E-1,4.325689375E-1
4.230582734E1,4.108068645E-1,-4.426482320E-1,4.301255047E-1
4.230782774E1,4.065308273E-1,-4.359287024E-1,4.172973335E-1
4.230982774E1,4.022547603E-1,-4.304309189E-1,4.056908786E-1
4.231182770E1,3.992004395E-1,-4.292092025E-1,4.008039534E-1
4.231382767E1,3.851505518E-1,-4.212679565E-1,3.867540658E-1
4.231582763E1,3.772092760E-1,-4.127158225E-1,3.702606857E-1
4.231782760E1,3.698789179E-1,-4.078288972E-1,3.610977232E-1
4.231982757E1,3.607159257E-1,-3.937790096E-1,3.446043432E-1
4.232182840E1,3.460551500E-1,-3.864486217E-1,3.250566721E-1
4.232382886E1,3.417791128E-1,-3.821725547E-1,3.165045679E-1
4.232582886E1,3.265074790E-1,-3.742313087E-1,3.000111878E-1
4.232782886E1,3.149010241E-1,-3.632357419E-1,2.890156209E-1
4.232982886E1,3.063489199E-1,-3.577379584E-1,2.816852331E-1
4.233182886E1,2.953533530E-1,-3.430771828E-1,2.700788081E-1
4.233382886E1,2.794708610E-1,-3.278055489E-1,2.651918828E-1
4.233582886E1,2.788599730E-1,-3.229186535E-1,2.615266740E-1
4.233782886E1,2.703078687E-1,-3.064252734E-1,2.499202490E-1
4.233982886E1,2.611449063E-1,-2.868776023E-1,2.407572716E-1
4.234182800E1,2.483167201E-1,-2.709950805E-1,2.285399586E-1
4.234382713E1,2.483167201E-1,-2.709950805E-1,2.285399586E-1
4.234582716E1,2.422080636E-1,-2.642755806E-1,2.236530334E-1
4.234782720E1,2.330450863E-1,-2.618321180E-1,2.212095708E-1
4.234982723E1,2.336559594E-1,-2.606103718E-1,2.163226604E-1
4.235182726E1,2.306016237E-1,-2.612212598E-1,2.126574665E-1
4.235382730E1,2.287690341E-1,-2.691625059E-1,2.077705413E-1
4.235582730E1,2.287690341E-1,-2.703842223E-1,2.028836161E-1
4.235782726E1,2.306016237E-1,-2.807689309E-1,1.979966909E-1
4.235982723E1,2.348776907E-1,-2.935971022E-1,1.870011240E-1
4.236182806E1,2.367102802E-1,-2.990948856E-1,1.833359301E-1
4.236382893E1,2.428189367E-1,-3.161991239E-1,1.760055423E-1
4.236582889E1,2.544253767E-1,-3.381902575E-1,1.680642962E-1
4.236782886E1,2.611449063E-1,-3.479641080E-1,1.637882441E-1
4.236982882E1,2.648100853E-1,-3.742313087E-1,1.540143937E-1
4.237182882E1,2.703078687E-1,-4.023311138E-1,1.436296850E-1
4.237382886E1,2.764165103E-1,-4.176027477E-1,1.381319016E-1
4.237582889E1,2.874121070E-1,-4.487568736E-1,1.301906556E-1
4.237782892E1,2.916881442E-1,-4.805218875E-1,1.228602752E-1
4.237982896E1,2.984076738E-1,-4.988478422E-1,1.173624843E-1
4.238182812E1,3.014619946E-1,-5.568800569E-1,1.069777757E-1
4.238382732E1,3.039054573E-1,-5.776494741E-1,1.020908505E-1
4.238582736E1,3.008511364E-1,-6.026949286E-1,9.720393270E-2
4.238782739E1,2.984076738E-1,-6.472880840E-1,8.987355232E-2
4.238982739E1,2.977968156E-1,-6.876052022E-1,8.315403014E-2
4.239182739E1,2.959642112E-1,-7.016550899E-1,8.009970188E-2
4.239382739E1,2.904664278E-1,-7.315874696E-1,7.887797803E-2
4.239582739E1,2.910772860E-1,-7.596873045E-1,8.071056753E-2
4.239782739E1,2.880229652E-1,-7.737371922E-1,8.193229884E-2
4.239982739E1,2.819143236E-1,-8.006152511E-1,8.132143319E-2
4.240182825E1,2.764165103E-1,-8.244389892E-1,7.643451542E-2
4.240382912E1,2.721404731E-1,-8.354345560E-1,7.460191846E-2
4.240582909E1,2.654209435E-1,-8.470410109E-1,6.971499324E-2
4.240782905E1,2.648100853E-1,-8.568148613E-1,6.177374721E-2
4.240982902E1,2.587014437E-1,-8.580365777E-1,6.116288155E-2
4.241182898E1,2.562579811E-1,-8.604800701E-1,5.261076987E-2
4.241382895E1,2.446515262E-1,-8.549822569E-1,4.711298272E-2
4.241582892E1,2.489275932E-1,-8.494845033E-1,4.344778880E-2
4.241782892E1,2.434297949E-1,-8.287150860E-1,3.428481147E-2
4.241982892E1,2.403754741E-1,-8.128325939E-1,2.145664208E-2
4.242182808E1,2.379320115E-1,-7.865653634E-1,-2.977967961E-3
4.242382825E1,2.379320115E-1,-7.865653634E-1,-2.977967961E-3
4.242582828E1,2.299907655E-1,-7.719045877E-1,-2.313652076E-2
4.242782831E1,2.232712507E-1,-7.651850581E-1,-3.352123126E-2
4.242982835E1,2.110539377E-1,-7.474699616E-1,-5.978843570E-2
4.243182838E1,2.000583708E-1,-7.297548652E-1,-9.033169597E-2
4.243382838E1,1.927279830E-1,-7.224245071E-1,-1.068250611E-1
4.243582835E1,1.798998117E-1,-7.022659779E-1,-1.404226422E-1
4.243782831E1,1.621847153E-1,-6.802747846E-1,-1.813506186E-1
4.243982828E1,1.511891484E-1,-6.711118221E-1,-2.051743716E-1
4.244182911E1,1.255328059E-1,-6.497315168E-1,-2.509892583E-1
4.244382991E1,1.004873365E-1,-6.259077787E-1,-2.955824137E-1
4.244582988E1,8.704829961E-2,-6.155230999E-1,-3.187952936E-1
4.244782984E1,5.711590126E-2,-5.941427946E-1,-3.652210534E-1
4.244982984E1,2.657263726E-2,-5.758168697E-1,-4.134794176E-1
4.245182988E1,1.191187184E-2,-5.727625489E-1,-4.397466183E-1
4.245382991E1,-1.740965992E-2,-5.684864521E-1,-4.880049825E-1
4.245582994E1,-5.100724846E-2,-5.709299445E-1,-5.350415707E-1
4.245782998E1,-6.811147183E-2,-5.776494741E-1,-5.564218760E-1
4.245983001E1,-9.804387391E-2,-5.923101902E-1,-6.016259193E-1
4.246182917E1,-1.346957833E-1,-6.161339283E-1,-6.614906788E-1
4.246382831E1,-1.346957833E-1,-6.161339283E-1,-6.614906788E-1
4.246582834E1,-1.609629989E-1,-6.307947040E-1,-7.005860806E-1
4.246782834E1,-1.829541475E-1,-6.466771960E-1,-7.335727811E-1
4.246982834E1,-1.988366395E-1,-6.607271433E-1,-7.671703696E-1
4.247182834E1,-2.116648108E-1,-6.668357849E-1,-7.854963541E-1
4.247382834E1,-2.263255715E-1,-6.723335385E-1,-8.148179054E-1
4.247582834E1,-2.397646159E-1,-6.717227101E-1,-8.441393971E-1
4.247782834E1,-2.452623993E-1,-6.711118221E-1,-8.606327772E-1
4.247982834E1,-2.593123019E-1,-6.619488597E-1,-8.887325525E-1
4.248182917E1,-2.776382565E-1,-6.497315168E-1,-9.186649919E-1
4.248382901E1,-2.843577862E-1,-6.399577260E-1,-9.333257079E-1
4.248582897E1,-3.008511364E-1,-6.118578911E-1,-9.663124681E-1
4.248782894E1,-3.228422701E-1,-5.623778105E-1,-9.956340194E-1
4.248982890E1,-3.350595832E-1,-5.354997516E-1,-1.010905623E0
4.249182887E1,-3.619376719E-1,-4.695262909E-1,-1.036561966E0
4.249382884E1,-3.930917978E-1,-3.974441886E-1,-1.059774876E0
4.249582884E1,-4.095851481E-1,-3.583488166E-1,-1.070159554E0
4.249782884E1,-4.523457289E-1,-2.850449979E-1,-1.090928912E0
4.249982887E1,-4.993823469E-1,-2.172389477E-1,-1.115974426E0
4.250182804E1,-5.708535910E-1,-1.213331074E-1,-1.145906806E0
4.250382760E1,-5.708535910E-1,-1.213331074E-1,-1.145906806E0
4.250582763E1,-6.246097088E-1,-6.818783283E-2,-1.161789298E0
4.250782767E1,-6.582072973E-1,-4.986187443E-2,-1.170952320E0
4.250982770E1,-7.180721164E-1,-2.054034360E-2,-1.186223984E0
4.251182770E1,-7.742717266E-1,-4.657847341E-3,-1.200273871E0
4.251382767E1,-8.078693151E-1,2.290744742E-4,-1.206993341E0
4.251582763E1,-8.677340746E-1,5.115996581E-3,-1.219210625E0
4.251782760E1,-9.269880056E-1,3.283400787E-3,-1.224708438E0
4.251982756E1,-9.526443481E-1,2.290744742E-4,-1.228373647E0
4.252182913E1,-1.004567862E0,-1.603521290E-3,-1.223486781E0
4.252383000E1,-1.057102323E0,-1.076649968E-2,-1.217378020E0
4.252582996E1,-1.081536889E0,-1.198823005E-2,-1.211880326E0
4.252782996E1,-1.119410515E0,-5.879578181E-3,-1.196608663E0
4.252982996E1,-1.154229879E0,1.611157134E-2,-1.178282738E0
4.253182996E1,-1.167058110E0,2.955060638E-2,-1.169730544E0
4.253382996E1,-1.197601318E0,5.520694703E-2,-1.146517754E0
4.253582996E1,-1.229977131E0,7.292203605E-2,-1.123915672E0
4.253782996E1,-1.243416190E0,8.452847600E-2,-1.111698389E0
4.253982996E1,-1.279457211E0,9.491318464E-2,-1.087263823E0
4.254182910E1,-1.338100314E0,9.918924421E-2,-1.054277062E0
4.254382820E1,-1.338100314E0,9.918924421E-2,-1.054277062E0
4.254582823E1,-1.388802171E0,9.246972948E-2,-1.028620720E0
4.254782826E1,-1.432173610E0,8.636107296E-2,-1.004186153E0
4.254982829E1,-1.455997348E0,8.330674469E-2,-9.919688106E-1
4.255182833E1,-1.493870974E0,7.964155823E-2,-9.681450725E-1
4.255382836E1,-1.525635958E0,7.047858089E-2,-9.424887300E-1
4.255582839E1,-1.541518450E0,6.070473418E-2,-9.314931631E-1
4.255782843E1,-1.566563964E0,3.565925732E-2,-9.052259326E-1
4.255982843E1,-1.585500717E0,6.948592141E-3,-8.728500605E-1
4.256182926E1,-1.589165926E0,-7.712173741E-3,-8.600218892E-1
4.256382969E1,-1.602604985E0,-3.153591976E-2,-8.288677931E-1
4.256582966E1,-1.605048418E0,-5.535966158E-2,-7.928267121E-1
4.256782962E1,-1.610546231E0,-6.757696718E-2,-7.769442201E-1
4.256982959E1,-1.603826642E0,-9.262244403E-2,-7.421249151E-1
4.257182956E1,-1.591609359E0,-1.164461896E-1,-7.018077970E-1
4.257382956E1,-1.583668113E0,-1.280526221E-1,-6.822600961E-1
4.257582956E1,-1.565953016E0,-1.457677186E-1,-6.419430375E-1
4.257782959E1,-1.545183659E0,-1.616502106E-1,-6.010150313E-1
4.257982962E1,-1.534798980E0,-1.640936732E-1,-5.759695768E-1
4.258182806E1,-1.503644824E0,-1.500437707E-1,-4.580725729E-1
4.258382719E1,-1.503644824E0,-1.500437707E-1,-4.580725729E-1
4.258582722E1,-1.491427541E0,-1.408807933E-1,-4.256967306E-1
4.258782725E1,-1.470658064E0,-1.078940704E-1,-3.609450161E-1
4.258982729E1,-1.454164743E0,-6.146831438E-2,-2.992476225E-1
4.259182732E1,-1.434617043E0,-5.879578181E-3,-2.467132062E-1
4.259382732E1,-1.427286625E0,2.771801129E-2,-2.192242593E-1
4.259582732E1,-1.412014961E0,1.004109755E-1,-1.776854247E-1
4.259782732E1,-1.400408626E0,1.816560477E-1,-1.337031275E-1
4.259982732E1,-1.395521641E0,2.244166136E-1,-1.172097698E-1
4.260182819E1,-1.388802171E0,3.111594915E-1,-8.055785298E-2
4.260382909E1,-1.385747790E0,4.076761901E-1,-4.512767121E-2
4.260582905E1,-1.384526134E0,4.602105916E-1,-2.680171281E-2
4.260782902E1,-1.383915186E0,5.671120286E-1,1.718058437E-2
4.260982898E1,-1.382693529E0,6.727917194E-1,6.604980677E-2
4.261182895E1,-1.382082582E0,7.241044044E-1,9.476047009E-2
4.261382892E1,-1.379028320E0,8.169559240E-1,1.564578563E-1
4.261582888E1,-1.393078208E0,8.823184967E-1,2.120465934E-1
4.261782885E1,-1.400408626E0,9.079748392E-1,2.425898612E-1
4.261982881E1,-1.420567155E0,9.537897110E-1,2.945134044E-1
4.262182795E1,-1.440725684E0,1.016708851E0,3.769802153E-1
4.262382708E1,-1.440725684E0,1.016708851E0,3.769802153E-1
4.262582671E1,-1.448666930E0,1.061912894E0,4.258494377E-1
4.262782675E1,-1.451721311E0,1.116279840E0,4.747186601E-1
4.262982678E1,-1.451110363E0,1.144990563E0,4.997641146E-1
4.263182681E1,-1.456608176E0,1.206687927E0,5.461899042E-1
4.263382684E1,-1.453553796E0,1.268385291E0,5.901721716E-1
4.263582688E1,-1.455386400E0,1.301372051E0,6.097198725E-1
4.263782688E1,-1.454164743E0,1.375286698E0,6.420957446E-1
4.263982684E1,-1.451110363E0,1.447368860E0,6.616434455E-1
4.264182768E1,-1.451110363E0,1.488296866E0,6.720281243E-1
4.264382854E1,-1.455386400E0,1.569541931E0,6.805802584E-1
4.264582851E1,-1.460273385E0,1.655673862E0,6.805802584E-1
4.264782848E1,-1.466382027E0,1.697212696E0,6.769150496E-1
4.264982844E1,-1.470047235E0,1.781512141E0,6.622542739E-1
4.265182841E1,-1.481042743E0,1.865200639E0,6.420957446E-1
4.265382841E1,-1.476766706E0,1.901852608E0,6.323218942E-1
4.265582844E1,-1.482264519E0,1.964771748E0,6.097198725E-1
4.265782847E1,-1.479821086E0,2.017306089E0,5.865070224E-1
4.265982851E1,-1.479210138E0,2.036242962E0,5.706244707E-1
4.266182767E1,-1.465771198E0,2.074727535E0,5.303074121E-1
4.266382880E1,-1.459051609E0,2.069229603E0,5.095379949E-1
4.266582884E1,-1.460884213E0,2.060066700E0,4.893794060E-1
4.266782887E1,-1.455386400E0,2.026468992E0,4.466188550E-1
4.266982890E1,-1.441336513E0,1.970880389E0,4.056908786E-1
4.267182890E1,-1.438893080E0,1.940948009E0,3.812562823E-1
4.267382890E1,-1.424843192E0,1.870698452E0,3.342196345E-1
4.267582890E1,-1.406517267E0,1.776014328E0,2.804635167E-1
4.267782890E1,-1.400408626E0,1.723479986E0,2.535854280E-1
4.267982890E1,-1.388802171E0,1.604361176E0,1.918880492E-1
4.268182977E1,-1.379028320E0,1.465694785E0,1.222494096E-1
4.268383064E1,-1.371697903E0,1.392390966E0,8.437576145E-2
4.268583100E1,-1.353371978E0,1.245172501E0,1.046106778E-2
4.268783097E1,-1.326493859E0,1.096732140E0,-5.856670439E-2
4.268983093E1,-1.310611367E0,1.026482701E0,-8.727737516E-2
4.269183090E1,-1.277013779E0,8.902597427E-1,-1.446987092E-1
4.269383087E1,-1.235474944E0,7.638106346E-1,-1.899027377E-1
4.269583083E1,-1.206764340E0,6.966154575E-1,-2.198351324E-1
4.269783080E1,-1.171944976E0,5.573381782E-1,-2.913063765E-1
4.269983080E1,-1.114523649E0,4.693735838E-1,-3.664427996E-1
4.270182996E1,-1.015563488E0,3.679699600E-1,-4.727333486E-1
4.270382910E1,-1.015563488E0,3.679699600E-1,-4.727333486E-1
4.270582913E1,-9.544769526E-1,3.032182455E-1,-5.539784431E-1
4.270782916E1,-9.031642675E-1,2.738966942E-1,-5.955172777E-1
4.270982920E1,-8.805622458E-1,2.219731659E-1,-6.767623425E-1
4.271182923E1,-8.353582025E-1,1.737148017E-1,-7.537313700E-1
4.271382926E1,-7.828238010E-1,1.437824070E-1,-8.172613382E-1
4.271582926E1,-7.590000629E-1,1.376737505E-1,-8.441393971E-1
4.271782923E1,-7.028004527E-1,1.395063549E-1,-8.875108361E-1
4.271982919E1,-6.429356933E-1,1.492801905E-1,-9.235519171E-1
4.272183003E1,-6.099489331E-1,1.584431678E-1,-9.357692003E-1
4.272382889E1,-5.470298529E-1,1.749365330E-1,-9.595929384E-1
4.272582886E1,-4.798346460E-1,1.834886521E-1,-9.840275645E-1
4.272782882E1,-4.486805201E-1,1.871538460E-1,-9.931905270E-1
4.272982879E1,-3.930917978E-1,1.840995103E-1,-1.008462191E0
4.273182879E1,-3.448334336E-1,1.798234582E-1,-1.021290302E0
4.273382879E1,-3.258966208E-1,1.773799956E-1,-1.016403437E0
4.273582879E1,-2.825251818E-1,1.755474061E-1,-1.017625093E0
4.273782879E1,-2.434297949E-1,1.755474061E-1,-1.012738228E0
4.273982879E1,-2.306016237E-1,1.798234582E-1,-1.007851243E0
4.274182792E1,-1.927279830E-1,1.920407563E-1,-9.876927137E-1
4.274382742E1,-1.792889535E-1,2.005928755E-1,-9.760863185E-1
4.274582742E1,-1.731802970E-1,2.085341215E-1,-9.632581472E-1
4.274782742E1,-1.615738571E-1,2.293035388E-1,-9.424887300E-1
4.274982746E1,-1.530217379E-1,2.494620979E-1,-9.174432158E-1
4.275182749E1,-1.505782902E-1,2.616794109E-1,-9.021716118E-1
4.275382752E1,-1.554652005E-1,2.879466116E-1,-8.722392321E-1
4.275582756E1,-1.689042449E-1,3.209333420E-1,-8.355873227E-1
4.275782759E1,-1.774563491E-1,3.404810131E-1,-8.160396218E-1
4.275982762E1,-2.000583708E-1,3.820198476E-1,-7.787768245E-1
4.276182849E1,-2.275473028E-1,4.290564656E-1,-7.335727811E-1
4.276382935E1,-2.434297949E-1,4.516584873E-1,-7.128033638E-1
4.276582909E1,-2.782491148E-1,5.066363811E-1,-6.584363580E-1
4.276782905E1,-3.197879493E-1,5.671120286E-1,-6.034585238E-1
4.276982902E1,-3.411682248E-1,5.976552963E-1,-5.765804052E-1
4.277182899E1,-3.772092760E-1,6.599635482E-1,-5.240460038E-1
4.277382895E1,-4.120286107E-1,7.326564789E-1,-4.702898860E-1
4.277582892E1,-4.315762818E-1,7.680866718E-1,-4.452444017E-1
4.277782892E1,-4.682282209E-1,8.365035653E-1,-3.939317167E-1
4.277982895E1,-4.957171381E-1,9.055313468E-1,-3.432299197E-1
4.278182812E1,-5.329799056E-1,1.011821866E0,-2.723695338E-1
4.278382725E1,-5.329799056E-1,1.011821866E0,-2.723695338E-1
4.278582702E1,-5.580254197E-1,1.077795386E0,-2.277763784E-1
4.278782705E1,-5.696318150E-1,1.111392975E0,-2.051743716E-1
4.278982708E1,-5.861251950E-1,1.168203473E0,-1.636355221E-1
4.279182711E1,-6.007859707E-1,1.225624800E0,-1.220966876E-1
4.279382715E1,-6.093381047E-1,1.249448538E0,-1.043815985E-1
4.279582715E1,-6.166684628E-1,1.289154768E0,-6.406449527E-2
4.279782715E1,-6.197227836E-1,1.327028394E0,-2.557998151E-2
4.279982715E1,-6.215553880E-1,1.341689110E0,-9.697485715E-3
4.280182801E1,-6.154467463E-1,1.371010661E0,1.656972058E-2
4.280382851E1,-6.044511795E-1,1.388725758E0,4.222606122E-2
4.280582851E1,-5.977316499E-1,1.395445347E0,5.199990422E-2
4.280782851E1,-5.842925906E-1,1.402164817E0,7.215845585E-2
4.280982848E1,-5.665774941E-1,1.394834399E0,9.353873879E-2
4.281182844E1,-5.543602109E-1,1.389336586E0,1.039234474E-1
4.281382841E1,-5.317581892E-1,1.369178057E0,1.191950813E-1
4.281582838E1,-5.067127347E-1,1.334358811E0,1.277471930E-1
4.281782834E1,-4.932736754E-1,1.312367678E0,1.338558495E-1
4.281982831E1,-4.682282209E-1,1.265331030E0,1.375210434E-1
4.282182741E1,-4.309654236E-1,1.184085965E0,1.460731477E-1
4.282382651E1,-4.309654236E-1,1.184085965E0,1.460731477E-1
4.282582674E1,-4.028656185E-1,1.124832034E0,1.497383416E-1
4.282782678E1,-3.662137091E-1,1.063745499E0,1.564578563E-1
4.282982681E1,-3.295617998E-1,1.010600209E0,1.637882441E-1
4.283182684E1,-3.118467033E-1,9.867764711E-1,1.674534380E-1
4.283382687E1,-2.666426897E-1,9.397398233E-1,1.808924675E-1
4.283582691E1,-2.275473028E-1,8.945357800E-1,1.931097806E-1
4.283782694E1,-2.079996169E-1,8.713229299E-1,1.992184222E-1
4.283982694E1,-1.627955884E-1,8.297840953E-1,2.108248621E-1
4.284182781E1,-1.237002090E-1,7.906886935E-1,2.205987126E-1
4.284382867E1,-1.023199260E-1,7.778605223E-1,2.273182273E-1
4.284582891E1,-5.711590126E-2,7.467064261E-1,2.383138090E-1
4.284782887E1,-1.557706390E-2,7.143305540E-1,2.505311072E-1
4.284982884E1,2.748893574E-3,6.996697783E-1,2.548071742E-1
4.285182880E1,4.184427112E-2,6.685156822E-1,2.664135993E-1
4.285382877E1,8.277224004E-2,6.373615265E-1,2.761874497E-1
4.285582877E1,9.865473956E-2,6.239224672E-1,2.798526287E-1
4.285782877E1,1.316414624E-1,5.970444083E-1,2.920699418E-1
4.285982877E1,1.603521258E-1,5.713880658E-1,3.018437922E-1
4.286182790E1,1.982257664E-1,5.451208949E-1,3.128393590E-1
4.286382744E1,1.982257664E-1,5.451208949E-1,3.128393590E-1
4.286582744E1,2.171625942E-1,5.310709476E-1,3.177262843E-1
4.286782744E1,2.275473028E-1,5.255731940E-1,3.268892765E-1
4.286982744E1,2.452623993E-1,5.151884556E-1,3.366630971E-1
4.287182744E1,2.544253767E-1,5.048037767E-1,3.494912684E-1
4.287382747E1,2.611449063E-1,5.005277395E-1,3.568216562E-1
4.287582750E1,2.629774809E-1,4.858669341E-1,3.714824319E-1
4.287782753E1,2.635883391E-1,4.693735838E-1,3.873649240E-1
4.287982757E1,2.648100853E-1,4.626540542E-1,3.965279162E-1
4.288182847E1,2.623666227E-1,4.473824203E-1,4.105778039E-1
4.288382940E1,2.635883391E-1,4.327216744E-1,4.264602959E-1
4.288582943E1,2.599231601E-1,4.290564656E-1,4.331798255E-1
4.288782943E1,2.660318017E-1,4.223369658E-1,4.496731758E-1
4.288982940E1,2.709187269E-1,4.168391824E-1,4.667774141E-1
4.289182936E1,2.703078687E-1,4.168391824E-1,4.765512347E-1
4.289382933E1,2.788599730E-1,4.150065780E-1,4.948772192E-1
4.289582930E1,2.904664278E-1,4.156174362E-1,5.144249201E-1
4.289782926E1,2.977968156E-1,4.174500406E-1,5.241987109E-1
4.289982923E1,3.081815243E-1,4.205043614E-1,5.461899042E-1
4.290182833E1,3.368921876E-1,4.253912866E-1,5.785657167E-1
4.290382943E1,3.368921876E-1,4.253912866E-1,5.785657167E-1
4.290582946E1,3.521638215E-1,4.321108162E-1,5.993351340E-1
4.290782950E1,3.686571717E-1,4.345542490E-1,6.207154393E-1
4.290982953E1,3.723223805E-1,4.345542490E-1,6.341544986E-1
4.291182956E1,3.979786932E-1,4.382194579E-1,6.530913115E-1
4.291382959E1,4.163046777E-1,4.437172413E-1,6.756933331E-1
4.291582963E1,4.248567820E-1,4.461607039E-1,6.866889000E-1
4.291782966E1,4.486805201E-1,4.498258829E-1,7.092909217E-1
4.291982969E1,4.712825418E-1,4.589888752E-1,7.318929434E-1
4.292183056E1,4.834998548E-1,4.614323378E-1,7.392233014E-1
4.292383103E1,5.103778839E-1,4.718170464E-1,7.606036067E-1
4.292583102E1,5.415320396E-1,4.834234715E-1,7.819838524E-1
4.292783102E1,5.537493229E-1,4.895321429E-1,7.917577028E-1
4.292983103E1,5.873469114E-1,5.029711723E-1,8.106945157E-1
4.293183102E1,6.246097088E-1,5.164102316E-1,8.326857090E-1
4.293383099E1,6.423248053E-1,5.225188732E-1,8.424595594E-1
4.293583096E1,6.765332818E-1,5.359578729E-1,8.613963723E-1
4.293783092E1,7.107416987E-1,5.487860441E-1,8.760571480E-1
4.293983089E1,7.260133624E-1,5.518403649E-1,8.833875060E-1
4.294182999E1,7.950411439E-1,5.726097822E-1,9.041569233E-1
4.294382906E1,7.950411439E-1,5.726097822E-1,9.041569233E-1
4.294582902E1,8.158105612E-1,5.756641626E-1,9.078221321E-1
4.294782899E1,8.469646573E-1,5.848271251E-1,9.157633781E-1
4.294982899E1,8.830057383E-1,5.897140503E-1,9.182068110E-1
4.295182902E1,9.104946256E-1,5.903248787E-1,9.163742065E-1
4.295382905E1,9.227119684E-1,5.891031623E-1,9.175959826E-1
4.295582909E1,9.483683109E-1,5.848271251E-1,9.108764529E-1
4.295782912E1,9.715811610E-1,5.762749910E-1,9.066003561E-1
4.295982915E1,9.801332951E-1,5.701663494E-1,9.004917145E-1
4.296183005E1,9.954048991E-1,5.548947453E-1,8.907178640E-1
4.296382898E1,1.005789638E0,5.371796489E-1,8.760571480E-1
4.296582898E1,1.008233070E0,5.286275148E-1,8.687267303E-1
4.296782992E1,1.013730884E0,5.048037767E-1,8.540659547E-1
4.296982988E1,1.014341712E0,4.852560759E-1,8.375726342E-1
4.297182985E1,1.009454846E0,4.718170464E-1,8.265770078E-1
4.297382982E1,9.996809959E-1,4.473824203E-1,8.033641577E-1
4.297582978E1,9.874636531E-1,4.211152196E-1,7.764860988E-1
4.297782975E1,9.801332951E-1,4.101196527E-1,7.606036067E-1
4.297982971E1,9.599747062E-1,3.881285191E-1,7.361689806E-1
4.298182885E1,9.233227968E-1,3.600287139E-1,6.970735788E-1
4.298382841E1,9.233227968E-1,3.600287139E-1,6.970735788E-1
4.298582845E1,8.915578127E-1,3.465896547E-1,6.708064079E-1
4.298782848E1,8.512406945E-1,3.276528418E-1,6.414848566E-1
4.298982851E1,8.310821652E-1,3.203224540E-1,6.292675734E-1
4.299182855E1,7.950411439E-1,2.989421785E-1,5.993351340E-1
4.299382858E1,7.516697049E-1,2.836705446E-1,5.730679631E-1
4.299582861E1,7.315111160E-1,2.745075822E-1,5.577962995E-1
4.299782864E1,6.795876026E-1,2.531272769E-1,5.290856361E-1
4.299982864E1,6.301075220E-1,2.305252701E-1,5.046510696E-1
4.300182951E1,6.050620079E-1,2.176970989E-1,4.906011522E-1
4.300383041E1,5.482515693E-1,1.895972937E-1,4.649448097E-1
4.300583041E1,4.871650338E-1,1.559997052E-1,4.392884672E-1
4.300783041E1,4.517348409E-1,1.395063549E-1,4.264602959E-1
4.300983041E1,3.833179474E-1,1.083522215E-1,3.989713490E-1
4.301183038E1,3.149010241E-1,7.414376736E-2,3.702606857E-1
4.301383034E1,2.739730477E-1,5.703954399E-2,3.574325144E-1
4.301583031E1,1.939497143E-1,1.672243699E-2,3.275001347E-1
4.301783027E1,1.120937690E-1,-2.237293869E-2,2.951242626E-1
4.301983024E1,7.299839705E-2,-3.764457256E-2,2.786309123E-1
4.302182934E1,-4.673119262E-2,-7.735081017E-2,2.254856378E-1
4.302382841E1,-8.277224004E-2,-8.773551881E-2,2.065488100E-1
4.302582837E1,-1.188132912E-1,-9.567677230E-2,1.900554448E-1
4.302782741E1,-1.841758788E-1,-1.060614809E-1,1.552361250E-1
4.302982744E1,-2.440406680E-1,-1.103375331E-1,1.283580661E-1
4.303182747E1,-2.696970105E-1,-1.115592644E-1,1.155298874E-1
4.303382750E1,-3.167336285E-1,-1.066723466E-1,9.353873879E-2
4.303582714E1,-3.582724631E-1,-9.689849615E-2,7.154759020E-2
4.303782717E1,-3.802636266E-1,-8.712465316E-2,6.177374721E-2
4.303982720E1,-4.095851481E-1,-6.330090761E-2,4.650211707E-2
4.304161009E1,-4.291328490E-1,-3.581197560E-2,3.550654277E-2
4.304361055E1,-4.376849532E-1,-1.626428775E-2,3.306308016E-2
4.304561052E1,-4.523457289E-1,2.466368489E-2,3.184135258E-2
4.304761048E1,-4.554000497E-1,6.864598393E-2,3.245221451E-2
4.304961045E1,-4.566217661E-1,9.246972948E-2,3.367394581E-2
4.305161042E1,-4.529565871E-1,1.431715488E-1,4.344778880E-2
4.305361038E1,-4.450153410E-1,1.950950921E-1,5.444336683E-2
4.305561035E1,-4.444044530E-1,2.201405615E-1,5.933028832E-2
4.305761031E1,-4.309654236E-1,2.732858360E-1,7.582364976E-2
4.305961031E1,-4.156937897E-1,3.233767748E-1,9.414960444E-2
4.306160948E1,-3.888157308E-1,3.942371607E-1,1.277471930E-1
4.306360861E1,-3.888157308E-1,3.942371607E-1,1.277471930E-1
4.306560865E1,-3.686571717E-1,4.412737787E-1,1.527926624E-1
4.306760868E1,-3.436116874E-1,4.931973219E-1,1.686751693E-1
4.306960871E1,-3.283400834E-1,5.225188732E-1,1.955532432E-1
4.307160875E1,-2.965750694E-1,5.768858790E-1,2.248747647E-1
4.307360878E1,-2.654209435E-1,6.343072057E-1,2.596940994E-1
4.307560881E1,-2.513710558E-1,6.642395854E-1,2.713005245E-1
4.307760881E1,-2.128865421E-1,7.308239341E-1,3.030655086E-1
4.307960881E1,-1.756237596E-1,8.035168648E-1,3.329979181E-1
4.308160968E1,-1.536326110E-1,8.438339829E-1,3.476586938E-1
4.308361058E1,-1.084285825E-1,9.275225401E-1,3.751476109E-1
4.308561058E1,-6.383541971E-2,1.010600209E0,3.995822370E-1
4.308761058E1,-4.367686436E-2,1.050306439E0,4.069126248E-1
4.308961054E1,3.054326226E-4,1.129108071E0,4.221842289E-1
4.309161051E1,4.184427112E-2,1.198746681E0,4.295146167E-1
4.309361048E1,6.627888232E-2,1.230511665E0,4.344015419E-1
4.309561084E1,1.127046347E-1,1.286100388E0,4.368450046E-1
4.309761081E1,1.585195363E-1,1.326417565E0,4.380667508E-1
4.309961077E1,1.853975952E-1,1.339856505E0,4.350124002E-1
4.310160987E1,2.587014437E-1,1.376508474E0,4.331798255E-1
4.310360904E1,2.874121070E-1,1.382617116E0,4.301255047E-1
4.310560904E1,3.155119121E-1,1.389336586E0,4.331798255E-1
4.310760907E1,3.704897761E-1,1.395445347E0,4.368450046E-1
4.310960911E1,4.218024611E-1,1.389336586E0,4.423427880E-1
4.311160914E1,4.456261992E-1,1.381395340E0,4.441753924E-1
4.311360917E1,4.920519590E-1,1.350852132E0,4.460079968E-1
4.311560920E1,5.317581892E-1,1.304426432E0,4.380667508E-1
4.311760924E1,5.506950021E-1,1.270828843E0,4.307363629E-1
4.311960927E1,5.732970238E-1,1.199357510E0,4.056908786E-1
4.312161014E1,5.830708742E-1,1.113225579E0,3.763693571E-1
4.312361100E1,5.891795158E-1,1.069854140E0,3.617085814E-1
4.312561097E1,5.757405162E-1,9.678395987E-1,3.268892765E-1
4.312761093E1,5.598580241E-1,8.346710205E-1,2.786309123E-1
4.312961090E1,5.378668308E-1,7.583128214E-1,2.462550551E-1
4.313161087E1,4.902193546E-1,5.842162371E-1,1.766164154E-1
4.313361083E1,4.175263941E-1,3.893502355E-1,9.476047009E-2
4.313561080E1,3.692680299E-1,2.800053656E-1,4.589125142E-2
4.313761080E1,2.605340183E-1,6.498079002E-2,-6.650795043E-2
4.313961080E1,1.298088580E-1,-1.524872333E-1,-1.984548420E-1
4.314160993E1,-7.238753140E-2,-5.214498639E-1,-4.342488348E-1
4.314360990E1,-7.238753140E-2,-5.214498639E-1,-4.342488348E-1
4.314560990E1,-1.994474977E-1,-7.755697966E-1,-6.150649190E-1
4.314760990E1,-2.580905557E-1,-8.946884871E-1,-7.146359682E-1
4.314960900E1,-3.711006343E-1,-1.100550056E0,-9.125562906E-1
4.315160900E1,-4.627304375E-1,-1.251433849E0,-1.107422352E0
4.315360900E1,-4.993823469E-1,-1.302746534E0,-1.202106476E0
4.315560903E1,-5.592471361E-1,-1.365054727E0,-1.372537851E0
4.315760906E1,-5.965099335E-1,-1.371774316E0,-1.514258623E0
4.315960910E1,-5.977316499E-1,-1.363222122E0,-1.571679950E0
4.316161000E1,-5.958990455E-1,-1.322905064E0,-1.659644485E0
4.316361083E1,-5.592471361E-1,-1.257542491E0,-1.718898416E0
4.316561086E1,-5.280929804E-1,-1.210505843E0,-1.743943930E0
4.316761080E1,-4.376849532E-1,-1.093830585E0,-1.786704540E0
4.316961080E1,-3.112358451E-1,-9.460011721E-1,-1.816636920E0
4.317161076E1,-2.373211533E-1,-8.641452193E-1,-1.829465032E0
4.317361073E1,-8.155050874E-2,-6.876052022E-1,-1.853288770E0
4.317561069E1,9.193521738E-2,-4.951826334E-1,-1.868560433E0
4.317761066E1,1.866193265E-1,-3.913355470E-1,-1.874058247E0
4.317961062E1,3.784310222E-1,-1.830305010E-1,-1.874669075E0
4.318160972E1,6.435465217E-1,1.181260645E-1,-1.854510546E0
4.318360882E1,6.435465217E-1,1.181260645E-1,-1.854510546E0
4.318560886E1,8.127561808E-1,3.013856411E-1,-1.821523786E0
4.318760889E1,9.636399150E-1,4.583780169E-1,-1.758604646E0
4.318960892E1,1.098641157E0,5.909357667E-1,-1.677970529E0
4.319160896E1,1.153619051E0,6.501896977E-1,-1.630322933E0
4.319360899E1,1.261131287E0,7.442629337E-1,-1.525254130E0
4.319560902E1,1.308778763E0,7.650323510E-1,-1.401248455E0
4.319760906E1,1.317330956E0,7.558693886E-1,-1.334664226E0
4.319960909E1,1.326493859E0,7.485389709E-1,-1.169730544E0
4.320160996E1,1.316109180E0,7.265478373E-1,-9.864709973E-1
4.320360999E1,1.302670121E0,7.149413824E-1,-8.923977613E-1
4.320560999E1,1.269683361E0,6.825655699E-1,-6.969208717E-1
4.320760999E1,1.206764340E0,6.288093925E-1,-4.971679449E-1
4.320961089E1,1.167058110E0,5.915466547E-1,-3.982077837E-1
4.321161089E1,1.066265345E0,5.011385679E-1,-2.027309090E-1
4.321361092E1,9.367618561E-1,3.832415938E-1,-3.588833380E-3
4.321561089E1,8.683449626E-1,3.209333420E-1,9.414960444E-2
4.321761085E1,7.137960196E-1,2.128101736E-1,2.810743749E-1
4.321961082E1,5.494732857E-1,1.291216463E-1,4.466188550E-1
4.322160992E1,2.904664278E-1,4.909829423E-2,6.524804235E-1
4.322360932E1,2.904664278E-1,4.909829423E-2,6.524804235E-1
4.322560929E1,1.175915599E-1,3.077233583E-2,7.599927187E-1
4.322760932E1,3.268129006E-2,2.649627998E-2,8.113054037E-1
4.322960928E1,-1.444696337E-1,6.337726954E-3,8.992699981E-1
4.323160928E1,-3.014619946E-1,-4.657847341E-3,9.744064212E-1
4.323360932E1,-3.698789179E-1,8.399396902E-4,1.007393122E0
4.323560935E1,-4.822781086E-1,2.832887508E-2,1.061149240E0
4.323760938E1,-5.812382698E-1,5.826127157E-2,1.113072872E0
4.323960942E1,-6.252205968E-1,6.986771524E-2,1.139340043E0
4.324161032E1,-7.003570199E-1,1.010218412E-1,1.194317937E0
4.324361125E1,-7.620543838E-1,1.370628923E-1,1.244408846E0
4.324561125E1,-7.907650471E-1,1.541671157E-1,1.271286964E0
4.324761125E1,-8.304712772E-1,1.914298981E-1,1.319545269E0
4.324961122E1,-8.616254330E-1,2.323578745E-1,1.361694932E0
4.325161118E1,-8.738427162E-1,2.543490231E-1,1.377577543E0
4.325361115E1,-8.860600591E-1,3.013856411E-1,1.405677319E0
4.325561111E1,-8.909469843E-1,3.581961095E-1,1.422170639E0
4.325761108E1,-8.921687007E-1,3.905719519E-1,1.424003243E0
4.325961104E1,-8.805622458E-1,4.571562707E-1,1.417894602E0
4.326161018E1,-8.457429409E-1,5.646685362E-1,1.384297013E0
4.326360931E1,-8.457429409E-1,5.646685362E-1,1.384297013E0
4.326560934E1,-8.139779568E-1,6.416375637E-1,1.345812440E0
4.326760938E1,-7.693848014E-1,7.228826880E-1,1.290223718E0
4.326960941E1,-7.486153841E-1,7.619780302E-1,1.259680510E0
4.327160944E1,-6.948592067E-1,8.481100202E-1,1.183322310E0
4.327360944E1,-6.356052756E-1,9.305768609E-1,1.095357776E0
4.327560948E1,-6.050620079E-1,9.672287703E-1,1.045266747E0
4.327760951E1,-5.421429276E-1,1.036867380E0,9.456957579E-1
4.327960951E1,-4.871650338E-1,1.090012670E0,8.436812758E-1
4.328161038E1,-4.590652287E-1,1.110782146E0,7.935903072E-1
4.328361094E1,-4.053090811E-1,1.138270974E0,6.921866536E-1
4.328561094E1,-3.472768962E-1,1.150488377E0,5.981134176E-1
4.328761094E1,-3.203988075E-1,1.149877429E0,5.510768294E-1
4.328961094E1,-2.672535479E-1,1.138270974E0,4.667774141E-1
4.329161094E1,-2.153300047E-1,1.108949542E0,3.910301030E-1
4.329361124E1,-1.884519309E-1,1.087569237E0,3.568216562E-1
4.329561121E1,-1.334740520E-1,1.024039268E0,2.932916880E-1
4.329761117E1,-8.277224004E-2,9.366855025E-1,2.425898612E-1
4.329961114E1,-5.222897977E-2,8.841511011E-1,2.236530334E-1
4.330161024E1,6.566801667E-2,6.434701681E-1,1.643991023E-1
4.330360930E1,6.566801667E-2,6.434701681E-1,1.643991023E-1
4.330560927E1,9.315694869E-2,5.738315582E-1,1.576795876E-1
4.330760924E1,1.548543423E-1,4.266130030E-1,1.369101703E-1
4.330960924E1,2.220495194E-1,2.745075822E-1,1.234711409E-1
4.331160927E1,2.910772860E-1,1.187369302E-1,1.136972904E-1
4.331360930E1,3.265074790E-1,3.749185428E-2,1.100321040E-1
4.331560934E1,3.979786932E-1,-1.133918613E-1,1.075886413E-1
4.331760937E1,4.718934000E-1,-2.557234764E-1,1.088103727E-1
4.331960940E1,5.128213763E-1,-3.259729743E-1,1.106429696E-1
4.332161030E1,5.775730610E-1,-4.695262909E-1,1.173624843E-1
4.332361120E1,6.447682381E-1,-6.033058167E-1,1.228602752E-1
4.332561120E1,6.759223938E-1,-6.631705761E-1,1.271363348E-1
4.332761117E1,7.345654368E-1,-7.688502669E-1,1.295797974E-1
4.332961113E1,7.852672935E-1,-8.610908985E-1,1.289689243E-1
4.333161110E1,8.072584271E-1,-9.026297331E-1,1.277471930E-1
4.333361107E1,8.414669037E-1,-9.741010070E-1,1.277471930E-1
4.333561103E1,8.860600591E-1,-1.020526767E0,1.283580661E-1
4.333761100E1,8.994990587E-1,-1.048015714E0,1.277471930E-1
4.333961100E1,9.300423265E-1,-1.082834959E0,1.271363348E-1
4.334161013E1,9.392052889E-1,-1.169577837E0,1.143081561E-1
4.334360966E1,9.392052889E-1,-1.169577837E0,1.143081561E-1
4.334560970E1,9.190467596E-1,-1.257542491E0,1.051451787E-1
4.334760973E1,8.878926635E-1,-1.349783063E0,9.414960444E-2
4.334960976E1,8.713992834E-1,-1.391321898E0,9.170614183E-2
4.335160980E1,8.261952400E-1,-1.458517075E0,8.254316449E-2
4.335360950E1,7.932085395E-1,-1.493947268E0,8.071056753E-2
4.335560953E1,7.736608386E-1,-1.500666857E0,8.071056753E-2
4.335760953E1,7.339546084E-1,-1.513494968E0,8.498662710E-2
4.335960953E1,6.930266023E-1,-1.520825386E0,9.170614183E-2
4.336161040E1,6.734789610E-1,-1.517160177E0,9.170614183E-2
4.336361130E1,6.374378800E-1,-1.500666857E0,9.537133574E-2
4.336561130E1,5.995642543E-1,-1.468290925E0,1.008691266E-1
4.336761130E1,5.842925906E-1,-1.456073642E0,1.020908505E-1
4.336961130E1,5.531384945E-1,-1.418810844E0,1.081995070E-1
4.337161126E1,5.219843388E-1,-1.385213256E0,1.222494096E-1
4.337361123E1,4.981606007E-1,-1.371163368E0,1.308015138E-1
4.337561119E1,4.725042582E-1,-1.338176727E0,1.460731477E-1
4.337761116E1,4.413501322E-1,-1.300302982E0,1.582904607E-1
4.337961113E1,4.273002446E-1,-1.276479244E0,1.631773859E-1
4.338161022E1,3.967569768E-1,-1.220890522E0,1.796707362E-1
4.338361122E1,3.906483352E-1,-1.207451463E0,1.821141988E-1
4.338561119E1,3.772092760E-1,-1.194012523E0,1.833359301E-1
4.338761119E1,3.539963961E-1,-1.176297426E0,1.882228553E-1
4.338961122E1,3.283400834E-1,-1.172021389E0,1.937206388E-1
4.339161126E1,3.179553747E-1,-1.173853874E0,1.973858327E-1
4.339361129E1,2.953533530E-1,-1.176297426E0,2.034944892E-1
4.339561132E1,2.849686444E-1,-1.175075650E0,2.083813995E-1
4.339761136E1,2.758056521E-1,-1.175686479E0,2.077705413E-1
4.339961139E1,2.739730477E-1,-1.172632217E0,2.065488100E-1
4.340161229E1,2.715296149E-1,-1.162247539E0,2.041053474E-1
4.340361279E1,2.739730477E-1,-1.159803987E0,2.016618848E-1
4.340561276E1,2.849686444E-1,-1.152473688E0,1.882228553E-1
4.340761272E1,3.014619946E-1,-1.144532442E0,1.717294902E-1
4.340961269E1,3.112358451E-1,-1.139645457E0,1.631773859E-1
4.341161265E1,3.301726580E-1,-1.134147644E0,1.411862224E-1
4.341361262E1,3.454442918E-1,-1.131093383E0,1.204168126E-1
4.341561259E1,3.607159257E-1,-1.132925987E0,1.106429696E-1
4.341761258E1,3.772092760E-1,-1.138423800E0,8.865182102E-2
4.341961258E1,3.949243724E-1,-1.149419308E0,6.788240373E-2
4.342161172E1,4.138612151E-1,-1.170188785E0,3.856086731E-2
4.342361088E1,4.138612151E-1,-1.170188785E0,3.856086731E-2
4.342561088E1,4.285219610E-1,-1.192790747E0,2.267837152E-2
4.342761088E1,4.401284158E-1,-1.215392709E0,1.290452853E-2
4.342961088E1,4.462370574E-1,-1.226388335E0,-4.199698567E-3
4.343161088E1,4.572326243E-1,-1.250822902E0,-2.008219436E-2
4.343361088E1,4.633412957E-1,-1.270981550E0,-3.107776865E-2
4.343561092E1,4.688390791E-1,-1.279533625E0,-3.657555580E-2
4.343761095E1,4.743368626E-1,-1.289307475E0,-4.085161164E-2
4.343961098E1,4.798346460E-1,-1.296026945E0,-4.268420860E-2
4.344161188E1,4.804455042E-1,-1.298470378E0,-4.390593991E-2
4.344361088E1,4.841107130E-1,-1.300913930E0,-4.390593991E-2
4.344561092E1,4.914411008E-1,-1.297248721E0,-4.268420860E-2
4.344761095E1,4.902193546E-1,-1.293583512E0,-3.657555580E-2
4.344961095E1,4.987714589E-1,-1.277090192E0,-2.802344225E-2
4.345161092E1,5.122104883E-1,-1.261207700E0,-1.397354249E-2
4.345361088E1,5.134322643E-1,-1.252044678E0,-7.864889689E-3
4.345561085E1,5.195409060E-1,-1.239827394E0,1.107193250E-2
4.345761081E1,5.268712640E-1,-1.223333955E0,2.512183413E-2
4.345961078E1,5.354233980E-1,-1.212949276E0,4.039346427E-2
4.346160988E1,5.500841737E-1,-1.178740859E0,7.887797803E-2
4.346360934E1,5.525276065E-1,-1.167745233E0,9.109527618E-2
4.346560935E1,5.629123449E-1,-1.154917121E0,1.057560444E-1
4.346760938E1,5.720753074E-1,-1.135369420E0,1.289689243E-1
4.346960941E1,5.824599862E-1,-1.117654324E0,1.540143937E-1
4.347160944E1,5.842925906E-1,-1.106658697E0,1.668425649E-1
4.347360948E1,6.001750827E-1,-1.082224131E0,1.918880492E-1
4.347560951E1,6.044511795E-1,-1.062065601E0,2.151009291E-1
4.347760954E1,6.087272167E-1,-1.052902579E0,2.267073691E-1
4.347960958E1,6.160575747E-1,-1.033965826E0,2.493093759E-1
4.348161048E1,6.172793508E-1,-1.016861558E0,2.719113827E-1
4.348361131E1,6.154467463E-1,-1.004644275E0,2.835178375E-1
4.348561131E1,6.203336716E-1,-9.783770442E-1,3.048981130E-1
4.348761131E1,6.185010672E-1,-9.508880973E-1,3.268892765E-1
4.348961131E1,6.185010672E-1,-9.368382096E-1,3.378848433E-1
4.349161131E1,6.093381047E-1,-9.105709791E-1,3.592651188E-1
4.349361131E1,5.995642543E-1,-8.824712038E-1,3.763693571E-1
4.349561128E1,5.958990455E-1,-8.696430326E-1,3.867540658E-1
4.349761124E1,5.842925906E-1,-8.470410109E-1,4.026365578E-1
4.349961121E1,5.745187402E-1,-8.250498772E-1,4.203516543E-1
4.350161031E1,5.629123449E-1,-7.798458338E-1,4.460079968E-1
4.350360937E1,5.629123449E-1,-7.798458338E-1,4.460079968E-1
4.350560934E1,5.549710989E-1,-7.486917377E-1,4.625013471E-1
4.350760930E1,5.519167781E-1,-7.315874696E-1,4.667774141E-1
4.350960927E1,5.396994352E-1,-6.961572766E-1,4.765512347E-1
4.351160927E1,5.372560024E-1,-6.558402181E-1,4.869359732E-1
4.351360930E1,5.409211516E-1,-6.381251216E-1,4.899902940E-1
4.351560934E1,5.354233980E-1,-6.100252867E-1,4.954880774E-1
4.351760937E1,5.354233980E-1,-5.721516609E-1,5.046510696E-1
4.351960940E1,5.360342264E-1,-5.544365644E-1,5.077053905E-1
4.352161030E1,5.403103232E-1,-5.251150131E-1,5.101488233E-1
4.352361084E1,5.439754725E-1,-5.031238794E-1,5.162574649E-1
4.352561087E1,5.470298529E-1,-4.896848500E-1,5.211443901E-1
4.352761087E1,5.549710989E-1,-4.695262909E-1,5.272530913E-1
4.352961084E1,5.653557777E-1,-4.548655450E-1,5.370268822E-1
4.353161080E1,5.745187402E-1,-4.469242990E-1,5.394703746E-1
4.353361077E1,5.910121202E-1,-4.334852397E-1,5.443572998E-1
4.353561073E1,6.099489331E-1,-4.206570685E-1,5.468007326E-1
4.353761070E1,6.197227836E-1,-4.176027477E-1,5.468007326E-1
4.353961067E1,6.441574097E-1,-4.066071808E-1,5.480225086E-1
4.354160977E1,6.765332818E-1,-3.986659348E-1,5.486333370E-1
4.354360886E1,6.765332818E-1,-3.986659348E-1,5.486333370E-1
4.354560890E1,7.021896243E-1,-3.956116140E-1,5.510768294E-1
4.354760893E1,7.247915864E-1,-3.956116140E-1,5.480225086E-1
4.354960896E1,7.516697049E-1,-3.980550766E-1,5.510768294E-1
4.355160900E1,7.614435554E-1,-3.992767930E-1,5.522985458E-1
4.355360903E1,7.877107263E-1,-4.072180390E-1,5.559637547E-1
4.355560906E1,8.054258227E-1,-4.194353521E-1,5.565745831E-1
4.355760910E1,8.206974864E-1,-4.273765981E-1,5.553528666E-1
4.355960913E1,8.335255980E-1,-4.475351572E-1,5.626832247E-1
4.356161000E1,8.561276197E-1,-4.603633285E-1,5.657375455E-1
4.356361090E1,8.628471494E-1,-4.695262909E-1,5.681810379E-1
4.356561090E1,8.793405294E-1,-4.793001413E-1,5.730679631E-1
4.356761090E1,8.976664543E-1,-4.915174544E-1,5.810092092E-1
4.356961090E1,9.062185884E-1,-4.951826334E-1,5.834526420E-1
4.357161090E1,9.141598344E-1,-5.080108047E-1,5.889504552E-1
4.357361086E1,9.318749309E-1,-5.165629387E-1,5.913938880E-1
4.357561083E1,9.361509681E-1,-5.196172595E-1,5.950590968E-1
4.357761079E1,9.532552361E-1,-5.293911099E-1,5.932264924E-1
4.357961076E1,9.593638778E-1,-5.379431844E-1,5.968917012E-1
4.358160986E1,9.666942358E-1,-5.538256764E-1,6.036112309E-1
4.358360896E1,9.666942358E-1,-5.538256764E-1,6.036112309E-1
4.358560892E1,9.605855942E-1,-5.642104149E-1,6.091089845E-1
4.358760889E1,9.605855942E-1,-5.690973401E-1,6.109415889E-1
4.358960889E1,9.563095570E-1,-5.745950937E-1,6.188828349E-1
4.359160889E1,9.556986690E-1,-5.800929070E-1,6.231589317E-1
4.359360892E1,9.483683109E-1,-5.837581158E-1,6.219371557E-1
4.359560896E1,9.440922141E-1,-5.855907202E-1,6.262132525E-1
4.359760899E1,9.367618561E-1,-5.843689442E-1,6.213263273E-1
4.359960902E1,9.324858189E-1,-5.813146234E-1,6.213263273E-1
4.360160992E1,9.251554012E-1,-5.800929070E-1,6.176611185E-1
4.360361086E1,9.129381180E-1,-5.831472278E-1,6.103307605E-1
4.360561086E1,9.111055136E-1,-5.831472278E-1,6.072764397E-1
4.360761082E1,8.964447379E-1,-5.825363398E-1,5.962808132E-1
4.360961079E1,8.897252083E-1,-5.782603025E-1,5.871178508E-1
4.361161075E1,8.817839622E-1,-5.776494741E-1,5.797874928E-1
4.361361072E1,8.677340746E-1,-5.752059817E-1,5.639050007E-1
4.361561069E1,8.573493958E-1,-5.721516609E-1,5.449681282E-1
4.361761065E1,8.463537693E-1,-5.727625489E-1,5.382486582E-1
4.361961062E1,8.231409192E-1,-5.733733773E-1,5.162574649E-1
4.362160975E1,7.987062931E-1,-5.697082281E-1,4.838816226E-1
4.362361088E1,7.987062931E-1,-5.697082281E-1,4.838816226E-1
4.362561088E1,7.797694802E-1,-5.635995269E-1,4.649448097E-1
4.362761088E1,7.608326674E-1,-5.642104149E-1,4.380667508E-1
4.362961088E1,7.473936081E-1,-5.666538477E-1,4.289037585E-1
4.363161088E1,7.278459668E-1,-5.635995269E-1,4.056908786E-1
4.363361088E1,7.058547735E-1,-5.642104149E-1,3.830888569E-1
4.363561088E1,6.973026991E-1,-5.648213029E-1,3.702606857E-1
4.363761088E1,6.710354686E-1,-5.672647357E-1,3.452152312E-1
4.363961092E1,6.527095437E-1,-5.703190565E-1,3.189480305E-1
4.364161182E1,6.411030889E-1,-5.703190565E-1,3.030655086E-1
4.364361272E1,6.185010672E-1,-5.703190565E-1,2.719113827E-1
4.364561275E1,5.952881575E-1,-5.733733773E-1,2.425898612E-1
4.364761278E1,5.824599862E-1,-5.745950937E-1,2.285399586E-1
4.364961282E1,5.616905689E-1,-5.813146234E-1,1.973858327E-1
4.365161285E1,5.384777188E-1,-5.916993618E-1,1.650099754E-1
4.365361285E1,5.250386596E-1,-5.941427946E-1,1.491274834E-1
4.365561282E1,5.006040931E-1,-6.026949286E-1,1.191950813E-1
4.365761278E1,4.804455042E-1,-6.100252867E-1,8.865182102E-2
4.365961275E1,4.621195495E-1,-6.143013835E-1,7.460191846E-2
4.366161185E1,4.181372523E-1,-6.216317415E-1,3.000875562E-2
4.366361091E1,4.181372523E-1,-6.216317415E-1,3.000875562E-2
4.366561088E1,4.089742899E-1,-6.234643459E-1,2.206750773E-2
4.366761088E1,3.827070892E-1,-6.277403831E-1,3.130684374E-3
4.366961088E1,3.637702465E-1,-6.271295547E-1,-7.864889689E-3
4.367161091E1,3.417791128E-1,-6.252969503E-1,-1.458440814E-2
4.367361094E1,3.393356502E-1,-6.252969503E-1,-2.008219436E-2
4.367561098E1,3.222314119E-1,-6.259077787E-1,-2.619084716E-2
4.367761101E1,3.149010241E-1,-6.216317415E-1,-2.863430791E-2
4.367961104E1,3.118467033E-1,-6.204100251E-1,-2.924517356E-2
4.368161194E1,3.063489199E-1,-6.136904955E-1,-3.596469015E-2
4.368361084E1,3.014619946E-1,-6.124687791E-1,-3.779728711E-2
4.368561084E1,2.971859276E-1,-6.106361747E-1,-4.146247730E-2
4.368761084E1,2.984076738E-1,-6.118578911E-1,-4.329507425E-2
4.368961084E1,2.935207486E-1,-6.112470627E-1,-4.390593991E-2
4.369161084E1,2.904664278E-1,-6.112470627E-1,-4.512767121E-2
4.369361084E1,2.929098904E-1,-6.014732122E-1,-4.879286140E-2
4.369561084E1,2.971859276E-1,-5.959753990E-1,-5.367978290E-2
4.369761084E1,2.953533530E-1,-5.929210782E-1,-5.429064855E-2
4.369961081E1,2.880229652E-1,-5.935319662E-1,-5.673411116E-2
4.370160991E1,2.806925774E-1,-5.953645110E-1,-5.429064855E-2
4.370360904E1,2.806925774E-1,-5.953645110E-1,-5.429064855E-2
4.370560901E1,2.617557645E-1,-5.965862870E-1,-5.367978290E-2
4.370760898E1,2.495384514E-1,-6.033058167E-1,-5.062545836E-2
4.370960894E1,2.330450863E-1,-6.063601375E-1,-5.123632401E-2
4.371160891E1,2.086104751E-1,-6.143013835E-1,-4.757113010E-2
4.371360887E1,1.768454909E-1,-6.259077787E-1,-4.268420860E-2
4.371560887E1,1.646281779E-1,-6.338490248E-1,-4.085161164E-2
4.371760891E1,1.298088580E-1,-6.417902708E-1,-3.657555580E-2
4.371960894E1,9.743300825E-2,-6.533967257E-1,-3.107776865E-2
4.372160984E1,7.910704613E-2,-6.607271433E-1,-2.863430791E-2
4.372361077E1,3.940080851E-2,-6.717227101E-1,-2.435825206E-2
4.372561080E1,8.857546374E-3,-6.876052022E-1,-2.191479132E-2
4.372761084E1,-2.138028387E-3,-6.955464482E-1,-2.191479132E-2
4.372961087E1,-3.573561832E-2,-7.071529031E-1,-1.702786796E-2
4.373161087E1,-6.322455406E-2,-7.212027907E-1,-7.864889689E-3
4.373361084E1,-7.605272532E-2,-7.273114324E-1,-6.032294128E-3
4.373561080E1,-1.084285825E-1,-7.395287156E-1,-3.588833380E-3
4.373761077E1,-1.310305893E-1,-7.474699616E-1,7.635815564E-5
4.373961074E1,-1.426370293E-1,-7.474699616E-1,-3.588833380E-3
4.374160984E1,-1.676825136E-1,-7.383069992E-1,-6.032294128E-3
4.374360890E1,-1.737911552E-1,-7.328092456E-1,-6.643159315E-3
4.374560890E1,-1.811215430E-1,-7.230353951E-1,-9.086620063E-3
4.374760890E1,-1.902845204E-1,-7.077637315E-1,-1.153008174E-2
4.374960890E1,-1.945605874E-1,-6.949355602E-1,-2.496911772E-2
4.375160890E1,-1.957823038E-1,-6.912704110E-1,-3.291036561E-2
4.375360890E1,-1.976149082E-1,-6.839399934E-1,-5.184718594E-2
4.375560890E1,-2.018909603E-1,-6.827182770E-1,-7.689265907E-2
4.375760890E1,-2.037235647E-1,-6.821073890E-1,-8.788824081E-2
4.375960890E1,-2.086104751E-1,-6.827182770E-1,-1.147663072E-1
4.376160977E1,-2.098322064E-1,-6.845508814E-1,-1.361465901E-1
4.376361063E1,-2.092213482E-1,-6.869943142E-1,-1.501964927E-1
4.376561067E1,-2.128865421E-1,-6.967681646E-1,-1.758528352E-1
4.376761070E1,-2.214386463E-1,-7.138723731E-1,-2.057852298E-1
4.376961073E1,-2.189951837E-1,-7.187592983E-1,-2.180025280E-1
4.377161077E1,-2.263255715E-1,-7.321983576E-1,-2.461023331E-1
4.377361080E1,-2.367102802E-1,-7.389178872E-1,-2.729803920E-1
4.377561083E1,-2.446515262E-1,-7.431939244E-1,-2.821433842E-1
4.377761083E1,-2.532036304E-1,-7.474699616E-1,-3.108540475E-1
4.377961080E1,-2.696970105E-1,-7.511351705E-1,-3.371212482E-1
4.378160990E1,-2.953533530E-1,-7.419722080E-1,-3.756057620E-1
4.378360896E1,-2.953533530E-1,-7.419722080E-1,-3.756057620E-1
4.378560893E1,-3.087923825E-1,-7.340309620E-1,-4.012621045E-1
4.378760890E1,-3.301726580E-1,-7.212027907E-1,-4.263075888E-1
4.378960886E1,-3.381139040E-1,-7.126506567E-1,-4.397466183E-1
4.379160883E1,-3.527746797E-1,-6.955464482E-1,-4.647921026E-1
4.379360883E1,-3.717114925E-1,-6.790530682E-1,-4.983896911E-1
4.379560886E1,-3.845396638E-1,-6.735553145E-1,-5.154939294E-1
4.379760889E1,-3.973678350E-1,-6.576728225E-1,-5.509241223E-1
4.379960893E1,-4.163046777E-1,-6.405685544E-1,-5.875760317E-1
4.380160983E1,-4.266893864E-1,-6.295729876E-1,-6.065128446E-1
4.380361076E1,-4.437935948E-1,-6.069709659E-1,-6.394995451E-1
4.380561079E1,-4.547891617E-1,-5.764276981E-1,-6.724863052E-1
4.380761083E1,-4.645630121E-1,-5.599343777E-1,-6.938665509E-1
4.380961086E1,-4.834998548E-1,-5.257259011E-1,-7.311293483E-1
4.381161086E1,-5.030475259E-1,-4.902957082E-1,-7.702246904E-1
4.381361086E1,-5.128213763E-1,-4.731914997E-1,-7.873289585E-1
4.381561086E1,-5.415320396E-1,-4.347069860E-1,-8.282569051E-1
4.381761086E1,-5.684100986E-1,-3.876703680E-1,-8.612436652E-1
4.381961086E1,-5.849034786E-1,-3.595705628E-1,-8.807913065E-1
4.382160999E1,-6.307183504E-1,-2.795472145E-1,-9.296605587E-1
4.382360949E1,-6.496551633E-1,-2.520582676E-1,-9.479864836E-1
4.382560946E1,-6.673702598E-1,-2.221258730E-1,-9.620364308E-1
4.382760942E1,-6.979135275E-1,-1.665371358E-1,-9.944122434E-1
4.382960939E1,-7.443392873E-1,-1.103375331E-1,-1.029842496E0
4.383160936E1,-7.669413090E-1,-8.529205620E-2,-1.046946645E0
4.383360932E1,-8.072584271E-1,-3.886630014E-2,-1.079933405E0
4.383560929E1,-8.512406945E-1,5.726861767E-3,-1.110476613E0
4.383760925E1,-8.738427162E-1,2.588541433E-2,-1.130024314E0
4.383960925E1,-9.190467596E-1,5.337435007E-2,-1.163011074E0
4.384161012E1,-9.697485566E-1,7.780896127E-2,-1.192943454E0
4.384361105E1,-9.899071455E-1,8.513934165E-2,-1.210658550E0
4.384561108E1,-1.038165450E0,9.613491595E-2,-1.242423534E0
4.384761112E1,-1.082758665E0,9.613491595E-2,-1.270523310E0
4.384961115E1,-1.113912821E0,9.246972948E-2,-1.285794973E0
4.385161118E1,-1.160949349E0,7.964155823E-2,-1.313894749E0
4.385361122E1,-1.212262034E0,5.948300287E-2,-1.338940263E0
4.385561122E1,-1.235474944E0,4.787656292E-2,-1.352990150E0
4.385761118E1,-1.280068159E0,2.832887508E-2,-1.369483471E0
4.385961115E1,-1.321606994E0,1.000291854E-2,-1.385976911E0
4.386161025E1,-1.381471753E0,-3.764457256E-2,-1.397583365E0
4.386361022E1,-1.381471753E0,-3.764457256E-2,-1.397583365E0
4.386561018E1,-1.425454021E0,-6.757696718E-2,-1.394528985E0
4.386761015E1,-1.446834326E0,-7.979427278E-2,-1.392085552E0
4.386961011E1,-1.478599310E0,-9.934195876E-2,-1.378646493E0
4.387161011E1,-1.514640331E0,-1.225548387E-1,-1.356044531E0
4.387361015E1,-1.532966375E0,-1.353830099E-1,-1.346881509E0
4.387561018E1,-1.567785621E0,-1.616502106E-1,-1.312062144E0
4.387761021E1,-1.605659246E0,-1.964695305E-1,-1.273577690E0
4.387961024E1,-1.622763515E0,-2.141846269E-1,-1.247310519E0
4.388161114E1,-1.653917670E0,-2.593886554E-1,-1.192332625E0
4.388361164E1,-1.685682654E0,-3.100904822E-1,-1.131856918E0
4.388561168E1,-1.699121714E0,-3.339142203E-1,-1.097648501E0
4.388761171E1,-1.721723676E0,-3.748421967E-1,-1.029231548E0
4.388961171E1,-1.736995339E0,-3.980550766E-1,-9.589820504E-1
4.389161171E1,-1.748601794E0,-4.017202556E-1,-9.235519171E-1
4.389361171E1,-1.753488660E0,-3.986659348E-1,-8.539132476E-1
4.389561171E1,-1.754710436E0,-3.882812262E-1,-7.854963541E-1
4.389761171E1,-1.751656055E0,-3.888920844E-1,-7.506770492E-1
4.389961171E1,-1.749823451E0,-3.919464052E-1,-6.743188500E-1
4.390161084E1,-1.743103981E0,-3.956116140E-1,-5.527566671E-1
4.390360991E1,-1.743103981E0,-3.956116140E-1,-5.527566671E-1
4.390560988E1,-1.744325757E0,-3.998876512E-1,-4.660138190E-1
4.390760984E1,-1.750434399E0,-3.968333304E-1,-3.792709708E-1
4.390960981E1,-1.760819077E0,-3.797291219E-1,-2.894737720E-1
4.391160977E1,-1.765095115E0,-3.669009507E-1,-2.454914749E-1
4.391360974E1,-1.773647189E0,-3.388011456E-1,-1.581377387E-1
4.391560971E1,-1.780977607E0,-3.021492362E-1,-7.567093521E-2
4.391760971E1,-1.782199383E0,-2.764928937E-1,-3.840815276E-2
4.391960971E1,-1.787697196E0,-2.233476043E-1,3.245221451E-2
4.392161061E1,-1.795638442E0,-1.640936732E-1,9.720393270E-2
4.392361064E1,-1.801136136E0,-1.335504204E-1,1.253037304E-1
4.392561067E1,-1.807855725E0,-6.024658307E-2,1.729512215E-1
4.392761070E1,-1.813353539E0,2.283108793E-2,2.175443918E-1
4.392961074E1,-1.817629576E0,7.231117040E-2,2.364812046E-1
4.393161077E1,-1.822516441E0,1.767691374E-1,2.816852331E-1
4.393361077E1,-1.831068516E0,2.873357534E-1,3.250566721E-1
4.393561074E1,-1.837177277E0,3.380375504E-1,3.476586938E-1
4.393761070E1,-1.853670597E0,4.321108162E-1,3.891975284E-1
4.393961067E1,-1.865277052E0,5.206862688E-1,4.380667508E-1
4.394160977E1,-1.881770372E0,6.367506385E-1,5.156466365E-1
4.394360924E1,-1.881770372E0,6.367506385E-1,5.156466365E-1
4.394560920E1,-1.884824753E0,7.015023828E-1,5.632941127E-1
4.394760917E1,-1.882992148E0,7.350999713E-1,5.852852464E-1
4.394960917E1,-1.884824753E0,8.035168648E-1,6.237697601E-1
4.395160917E1,-1.878716111E0,8.823184967E-1,6.640868783E-1
4.395360917E1,-1.879326940E0,9.171378016E-1,6.805802584E-1
4.395560917E1,-1.872607350E0,9.867764711E-1,7.129560709E-1
4.395760917E1,-1.882992148E0,1.041754365E0,7.325037718E-1
4.395960917E1,-1.886046410E0,1.067410707E0,7.416667938E-1
4.396161003E1,-1.890933394E0,1.121166825E0,7.544949651E-1
4.396361093E1,-1.901928902E0,1.182864189E0,7.630470395E-1
4.396561093E1,-1.903150678E0,1.214629173E0,7.691556811E-1
4.396761097E1,-1.914757133E0,1.257389784E0,7.777078152E-1
4.396961100E1,-1.927585244E0,1.306258917E0,7.813730240E-1
4.397161103E1,-1.920865774E0,1.350852132E0,7.832056284E-1
4.397361106E1,-1.903150678E0,1.443092823E0,7.795404196E-1
4.397561110E1,-1.880548716E0,1.532279134E0,7.685448527E-1
4.397761113E1,-1.864666104E0,1.574428797E0,7.593818307E-1
4.397961116E1,-1.825570822E0,1.652008653E0,7.367798686E-1
4.398161030E1,-1.758986473E0,1.754634023E0,6.915758252E-1
4.398360936E1,-1.758986473E0,1.754634023E0,6.915758252E-1
4.398560933E1,-1.704008579E0,1.805946708E0,6.469826698E-1
4.398760930E1,-1.646587253E0,1.838322639E0,5.968917012E-1
4.398960926E1,-1.611768007E0,1.847485542E0,5.706244707E-1
4.399160923E1,-1.554346561E0,1.856648564E0,5.187009573E-1
4.399360919E1,-1.493870974E0,1.861535430E0,4.747186601E-1
4.399560919E1,-1.468825459E0,1.858481169E0,4.576144218E-1
4.399760919E1,-1.418734550E0,1.835879087E0,4.270711541E-1
4.399960923E1,-1.368643522E0,1.788231611E0,3.861432076E-1
4.400161013E1,-1.351539373E0,1.739362478E0,3.537673354E-1
4.400361066E1,-1.310000539E0,1.647732615E0,2.877938747E-1
4.400561069E1,-1.255022645E0,1.543885589E0,2.236530334E-1
4.400761072E1,-1.227533698E0,1.476079464E0,1.943315119E-1
4.400961076E1,-1.173166752E0,1.324584961E0,1.143081561E-1
4.401161079E1,-1.123686671E0,1.165149093E0,3.611740842E-2
4.401361079E1,-1.102917194E0,1.083293200E0,-4.810563754E-3
4.401561079E1,-1.052826285E0,9.153051972E-1,-9.155342728E-2
4.401761079E1,-1.008843899E0,7.405977249E-1,-1.764636934E-1
4.401961079E1,-9.837985039E-1,6.562983394E-1,-2.228894532E-1
4.402160992E1,-8.762862086E-1,3.478114009E-1,-4.085924923E-1
4.402360996E1,-8.762862086E-1,3.478114009E-1,-4.085924923E-1
4.402560996E1,-8.487972617E-1,2.855031490E-1,-4.525747895E-1
4.402760992E1,-7.791585922E-1,1.895972937E-1,-5.325981379E-1
4.402961022E1,-7.058547735E-1,1.254564524E-1,-6.016259193E-1
4.403161019E1,-6.252205968E-1,9.185886383E-2,-6.578255296E-1
4.403361016E1,-5.855143666E-1,8.208502084E-2,-6.828709841E-1
4.403561012E1,-5.018258095E-1,8.025242388E-2,-7.231881022E-1
4.403761009E1,-4.260784984E-1,8.330674469E-2,-7.665595412E-1
4.403961005E1,-3.924809098E-1,8.452847600E-2,-7.879397869E-1
4.404161089E1,-3.173444867E-1,8.269587904E-2,-8.313112259E-1
4.404361179E1,-2.550362349E-1,8.452847600E-2,-8.777369857E-1
4.404561182E1,-2.281581759E-1,9.124799818E-2,-8.954520822E-1
4.404761185E1,-1.878410578E-1,1.077413559E-1,-9.284388423E-1
4.404961189E1,-1.414152980E-1,1.272890419E-1,-9.608146548E-1
4.405161192E1,-1.188132912E-1,1.425606757E-1,-9.760863185E-1
4.405361195E1,-7.422012836E-2,1.694387496E-1,-9.999100566E-1
4.405561198E1,-2.412917651E-2,2.012037337E-1,-1.016403437E0
4.405761202E1,-5.192354787E-3,2.158645093E-1,-1.020068645E0
4.405961202E1,3.573561832E-2,2.433534414E-1,-1.021901250E0
4.406161112E1,8.643743396E-2,2.763401568E-1,-1.011516452E0
4.406361022E1,8.643743396E-2,2.763401568E-1,-1.011516452E0
4.406561018E1,1.157589629E-1,2.897791862E-1,-1.000520945E0
4.406761015E1,1.353066564E-1,3.056617081E-1,-9.858601689E-1
4.406961012E1,1.444696337E-1,3.184898794E-1,-9.785297513E-1
4.407161008E1,1.530217379E-1,3.423136175E-1,-9.577603340E-1
4.407361008E1,1.579086632E-1,3.728568852E-1,-9.363800883E-1
4.407561008E1,1.536326110E-1,3.881285191E-1,-9.241627455E-1
4.407761011E1,1.426370293E-1,4.174500406E-1,-8.960629702E-1
4.407961015E1,1.194241568E-1,4.528802335E-1,-8.661305308E-1
4.408161105E1,1.059851199E-1,4.712061882E-1,-8.478046060E-1
4.408361105E1,6.811147183E-2,5.157993436E-1,-8.105418086E-1
4.408561108E1,2.779436857E-2,5.610033870E-1,-7.702246904E-1
4.408761111E1,3.970623948E-3,5.805510283E-1,-7.555639744E-1
4.408961081E1,-4.917465150E-2,6.159812212E-1,-7.158576846E-1
4.409161085E1,-1.163698286E-1,6.575200558E-1,-6.792057753E-1
4.409361085E1,-1.493565589E-1,6.795112491E-1,-6.596581340E-1
4.409561085E1,-2.104430795E-1,7.265478373E-1,-6.138432026E-1
4.409761085E1,-2.788599730E-1,7.711409926E-1,-5.686391592E-1
4.409961085E1,-3.173444867E-1,7.931321859E-1,-5.460371971E-1
4.410160998E1,-4.108068645E-1,8.603273630E-1,-4.776202738E-1
4.410361101E1,-4.450153410E-1,8.853728175E-1,-4.550182521E-1
4.410561098E1,-4.780020416E-1,9.104182720E-1,-4.281401932E-1
4.410761094E1,-5.372560024E-1,9.568440318E-1,-3.804926872E-1
4.410961091E1,-5.910121202E-1,9.934959412E-1,-3.322343230E-1
4.411161088E1,-6.185010672E-1,1.008767605E0,-3.071888685E-1
4.411361084E1,-6.630942225E-1,1.035034776E0,-2.662608922E-1
4.411561081E1,-6.948592067E-1,1.061912894E0,-2.235003263E-1
4.411761077E1,-7.058547735E-1,1.072297573E0,-2.027309090E-1
4.411961074E1,-7.278459668E-1,1.097343087E0,-1.624137908E-1
4.412161161E1,-7.394523621E-1,1.115669012E0,-1.239292845E-1
4.412361251E1,-7.498371005E-1,1.120555878E0,-1.019381359E-1
4.412561254E1,-7.626652718E-1,1.126664639E0,-6.284276396E-2
4.412761257E1,-7.754934430E-1,1.120555878E0,-3.352123126E-2
4.412961261E1,-7.761042714E-1,1.117501616E0,-1.519527286E-2
4.413161264E1,-7.870998979E-1,1.104062557E0,1.229366288E-2
4.413361267E1,-7.870998979E-1,1.091845274E0,4.161519557E-2
4.413561270E1,-7.834346890E-1,1.083904028E0,5.016730726E-2
4.413761270E1,-7.754934430E-1,1.073519349E0,7.215845585E-2
4.413961267E1,-7.492262125E-1,1.064967155E0,8.926268667E-2
4.414161177E1,-6.856962442E-1,1.041754365E0,1.130864322E-1
4.414361084E1,-6.856962442E-1,1.041754365E0,1.130864322E-1
4.414561080E1,-6.423248053E-1,1.022817492E0,1.295797974E-1
4.414761077E1,-5.842925906E-1,9.983828664E-1,1.436296850E-1
4.414961073E1,-5.561928153E-1,9.879981875E-1,1.503492147E-1
4.415161070E1,-4.871650338E-1,9.623418450E-1,1.619556546E-1
4.415361070E1,-4.163046777E-1,9.342420101E-1,1.760055423E-1
4.415561073E1,-3.772092760E-1,9.177486897E-1,1.815033406E-1
4.415761077E1,-3.051272035E-1,8.768206835E-1,1.955532432E-1
4.415961080E1,-2.275473028E-1,8.328384161E-1,2.071596831E-1
4.416161170E1,-1.890627891E-1,8.090146780E-1,2.096031308E-1
4.416361070E1,-1.163698286E-1,7.577019930E-1,2.187661231E-1
4.416561073E1,-3.634648025E-2,7.039458156E-1,2.285399586E-1
4.416761077E1,-1.527163084E-3,6.776786447E-1,2.303725630E-1
4.416961080E1,6.505715102E-2,6.281985641E-1,2.383138090E-1
4.417161080E1,1.334740520E-1,5.811619163E-1,2.468659133E-1
4.417361080E1,1.627955884E-1,5.603924990E-1,2.499202490E-1
4.417561080E1,2.232712507E-1,5.231297016E-1,2.572506368E-1
4.417761080E1,2.758056521E-1,4.919756055E-1,2.670244575E-1
4.417961080E1,2.953533530E-1,4.779256880E-1,2.694679201E-1
4.418160993E1,3.582724631E-1,4.431063831E-1,2.804635167E-1
4.418360943E1,3.784310222E-1,4.351651371E-1,2.853504419E-1
4.418560940E1,3.924809098E-1,4.229478240E-1,2.926808000E-1
4.418760936E1,4.163046777E-1,3.991240859E-1,3.012329340E-1
4.418960933E1,4.346306324E-1,3.795763850E-1,3.116176426E-1
4.419160930E1,4.407392740E-1,3.728568852E-1,3.195588887E-1
4.419360926E1,4.468479156E-1,3.520874679E-1,3.336087763E-1
4.419560923E1,4.474588037E-1,3.325397670E-1,3.482695520E-1
4.419760919E1,4.456261992E-1,3.252093792E-1,3.568216562E-1
4.419960919E1,4.480696619E-1,3.129920661E-1,3.733150363E-1
4.420161009E1,4.450153410E-1,3.136029541E-1,3.940844536E-1
4.420361103E1,4.401284158E-1,3.105486333E-1,4.063017368E-1
4.420561106E1,4.431827366E-1,3.148246706E-1,4.252385795E-1
4.420761109E1,4.413501322E-1,3.258202374E-1,4.502840340E-1
4.420961112E1,4.407392740E-1,3.325397670E-1,4.618904889E-1
4.421161116E1,4.413501322E-1,3.465896547E-1,4.899902940E-1
4.421361119E1,4.486805201E-1,3.643047512E-1,5.162574649E-1
4.421561119E1,4.468479156E-1,3.753003478E-1,5.321399570E-1
4.421761116E1,4.584543705E-1,4.021784067E-1,5.614615083E-1
4.421961112E1,4.694499373E-1,4.272238910E-1,5.889504552E-1
4.422161022E1,4.859432876E-1,4.699844420E-1,6.329327226E-1
4.422360929E1,4.859432876E-1,4.699844420E-1,6.329327226E-1
4.422560926E1,4.975497425E-1,4.986951053E-1,6.622542739E-1
4.422760922E1,5.042692423E-1,5.133558512E-1,6.793584824E-1
4.422960919E1,5.195409060E-1,5.377904773E-1,7.068474293E-1
4.423160919E1,5.354233980E-1,5.616142154E-1,7.337254882E-1
4.423360919E1,5.415320396E-1,5.738315582E-1,7.477754354E-1
4.423560919E1,5.561928153E-1,5.970444083E-1,7.770969272E-1
4.423760919E1,5.739079118E-1,6.190355420E-1,8.045858741E-1
4.423960919E1,5.891795158E-1,6.300311685E-1,8.192466497E-1
4.424161005E1,6.050620079E-1,6.477462053E-1,8.442921042E-1
4.424361052E1,6.221662760E-1,6.624069810E-1,8.711702228E-1
4.424561052E1,6.331618428E-1,6.679047942E-1,8.839983940E-1
4.424761052E1,6.545420885E-1,6.807329655E-1,9.096547365E-1
4.424961055E1,6.728680730E-1,6.886742115E-1,9.304241538E-1
4.425161058E1,6.838636398E-1,6.972263455E-1,9.450848699E-1
4.425361062E1,7.125743032E-1,7.051675916E-1,9.640217423E-1
4.425561065E1,7.425066829E-1,7.137196660E-1,9.860128760E-1
4.425761068E1,7.528914213E-1,7.192174792E-1,9.957867265E-1
4.425961072E1,7.828238010E-1,7.265478373E-1,1.012890935E0
4.426160985E1,8.268061280E-1,7.289913297E-1,1.035492897E0
4.426360892E1,8.268061280E-1,7.289913297E-1,1.035492897E0
4.426560888E1,8.561276197E-1,7.259370089E-1,1.045877695E0
4.426760885E1,8.823948503E-1,7.247152328E-1,1.052597165E0
4.426960881E1,9.074403048E-1,7.198283076E-1,1.054429770E0
4.427160878E1,9.208793640E-1,7.198283076E-1,1.058705807E0
4.427360875E1,9.465357065E-1,7.149413824E-1,1.055651546E0
4.427560871E1,9.721920490E-1,7.063893080E-1,1.051986337E0
4.427760871E1,9.819658995E-1,7.021132708E-1,1.046488523E0
4.427960875E1,1.002735257E0,6.905068159E-1,1.034882069E0
4.428160964E1,1.021061301E0,6.740134358E-1,1.015334368E0
4.428361058E1,1.028391600E0,6.654613018E-1,1.004949689E0
4.428561061E1,1.041830659E0,6.489679813E-1,9.799042344E-1
4.428761064E1,1.046106696E0,6.300311685E-1,9.542478919E-1
4.428961068E1,1.046717644E0,6.184247136E-1,9.359219074E-1
4.429161071E1,1.043663263E0,5.933791995E-1,8.992699981E-1
4.429361074E1,1.025948167E0,5.671120286E-1,8.601745963E-1
4.429561074E1,1.021061301E0,5.567272902E-1,8.387943506E-1
4.429761074E1,9.966266751E-1,5.255731940E-1,7.923685908E-1
4.429961074E1,9.758572578E-1,4.913647175E-1,7.398341894E-1
4.430160988E1,9.282097220E-1,4.449389875E-1,6.561456323E-1
4.430360938E1,9.282097220E-1,4.449389875E-1,6.561456323E-1
4.430560938E1,8.952230215E-1,4.119522572E-1,5.975025892E-1
4.430760938E1,8.823948503E-1,3.948480189E-1,5.663484335E-1
4.430960934E1,8.506298661E-1,3.575852513E-1,5.009858608E-1
4.431160931E1,8.078693151E-1,3.129920661E-1,4.313472211E-1
4.431360927E1,7.858781219E-1,2.903900743E-1,3.922518492E-1
4.431560924E1,7.425066829E-1,2.488512248E-1,3.189480305E-1
4.431760921E1,6.997461319E-1,2.060906589E-1,2.438115925E-1
4.431960917E1,6.716463566E-1,1.847103834E-1,2.016618848E-1
4.432161001E1,6.215553880E-1,1.376737505E-1,1.216385439E-1
4.432361090E1,5.659666657E-1,9.369145334E-2,3.428481147E-2
4.432561091E1,5.342016816E-1,7.292203605E-2,-6.643159315E-3
4.432761094E1,4.725042582E-1,3.138320148E-2,-9.033169597E-2
4.432961097E1,4.071416855E-1,-1.015563495E-2,-1.734093726E-1
4.433161100E1,3.692680299E-1,-3.397937864E-2,-2.155590802E-1
4.433361104E1,2.977968156E-1,-8.040513843E-2,-2.937498391E-1
4.433561107E1,2.202169150E-1,-1.243874356E-1,-3.646101952E-1
4.433761110E1,1.878410578E-1,-1.476003081E-1,-3.963751793E-1
4.433961110E1,1.127046347E-1,-1.934152097E-1,-4.562399685E-1
4.434161024E1,8.246680722E-3,-2.593886554E-1,-5.277112126E-1
4.434361120E1,8.246680722E-3,-2.593886554E-1,-5.277112126E-1
4.434561117E1,-6.750060618E-2,-3.033709526E-1,-5.625305176E-1
4.434761113E1,-1.340849251E-1,-3.394120038E-1,-5.900194645E-1
4.434961110E1,-1.664607823E-1,-3.583488166E-1,-6.010150313E-1
4.435161107E1,-2.293798923E-1,-3.882812262E-1,-6.132323742E-1
4.435361103E1,-2.861903608E-1,-4.066071808E-1,-6.132323742E-1
4.435561103E1,-3.081815243E-1,-4.127158225E-1,-6.107888818E-1
4.435761106E1,-3.643811047E-1,-4.157701433E-1,-6.052911282E-1
4.435961110E1,-4.065308273E-1,-4.078288972E-1,-5.894085765E-1
4.436161200E1,-4.279111028E-1,-3.986659348E-1,-5.826891065E-1
4.436361253E1,-4.596760869E-1,-3.723987341E-1,-5.545892715E-1
4.436561256E1,-4.914411008E-1,-3.357468247E-1,-5.234351754E-1
4.436761260E1,-5.097670555E-1,-3.113121986E-1,-5.057200789E-1
4.436961263E1,-5.348125100E-1,-2.593886554E-1,-4.647921026E-1
4.437161266E1,-5.610797405E-1,-2.044107765E-1,-4.232532680E-1
4.437361266E1,-5.726861954E-1,-1.695914567E-1,-4.024838507E-1
4.437561266E1,-5.904012322E-1,-1.023962870E-1,-3.523928821E-1
4.437761266E1,-6.099489331E-1,-2.787072770E-2,-2.998584807E-1
4.437961266E1,-6.130032539E-1,1.122464892E-2,-2.742021382E-1
4.438161180E1,-6.172793508E-1,1.608866304E-1,-1.648572534E-1
4.438361090E1,-6.172793508E-1,1.608866304E-1,-1.648572534E-1
4.438561090E1,-6.038402915E-1,1.993711442E-1,-1.318705380E-1
4.438761086E1,-5.983424783E-1,2.751184404E-1,-6.956227869E-2
4.438961083E1,-5.775730610E-1,3.465896547E-1,-1.756237587E-3
4.439161079E1,-5.561928153E-1,4.253912866E-1,6.849326193E-2
4.439361076E1,-5.360342264E-1,4.608214796E-1,1.014799923E-1
4.439561073E1,-5.079344511E-1,5.396230817E-1,1.643991023E-1
4.439761069E1,-4.676173329E-1,6.092617512E-1,2.260964960E-1
4.439961066E1,-4.499022663E-1,6.416375637E-1,2.548071742E-1
4.440161149E1,-4.175263941E-1,7.088327408E-1,3.103958964E-1
4.440361049E1,-3.833179474E-1,7.680866718E-1,3.555999398E-1
4.440561052E1,-3.656028509E-1,7.992408276E-1,3.727041483E-1
4.440761056E1,-3.332269788E-1,8.584947586E-1,4.056908786E-1
4.440961059E1,-3.014619946E-1,9.091965556E-1,4.246276915E-1
4.441161062E1,-2.849686444E-1,9.336311817E-1,4.325689375E-1
4.441361066E1,-2.532036304E-1,9.745591283E-1,4.392884672E-1
4.441561069E1,-2.263255715E-1,1.015487075E0,4.423427880E-1
4.441761069E1,-2.134974003E-1,1.031980515E0,4.405102134E-1
4.441961069E1,-1.890627891E-1,1.058858514E0,4.362341464E-1
4.442160979E1,-1.609629989E-1,1.093677878E0,4.203516543E-1
4.442360896E1,-1.609629989E-1,1.093677878E0,4.203516543E-1
4.442560892E1,-1.426370293E-1,1.113836408E0,4.075234830E-1
4.442760889E1,-1.249219403E-1,1.127886295E0,3.898083866E-1
4.442960885E1,-1.194241568E-1,1.128497124E0,3.861432076E-1
4.443160882E1,-9.987647086E-2,1.133994937E0,3.720932901E-1
4.443360882E1,-7.910704613E-2,1.126053691E0,3.592651188E-1
4.443560885E1,-6.383541971E-2,1.118112445E0,3.543781936E-1
4.443760888E1,-3.634648025E-2,1.096121311E0,3.409391642E-1
4.443960892E1,-3.970623948E-3,1.065578103E0,3.256675303E-1
4.444160982E1,1.618792862E-2,1.040532589E0,3.122285008E-1
4.444361075E1,4.734205827E-2,9.843329787E-1,2.835178375E-1
4.444561078E1,7.788532227E-2,9.146943688E-1,2.474767864E-1
4.444761082E1,9.193521738E-2,8.749880791E-1,2.297616899E-1
4.444961085E1,1.188132912E-1,7.961865067E-1,1.937206388E-1
4.445161085E1,1.377501190E-1,7.051675916E-1,1.570687294E-1
4.445361085E1,1.487456858E-1,6.532440186E-1,1.417970955E-1
4.445561085E1,1.676825136E-1,5.371796489E-1,1.039234474E-1
4.445761198E1,1.744020283E-1,4.046218693E-1,6.055201590E-2
4.445961198E1,1.719585657E-1,3.331506252E-1,4.283692688E-2
4.446161112E1,1.689042449E-1,8.819366992E-2,-3.168863431E-2
4.446361022E1,1.652390510E-1,2.672535367E-3,-5.734497309E-2
4.446561018E1,1.591303945E-1,-8.468119800E-2,-8.727737516E-2
4.446761015E1,1.475239545E-1,-2.636647224E-1,-1.575268805E-1
4.446961011E1,1.285871267E-1,-4.340961277E-1,-2.393828183E-1
4.447161008E1,1.188132912E-1,-5.122868419E-1,-2.876411676E-1
4.447361005E1,1.041525230E-1,-6.466771960E-1,-3.872122169E-1
4.447561001E1,9.926560521E-2,-7.376961708E-1,-4.983896911E-1
4.447760998E1,9.865473956E-2,-7.676285505E-1,-5.527566671E-1
4.447960994E1,1.108720452E-1,-7.926740050E-1,-6.602689624E-1
4.448161081E1,1.285871267E-1,-7.816784382E-1,-7.592291236E-1
4.448361164E1,1.456913650E-1,-7.621307373E-1,-8.068766594E-1
4.448561168E1,1.939497143E-1,-7.095963359E-1,-8.862891197E-1
4.448761171E1,2.623666227E-1,-6.369034052E-1,-9.461538792E-1
4.448961174E1,3.014619946E-1,-5.941427946E-1,-9.699776769E-1
4.449161178E1,3.753767014E-1,-5.080108047E-1,-9.980774522E-1
4.449361181E1,4.566217661E-1,-4.273765981E-1,-1.010294795E0
4.449561181E1,4.999932051E-1,-3.895029426E-1,-1.011516452E0
4.449761181E1,5.732970238E-1,-3.271946907E-1,-1.009073019E0
4.449961177E1,6.392704844E-1,-2.746602893E-1,-1.000520945E0
4.450161087E1,7.217372656E-1,-1.958586723E-1,-9.657015800E-1
4.450360994E1,7.217372656E-1,-1.958586723E-1,-9.657015800E-1
4.450560991E1,7.706065178E-1,-1.506546438E-1,-9.308822751E-1
4.450760987E1,8.145887852E-1,-1.164461896E-1,-8.862891197E-1
4.450960984E1,8.384125233E-1,-9.934195876E-2,-8.606327772E-1
4.451160984E1,8.781188130E-1,-7.002042979E-2,-8.093200922E-1
4.451360984E1,9.159924388E-1,-3.520110995E-2,-7.518987656E-1
4.451560984E1,9.349292517E-1,-1.687515154E-2,-7.231881022E-1
4.451760870E1,9.660834074E-1,2.771801129E-2,-6.651558876E-1
4.451960870E1,9.966266751E-1,8.391761035E-2,-6.028476357E-1
4.452160957E1,1.008843899E0,1.107956842E-1,-5.741369724E-1
4.452361047E1,1.027780771E0,1.688278764E-1,-5.112178326E-1
4.452561047E1,1.033889413E0,2.286926806E-1,-4.489096105E-1
4.452761047E1,1.033889413E0,2.598468065E-1,-4.165337384E-1
4.452961050E1,1.029002547E0,3.215442002E-1,-3.603341281E-1
4.453161054E1,9.972375035E-1,3.496440053E-1,-2.998584807E-1
4.453361057E1,9.734137654E-1,3.533091843E-1,-2.687043548E-1
4.453561060E1,9.068294764E-1,3.484222591E-1,-2.106721550E-1
4.453761064E1,8.176431060E-1,3.349832296E-1,-1.483639032E-1
4.453961067E1,7.724391222E-1,3.282637000E-1,-1.165989041E-1
4.454160983E1,6.441574097E-1,3.221550584E-1,-2.313652076E-2
4.454360897E1,6.001750827E-1,3.178789914E-1,6.795875728E-3
4.454560893E1,5.598580241E-1,3.160464168E-1,3.550654277E-2
4.454760890E1,4.700607955E-1,3.117703497E-1,9.353873879E-2
4.454960886E1,3.906483352E-1,3.074942827E-1,1.472948790E-1
4.455160883E1,3.491095006E-1,3.050508201E-1,1.766164154E-1
4.455360880E1,2.819143236E-1,3.050508201E-1,2.279291004E-1
4.455560876E1,2.147191316E-1,3.068834245E-1,2.737439871E-1
4.455760873E1,1.835650057E-1,3.129920661E-1,2.957351506E-1
4.455960873E1,1.420261711E-1,3.472005427E-1,3.348305225E-1
4.456160963E1,1.096503139E-1,3.753003478E-1,3.727041483E-1
4.456361056E1,9.071348608E-2,3.875176311E-1,3.916409910E-1
4.456560990E1,4.856378585E-2,4.015675485E-1,4.252385795E-1
4.456760993E1,-9.162978968E-4,4.034001231E-1,4.582252800E-1
4.456960996E1,-2.290744707E-2,3.985132277E-1,4.741078019E-1
4.457160999E1,-7.910704613E-2,3.844633102E-1,5.058727860E-1
4.457361003E1,-1.310305893E-1,3.673590720E-1,5.413029790E-1
4.457561006E1,-1.554652005E-1,3.545309305E-1,5.590180755E-1
4.457761006E1,-2.018909603E-1,3.264311254E-1,5.962808132E-1
4.457961006E1,-2.507601976E-1,3.019964993E-1,6.249914765E-1
4.458160919E1,-3.057380617E-1,2.763401568E-1,6.591999531E-1
4.458360923E1,-3.057380617E-1,2.763401568E-1,6.591999531E-1
4.458560923E1,-3.411682248E-1,2.555707395E-1,6.750824451E-1
4.458760923E1,-3.594942093E-1,2.439643145E-1,6.799693704E-1
4.458960919E1,-3.845396638E-1,2.286926806E-1,6.854671836E-1
4.459160916E1,-4.028656185E-1,2.201405615E-1,6.781367660E-1
4.459360912E1,-4.071416855E-1,2.213622928E-1,6.695846915E-1
4.459560909E1,-4.016439021E-1,2.305252701E-1,6.512587070E-1
4.459760906E1,-3.943135142E-1,2.500729561E-1,6.194937229E-1
4.459960902E1,-3.827070892E-1,2.659554482E-1,6.011677384E-1
4.460160986E1,-3.515529633E-1,3.032182455E-1,5.632941127E-1
4.460361069E1,-3.026837409E-1,3.594178259E-1,5.187009573E-1
4.460561069E1,-2.764165103E-1,3.948480189E-1,4.948772192E-1
4.460761072E1,-2.128865421E-1,4.632649422E-1,4.478405714E-1
4.460961075E1,-1.426370293E-1,5.377904773E-1,4.081343412E-1
4.461161079E1,-1.059851199E-1,5.695554614E-1,3.861432076E-1
4.461361082E1,-3.390302137E-2,6.245333552E-1,3.501021564E-1
4.461561085E1,3.940080851E-2,6.544657350E-1,3.238349259E-1
4.461761089E1,7.055493444E-2,6.648504734E-1,3.152828217E-1
4.461961092E1,1.432479024E-1,6.703482270E-1,3.042872548E-1
4.462161005E1,2.513710558E-1,6.483570933E-1,3.061198592E-1
4.462360912E1,2.513710558E-1,6.483570933E-1,3.061198592E-1
4.462560978E1,3.130684495E-1,6.129269004E-1,3.146719635E-1
4.462760975E1,3.656028509E-1,5.585598946E-1,3.281109929E-1
4.462960972E1,4.199698567E-1,4.889212847E-1,3.470478058E-1
4.463160968E1,4.450153410E-1,4.492150247E-1,3.574325144E-1
4.463360965E1,4.883867502E-1,3.734677434E-1,3.782019317E-1
4.463560961E1,5.305364728E-1,2.891683280E-1,4.026365578E-1
4.463760961E1,5.519167781E-1,2.476294935E-1,4.166864455E-1
4.463960965E1,5.769622326E-1,1.633300930E-1,4.411210716E-1
4.464161055E1,5.983424783E-1,8.697193861E-2,4.679991305E-1
4.464361055E1,6.105598211E-1,5.154175684E-2,4.820490479E-1
4.464561058E1,6.258314252E-1,-7.712173741E-3,5.015967488E-1
4.464761061E1,6.459900141E-1,-4.314235970E-2,5.211443901E-1
4.464961065E1,6.575964093E-1,-5.719225854E-2,5.260313153E-1
4.465161068E1,6.722571850E-1,-7.307475805E-2,5.388594866E-1
4.465361071E1,6.826419234E-1,-8.529205620E-2,5.425246954E-1
4.465561071E1,6.875288486E-1,-8.834638447E-2,5.425246954E-1
4.465761071E1,6.832527518E-1,-9.995282441E-2,5.443572998E-1
4.465961071E1,6.753115058E-1,-1.036180183E-1,5.468007326E-1
4.466160984E1,6.514877677E-1,-1.390482038E-1,5.492442250E-1
4.466360904E1,6.514877677E-1,-1.390482038E-1,5.492442250E-1
4.466560905E1,6.227771044E-1,-1.726457924E-1,5.400812626E-1
4.466760901E1,6.081163287E-1,-1.915826052E-1,5.327508450E-1
4.466960898E1,5.720753074E-1,-2.459496260E-1,5.241987109E-1
4.467160894E1,5.274821520E-1,-3.052035570E-1,5.101488233E-1
4.467360891E1,5.048801303E-1,-3.388011456E-1,5.058727860E-1
4.467560888E1,4.608978331E-1,-4.035528600E-1,4.899902940E-1
4.467760884E1,4.101960063E-1,-4.750240743E-1,4.765512347E-1
4.467960881E1,3.851505518E-1,-5.086216927E-1,4.716643393E-1
4.468160964E1,3.362813294E-1,-5.703190565E-1,4.637230933E-1
4.468361054E1,2.904664278E-1,-6.240752339E-1,4.533383846E-1
4.468561057E1,2.666426897E-1,-6.509532928E-1,4.502840340E-1
4.468761061E1,2.226603776E-1,-6.955464482E-1,4.380667508E-1
4.468961111E1,1.786780804E-1,-7.340309620E-1,4.270711541E-1
4.469161114E1,1.579086632E-1,-7.468591332E-1,4.221842289E-1
4.469361117E1,1.188132912E-1,-7.725154757E-1,4.130212665E-1
4.469561121E1,8.582656831E-2,-7.932848930E-1,4.038582742E-1
4.469761124E1,7.116580009E-2,-8.024478555E-1,3.977496326E-1
4.469961124E1,4.550946131E-2,-8.116108179E-1,3.867540658E-1
4.470161034E1,1.863138936E-2,-8.195520639E-1,3.696498275E-1
4.470360950E1,1.863138936E-2,-8.195520639E-1,3.696498275E-1
4.470560947E1,-5.803219974E-3,-8.348237276E-1,3.580434024E-1
4.470760944E1,-2.535090782E-2,-8.488736153E-1,3.470478058E-1
4.470960940E1,-3.329215571E-2,-8.549822569E-1,3.391065598E-1
4.471160937E1,-5.100724846E-2,-8.629235029E-1,3.287218511E-1
4.471360933E1,-6.200282276E-2,-8.592583537E-1,3.171154261E-1
4.471560933E1,-6.322455406E-2,-8.574257493E-1,3.134502172E-1
4.471760937E1,-7.055493444E-2,-8.488736153E-1,3.018437922E-1
4.471960940E1,-8.032877743E-2,-8.397106528E-1,2.939025462E-1
4.472161030E1,-8.460483700E-2,-8.390997648E-1,2.859613001E-1
4.472361113E1,-8.521570265E-2,-8.299368024E-1,2.761874497E-1
4.472561117E1,-8.765916526E-2,-8.226063848E-1,2.676353455E-1
4.472761120E1,-8.765916526E-2,-8.183303475E-1,2.621375620E-1
4.472961123E1,-8.765916526E-2,-8.079456687E-1,2.511419654E-1
4.473161127E1,-7.910704613E-2,-7.975609303E-1,2.352594733E-1
4.473361126E1,-7.299839705E-2,-7.896196842E-1,2.279291004E-1
4.473561126E1,-5.222897977E-2,-7.761806250E-1,2.114357352E-1
4.473761143E1,-2.474004216E-2,-7.694611549E-1,1.979966909E-1
4.473961143E1,-6.414085161E-3,-7.700719833E-1,1.924989074E-1
4.474161056E1,7.849618047E-2,-7.865653634E-1,1.662317067E-1
4.474360966E1,7.849618047E-2,-7.865653634E-1,1.662317067E-1
4.474560963E1,1.261436790E-1,-7.938957214E-1,1.625665128E-1
4.474760960E1,1.499674171E-1,-8.177194595E-1,1.582904607E-1
4.474960910E1,1.988366395E-1,-8.458192945E-1,1.534035355E-1
4.475160906E1,2.440406680E-1,-8.781951666E-1,1.515709460E-1
4.475360903E1,2.666426897E-1,-8.928559422E-1,1.515709460E-1
4.475560899E1,3.185662329E-1,-9.221774340E-1,1.521818042E-1
4.475760896E1,3.619376719E-1,-9.557750225E-1,1.534035355E-1
4.475960893E1,3.845396638E-1,-9.710466862E-1,1.515709460E-1
4.476160979E1,4.218024611E-1,-1.003422499E0,1.497383416E-1
4.476361063E1,4.615086913E-1,-1.035798430E0,1.460731477E-1
4.476561066E1,4.786129296E-1,-1.049848318E0,1.454622895E-1
4.476761069E1,5.109887719E-1,-1.077337265E0,1.448514163E-1
4.476961072E1,5.396994352E-1,-1.105437040E0,1.424079537E-1
4.477161076E1,5.592471361E-1,-1.117654324E0,1.399645060E-1
4.477361079E1,5.873469114E-1,-1.141478062E0,1.417970955E-1
4.477561082E1,6.154467463E-1,-1.162247539E0,1.448514163E-1
4.477761082E1,6.374378800E-1,-1.172632217E0,1.491274834E-1
4.477961079E1,6.698137522E-1,-1.190958142E0,1.552361250E-1
4.478160989E1,7.199047208E-1,-1.219057918E0,1.680642962E-1
4.478360936E1,7.199047208E-1,-1.219057918E0,1.680642962E-1
4.478560932E1,7.498371005E-1,-1.232496977E0,1.796707362E-1
4.478760929E1,7.822129726E-1,-1.241659999E0,1.967749745E-1
4.478960925E1,7.913759351E-1,-1.245325208E0,2.047162205E-1
4.479160922E1,8.182539940E-1,-1.248379469E0,2.273182273E-1
4.479360922E1,8.402451277E-1,-1.240438223E0,2.474767864E-1
4.479560925E1,8.494081497E-1,-1.236162186E0,2.609158158E-1
4.479760912E1,8.652906418E-1,-1.220279694E0,2.822960913E-1
4.479960915E1,8.811731339E-1,-1.199510217E0,3.042872548E-1
4.480161005E1,8.799513578E-1,-1.186071277E0,3.140611053E-1
4.480361098E1,8.891143799E-1,-1.155527949E0,3.336087763E-1
4.480561102E1,8.982773423E-1,-1.120708704E0,3.507130146E-1
4.480761105E1,9.001099467E-1,-1.103604436E0,3.592651188E-1
4.480961108E1,9.037751555E-1,-1.063898206E0,3.763693571E-1
4.481161108E1,9.080511928E-1,-1.019304991E0,3.995822370E-1
4.481361108E1,9.092729092E-1,-9.936487079E-1,4.093560576E-1
4.481561108E1,9.129381180E-1,-9.472229481E-1,4.264602959E-1
4.481761108E1,9.147707224E-1,-8.977428079E-1,4.392884672E-1
4.481961108E1,9.141598344E-1,-8.702539206E-1,4.472297132E-1
4.482161022E1,9.166033268E-1,-7.920631766E-1,4.631122053E-1
4.482361115E1,9.166033268E-1,-7.657959461E-1,4.679991305E-1
4.482561112E1,9.111055136E-1,-7.438048124E-1,4.692208767E-1
4.482761108E1,9.080511928E-1,-6.924921274E-1,4.796055853E-1
4.482961105E1,9.056077003E-1,-6.466771960E-1,4.838816226E-1
4.483161101E1,9.037751555E-1,-6.271295547E-1,4.838816226E-1
4.483361098E1,8.946121335E-1,-5.837581158E-1,4.875468314E-1
4.483561095E1,8.842274547E-1,-5.464953184E-1,4.887685478E-1
4.483761171E1,8.793405294E-1,-5.287802219E-1,4.887685478E-1
4.483961171E1,8.695666790E-1,-4.970152378E-1,4.912120104E-1
4.484161258E1,8.555167913E-1,-4.676937163E-1,4.881576896E-1
4.484361311E1,8.469646573E-1,-4.573090076E-1,4.899902940E-1
4.484561314E1,8.329147696E-1,-4.395939112E-1,4.838816226E-1
4.484761318E1,8.200865984E-1,-4.218788147E-1,4.771621227E-1
4.484961321E1,8.133670688E-1,-4.151592851E-1,4.741078019E-1
4.485161324E1,8.023715019E-1,-3.986659348E-1,4.704425931E-1
4.485361328E1,7.962628603E-1,-3.846160173E-1,4.679991305E-1
4.485561328E1,7.907650471E-1,-3.791182339E-1,4.704425931E-1
4.485761324E1,7.846564054E-1,-3.620140254E-1,4.728860557E-1
4.485961321E1,7.828238010E-1,-3.455206454E-1,4.820490479E-1
4.486161231E1,7.858781219E-1,-3.247512281E-1,4.985423982E-1
4.486361137E1,7.858781219E-1,-3.247512281E-1,4.985423982E-1
4.486561164E1,7.846564054E-1,-3.155882657E-1,5.095379949E-1
4.486761160E1,7.828238010E-1,-3.131448030E-1,5.248095989E-1
4.486961157E1,7.816020846E-1,-3.119230568E-1,5.278639197E-1
4.487161157E1,7.773260474E-1,-3.143665195E-1,5.431355834E-1
4.487361160E1,7.797694802E-1,-3.198643029E-1,5.553528666E-1
4.487561164E1,7.809911966E-1,-3.210860491E-1,5.620723963E-1
4.487761167E1,7.840455174E-1,-3.259729743E-1,5.742896795E-1
4.487961170E1,7.840455174E-1,-3.241403699E-1,5.871178508E-1
4.488161260E1,7.901542187E-1,-3.271946907E-1,5.932264924E-1
4.488361167E1,7.919867635E-1,-3.265838325E-1,6.097198725E-1
4.488561170E1,8.017606139E-1,-3.216969073E-1,6.256023645E-1
4.488761174E1,8.035932183E-1,-3.174208403E-1,6.347653270E-1
4.488961174E1,8.170322776E-1,-3.076470196E-1,6.494261026E-1
4.489161174E1,8.268061280E-1,-3.033709526E-1,6.640868783E-1
4.489361174E1,8.268061280E-1,-3.027600944E-1,6.714172363E-1
4.489561174E1,8.329147696E-1,-3.058144152E-1,6.891323328E-1
4.489761094E1,8.329147696E-1,-3.155882657E-1,7.037931085E-1
4.489961094E1,8.310821652E-1,-3.210860491E-1,7.147886753E-1
4.490161007E1,8.206974864E-1,-3.357468247E-1,7.410559058E-1
4.490360917E1,8.164213896E-1,-3.400228620E-1,7.453319430E-1
4.490560913E1,8.121453524E-1,-3.418554664E-1,7.538840771E-1
4.490760910E1,7.987062931E-1,-3.449097872E-1,7.679339647E-1
4.490960907E1,7.852672935E-1,-3.442989290E-1,7.807621360E-1
4.491160903E1,7.803803682E-1,-3.461315334E-1,7.844273448E-1
4.491360900E1,7.687739134E-1,-3.442989290E-1,7.923685908E-1
4.491560896E1,7.504479289E-1,-3.442989290E-1,7.990881205E-1
4.491760896E1,7.449501753E-1,-3.436880708E-1,8.009206653E-1
4.491960896E1,7.278459668E-1,-3.436880708E-1,8.064184785E-1
4.492160986E1,7.089090943E-1,-3.479641080E-1,8.070293665E-1
4.492361080E1,7.003570199E-1,-3.485749662E-1,8.064184785E-1
4.492561053E1,6.801984310E-1,-3.583488166E-1,8.021424413E-1
4.492761056E1,6.624833345E-1,-3.675118089E-1,7.917577028E-1
4.492961060E1,6.466008425E-1,-3.742313087E-1,7.874816656E-1
4.493161063E1,6.276640296E-1,-3.925572634E-1,7.728208899E-1
4.493361063E1,6.038402915E-1,-4.157701433E-1,7.551057935E-1
4.493561060E1,5.965099335E-1,-4.261548519E-1,7.434993386E-1
4.493761056E1,5.769622326E-1,-4.450916946E-1,7.196756005E-1
4.493961053E1,5.519167781E-1,-4.719697535E-1,6.909649372E-1
4.494160963E1,5.134322643E-1,-5.269476175E-1,6.457608938E-1
4.494360869E1,5.134322643E-1,-5.269476175E-1,6.457608938E-1
4.494560866E1,4.865541756E-1,-5.605452061E-1,6.158285141E-1
4.494760862E1,4.786129296E-1,-5.788711905E-1,5.987243056E-1
4.494960862E1,4.474588037E-1,-6.112470627E-1,5.626832247E-1
4.495160863E1,4.248567820E-1,-6.393468380E-1,5.217552781E-1
4.495360862E1,4.187481403E-1,-6.540076137E-1,5.015967488E-1
4.495560862E1,3.949243724E-1,-6.772204638E-1,4.606687427E-1
4.495760863E1,3.717114925E-1,-6.949355602E-1,4.191299081E-1
4.495960862E1,3.631593883E-1,-7.065420151E-1,3.953061700E-1
4.496160949E1,3.417791128E-1,-7.181484699E-1,3.537673354E-1
4.496361036E1,3.301726580E-1,-7.260897160E-1,3.122285008E-1
4.496561036E1,3.216205537E-1,-7.248679996E-1,2.939025462E-1
4.496761039E1,3.069597781E-1,-7.236462235E-1,2.548071742E-1
4.496961042E1,2.977968156E-1,-7.132615447E-1,2.144900560E-1
4.497161046E1,2.947424948E-1,-7.065420151E-1,1.943315119E-1
4.497361049E1,2.868012190E-1,-6.863834858E-1,1.564578563E-1
4.497561052E1,2.813034356E-1,-6.656140685E-1,1.191950813E-1
4.497761056E1,2.813034356E-1,-6.546184421E-1,1.014799923E-1
4.497961059E1,2.751947939E-1,-6.344599128E-1,7.276932150E-2
4.498160972E1,2.623666227E-1,-6.026949286E-1,4.222606122E-2
4.498360879E1,2.623666227E-1,-6.026949286E-1,4.222606122E-2
4.498560875E1,2.525927722E-1,-5.868124366E-1,2.695442922E-2
4.498760872E1,2.422080636E-1,-5.666538477E-1,1.046106778E-2
4.498960868E1,2.324342281E-1,-5.501605272E-1,-2.977967961E-3
4.499160865E1,2.269364446E-1,-5.428301096E-1,-6.032294128E-3
4.499360862E1,2.092213482E-1,-5.281693339E-1,-1.580613852E-2
4.499560862E1,1.957823038E-1,-5.165629387E-1,-2.435825206E-2
4.499760862E1,1.860084683E-1,-5.141194463E-1,-2.741257846E-2
4.499960865E1,1.750128865E-1,-5.043455958E-1,-3.168863431E-2
4.500160955E1,1.634064466E-1,-4.957934916E-1,-3.413209692E-2
4.500361048E1,1.536326110E-1,-4.927391708E-1,-3.596469015E-2
4.500561052E1,1.438587606E-1,-4.860196710E-1,-3.474296257E-2
4.500761055E1,1.359175146E-1,-4.860196710E-1,-3.107776865E-2
4.500961058E1,1.285871267E-1,-4.847979248E-1,-2.985603921E-2
4.501161062E1,1.120937690E-1,-4.872413874E-1,-2.130392566E-2
4.501361062E1,9.621127695E-2,-4.939609170E-1,-1.153008174E-2
4.501561062E1,9.132435173E-2,-5.012912750E-1,-6.643159315E-3
4.501761062E1,6.872233748E-2,-5.092325211E-1,4.963280167E-3
4.501961062E1,5.406157300E-2,-5.177846551E-1,1.290452853E-2
4.502160975E1,2.596177347E-2,-5.440518856E-1,3.184135258E-2
4.502360888E1,2.596177347E-2,-5.440518856E-1,3.184135258E-2
4.502560888E1,6.414085161E-3,-5.654321313E-1,4.100432992E-2
4.502760885E1,-4.581489135E-3,-5.770385861E-1,4.650211707E-2
4.502960881E1,-2.901609987E-2,-6.033058167E-1,5.444336683E-2
4.503160878E1,-5.406157300E-2,-6.417902708E-1,6.299547851E-2
4.503360874E1,-7.055493444E-2,-6.613379717E-1,6.604980677E-2
4.503560871E1,-9.865473956E-2,-7.040985823E-1,7.093672454E-2
4.503760868E1,-1.230893433E-1,-7.499134541E-1,7.399105281E-2
4.503960864E1,-1.340849251E-1,-7.798458338E-1,7.460191846E-2
4.504160948E1,-1.609629989E-1,-8.329911232E-1,7.704538107E-2
4.504361038E1,-1.841758788E-1,-8.861364126E-1,7.643451542E-2
4.504561041E1,-1.957823038E-1,-9.160687923E-1,7.093672454E-2
4.504761044E1,-2.171625942E-1,-9.710466862E-1,6.238461286E-2
4.504961048E1,-2.360994220E-1,-1.022970200E0,5.199990422E-2
4.505161051E1,-2.483167201E-1,-1.049848318E0,4.650211707E-2
4.505361054E1,-2.666426897E-1,-1.097495794E0,2.817615867E-2
4.505561057E1,-2.813034356E-1,-1.135369420E0,1.107193250E-2
4.505761061E1,-2.880229652E-1,-1.149419308E0,1.298088697E-3
4.505961061E1,-2.947424948E-1,-1.168967009E0,-2.191479132E-2
4.506160971E1,-3.112358451E-1,-1.174464822E0,-5.551237985E-2
4.506361074E1,-3.112358451E-1,-1.174464822E0,-5.551237985E-2
4.506561071E1,-3.124575615E-1,-1.172632217E0,-7.872525603E-2
4.506761067E1,-3.203988075E-1,-1.164690971E0,-1.062141955E-1
4.506961064E1,-3.277291954E-1,-1.162247539E0,-1.196532324E-1
4.507161060E1,-3.356704414E-1,-1.153084517E0,-1.508073509E-1
4.507361060E1,-3.448334336E-1,-1.131704211E0,-1.782962978E-1
4.507561060E1,-3.472768962E-1,-1.119486928E0,-1.917353272E-1
4.507761060E1,-3.601050675E-1,-1.097495794E0,-2.228894532E-1
4.507961060E1,-3.723223805E-1,-1.078558922E0,-2.589305043E-1
4.508161147E1,-3.778201640E-1,-1.065730810E0,-2.729803920E-1
4.508361234E1,-3.851505518E-1,-1.041907072E0,-3.114649057E-1
4.508561234E1,-3.973678350E-1,-1.016861558E0,-3.481168449E-1
4.508761234E1,-4.004221559E-1,-1.004033446E0,-3.707188368E-1
4.508961234E1,-4.071416855E-1,-9.808205366E-1,-4.128685594E-1
4.509161234E1,-4.114177525E-1,-9.618836641E-1,-4.605160356E-1
4.509361237E1,-4.114177525E-1,-9.539424181E-1,-4.812854528E-1
4.509561240E1,-4.156937897E-1,-9.362273216E-1,-5.203808546E-1
4.509761244E1,-4.175263941E-1,-9.246209264E-1,-5.668066144E-1
4.509961247E1,-4.199698567E-1,-9.240100384E-1,-5.875760317E-1
4.510161163E1,-4.181372523E-1,-9.062949419E-1,-6.724863052E-1
4.510361077E1,-4.181372523E-1,-9.062949419E-1,-6.724863052E-1
4.510561077E1,-4.187481403E-1,-9.020189047E-1,-6.963100433E-1
4.510761073E1,-4.163046777E-1,-8.910233378E-1,-7.415140271E-1
4.510961070E1,-4.169155359E-1,-8.836929202E-1,-7.928267121E-1
4.511161066E1,-4.230241776E-1,-8.684213161E-1,-8.459720016E-1
4.511361063E1,-4.248567820E-1,-8.562039733E-1,-8.716283441E-1
4.511561060E1,-4.303545654E-1,-8.232172728E-1,-9.241627455E-1
4.511761056E1,-4.431827366E-1,-7.810675502E-1,-9.773080349E-1
4.511961053E1,-4.480696619E-1,-7.572438121E-1,-1.003575206E0
4.512161140E1,-4.608978331E-1,-7.034876943E-1,-1.052444458E0
4.512361036E1,-4.773911834E-1,-6.430120468E-1,-1.100091934E0
4.512561039E1,-4.828889668E-1,-6.118578911E-1,-1.123304844E0
4.512761043E1,-5.024366379E-1,-5.434409976E-1,-1.169119716E0
4.512961046E1,-5.189300179E-1,-4.719697535E-1,-1.218599796E0
4.513161049E1,-5.293147564E-1,-4.340961277E-1,-1.242423534E0
4.513361053E1,-5.513058901E-1,-3.485749662E-1,-1.296790600E0
4.513561056E1,-5.794056654E-1,-2.606103718E-1,-1.340772867E0
4.513761059E1,-5.922338367E-1,-2.147954851E-1,-1.363374829E0
4.513961059E1,-6.252205968E-1,-1.249983013E-1,-1.404302835E0
4.514160972E1,-6.734789610E-1,-3.817907709E-4,-1.462334991E0
4.514360923E1,-6.734789610E-1,-3.817907709E-4,-1.462334991E0
4.514560922E1,-7.125743032E-1,6.925684959E-2,-1.499597788E0
4.514760923E1,-7.553348541E-1,1.285107732E-1,-1.535638809E0
4.514960923E1,-7.785477638E-1,1.505019218E-1,-1.553964853E0
4.515160922E1,-8.255843520E-1,1.883755773E-1,-1.592449307E0
4.515360919E1,-8.762862086E-1,2.091449946E-1,-1.629712105E0
4.515560916E1,-8.982773423E-1,2.134210467E-1,-1.651092410E0
4.515760912E1,-9.538660645E-1,2.091449946E-1,-1.691409469E0
4.515960909E1,-9.972375035E-1,1.883755773E-1,-1.730504870E0
4.516160992E1,-1.023504734E0,1.718822122E-1,-1.748830795E0
4.516361079E1,-1.071763039E0,1.321759671E-1,-1.781817555E0
4.516561075E1,-1.118188858E0,8.269587904E-2,-1.812360883E0
4.516761075E1,-1.135293007E0,5.398521572E-2,-1.824578166E0
4.516961075E1,-1.184773088E0,-3.436116967E-3,-1.839238882E0
4.517161079E1,-1.231809735E0,-6.818783283E-2,-1.839849710E0
4.517361082E1,-1.252579212E0,-9.995282441E-2,-1.835573673E0
4.517561085E1,-1.302670121E0,-1.750892550E-1,-1.821523786E0
4.517761089E1,-1.351539373E0,-2.545017302E-1,-1.790980577E0
4.517961092E1,-1.371697903E0,-2.966514230E-1,-1.774487138E0
4.518161008E1,-1.454775572E0,-4.395939112E-1,-1.699961662E0
4.518360918E1,-1.481042743E0,-4.915174544E-1,-1.669418335E0
4.518560915E1,-1.509142637E0,-5.416083932E-1,-1.632766485E0
4.518760912E1,-1.561066151E0,-6.436228752E-1,-1.557630062E0
4.518960908E1,-1.615433097E0,-7.364743948E-1,-1.468443632E0
4.519160905E1,-1.641089439E0,-7.749589086E-1,-1.423850536E0
4.519360902E1,-1.686904430E0,-8.500953317E-1,-1.332831621E0
4.519560898E1,-1.723556280E0,-9.142361879E-1,-1.243645310E0
4.519760895E1,-1.740660548E0,-9.423360229E-1,-1.199052095E0
4.519960895E1,-1.767538548E0,-9.820422530E-1,-1.108644009E0
4.520160985E1,-1.793805838E0,-1.032744050E0,-1.017014265E0
4.520361038E1,-1.803579688E0,-1.057178617E0,-9.711993933E-1
4.520561041E1,-1.824349046E0,-1.102993608E0,-8.716283441E-1
4.520761045E1,-1.842674971E0,-1.139034629E0,-7.738898993E-1
4.520961048E1,-1.848172784E0,-1.149419308E0,-7.256315351E-1
4.521161051E1,-1.857335806E0,-1.157360554E0,-6.303365827E-1
4.521361054E1,-1.861611843E0,-1.157360554E0,-5.307655334E-1
4.521561058E1,-1.865887880E0,-1.150641084E0,-4.782311320E-1
4.521761058E1,-1.863444448E0,-1.128039002E0,-3.792709708E-1
4.521961058E1,-1.855503201E0,-1.093830585E0,-2.845868468E-1
4.522160971E1,-1.841453314E0,-1.004033446E0,-1.593594700E-1
4.522360881E1,-1.841453314E0,-1.004033446E0,-1.593594700E-1
4.522560881E1,-1.830457687E0,-9.154579043E-1,-8.422304690E-2
4.522760881E1,-1.819462180E0,-7.945066094E-1,-1.397354249E-2
4.522960881E1,-1.818851233E0,-7.187592983E-1,1.718058437E-2
4.523160878E1,-1.809688330E0,-5.409975052E-1,8.193229884E-2
4.523360874E1,-1.802968740E0,-3.357468247E-1,1.344667077E-1
4.523560871E1,-1.801747084E0,-2.221258730E-1,1.595121920E-1
4.523760868E1,-1.810299158E0,5.115996581E-3,2.022727579E-1
4.523960864E1,-1.822516441E0,2.366339266E-1,2.480876446E-1
4.524160907E1,-1.829846859E0,3.496440053E-1,2.743548453E-1
4.524360994E1,-1.842064142E0,5.701663494E-1,3.293327391E-1
4.524560994E1,-1.850616217E0,7.784714103E-1,3.885866404E-1
4.524760994E1,-1.853670597E0,8.780424595E-1,4.203516543E-1
4.524960997E1,-1.854281425E0,1.063134551E0,4.808273017E-1
4.525161001E1,-1.848172784E0,1.234176874E0,5.455790162E-1
4.525361004E1,-1.846951127E0,1.311756730E0,5.761222839E-1
4.525561007E1,-1.840231538E0,1.455310106E0,6.439283490E-1
4.525761011E1,-1.843285918E0,1.584813476E0,7.025713921E-1
4.525961014E1,-1.846340179E0,1.647121787E0,7.282277346E-1
4.526160927E1,-1.851837993E0,1.805946708E0,7.838164568E-1
4.526360877E1,-1.862833619E0,1.851761580E0,7.972555161E-1
4.526560874E1,-1.871996522E0,1.894522190E0,8.082510829E-1
4.526760870E1,-1.894598603E0,1.979432464E0,8.284096122E-1
4.526960867E1,-1.923920035E0,2.068618774E0,8.467355967E-1
4.527160864E1,-1.941024303E0,2.113211870E0,8.534551263E-1
4.527360860E1,-1.969735026E0,2.186515808E0,8.632289767E-1
4.527560857E1,-2.006386995E0,2.245158911E0,8.656724095E-1
4.527760857E1,-2.020436764E0,2.270815134E0,8.638398051E-1
4.527960857E1,-2.052812576E0,2.318462610E0,8.601745963E-1
4.528160943E1,-2.070527792E0,2.378938437E0,8.510116339E-1
4.528361033E1,-2.075414658E0,2.420477152E0,8.461247087E-1
4.528561033E1,-2.072971106E0,2.507830858E0,8.351291418E-1
4.528761033E1,-2.047314882E0,2.595795393E0,8.235226870E-1
4.528961033E1,-2.030821562E0,2.642221212E0,8.186357617E-1
4.529161033E1,-1.983784914E0,2.722855568E0,8.027532697E-1
4.529361033E1,-1.930028796E0,2.790050745E0,7.850381732E-1
4.529561037E1,-1.898874640E0,2.812041759E0,7.722100019E-1
4.529761040E1,-1.832901120E0,2.830978632E0,7.373906970E-1
4.529961043E1,-1.769982100E0,2.791272402E0,6.744716167E-1
4.530161000E1,-1.684460878E0,2.642832041E0,5.413029790E-1
4.530361000E1,-1.684460878E0,2.642832041E0,5.413029790E-1
4.530561003E1,-1.627039552E0,2.511496067E0,4.411210716E-1
4.530761006E1,-1.601994157E0,2.433305264E0,3.904192448E-1
4.530961006E1,-1.553735733E0,2.265317440E0,2.945134044E-1
4.531161003E1,-1.509753466E0,2.083279610E0,2.108248621E-1
4.531361000E1,-1.482875347E0,1.986151934E0,1.674534380E-1
4.531560996E1,-1.424843192E0,1.784566402E0,9.476047009E-2
4.531760993E1,-1.357037187E0,1.576261401E0,2.817615867E-2
4.531960989E1,-1.320996046E0,1.473636031E0,-1.756237587E-3
4.532161073E1,-1.232420683E0,1.268996239E0,-8.300131559E-2
4.532361119E1,-1.141401768E0,1.083904028E0,-1.727984995E-1
4.532561119E1,-1.094365120E0,1.001437187E0,-2.131156176E-1
4.532761123E1,-1.000902653E0,8.395579457E-1,-2.980258763E-1
4.532961126E1,-9.269880056E-1,6.917285323E-1,-3.866013288E-1
4.533161129E1,-8.946121335E-1,6.263659596E-1,-4.318053722E-1
4.533361132E1,-8.359690905E-1,5.298492312E-1,-5.283221006E-1
4.533561136E1,-7.864890099E-1,4.705953002E-1,-6.162866950E-1
4.533761139E1,-7.571674585E-1,4.547128081E-1,-6.590472460E-1
4.533961142E1,-7.082982659E-1,4.345542490E-1,-7.402923107E-1
4.534161059E1,-6.227771044E-1,3.997349441E-1,-8.624653816E-1
4.534360969E1,-6.227771044E-1,3.997349441E-1,-8.624653816E-1
4.534560969E1,-5.684100986E-1,3.710242808E-1,-9.388235211E-1
4.534760969E1,-5.097670555E-1,3.404810131E-1,-9.968557358E-1
4.534960969E1,-4.474588037E-1,3.050508201E-1,-1.042059779E0
4.535160969E1,-4.120286107E-1,2.836705446E-1,-1.058553100E0
4.535360969E1,-3.503312171E-1,2.421317101E-1,-1.072602987E0
4.535560966E1,-2.849686444E-1,1.920407563E-1,-1.076879025E0
4.535760962E1,-2.507601976E-1,1.688278764E-1,-1.076879025E0
4.535960959E1,-1.823432744E-1,1.181260645E-1,-1.078711629E0
4.536161042E1,-1.175915599E-1,7.964155823E-2,-1.070770383E0
4.536361042E1,-8.704829961E-2,6.375905871E-2,-1.067716122E0
4.536561039E1,-2.412917651E-2,4.237877578E-2,-1.057942271E0
4.536761035E1,3.573561832E-2,2.466368489E-2,-1.047557592E0
4.536961032E1,6.566801667E-2,2.099849284E-2,-1.042059779E0
4.537161032E1,1.194241568E-1,1.855503209E-2,-1.034729362E0
4.537361035E1,1.676825136E-1,2.527454868E-2,-1.027398944E0
4.537561038E1,1.927279830E-1,3.138320148E-2,-1.025566339E0
4.537761042E1,2.287690341E-1,5.703954399E-2,-1.017014265E0
4.537961045E1,2.617557645E-1,9.491318464E-2,-1.004186153E0
4.538160962E1,2.898555696E-1,1.578323096E-1,-9.852492809E-1
4.538360885E1,2.898555696E-1,1.578323096E-1,-9.852492809E-1
4.538560888E1,2.984076738E-1,2.073123902E-1,-9.724211097E-1
4.538760888E1,2.959642112E-1,2.311361432E-1,-9.638689756E-1
4.538960885E1,2.916881442E-1,2.842814028E-1,-9.406561255E-1
4.539160882E1,2.758056521E-1,3.410918713E-1,-9.137780666E-1
4.539360878E1,2.629774809E-1,3.679699600E-1,-9.009498954E-1
4.539560875E1,2.391537428E-1,4.284456074E-1,-8.679631352E-1
4.539760871E1,2.073887438E-1,4.870886803E-1,-8.313112259E-1
4.539960868E1,1.829541475E-1,5.200753808E-1,-8.099309802E-1
4.540160951E1,1.383609772E-1,5.860488415E-1,-7.598400116E-1
4.540361041E1,8.277224004E-2,6.526331306E-1,-7.079164386E-1
4.540561044E1,5.222897977E-2,6.819546819E-1,-6.798166633E-1
4.540761048E1,-1.007927675E-2,7.381542921E-1,-6.260605454E-1
4.540961051E1,-8.032877743E-2,7.986299396E-1,-5.680283308E-1
4.541161054E1,-1.120937690E-1,8.261188865E-1,-5.405393839E-1
4.541361058E1,-1.902845204E-1,8.817076087E-1,-4.825071990E-1
4.541561061E1,-2.648100853E-1,9.324094653E-1,-4.256967306E-1
4.541761064E1,-3.051272035E-1,9.568440318E-1,-3.939317167E-1
4.541961068E1,-3.741549551E-1,1.002658963E0,-3.328452110E-1
4.542160981E1,-4.688390791E-1,1.064356327E0,-2.485457957E-1
4.542360891E1,-4.688390791E-1,1.064356327E0,-2.485457957E-1
4.542560891E1,-5.311473012E-1,1.093067050E0,-1.941787899E-1
4.542760891E1,-5.830708742E-1,1.112003803E0,-1.440878361E-1
4.542960891E1,-6.099489331E-1,1.122999430E0,-1.190423667E-1
4.543160891E1,-6.569855809E-1,1.132162333E0,-6.345362961E-2
4.543360888E1,-6.985244155E-1,1.140714526E0,-8.475755341E-3
4.543560884E1,-7.144069076E-1,1.142547131E0,2.328923717E-2
4.543760881E1,-7.406741381E-1,1.148655772E0,8.254316449E-2
4.543960877E1,-7.669413090E-1,1.153542638E0,1.405753642E-1
4.544160961E1,-7.687739134E-1,1.157207847E0,1.680642962E-1
4.544361037E1,-7.742717266E-1,1.166981697E0,2.199878395E-1
4.544561034E1,-7.706065178E-1,1.171868563E0,2.676353455E-1
4.544760990E1,-7.644978762E-1,1.172479510E0,2.890156209E-1
4.544960990E1,-7.492262125E-1,1.161483884E0,3.281109929E-1
4.545160994E1,-7.211264372E-1,1.144990563E0,3.647629023E-1
4.545360997E1,-7.101308703E-1,1.132773280E0,3.806453943E-1
4.545561000E1,-6.722571850E-1,1.100397348E0,4.142429829E-1
4.545761004E1,-6.294966340E-1,1.057025909E0,4.411210716E-1
4.545961007E1,-6.081163287E-1,1.034423947E0,4.539492428E-1
4.546160924E1,-4.902193546E-1,9.250790477E-1,5.003749728E-1
4.546360837E1,-4.902193546E-1,9.250790477E-1,5.003749728E-1
4.546560837E1,-4.254676402E-1,8.725446463E-1,5.095379949E-1
4.546760833E1,-3.930917978E-1,8.450556993E-1,5.193118453E-1
4.546960830E1,-3.142901659E-1,7.882452607E-1,5.248095989E-1
4.547160827E1,-2.373211533E-1,7.381542921E-1,5.284748077E-1
4.547360823E1,-1.908953935E-1,7.131088376E-1,5.290856361E-1
4.547560820E1,-1.059851199E-1,6.709591150E-1,5.278639197E-1
4.547760816E1,-1.252273750E-2,6.343072057E-1,5.290856361E-1
4.547960813E1,3.512475267E-2,6.141486168E-1,5.272530913E-1
4.548160900E1,1.322523206E-1,5.762749910E-1,5.266422033E-1
4.548360990E1,2.269364446E-1,5.408447981E-1,5.266422033E-1
4.548560990E1,2.739730477E-1,5.231297016E-1,5.303074121E-1
4.548760990E1,3.674354553E-1,4.931973219E-1,5.333617330E-1
4.548960990E1,4.523457289E-1,4.632649422E-1,5.345834494E-1
4.549160990E1,4.908302128E-1,4.498258829E-1,5.388594866E-1
4.549360990E1,5.665774941E-1,4.217261076E-1,5.388594866E-1
4.549560990E1,6.307183504E-1,3.936263025E-1,5.419138074E-1
4.549760990E1,6.655376554E-1,3.801872432E-1,5.455790162E-1
4.549960993E1,7.137960196E-1,3.539200425E-1,5.474116206E-1
4.550160910E1,7.846564054E-1,3.184898794E-1,5.541311502E-1
4.550360826E1,7.846564054E-1,3.184898794E-1,5.541311502E-1
4.550560829E1,8.139779568E-1,2.958878577E-1,5.590180755E-1
4.550760873E1,8.445212245E-1,2.714532316E-1,5.651267171E-1
4.550960876E1,8.536841869E-1,2.567924857E-1,5.675701499E-1
4.551160876E1,8.671231866E-1,2.274709493E-1,5.749005675E-1
4.551360873E1,8.738427162E-1,1.975385547E-1,5.852852464E-1
4.551560869E1,8.793405294E-1,1.828777790E-1,5.913938880E-1
4.551760866E1,8.811731339E-1,1.663844138E-1,6.030003428E-1
4.551960862E1,8.836165667E-1,1.535562575E-1,6.176611185E-1
4.552160946E1,8.872817755E-1,1.511127949E-1,6.274349689E-1
4.552361032E1,8.915578127E-1,1.498910636E-1,6.433174610E-1
4.552561029E1,8.976664543E-1,1.523345262E-1,6.616434455E-1
4.552761029E1,9.001099467E-1,1.553888470E-1,6.720281243E-1
4.552961032E1,9.117164016E-1,1.639409661E-1,6.903541088E-1
4.553161036E1,9.233227968E-1,1.761582643E-1,7.135669589E-1
4.553361039E1,9.269880056E-1,1.840995103E-1,7.251734138E-1
4.553561042E1,9.440922141E-1,2.042580694E-1,7.489971519E-1
4.553761045E1,9.569203854E-1,2.238057554E-1,7.734317780E-1
4.553961049E1,9.636399150E-1,2.305252701E-1,7.880925536E-1
4.554160965E1,9.899071455E-1,2.598468065E-1,8.302422166E-1
4.554361069E1,9.960157871E-1,2.683989108E-1,8.442921042E-1
4.554561069E1,1.003346205E0,2.806162238E-1,8.595637679E-1
4.554761069E1,1.025337338E0,3.019964993E-1,8.943830729E-1
4.554961069E1,1.039998055E0,3.245985210E-1,9.243154526E-1
4.555161069E1,1.050993681E0,3.343723714E-1,9.426414371E-1
4.555361045E1,1.068708777E0,3.557526469E-1,9.750173092E-1
4.555561045E1,1.088867307E0,3.789655268E-1,1.011058331E0
4.555761045E1,1.099251986E0,3.905719519E-1,1.030606031E0
4.555961042E1,1.118799686E0,4.143957198E-1,1.069090486E0
4.556161125E1,1.145066857E0,4.449389875E-1,1.106964231E0
4.556361208E1,1.158505917E0,4.577671289E-1,1.124679327E0
4.556561205E1,1.186605692E0,4.919756055E-1,1.164996386E0
4.556761202E1,1.218981624E0,5.310709476E-1,1.201648355E0
4.556961198E1,1.228755474E0,5.481752157E-1,1.219363332E0
4.557161195E1,1.259909511E0,5.866597295E-1,1.255404472E0
4.557361195E1,1.292896271E0,6.245333552E-1,1.289002061E0
4.557561195E1,1.308167934E0,6.459136605E-1,1.308549762E0
4.557761198E1,1.336267710E0,6.843981743E-1,1.336038709E0
4.557961201E1,1.360702276E0,7.204391956E-1,1.364749312E0
4.558161118E1,1.397965074E0,7.680866718E-1,1.405677319E0
4.558361031E1,1.397965074E0,7.680866718E-1,1.405677319E0
4.558561035E1,1.418734550E0,7.919104099E-1,1.430111885E0
4.558761038E1,1.434006214E0,8.120689988E-1,1.447216153E0
4.558961038E1,1.440725684E0,8.206210732E-1,1.450270414E0
4.559161038E1,1.444390893E0,8.334492445E-1,1.452713966E0
4.559361034E1,1.444390893E0,8.395579457E-1,1.449659586E0
4.559561031E1,1.437671304E0,8.444448709E-1,1.444161773E0
4.559761028E1,1.421177983E0,8.389470577E-1,1.427057624E0
4.559961024E1,1.388191223E0,8.273406029E-1,1.405066371E0
4.560161108E1,1.369865298E0,8.193993568E-1,1.387962222E0
4.560361004E1,1.324050426E0,7.949647307E-1,1.347645044E0
4.560561004E1,1.258077025E0,7.650323510E-1,1.304273605E0
4.560761004E1,1.225090265E0,7.528150678E-1,1.277395606E0
4.560961004E1,1.151786447E0,7.283804417E-1,1.223639488E0
4.561161004E1,1.077260852E0,7.008914948E-1,1.163163781E0
4.561361028E1,1.037554622E0,6.880633235E-1,1.129566193E0
4.561561028E1,9.599747062E-1,6.617961526E-1,1.058094978E0
4.561761028E1,8.768970370E-1,6.410267353E-1,9.841802716E-1
4.561961028E1,8.310821652E-1,6.275876760E-1,9.456957579E-1
4.562160941E1,7.070765495E-1,5.836054087E-1,8.271878958E-1
4.562360897E1,6.649268270E-1,5.646685362E-1,7.868707776E-1
4.562560901E1,6.227771044E-1,5.438991189E-1,7.428885102E-1
4.562760904E1,5.342016816E-1,4.944190681E-1,6.598108411E-1
4.562960907E1,4.468479156E-1,4.351651371E-1,5.742896795E-1
4.563160911E1,4.083634019E-1,4.058435857E-1,5.333617330E-1
4.563360914E1,3.265074790E-1,3.374266922E-1,4.484514594E-1
4.563560917E1,2.501493096E-1,2.683989108E-1,3.592651188E-1
4.563760917E1,2.122756690E-1,2.360230535E-1,3.171154261E-1
4.563960914E1,1.408044398E-1,1.663844138E-1,2.309834212E-1
4.564160997E1,7.360926270E-2,9.796751291E-2,1.424079537E-1
4.564361084E1,4.184427112E-2,6.070473418E-2,9.964739531E-2
4.564561080E1,-1.557706390E-2,-1.320996135E-2,1.779145002E-2
4.564761077E1,-7.666359097E-2,-9.384417534E-2,-5.673411116E-2
4.564961074E1,-1.041525230E-1,-1.329395473E-1,-9.338602424E-2
4.565161070E1,-1.493565589E-1,-2.111303061E-1,-1.605812013E-1
4.565361070E1,-2.025018334E-1,-2.862667143E-1,-2.216677219E-1
4.565561073E1,-2.165517360E-1,-3.186425865E-1,-2.534327209E-1
4.565761077E1,-2.623666227E-1,-3.742313087E-1,-3.108540475E-1
4.565961080E1,-2.959642112E-1,-4.194353521E-1,-3.621667325E-1
4.566160997E1,-3.375030458E-1,-4.670828283E-1,-4.238641262E-1
4.566360910E1,-3.375030458E-1,-4.670828283E-1,-4.238641262E-1
4.566560913E1,-3.588833213E-1,-4.890739918E-1,-4.544073939E-1
4.566760916E1,-3.637702465E-1,-4.939609170E-1,-4.696790278E-1
4.566960920E1,-3.729332387E-1,-5.025130510E-1,-4.916701615E-1
4.567160920E1,-3.784310222E-1,-4.994587004E-1,-5.051091909E-1
4.567360920E1,-3.796527386E-1,-4.976260960E-1,-5.069417953E-1
4.567560920E1,-3.723223805E-1,-4.744132161E-1,-5.075526834E-1
4.567760920E1,-3.643811047E-1,-4.371504486E-1,-4.959462285E-1
4.567960920E1,-3.588833213E-1,-4.139375687E-1,-4.904484451E-1
4.568161006E1,-3.393356502E-1,-3.571271002E-1,-4.623486400E-1
4.568361050E1,-3.173444867E-1,-2.893210649E-1,-4.354705513E-1
4.568561046E1,-3.100140989E-1,-2.538908720E-1,-4.153120220E-1
4.568761043E1,-2.868012190E-1,-1.714240611E-1,-3.762166202E-1
4.568961040E1,-2.666426897E-1,-8.223773539E-2,-3.322343230E-1
4.569161036E1,-2.550362349E-1,-3.459024429E-2,-3.114649057E-1
4.569361033E1,-2.263255715E-1,6.314819306E-2,-2.619848251E-1
4.569561029E1,-2.031126916E-1,1.645518243E-1,-2.149482071E-1
4.569761026E1,-2.000583708E-1,2.140319049E-1,-1.923462003E-1
4.569961026E1,-1.811215430E-1,3.068834245E-1,-1.520290822E-1
4.570160942E1,-1.670716405E-1,4.198935032E-1,-9.399688989E-2
4.570360856E1,-1.670716405E-1,4.198935032E-1,-9.399688989E-2
4.570560859E1,-1.603521258E-1,4.834234715E-1,-6.406449527E-2
4.570760862E1,-1.554652005E-1,5.396230817E-1,-3.779728711E-2
4.570960866E1,-1.481348276E-1,5.921574831E-1,-1.824959926E-2
4.571160869E1,-1.432479024E-1,6.147595048E-1,-1.030835137E-2
4.571360872E1,-1.365283877E-1,6.654613018E-1,3.741549561E-3
4.571560872E1,-1.255328059E-1,7.155522704E-1,1.656972058E-2
4.571760869E1,-1.200350225E-1,7.387651801E-1,1.656972058E-2
4.571960866E1,-1.102611795E-1,7.821365595E-1,2.267837152E-2
4.572160949E1,-9.743300825E-2,8.206210732E-1,2.512183413E-2
4.572361035E1,-9.132435173E-2,8.371144533E-1,2.634356357E-2
4.572561032E1,-7.788532227E-2,8.603273630E-1,2.817615867E-2
4.572761029E1,-6.383541971E-2,8.762098551E-1,2.817615867E-2
4.572961025E1,-5.528330430E-2,8.786532879E-1,2.573269792E-2
4.573161025E1,-3.634648025E-2,8.762098551E-1,2.267837152E-2
4.573361029E1,-1.618792862E-2,8.639925122E-1,2.023491077E-2
4.573561032E1,-1.069014147E-2,8.529969454E-1,1.962404512E-2
4.573761035E1,7.024950348E-3,8.261188865E-1,1.656972058E-2
4.573961038E1,2.412917651E-2,7.839691639E-1,3.741549561E-3
4.574160955E1,3.756821156E-2,6.874524951E-1,-2.252565511E-2
4.574360905E1,3.756821156E-2,6.874524951E-1,-2.252565511E-2
4.574560908E1,4.367686436E-2,5.970444083E-1,-4.757113010E-2
4.574760912E1,4.001167417E-2,5.500078201E-1,-6.223189831E-2
4.574960912E1,2.901609987E-2,4.388303161E-1,-9.216429293E-2
4.575160912E1,1.740965992E-2,3.142138124E-1,-1.343140006E-1
4.575360912E1,8.246680722E-3,2.482403666E-1,-1.556942761E-1
4.575560912E1,-1.374446787E-2,1.083522215E-1,-2.118938863E-1
4.575760912E1,-3.329215571E-2,-3.703370690E-2,-2.687043548E-1
4.575960912E1,-4.795292020E-2,-1.078940704E-1,-3.023019433E-1
4.576160995E1,-6.627888232E-2,-2.526691258E-1,-3.658319116E-1
4.576361082E1,-8.093964309E-2,-3.901138306E-1,-4.397466183E-1
4.576561078E1,-8.338310570E-2,-4.536437988E-1,-4.751768112E-1
4.576761075E1,-8.399397135E-2,-5.593234897E-1,-5.417611003E-1
4.576961071E1,-8.155050874E-2,-6.430120468E-1,-6.126214862E-1
4.577161068E1,-7.055493444E-2,-6.778313518E-1,-6.468299627E-1
4.577361065E1,-4.734205827E-2,-7.254788280E-1,-7.146359682E-1
4.577561061E1,-1.802052557E-2,-7.468591332E-1,-7.726681828E-1
4.577761061E1,9.162978968E-4,-7.480808496E-1,-7.977136374E-1
4.577961064E1,5.222897977E-2,-7.321983576E-1,-8.392524719E-1
4.578160981E1,1.298088580E-1,-6.924921274E-1,-8.710174561E-1
4.578360894E1,1.298088580E-1,-6.924921274E-1,-8.710174561E-1
4.578560898E1,1.866193265E-1,-6.674466133E-1,-8.697957397E-1
4.578760901E1,2.440406680E-1,-6.430120468E-1,-8.514698148E-1
4.578960904E1,2.764165103E-1,-6.307947040E-1,-8.441393971E-1
4.579160908E1,3.277291954E-1,-6.118578911E-1,-8.221482635E-1
4.579360908E1,3.790418804E-1,-5.947536826E-1,-7.983245254E-1
4.579560904E1,3.985895813E-1,-5.892558694E-1,-7.818311453E-1
4.579760901E1,4.474588037E-1,-5.733733773E-1,-7.537313700E-1
4.579960897E1,4.828889668E-1,-5.538256764E-1,-7.152468562E-1
4.580160981E1,5.024366379E-1,-5.434409976E-1,-7.005860806E-1
4.580361031E1,5.360342264E-1,-5.098434091E-1,-6.584363580E-1
4.580561027E1,5.623014569E-1,-4.695262909E-1,-6.132323742E-1
4.580761024E1,5.775730610E-1,-4.469242990E-1,-5.881868601E-1
4.580961024E1,5.940664411E-1,-4.004985392E-1,-5.442045927E-1
4.581161027E1,6.172793508E-1,-3.473532498E-1,-4.941136241E-1
4.581361030E1,6.191119552E-1,-3.180317283E-1,-4.721224904E-1
4.581561034E1,6.294966340E-1,-2.648864388E-1,-4.153120220E-1
4.581761037E1,6.294966340E-1,-2.111303061E-1,-3.591124117E-1
4.581961040E1,6.264423132E-1,-1.848630905E-1,-3.285691440E-1
4.582160957E1,5.977316499E-1,-9.323330969E-2,-2.143373489E-1
4.582360870E1,5.977316499E-1,-9.323330969E-2,-2.143373489E-1
4.582560874E1,5.616905689E-1,-7.246389240E-2,-1.862375438E-1
4.582760874E1,5.396994352E-1,-6.513350457E-2,-1.306488067E-1
4.582960874E1,4.877758920E-1,-6.452263892E-2,-8.239044994E-2
4.583160874E1,4.273002446E-1,-6.818783283E-2,-3.474296257E-2
4.583360874E1,3.949243724E-1,-6.818783283E-2,-1.397354249E-2
4.583560874E1,3.240640163E-1,-7.612907887E-2,2.573269792E-2
4.583760874E1,2.470949888E-1,-8.529205620E-2,6.421720982E-2
4.583960870E1,2.086104751E-1,-9.201157838E-2,8.376489580E-2
4.584160953E1,1.249219403E-1,-1.103375331E-1,1.228602752E-1
4.584361040E1,4.428773001E-2,-1.152244583E-1,1.601230502E-1
4.584561037E1,1.069014147E-2,-1.115592644E-1,1.753946841E-1
4.584761033E1,-6.139195710E-2,-1.005636901E-1,2.096031308E-1
4.584961030E1,-1.243110746E-1,-7.857254148E-2,2.395355403E-1
4.585161026E1,-1.511891484E-1,-6.635523587E-2,2.529745698E-1
4.585361023E1,-1.994474977E-1,-2.787072770E-2,2.749657333E-1
4.585561023E1,-2.434297949E-1,1.366810966E-2,2.945134044E-1
4.585761026E1,-2.666426897E-1,3.199406713E-2,3.061198592E-1
4.585961030E1,-3.124575615E-1,5.520694703E-2,3.299435973E-1
4.586160946E1,-3.827070892E-1,7.780896127E-2,3.653737605E-1
4.586360870E1,-3.827070892E-1,7.780896127E-2,3.653737605E-1
4.586560873E1,-4.254676402E-1,9.124799818E-2,3.855323195E-1
4.586760876E1,-4.633412957E-1,9.613491595E-2,4.044691622E-1
4.586960879E1,-4.822781086E-1,9.918924421E-2,4.136321247E-1
4.587160879E1,-5.146539807E-1,1.034653038E-1,4.270711541E-1
4.587360876E1,-5.409211516E-1,1.169043332E-1,4.350124002E-1
4.587560873E1,-5.525276065E-1,1.224021241E-1,4.368450046E-1
4.587760869E1,-5.604688525E-1,1.492801905E-1,4.392884672E-1
4.587960866E1,-5.574145317E-1,1.816560477E-1,4.331798255E-1
4.588160949E1,-5.537493229E-1,2.054798007E-1,4.307363629E-1
4.588361036E1,-5.384777188E-1,2.561815977E-1,4.117995203E-1
4.588561032E1,-5.189300179E-1,3.062725663E-1,3.910301030E-1
4.588761032E1,-5.054910183E-1,3.300963044E-1,3.763693571E-1
4.588961032E1,-4.694499373E-1,3.899610937E-1,3.513238728E-1
4.589161032E1,-4.187481403E-1,4.571562707E-1,3.226132095E-1
4.589361032E1,-3.973678350E-1,4.883103967E-1,3.116176426E-1
4.589561032E1,-3.320052624E-1,5.475643277E-1,2.865721583E-1
4.589761032E1,-2.599231601E-1,5.982661247E-1,2.682462037E-1
4.589961032E1,-2.189951837E-1,6.135377884E-1,2.590832114E-1
4.590160946E1,-9.682214260E-2,6.184247136E-1,2.438115925E-1
4.590360856E1,-5.589416996E-2,6.049856544E-1,2.419789881E-1
4.590560859E1,-1.374446787E-2,5.909357667E-1,2.395355403E-1
4.590760862E1,8.032877743E-2,5.500078201E-1,2.419789881E-1
4.590960866E1,1.762346178E-1,5.078580976E-1,2.511419654E-1
4.591160869E1,2.244929820E-1,4.907538593E-1,2.578614950E-1
4.591360872E1,3.258966208E-1,4.510476291E-1,2.688570619E-1
4.591560875E1,4.279111028E-1,4.095087945E-1,2.859613001E-1
4.591760875E1,4.773911834E-1,3.869067729E-1,2.920699418E-1
4.591960875E1,5.775730610E-1,3.349832296E-1,3.116176426E-1
4.592160959E1,6.655376554E-1,2.818379402E-1,3.311653137E-1
4.592361035E1,7.021896243E-1,2.494620979E-1,3.403283060E-1
4.592561032E1,7.895433307E-1,1.883755773E-1,3.647629023E-1
4.592761028E1,8.604037166E-1,1.266781837E-1,3.879757822E-1
4.592961025E1,8.921687007E-1,9.124799818E-2,3.989713490E-1
4.593161022E1,9.520334601E-1,2.588541433E-2,4.191299081E-1
4.593361022E1,1.003957033E0,-2.970332280E-2,4.362341464E-1
4.593561025E1,1.024726391E0,-5.597052723E-2,4.484514594E-1
4.593761028E1,1.065043569E0,-1.066723466E-1,4.637230933E-1
4.593961032E1,1.098030329E0,-1.549306959E-1,4.826599061E-1
4.594160948E1,1.117577910E0,-2.410627007E-1,4.997641146E-1
4.594360862E1,1.117577910E0,-2.410627007E-1,4.997641146E-1
4.594560865E1,1.120632291E0,-2.917645276E-1,5.028184652E-1
4.594760868E1,1.110858440E0,-3.467423916E-1,5.077053905E-1
4.594960871E1,1.102917194E0,-3.742313087E-1,5.058727860E-1
4.595160871E1,1.085202098E0,-4.304309189E-1,5.058727860E-1
4.595360871E1,1.060156584E0,-4.750240743E-1,4.997641146E-1
4.595560871E1,1.053437114E0,-4.951826334E-1,4.954880774E-1
4.595760871E1,1.025948167E0,-5.324454308E-1,4.851033688E-1
4.595960871E1,9.984592199E-1,-5.733733773E-1,4.734969139E-1
4.596160958E1,9.831876159E-1,-5.971971154E-1,4.655556679E-1
4.596361048E1,9.440922141E-1,-6.466771960E-1,4.545601010E-1
4.596561045E1,8.933904171E-1,-6.931029558E-1,4.392884672E-1
4.596761041E1,8.713992834E-1,-7.163158655E-1,4.319580793E-1
4.596961038E1,8.176431060E-1,-7.682393789E-1,4.215733707E-1
4.597161034E1,7.461718917E-1,-8.262715936E-1,4.166864455E-1
4.597361031E1,7.137960196E-1,-8.531496525E-1,4.148538709E-1
4.597561028E1,6.398813725E-1,-9.069058299E-1,4.124104083E-1
4.597761024E1,5.763513446E-1,-9.545533061E-1,4.081343412E-1
4.597961021E1,5.396994352E-1,-9.820422530E-1,4.044691622E-1
4.598160934E1,4.230241776E-1,-1.072450280E0,3.910301030E-1
4.598360861E1,3.869831264E-1,-1.101771832E0,3.861432076E-1
4.598560864E1,3.430008292E-1,-1.132925987E0,3.800345361E-1
4.598760867E1,2.580905557E-1,-1.190347314E0,3.727041483E-1
4.598960871E1,1.792889535E-1,-1.230053544E0,3.696498275E-1
4.599160874E1,1.420261711E-1,-1.245936036E0,3.708715737E-1
4.599360877E1,7.422012836E-2,-1.267316341E0,3.696498275E-1
4.599560877E1,1.069014147E-2,-1.275257587E0,3.653737605E-1
4.599760877E1,-1.679879427E-2,-1.278311849E0,3.653737605E-1
4.599960874E1,-6.933320314E-2,-1.272814155E0,3.537673354E-1
4.600160957E1,-1.139263660E-1,-1.258764148E0,3.403283060E-1
4.600361044E1,-1.334740520E-1,-1.248990297E0,3.342196345E-1
4.600561040E1,-1.646281779E-1,-1.220890522E0,3.201697469E-1
4.600761037E1,-1.915062517E-1,-1.183016896E0,3.030655086E-1
4.600961034E1,-2.000583708E-1,-1.161636591E0,2.994003296E-1
4.601161034E1,-2.092213482E-1,-1.113989115E0,2.847395539E-1
4.601361037E1,-2.061670274E-1,-1.059622169E0,2.743548453E-1
4.601561040E1,-2.037235647E-1,-1.032133222E0,2.725222707E-1
4.601761043E1,-1.805106848E-1,-9.863182902E-1,2.639701366E-1
4.601961047E1,-1.493565589E-1,-9.563859105E-1,2.572506368E-1
4.602160963E1,-8.765916526E-2,-9.258426428E-1,2.535854280E-1
4.602360963E1,-8.765916526E-2,-9.258426428E-1,2.535854280E-1
4.602560937E1,-3.817907721E-2,-9.160687923E-1,2.523637116E-1
4.602760940E1,-1.802052557E-2,-9.111818671E-1,2.517528534E-1
4.602960940E1,2.901609987E-2,-9.062949419E-1,2.584723532E-1
4.603160940E1,7.422012836E-2,-9.050732255E-1,2.664135993E-1
4.603360940E1,1.023199260E-1,-9.038515091E-1,2.706896663E-1
4.603560940E1,1.456913650E-1,-9.117927551E-1,2.761874497E-1
4.603760940E1,1.860084683E-1,-9.185122252E-1,2.847395539E-1
4.603960940E1,2.049452960E-1,-9.246209264E-1,2.865721583E-1
4.604161026E1,2.452623993E-1,-9.478337765E-1,2.920699418E-1
4.604361100E1,2.874121070E-1,-9.808205366E-1,2.963460088E-1
4.604561096E1,3.124575615E-1,-1.000368237E0,2.987894714E-1
4.604761093E1,3.643811047E-1,-1.041296124E0,3.006220460E-1
4.604961090E1,4.144720733E-1,-1.094441414E0,3.061198592E-1
4.605161086E1,4.450153410E-1,-1.123762965E0,3.073415756E-1
4.605361083E1,5.073235631E-1,-1.188514709E0,3.134502172E-1
4.605561079E1,5.769622326E-1,-1.261207700E0,3.220023513E-1
4.605761076E1,6.160575747E-1,-1.299081326E0,3.238349259E-1
4.605961076E1,6.966918111E-1,-1.378493786E0,3.336087763E-1
4.606160993E1,8.103127480E-1,-1.487838626E0,3.488804102E-1
4.606360906E1,8.103127480E-1,-1.487838626E0,3.488804102E-1
4.606560909E1,8.793405294E-1,-1.534264445E0,3.678172231E-1
4.606760913E1,9.337075353E-1,-1.555644751E0,3.861432076E-1
4.606960916E1,9.776898026E-1,-1.557477355E0,4.093560576E-1
4.607160999E1,9.990701079E-1,-1.551979542E0,4.227951169E-1
4.607360999E1,1.033889413E0,-1.534875274E0,4.502840340E-1
4.607560999E1,1.058934927E0,-1.512273312E0,4.716643393E-1
4.607760996E1,1.067487001E0,-1.500666857E0,4.832707644E-1
4.607960992E1,1.080315232E0,-1.471345305E0,5.046510696E-1
4.608161076E1,1.085812926E0,-1.441412926E0,5.205335617E-1
4.608361076E1,1.086423874E0,-1.424308658E0,5.284748077E-1
4.608561102E1,1.085202098E0,-1.388878465E0,5.437464118E-1
4.608761099E1,1.080315232E0,-1.346728802E0,5.522985458E-1
4.608961009E1,1.076039076E0,-1.327181101E0,5.584071875E-1
4.609161009E1,1.066876173E0,-1.284420490E0,5.724570751E-1
4.609361012E1,1.049771905E0,-1.245936036E0,5.846744180E-1
4.609561015E1,1.043663263E0,-1.223944902E0,5.895613432E-1
4.609761019E1,1.021672130E0,-1.186682105E0,5.950590968E-1
4.609961022E1,1.005178809E0,-1.151251912E0,5.993351340E-1
4.610160939E1,9.734137654E-1,-1.097495794E0,6.042220592E-1
4.610360889E1,9.734137654E-1,-1.097495794E0,6.042220592E-1
4.610560892E1,9.563095570E-1,-1.060232997E0,6.109415889E-1
4.610760892E1,9.440922141E-1,-1.041296124E0,6.115524769E-1
4.610960892E1,9.227119684E-1,-1.005865932E0,6.121633053E-1
4.611160892E1,9.068294764E-1,-9.722684026E-1,6.103307605E-1
4.611360892E1,8.976664543E-1,-9.557750225E-1,6.091089845E-1
4.611560892E1,8.768970370E-1,-9.209557176E-1,6.023895144E-1
4.611760892E1,8.597928286E-1,-8.849146366E-1,5.944482684E-1
4.611960892E1,8.555167913E-1,-8.659778237E-1,5.944482684E-1
4.612160975E1,8.451320529E-1,-8.317694068E-1,5.877287388E-1
4.612361022E1,8.304712772E-1,-7.975609303E-1,5.828418136E-1
4.612561018E1,8.286387324E-1,-7.798458338E-1,5.810092092E-1
4.612761015E1,8.176431060E-1,-7.486917377E-1,5.724570751E-1
4.612961012E1,8.090910316E-1,-7.163158655E-1,5.608506799E-1
4.613160928E1,8.072584271E-1,-7.016550899E-1,5.584071875E-1
4.613360922E1,7.993171811E-1,-6.650031805E-1,5.468007326E-1
4.613560918E1,7.968736887E-1,-6.301838756E-1,5.388594866E-1
4.613760918E1,7.907650471E-1,-6.143013835E-1,5.339725614E-1
4.613960921E1,7.858781219E-1,-5.758168697E-1,5.260313153E-1
4.614160838E1,7.767151594E-1,-5.226715803E-1,5.077053905E-1
4.614360751E1,7.767151594E-1,-5.226715803E-1,5.077053905E-1
4.614560755E1,7.687739134E-1,-4.823544621E-1,4.967097938E-1
4.614760758E1,7.614435554E-1,-4.426482320E-1,4.844925106E-1
4.614960851E1,7.565566301E-1,-4.224896729E-1,4.789946973E-1
4.615160854E1,7.486153841E-1,-3.803399801E-1,4.679991305E-1
4.615360855E1,7.376197577E-1,-3.381902575E-1,4.588361681E-1
4.615560851E1,7.315111160E-1,-3.192534447E-1,4.582252800E-1
4.615760848E1,7.254024744E-1,-2.813797891E-1,4.539492428E-1
4.615960844E1,7.150177956E-1,-2.453387529E-1,4.551709592E-1
4.616160928E1,7.021896243E-1,-2.288453877E-1,4.521166384E-1
4.616360978E1,6.911939979E-1,-1.989129931E-1,4.502840340E-1
4.616560974E1,6.747006774E-1,-1.744783819E-1,4.472297132E-1
4.616760974E1,6.667594314E-1,-1.616502106E-1,4.490623176E-1
4.616960974E1,6.459900141E-1,-1.433242559E-1,4.460079968E-1
4.617160974E1,6.246097088E-1,-1.243874356E-1,4.460079968E-1
4.617360974E1,6.178901792E-1,-1.140027270E-1,4.460079968E-1
4.617560974E1,5.995642543E-1,-9.323330969E-2,4.460079968E-1
4.617760974E1,5.836817622E-1,-7.796167582E-2,4.453971088E-1
4.617960974E1,5.720753074E-1,-7.124216110E-2,4.460079968E-1
4.618160888E1,5.384777188E-1,-6.085744873E-2,4.392884672E-1
4.618360838E1,5.384777188E-1,-6.085744873E-2,4.392884672E-1
4.618560841E1,5.183191895E-1,-6.452263892E-2,4.344015419E-1
4.618760844E1,5.103778839E-1,-6.879869848E-2,4.307363629E-1
4.618960847E1,4.981606007E-1,-7.979427278E-2,4.258494377E-1
4.619160851E1,4.810563922E-1,-9.628763795E-2,4.197407961E-1
4.619360857E1,4.712825418E-1,-1.066723466E-1,4.154647291E-1
4.619560861E1,4.615086913E-1,-1.280526221E-1,4.148538709E-1
4.619760864E1,4.474588037E-1,-1.494329125E-1,4.148538709E-1
4.619960864E1,4.425718784E-1,-1.592067480E-1,4.179081917E-1
4.620160947E1,4.334088862E-1,-1.787544489E-1,4.221842289E-1
4.620360990E1,4.266893864E-1,-1.946369410E-1,4.252385795E-1
4.620560987E1,4.248567820E-1,-2.068542391E-1,4.270711541E-1
4.620760984E1,4.205807149E-1,-2.276236564E-1,4.386776090E-1
4.620960974E1,4.175263941E-1,-2.435061634E-1,4.447862506E-1
4.621160970E1,4.132503271E-1,-2.728276849E-1,4.551709592E-1
4.621360967E1,4.132503271E-1,-3.100904822E-1,4.679991305E-1
4.621560967E1,4.138612151E-1,-3.607922792E-1,4.936554730E-1
4.621760970E1,4.083634019E-1,-3.870594800E-1,5.052618980E-1
4.621960974E1,4.071416855E-1,-4.395939112E-1,5.187009573E-1
4.622160890E1,4.004221559E-1,-5.293911099E-1,5.290856361E-1
4.622360843E1,4.004221559E-1,-5.293911099E-1,5.290856361E-1
4.622560847E1,3.943135142E-1,-5.837581158E-1,5.376377702E-1
4.622760850E1,3.918700516E-1,-6.222426295E-1,5.480225086E-1
4.622960853E1,3.888157308E-1,-6.399577260E-1,5.498550534E-1
4.623160857E1,3.888157308E-1,-6.674466133E-1,5.522985458E-1
4.623360857E1,3.857614100E-1,-6.906595230E-1,5.535202622E-1
4.623560857E1,3.845396638E-1,-7.047094107E-1,5.535202622E-1
4.623760857E1,3.814853430E-1,-7.254788280E-1,5.492442250E-1
4.623960857E1,3.796527386E-1,-7.419722080E-1,5.443572998E-1
4.624160943E1,3.790418804E-1,-7.486917377E-1,5.419138074E-1
4.624361033E1,3.753767014E-1,-7.596873045E-1,5.296965241E-1
4.624561030E1,3.747658134E-1,-7.694611549E-1,5.156466365E-1
4.624761026E1,3.686571717E-1,-7.743480802E-1,5.083162189E-1
4.624961023E1,3.656028509E-1,-7.816784382E-1,4.924337566E-1
4.625161020E1,3.649919927E-1,-7.847327590E-1,4.728860557E-1
4.625361016E1,3.619376719E-1,-7.865653634E-1,4.655556679E-1
4.625561013E1,3.613267839E-1,-7.804567218E-1,4.429536462E-1
4.625761009E1,3.588833213E-1,-7.743480802E-1,4.185190499E-1
4.625961006E1,3.558290005E-1,-7.676285505E-1,4.050800204E-1
4.626160919E1,3.570507467E-1,-7.364743948E-1,3.641520441E-1
4.626361069E1,3.607159257E-1,-7.285331488E-1,3.482695520E-1
4.626561073E1,3.539963961E-1,-7.175375819E-1,3.372739851E-1
4.626761076E1,3.570507467E-1,-6.992116570E-1,3.061198592E-1
4.626961086E1,3.478877544E-1,-6.796639562E-1,2.786309123E-1
4.627161089E1,3.448334336E-1,-6.674466133E-1,2.627484202E-1
4.627361092E1,3.362813294E-1,-6.436228752E-1,2.334268838E-1
4.627561096E1,3.295617998E-1,-6.228534579E-1,2.041053474E-1
4.627761096E1,3.222314119E-1,-6.100252867E-1,1.888337135E-1
4.627961092E1,3.112358451E-1,-5.843689442E-1,1.582904607E-1
4.628161176E1,3.008511364E-1,-5.562691689E-1,1.271363348E-1
4.628361222E1,2.941316068E-1,-5.440518856E-1,1.112538353E-1
4.628561219E1,2.794708610E-1,-5.153411627E-1,8.743008971E-2
4.628761216E1,2.593123019E-1,-4.872413874E-1,6.177374721E-2
4.628961212E1,2.538145185E-1,-4.725806117E-1,5.322163552E-2
4.629161209E1,2.367102802E-1,-4.499786198E-1,3.184135258E-2
4.629361209E1,2.196060568E-1,-4.255439937E-1,1.901318133E-2
4.629561212E1,2.128865421E-1,-4.163810313E-1,1.473712362E-2
4.629761215E1,1.945605874E-1,-3.974441886E-1,8.017606102E-3
4.629961219E1,1.725694388E-1,-3.876703680E-1,4.352414981E-3
4.630161135E1,1.438587606E-1,-3.858377635E-1,1.595885493E-2
4.630361048E1,1.438587606E-1,-3.858377635E-1,1.595885493E-2
4.630561052E1,1.273654103E-1,-3.876703680E-1,2.817615867E-2
4.630761055E1,1.108720452E-1,-3.907246888E-1,4.039346427E-2
4.630961058E1,1.072068512E-1,-3.925572634E-1,4.528038576E-2
4.631161058E1,9.926560521E-2,-4.059963226E-1,5.566509441E-2
4.631361058E1,8.704829961E-2,-4.231005311E-1,6.910412759E-2
4.631561058E1,8.093964309E-2,-4.328743815E-1,7.704538107E-2
4.631761058E1,7.849618047E-2,-4.548655450E-1,8.926268667E-2
4.631961058E1,8.032877743E-2,-4.719697535E-1,1.020908505E-1
4.632161145E1,7.849618047E-2,-4.817436039E-1,1.094212383E-1
4.632361048E1,8.155050874E-2,-4.988478422E-1,1.149190217E-1
4.632561045E1,8.093964309E-2,-5.202280879E-1,1.191950813E-1
4.632761042E1,8.582656831E-2,-5.306128263E-1,1.204168126E-1
4.632961038E1,7.849618047E-2,-5.556582808E-1,1.155298874E-1
4.633161035E1,8.277224004E-2,-5.892558694E-1,1.069777757E-1
4.633361031E1,7.971791178E-2,-6.039166451E-1,1.008691266E-1
4.633561028E1,6.627888232E-2,-6.424011588E-1,8.804095536E-2
4.633761024E1,5.894849449E-2,-6.839399934E-1,7.643451542E-2
4.633961024E1,5.161811411E-2,-7.053202987E-1,7.154759020E-2
4.634160938E1,3.695734590E-2,-7.761806250E-1,6.055201590E-2
4.634360858E1,3.084869497E-2,-7.987826467E-1,5.688682571E-2
4.634560861E1,2.046398632E-2,-8.232172728E-1,5.199990422E-2
4.634760864E1,1.191187184E-2,-8.806385994E-1,4.405865446E-2
4.634960868E1,-1.007927675E-2,-9.392817020E-1,3.306308016E-2
4.635160871E1,-1.191187184E-2,-9.667705894E-1,2.878702432E-2
4.635360874E1,-2.351831272E-2,-1.018083334E0,1.962404512E-2
4.635560874E1,-3.023782931E-2,-1.062065601E0,1.046106778E-2
4.635760871E1,-3.084869497E-2,-1.081002355E0,3.741549561E-3
4.635960868E1,-3.329215571E-2,-1.110323906E0,-7.864889689E-3
4.636160951E1,-2.779436857E-2,-1.139645457E0,-2.435825206E-2
4.636361037E1,-3.451388702E-2,-1.154306293E0,-3.352123126E-2
4.636561034E1,-2.290744707E-2,-1.176297426E0,-5.184718594E-2
4.636761031E1,-2.107485011E-2,-1.189736366E0,-6.895141304E-2
4.636961027E1,-1.863138936E-2,-1.196455956E0,-7.994698733E-2
4.637161027E1,-1.130100712E-2,-1.200731993E0,-1.013272703E-1
4.637361030E1,-3.359758761E-3,-1.196455956E0,-1.275944710E-1
4.637561034E1,3.054326226E-4,-1.194623351E0,-1.422552466E-1
4.637761037E1,8.246680722E-3,-1.181795120E0,-1.685224473E-1
4.637961040E1,1.374446787E-2,-1.169577837E0,-1.978439838E-1
4.638160957E1,1.863138936E-2,-1.142088890E0,-2.509892583E-1
4.638360860E1,1.863138936E-2,-1.142088890E0,-2.509892583E-1
4.638560864E1,1.740965992E-2,-1.120708704E0,-2.894737720E-1
4.638760867E1,1.985312067E-2,-1.110323906E0,-3.077997267E-1
4.638960867E1,1.985312067E-2,-1.086500168E0,-3.493385613E-1
4.639160867E1,1.802052557E-2,-1.057789564E0,-3.969860375E-1
4.639360867E1,1.740965992E-2,-1.043128729E0,-4.214206636E-1
4.639560867E1,1.130100712E-2,-1.015639782E0,-4.721224904E-1
4.639760867E1,7.635815535E-3,-9.918161035E-1,-5.228242874E-1
4.639960867E1,9.162978968E-4,-9.795987606E-1,-5.490915179E-1
4.640160954E1,-3.970623948E-3,-9.679923654E-1,-6.034585238E-1
4.640361034E1,-1.252273750E-2,-9.551641941E-1,-6.596581340E-1
4.640561030E1,-1.618792862E-2,-9.533315897E-1,-6.853144765E-1
4.640761027E1,-2.962696366E-2,-9.478337765E-1,-7.396814823E-1
4.640961023E1,-3.940080851E-2,-9.472229481E-1,-7.928267121E-1
4.641161020E1,-4.673119262E-2,-9.484446645E-1,-8.209265471E-1
4.641361016E1,-5.711590126E-2,-9.582185149E-1,-8.746826649E-1
4.641561013E1,-7.666359097E-2,-9.686031938E-1,-9.314931631E-1
4.641761013E1,-8.277224004E-2,-9.722684026E-1,-9.602038264E-1
4.641961013E1,-9.498954564E-2,-9.820422530E-1,-1.013349056E0
4.642160930E1,-1.212567538E-1,-9.930378199E-1,-1.089096427E0
4.642360843E1,-1.212567538E-1,-9.930378199E-1,-1.089096427E0
4.642560846E1,-1.334740520E-1,-9.967030287E-1,-1.141019940E0
4.642760850E1,-1.505782902E-1,-9.948704243E-1,-1.187445641E0
4.642960853E1,-1.627955884E-1,-9.967030287E-1,-1.234482288E0
4.643160856E1,-1.744020283E-1,-9.967030287E-1,-1.258306026E0
4.643360856E1,-1.945605874E-1,-9.905943274E-1,-1.305342674E0
4.643560853E1,-2.147191316E-1,-9.820422530E-1,-1.359098792E0
4.643760849E1,-2.244929820E-1,-9.759336114E-1,-1.387809515E0
4.643960846E1,-2.458732575E-1,-9.514989853E-1,-1.442787409E0
4.644160929E1,-2.806925774E-1,-9.111818671E-1,-1.495932579E0
4.644361016E1,-2.929098904E-1,-8.873581290E-1,-1.521588922E0
4.644561012E1,-3.283400834E-1,-8.329911232E-1,-1.568625569E0
4.644761009E1,-3.570507467E-1,-7.657959461E-1,-1.615051389E0
4.644961009E1,-3.741549551E-1,-7.291440368E-1,-1.637653351E0
4.645161009E1,-4.126394689E-1,-6.533967257E-1,-1.675526977E0
4.645361009E1,-4.474588037E-1,-5.794820189E-1,-1.712789774E0
4.645561009E1,-4.749477208E-1,-5.428301096E-1,-1.729283094E0
4.645761009E1,-5.134322643E-1,-4.725806117E-1,-1.762880683E0
4.645961009E1,-5.702427030E-1,-4.059963226E-1,-1.792813182E0
4.646160922E1,-6.478226185E-1,-3.235295117E-1,-1.826410770E0
4.646360859E1,-6.478226185E-1,-3.235295117E-1,-1.826410770E0
4.646560859E1,-7.070765495E-1,-2.832123935E-1,-1.838628054E0
4.646760862E1,-7.351763248E-1,-2.642755806E-1,-1.843514919E0
4.646960866E1,-7.944302559E-1,-2.355649173E-1,-1.847790956E0
4.647160869E1,-8.585711122E-1,-2.160172164E-1,-1.844125867E0
4.647360872E1,-8.823948503E-1,-2.105194330E-1,-1.838628054E0
4.647560876E1,-9.428704977E-1,-2.092977017E-1,-1.816636920E0
4.647760879E1,-9.947940707E-1,-2.221258730E-1,-1.782428384E0
4.647960882E1,-1.028391600E0,-2.355649173E-1,-1.755550385E0
4.648160969E1,-1.076039076E0,-2.734385431E-1,-1.692020416E0
4.648361055E1,-1.132849574E0,-3.265838325E-1,-1.615051389E0
4.648561052E1,-1.157895088E0,-3.607922792E-1,-1.569236398E0
4.648761049E1,-1.211040378E0,-4.365395904E-1,-1.475774050E0
4.648961045E1,-1.266629100E0,-5.275585055E-1,-1.375592232E0
4.649161042E1,-1.292896271E0,-5.770385861E-1,-1.320614338E0
4.649361038E1,-1.355204582E0,-6.686683893E-1,-1.208215117E0
4.649561038E1,-1.431562662E0,-7.541894913E-1,-1.091539860E0
4.649761038E1,-1.468214631E0,-7.938957214E-1,-1.034118533E0
4.649961042E1,-1.550681472E0,-8.604800701E-1,-9.223301411E-1
4.650160958E1,-1.686293483E0,-9.356164932E-1,-7.732790709E-1
4.650361065E1,-1.686293483E0,-9.356164932E-1,-7.732790709E-1
4.650561068E1,-1.785864592E0,-9.637162685E-1,-6.859253049E-1
4.650761071E1,-1.882381201E0,-9.710466862E-1,-6.052911282E-1
4.650961075E1,-1.926974416E0,-9.716575146E-1,-5.723043680E-1
4.651161078E1,-2.000889063E0,-9.612728357E-1,-5.063309073E-1
4.651361078E1,-2.067473412E0,-9.435577393E-1,-4.452444017E-1
4.651561078E1,-2.100460052E0,-9.356164932E-1,-4.147011340E-1
4.651761078E1,-2.143220663E0,-9.038515091E-1,-3.517820239E-1
4.651961078E1,-2.166433573E0,-8.470410109E-1,-2.900846303E-1
4.652161165E1,-2.170098782E0,-8.164977431E-1,-2.613739669E-1
4.652361228E1,-2.171320438E0,-7.548003793E-1,-2.015091777E-1
4.652561228E1,-2.157881498E0,-6.876052022E-1,-1.446987092E-1
4.652761224E1,-2.143831491E0,-6.485098004E-1,-1.190423667E-1
4.652961221E1,-2.109623194E0,-5.611560941E-1,-6.895141304E-2
4.653161218E1,-2.074803829E0,-4.609741867E-1,-2.008219436E-2
4.653361214E1,-2.052812576E0,-4.041637182E-1,1.908953884E-3
4.653561211E1,-2.010052204E0,-2.807689309E-1,4.466952011E-2
4.653761208E1,-1.965458870E0,-1.414916664E-1,8.865182102E-2
4.653961204E1,-1.945911288E0,-6.879869848E-2,1.088103727E-1
4.654161114E1,-1.859168410E0,2.384665161E-1,1.863902509E-1
4.654361024E1,-1.859168410E0,2.384665161E-1,1.863902509E-1
4.654561027E1,-1.820683837E0,3.924045563E-1,2.187661231E-1
4.654761031E1,-1.809688330E0,4.614323378E-1,2.309834212E-1
4.654961034E1,-1.777923346E0,5.970444083E-1,2.535854280E-1
4.655161037E1,-1.760208249E0,7.149413824E-1,2.719113827E-1
4.655361041E1,-1.747990847E0,7.717518806E-1,2.847395539E-1
4.655561044E1,-1.735162735E0,8.755989671E-1,3.116176426E-1
4.655761047E1,-1.721112847E0,9.721156955E-1,3.439934850E-1
4.655961047E1,-1.712560773E0,1.023428321E0,3.641520441E-1
4.656161130E1,-1.700954318E0,1.113836408E0,4.044691622E-1
4.656361024E1,-1.682628274E0,1.212185740E0,4.460079968E-1
4.656561020E1,-1.673465371E0,1.264720082E0,4.698317349E-1
4.656761017E1,-1.636202574E0,1.372232437E0,5.156466365E-1
4.656961014E1,-1.608713627E0,1.481577277E0,5.577962995E-1
4.657161010E1,-1.590387702E0,1.530446529E0,5.761222839E-1
4.657361010E1,-1.567785621E0,1.626352310E0,6.042220592E-1
4.657561010E1,-1.543961883E0,1.722869039E0,6.243806481E-1
4.657761010E1,-1.537853241E0,1.769905686E0,6.329327226E-1
4.657961010E1,-1.520138144E0,1.859091997E0,6.463717818E-1
4.658160924E1,-1.501201391E0,1.979432464E0,6.579782367E-1
4.658360874E1,-1.501201391E0,1.979432464E0,6.579782367E-1
4.658560874E1,-1.489594936E0,2.047849417E0,6.634759903E-1
4.658760874E1,-1.474934101E0,2.110768557E0,6.579782367E-1
4.658960874E1,-1.463938594E0,2.138257504E0,6.537021995E-1
4.659160874E1,-1.456608176E0,2.196900606E0,6.420957446E-1
4.659360877E1,-1.437060475E0,2.245158911E0,6.280458570E-1
4.659560880E1,-1.428508401E0,2.267149925E0,6.158285141E-1
4.659760883E1,-1.413236737E0,2.290973663E0,5.907830596E-1
4.659960887E1,-1.401019454E0,2.295860767E0,5.639050007E-1
4.660160977E1,-1.394299865E0,2.290973663E0,5.449681282E-1
4.660361070E1,-1.382082582E0,2.265317440E0,5.064836740E-1
4.660561070E1,-1.372308731E0,2.215837240E0,4.661665261E-1
4.660761067E1,-1.363145828E0,2.184683084E0,4.453971088E-1
4.660961063E1,-1.354593635E0,2.092442513E0,3.971387744E-1
4.661161060E1,-1.341765523E0,1.958052158E0,3.372739851E-1
4.661361056E1,-1.337489486E0,1.884748340E0,3.042872548E-1
4.661561053E1,-1.326493859E0,1.724090815E0,2.346486151E-1
4.661761050E1,-1.307557106E0,1.564654946E0,1.631773859E-1
4.661961046E1,-1.292285442E0,1.488296866E0,1.228602752E-1
4.662160960E1,-1.253800869E0,1.282435179E0,2.328923717E-2
4.662360873E1,-1.237307549E0,1.215240002E0,-1.091921609E-2
4.662560876E1,-1.221425056E0,1.150488377E0,-5.001459271E-2
4.662760879E1,-1.179886222E0,1.023428321E0,-1.410335153E-1
4.662960883E1,-1.138958216E0,8.902597427E-1,-2.320524305E-1
4.663160886E1,-1.120021462E0,8.120689988E-1,-2.760347426E-1
4.663360976E1,-1.080315232E0,6.416375637E-1,-3.621667325E-1
4.663560979E1,-1.052215338E0,4.675409794E-1,-4.531856477E-1
4.663760983E1,-1.038776398E0,3.850741684E-1,-5.002222657E-1
4.663960983E1,-1.015563488E0,2.445751727E-1,-5.936846733E-1
4.664161069E1,-9.789115787E-1,1.242347211E-1,-6.834818721E-1
4.664361119E1,-9.636399150E-1,7.597636431E-2,-7.262424231E-1
4.664561119E1,-9.190467596E-1,-3.817907709E-4,-8.001571298E-1
4.664761119E1,-8.677340746E-1,-6.085744873E-2,-8.636870980E-1
4.664961119E1,-8.359690905E-1,-8.895725012E-2,-8.930086493E-1
4.665161119E1,-7.828238010E-1,-1.524872333E-1,-9.528734088E-1
4.665361116E1,-7.284567952E-1,-2.196824104E-1,-1.007851243E0
4.665561112E1,-7.003570199E-1,-2.538908720E-1,-1.033507586E0
4.665761109E1,-6.472117305E-1,-3.161991239E-1,-1.074435592E0
4.665961106E1,-5.946773291E-1,-3.650683463E-1,-1.111087561E0
4.666161016E1,-4.969388843E-1,-3.968333304E-1,-1.139798164E0
4.666360922E1,-4.969388843E-1,-3.968333304E-1,-1.139798164E0
4.666560919E1,-4.230241776E-1,-3.956116140E-1,-1.153237224E0
4.666760919E1,-3.448334336E-1,-3.858377635E-1,-1.163621902E0
4.666960919E1,-3.063489199E-1,-3.821725547E-1,-1.167897940E0
4.667160922E1,-2.324342281E-1,-3.662900627E-1,-1.176450133E0
4.667360925E1,-1.658499092E-1,-3.497967124E-1,-1.181336999E0
4.667560902E1,-1.334740520E-1,-3.412446082E-1,-1.185613036E0
4.667760905E1,-7.605272532E-2,-3.155882657E-1,-1.188667417E0
4.667960909E1,-2.168571576E-2,-2.893210649E-1,-1.191110849E0
4.668160999E1,-3.054326226E-4,-2.734385431E-1,-1.192332625E0
4.668361089E1,3.512475267E-2,-2.398409694E-1,-1.189278245E0
4.668561085E1,5.650503561E-2,-2.080759704E-1,-1.188056588E0
4.668761082E1,6.627888232E-2,-1.879174262E-1,-1.185613036E0
4.668961078E1,7.971791178E-2,-1.476003081E-1,-1.179504395E0
4.669161075E1,8.338310570E-2,-1.023962870E-1,-1.165454507E0
4.669360985E1,7.910704613E-2,-7.673994452E-2,-1.159956694E0
4.669560982E1,7.055493444E-2,-2.115120925E-2,-1.137354732E0
4.669760978E1,4.489859566E-2,4.482223839E-2,-1.110476613E0
4.669960978E1,3.268129006E-2,7.903069258E-2,-1.096426725E0
4.670160895E1,-1.985312067E-2,2.030363381E-1,-1.041448832E0
4.670360818E1,-4.123340547E-2,2.488512248E-1,-1.020679474E0
4.670560821E1,-6.444628537E-2,2.916117907E-1,-9.986883402E-1
4.670760825E1,-1.188132912E-1,3.862959146E-1,-9.510408044E-1
4.670960828E1,-1.701259762E-1,4.767039716E-1,-9.009498954E-1
4.671160831E1,-2.043344229E-1,5.219079852E-1,-8.765152693E-1
4.671360835E1,-2.684752643E-1,6.117051840E-1,-8.239808679E-1
4.671560838E1,-3.332269788E-1,6.972263455E-1,-7.616726160E-1
4.671760838E1,-3.649919927E-1,7.405977249E-1,-7.292967439E-1
4.671960838E1,-4.334088862E-1,8.255079985E-1,-6.633232832E-1
4.672160924E1,-4.975497425E-1,9.006444216E-1,-5.942955017E-1
4.672361014E1,-5.268712640E-1,9.348528981E-1,-5.600870848E-1
4.672561015E1,-5.879577994E-1,9.977720380E-1,-4.947244823E-1
4.672761014E1,-6.429356933E-1,1.052139044E0,-4.305836260E-1
4.672961014E1,-6.710354686E-1,1.077184558E0,-4.012621045E-1
4.673161011E1,-7.205155492E-1,1.121777654E0,-3.395647109E-1
4.673361008E1,-7.638869882E-1,1.153542638E0,-2.766456008E-1
4.673561031E1,-7.901542187E-1,1.170036077E0,-2.442697436E-1
4.673761028E1,-8.310821652E-1,1.193859816E0,-1.801288873E-1
4.673961024E1,-8.628471494E-1,1.223792195E0,-1.245401502E-1
4.674160934E1,-8.927795291E-1,1.252502799E0,-5.612324551E-2
4.674360894E1,-8.927795291E-1,1.252502799E0,-5.612324551E-2
4.674560894E1,-9.062185884E-1,1.257389784E0,-2.252565511E-2
4.674760894E1,-9.111055136E-1,1.253113747E0,-7.864889689E-3
4.674960898E1,-9.092729092E-1,1.242118120E0,2.267837152E-2
4.675160901E1,-9.074403048E-1,1.224403024E0,4.528038576E-2
4.675360904E1,-8.994990587E-1,1.213407397E0,5.810855702E-2
4.675560907E1,-8.762862086E-1,1.185918570E0,7.704538107E-2
4.675760911E1,-8.457429409E-1,1.152931809E0,9.353873879E-2
4.675960914E1,-8.280278444E-1,1.133384109E0,9.903652966E-2
4.676161001E1,-7.901542187E-1,1.089401841E0,1.112538353E-1
4.676361077E1,-7.376197577E-1,1.041754365E0,1.210276783E-1
4.676561074E1,-7.113525867E-1,1.014876246E0,1.265254617E-1
4.676761070E1,-6.490443349E-1,9.592875242E-1,1.350775808E-1
4.676961067E1,-5.842925906E-1,9.000335932E-1,1.387427747E-1
4.677161064E1,-5.488623977E-1,8.719337583E-1,1.424079537E-1
4.677361060E1,-4.773911834E-1,8.102363944E-1,1.466840208E-1
4.677561057E1,-3.967569768E-1,7.522041798E-1,1.472948790E-1
4.677761057E1,-3.558290005E-1,7.247152328E-1,1.472948790E-1
4.677961057E1,-2.764165103E-1,6.721808314E-1,1.460731477E-1
4.678160970E1,-1.603521258E-1,5.927683711E-1,1.417970955E-1
4.678360880E1,-1.603521258E-1,5.927683711E-1,1.417970955E-1
4.678560880E1,-8.460483700E-2,5.420665741E-1,1.356884390E-1
4.678760880E1,-1.069014147E-2,4.993059933E-1,1.344667077E-1
4.678960880E1,5.650503561E-2,4.589888752E-1,1.344667077E-1
4.679160880E1,9.071348608E-2,4.431063831E-1,1.350775808E-1
4.679360880E1,1.536326110E-1,4.125631154E-1,1.375210434E-1
4.679560883E1,2.092213482E-1,3.832415938E-1,1.387427747E-1
4.679760887E1,2.360994220E-1,3.685808182E-1,1.436296850E-1
4.679960890E1,2.855795026E-1,3.404810131E-1,1.485166103E-1
4.680160980E1,3.283400834E-1,3.087160289E-1,1.546252668E-1
4.680361020E1,3.491095006E-1,2.952769995E-1,1.589013189E-1
4.680561023E1,3.814853430E-1,2.635119855E-1,1.668425649E-1
4.680761027E1,4.059199691E-1,2.348013222E-1,1.747838110E-1
4.680961027E1,4.150829315E-1,2.250274867E-1,1.808924675E-1
4.681161023E1,4.334088862E-1,2.018146068E-1,1.906663179E-1
4.681361020E1,4.437935948E-1,1.853212416E-1,2.047162205E-1
4.681561016E1,4.456261992E-1,1.786017269E-1,2.077705413E-1
4.681761013E1,4.499022663E-1,1.663844138E-1,2.230421752E-1
4.681961010E1,4.596760869E-1,1.596648991E-1,2.413681298E-1
4.682160920E1,4.670064747E-1,1.602757722E-1,2.694679201E-1
4.682360836E1,4.670064747E-1,1.602757722E-1,2.694679201E-1
4.682560836E1,4.761694670E-1,1.663844138E-1,2.902373374E-1
4.682760840E1,4.743368626E-1,1.669952869E-1,2.981785834E-1
4.682960843E1,4.786129296E-1,1.773799956E-1,3.213914633E-1
4.683160846E1,4.865541756E-1,1.883755773E-1,3.482695520E-1
4.683360849E1,4.902193546E-1,1.957059503E-1,3.592651188E-1
4.683560853E1,5.024366379E-1,2.140319049E-1,3.867540658E-1
4.683760856E1,5.158756971E-1,2.354121953E-1,4.105778039E-1
4.683960859E1,5.250386596E-1,2.476294935E-1,4.234059751E-1
4.684160949E1,5.354233980E-1,2.702315152E-1,4.502840340E-1
4.684361039E1,5.543602109E-1,2.946661115E-1,4.777729809E-1
4.684561039E1,5.629123449E-1,3.087160289E-1,4.918228686E-1
4.684761039E1,5.757405162E-1,3.276528418E-1,5.193118453E-1
4.684961039E1,5.934556127E-1,3.447570801E-1,5.474116206E-1
4.685161039E1,6.007859707E-1,3.520874679E-1,5.614615083E-1
4.685361039E1,6.252205968E-1,3.655264974E-1,5.907830596E-1
4.685561036E1,6.459900141E-1,3.740786016E-1,6.243806481E-1
4.685761032E1,6.582072973E-1,3.783546686E-1,6.378196478E-1
4.685961029E1,6.801984310E-1,3.924045563E-1,6.720281243E-1
4.686160939E1,7.156286240E-1,4.113413990E-1,7.160104513E-1
4.686360846E1,7.156286240E-1,4.113413990E-1,7.160104513E-1
4.686560842E1,7.443392873E-1,4.253912866E-1,7.489971519E-1
4.686760839E1,7.748825550E-1,4.382194579E-1,7.752643824E-1
4.686960836E1,7.852672935E-1,4.418846369E-1,7.893142700E-1
4.687160836E1,8.127561808E-1,4.553236961E-1,8.192466497E-1
4.687360839E1,8.451320529E-1,4.657084048E-1,8.485682011E-1
4.687560842E1,8.567385077E-1,4.736496508E-1,8.626180887E-1
4.687760845E1,8.903360963E-1,4.883103967E-1,8.919396400E-1
4.687960849E1,9.184358716E-1,5.048037767E-1,9.230937362E-1
4.688160939E1,9.373727441E-1,5.164102316E-1,9.389762282E-1
4.688361025E1,9.697485566E-1,5.347361565E-1,9.682977796E-1
4.688561029E1,1.000902653E0,5.567272902E-1,9.951758385E-1
4.688761029E1,1.018617749E0,5.677229166E-1,1.005560517E0
4.688961025E1,1.054658890E0,5.915466547E-1,1.029384255E0
4.689161022E1,1.091921568E0,6.129269004E-1,1.050153732E0
4.689361018E1,1.105971575E0,6.263659596E-1,1.059927583E0
4.689561015E1,1.137736559E0,6.477462053E-1,1.073366642E0
4.689761012E1,1.168890595E0,6.685156822E-1,1.084972978E0
4.689961008E1,1.185384035E0,6.825655699E-1,1.092303395E0
4.690160918E1,1.244027019E0,7.283804417E-1,1.116738081E0
4.690360828E1,1.244027019E0,7.283804417E-1,1.116738081E0
4.690560832E1,1.268461704E0,7.473172545E-1,1.121624947E0
4.690760835E1,1.275792122E0,7.570911050E-1,1.120403171E0
4.690960838E1,1.298394084E0,7.778605223E-1,1.122846723E0
4.691160841E1,1.314887404E0,7.998516560E-1,1.116738081E0
4.691360845E1,1.318552613E0,8.096255064E-1,1.114294529E0
4.691560848E1,1.331380844E0,8.322275281E-1,1.105742455E0
4.691760851E1,1.328937292E0,8.536078334E-1,1.093525171E0
4.691960835E1,1.325883031E0,8.597164750E-1,1.084972978E0
4.692160921E1,1.318552613E0,8.694903255E-1,1.058705807E0
4.692361011E1,1.303891897E0,8.701011539E-1,1.022664785E0
4.692561011E1,1.286176801E0,8.719337583E-1,1.006782293E0
4.692761011E1,1.259298682E0,8.719337583E-1,9.756281376E-1
4.692961011E1,1.221425056E0,8.658251166E-1,9.456957579E-1
4.693161011E1,1.198823094E0,8.542186618E-1,9.316458702E-1
4.693361008E1,1.146288633E0,8.163450360E-1,8.919396400E-1
4.693561004E1,1.085202098E0,7.668649554E-1,8.400160670E-1
4.693761001E1,1.051604509E0,7.375434041E-1,8.149706125E-1
4.693960998E1,9.837985039E-1,6.672939062E-1,7.575492859E-1
4.694160908E1,8.591819406E-1,5.493969321E-1,6.646977663E-1
4.694360844E1,8.591819406E-1,5.493969321E-1,6.646977663E-1
4.694560841E1,7.779368758E-1,4.614323378E-1,5.913938880E-1
4.694760837E1,6.814202070E-1,3.655264974E-1,5.113705397E-1
4.694960837E1,6.343835592E-1,3.154355288E-1,4.667774141E-1
4.695160841E1,5.299255848E-1,2.134210467E-1,3.788128197E-1
4.695360844E1,4.193589985E-1,1.059087589E-1,2.829069793E-1
4.695560847E1,3.656028509E-1,4.970915988E-2,2.340377420E-1
4.695760851E1,2.458732575E-1,-6.085744873E-2,1.356884390E-1
4.695960854E1,1.237002090E-1,-1.744783819E-1,3.611740842E-2
4.696160944E1,6.261368841E-2,-2.270127982E-1,-1.214094646E-2
4.696361037E1,-5.406157300E-2,-3.265838325E-1,-1.001055390E-1
4.696561037E1,-1.701259762E-1,-4.237114191E-1,-1.819614917E-1
4.696761034E1,-2.226603776E-1,-4.658611119E-1,-2.173916698E-1
4.696961030E1,-3.301726580E-1,-5.434409976E-1,-2.858085632E-1
4.697161027E1,-4.224133193E-1,-6.020840406E-1,-3.487277031E-1
4.697361024E1,-4.676173329E-1,-6.228534579E-1,-3.762166202E-1
4.697561020E1,-5.476406813E-1,-6.466771960E-1,-4.226423800E-1
4.697761017E1,-6.087272167E-1,-6.472880840E-1,-4.537965059E-1
4.697961033E1,-6.429356933E-1,-6.442337632E-1,-4.635703564E-1
4.698160947E1,-7.076873779E-1,-6.081926823E-1,-4.861723781E-1
4.698361020E1,-7.241807580E-1,-5.886450410E-1,-4.880049825E-1
4.698561023E1,-7.406741381E-1,-5.697082281E-1,-4.849506319E-1
4.698761027E1,-7.663304210E-1,-5.287802219E-1,-4.770093858E-1
4.698961030E1,-7.870998979E-1,-4.793001413E-1,-4.556291103E-1
4.699161033E1,-7.950411439E-1,-4.493677318E-1,-4.440226853E-1
4.699361036E1,-7.980954647E-1,-3.785073757E-1,-4.116468132E-1
4.699561040E1,-8.005388975E-1,-2.935971022E-1,-3.768275082E-1
4.699761043E1,-7.925976515E-1,-2.435061634E-1,-3.578906655E-1
4.699961043E1,-7.809911966E-1,-1.341612786E-1,-3.169626892E-1
4.700161130E1,-7.602217793E-1,-7.712173741E-3,-2.729803920E-1
4.700361190E1,-7.406741381E-1,6.070473418E-2,-2.522109747E-1
4.700561190E1,-7.070765495E-1,2.005928755E-1,-2.088395506E-1
4.700761190E1,-6.692028642E-1,3.423136175E-1,-1.654681265E-1
4.700961190E1,-6.490443349E-1,4.150065780E-1,-1.392009109E-1
4.701161186E1,-6.081163287E-1,5.567272902E-1,-8.605564386E-2
4.701361183E1,-5.604688525E-1,6.886742115E-1,-2.802344225E-2
4.701561180E1,-5.403103232E-1,7.479281425E-1,7.635815564E-5
4.701761176E1,-4.951062799E-1,8.603273630E-1,5.261076987E-2
4.701961173E1,-4.633412957E-1,9.550114274E-1,9.964739531E-2
4.702161083E1,-4.193589985E-1,1.080849648E0,1.619556546E-1
4.702360989E1,-4.193589985E-1,1.080849648E0,1.619556546E-1
4.702560986E1,-3.998112977E-1,1.161483884E0,1.924989074E-1
4.702760986E1,-3.735440969E-1,1.239674687E0,2.138791978E-1
4.702960989E1,-3.662137091E-1,1.275715709E0,2.205987126E-1
4.703160993E1,-3.381139040E-1,1.346576095E0,2.297616899E-1
4.703360996E1,-3.100140989E-1,1.411938667E0,2.328160107E-1
4.703560999E1,-2.886338234E-1,1.436984181E0,2.334268838E-1
4.703761002E1,-2.495384514E-1,1.478523016E0,2.322051525E-1
4.703961006E1,-2.055561543E-1,1.510898829E0,2.303725630E-1
4.704161096E1,-1.823432744E-1,1.519450903E0,2.315942794E-1
4.704361026E1,-1.371392459E-1,1.524337888E0,2.322051525E-1
4.704561022E1,-8.765916526E-2,1.510288000E0,2.230421752E-1
4.704761019E1,-6.139195710E-2,1.500514150E0,2.236530334E-1
4.704961016E1,-8.246680722E-3,1.466305614E0,2.132683247E-1
4.705161012E1,3.695734590E-2,1.410716891E0,2.010510266E-1
4.705361009E1,5.467243865E-2,1.382006288E0,1.955532432E-1
4.705561005E1,9.865473956E-2,1.307480693E0,1.815033406E-1
4.705761002E1,1.340849251E-1,1.219516158E0,1.631773859E-1
4.705961002E1,1.505782902E-1,1.168814301E0,1.527926624E-1
4.706160915E1,1.805106848E-1,1.000826359E0,1.259146035E-1
4.706360825E1,1.872301996E-1,9.372963309E-1,1.094212383E-1
4.706560825E1,1.902845204E-1,8.713229299E-1,9.476047009E-2
4.706760825E1,1.890627891E-1,7.320456505E-1,5.994115397E-2
4.706960825E1,1.780672222E-1,5.854379535E-1,1.779145002E-2
4.707160825E1,1.695151031E-1,5.048037767E-1,-6.032294128E-3
4.707360825E1,1.450804919E-1,3.410918713E-1,-5.734497309E-2
4.707560825E1,1.102611795E-1,1.676061451E-1,-1.153771728E-1
4.707760829E1,9.193521738E-2,8.452847600E-2,-1.446987092E-1
4.707960832E1,4.795292020E-2,-8.773551881E-2,-2.161699384E-1
4.708160922E1,5.192354787E-3,-2.520582676E-1,-2.925280929E-1
4.708361015E1,-1.496619824E-2,-3.314707577E-1,-3.383429945E-1
4.708561018E1,-5.345070735E-2,-4.664719701E-1,-4.311945140E-1
4.708761022E1,-8.704829961E-2,-5.697082281E-1,-5.313764215E-1
4.708961022E1,-9.621127695E-2,-6.026949286E-1,-5.820782185E-1
4.709161022E1,-1.102611795E-1,-6.405685544E-1,-6.810383797E-1
4.709361018E1,-1.090394482E-1,-6.375142336E-1,-7.720572948E-1
4.709561015E1,-9.804387391E-2,-6.240752339E-1,-8.111526966E-1
4.709761012E1,-7.544185966E-2,-5.758168697E-1,-8.759043813E-1
4.709961008E1,-4.489859566E-2,-5.226715803E-1,-9.186649919E-1
4.710160918E1,1.069014147E-2,-4.304309189E-1,-9.424887300E-1
4.710360825E1,1.069014147E-2,-4.304309189E-1,-9.424887300E-1
4.710560825E1,4.795292020E-2,-3.760639131E-1,-9.424887300E-1
4.710760828E1,6.994406879E-2,-3.473532498E-1,-9.400452375E-1
4.710960831E1,9.987647086E-2,-3.045926690E-1,-9.284388423E-1
4.711160835E1,1.304197311E-1,-2.673299015E-1,-9.058368206E-1
4.711360838E1,1.420261711E-1,-2.545017302E-1,-8.930086493E-1
4.711560841E1,1.664607823E-1,-2.306779921E-1,-8.557458520E-1
4.711760844E1,1.908953935E-1,-2.080759704E-1,-8.087092042E-1
4.711960848E1,2.031126916E-1,-1.940260679E-1,-7.824420333E-1
4.712160938E1,2.238821089E-1,-1.653154045E-1,-7.280750275E-1
4.712361058E1,2.452623993E-1,-1.286634952E-1,-6.706537008E-1
4.712561058E1,2.538145185E-1,-1.054506153E-1,-6.401104331E-1
4.712761058E1,2.684752643E-1,-5.474879593E-2,-5.723043680E-1
4.712961058E1,2.727513313E-1,5.115996581E-3,-5.044983625E-1
4.713161058E1,2.868012190E-1,4.115704447E-2,-4.684572816E-1
4.713361058E1,2.971859276E-1,1.132391468E-1,-3.982077837E-1
4.713561078E1,3.155119121E-1,1.963168234E-1,-3.291800022E-1
4.713761074E1,3.271183372E-1,2.384665161E-1,-2.949715555E-1
4.713961071E1,3.381139040E-1,3.209333420E-1,-2.332741618E-1
4.714160981E1,3.570507467E-1,4.308890700E-1,-1.520290822E-1
4.714360888E1,3.570507467E-1,4.308890700E-1,-1.520290822E-1
4.714560884E1,3.491095006E-1,4.883103967E-1,-9.949467331E-2
4.714760881E1,3.289509416E-1,5.274057984E-1,-4.757113010E-2
4.714960877E1,3.008511364E-1,5.500078201E-1,8.017606102E-3
4.715160874E1,2.825251818E-1,5.524512529E-1,3.428481147E-2
4.715360874E1,2.409863323E-1,5.469534397E-1,8.865182102E-2
4.715560877E1,1.878410578E-1,5.292384028E-1,1.466840208E-1
4.715760881E1,1.554652005E-1,5.176319480E-1,1.766164154E-1
4.715960884E1,1.017090604E-1,4.950299263E-1,2.364812046E-1
4.716160974E1,4.550946131E-2,4.730387628E-1,2.987894714E-1
4.716361067E1,2.474004216E-2,4.669301212E-1,3.281109929E-1
4.716561071E1,-1.863138936E-2,4.644866586E-1,3.830888569E-1
4.716761070E1,-6.017022580E-2,4.534910917E-1,4.386776090E-1
4.716961071E1,-7.727445662E-2,4.479933083E-1,4.643339515E-1
4.717161067E1,-1.139263660E-1,4.522693455E-1,5.125923157E-1
4.717361064E1,-1.438587606E-1,4.486041665E-1,5.541311502E-1
4.717561060E1,-1.542434692E-1,4.449389875E-1,5.755113959E-1
4.717761057E1,-1.835650057E-1,4.357759953E-1,6.152176857E-1
4.717961054E1,-2.116648108E-1,4.113413990E-1,6.598108411E-1
4.718160964E1,-2.513710558E-1,3.862959146E-1,7.263951302E-1
4.718360854E1,-2.513710558E-1,3.862959146E-1,7.263951302E-1
4.718560857E1,-2.666426897E-1,3.753003478E-1,7.661013603E-1
4.718760860E1,-2.709187269E-1,3.698025346E-1,7.819838524E-1
4.718960863E1,-2.751947939E-1,3.655264974E-1,8.088619709E-1
4.719160867E1,-2.806925774E-1,3.691916764E-1,8.247444630E-1
4.719360870E1,-2.794708610E-1,3.716351390E-1,8.284096122E-1
4.719560853E1,-2.745839357E-1,3.881285191E-1,8.296313882E-1
4.719760857E1,-2.666426897E-1,4.064544737E-1,8.265770078E-1
4.719960860E1,-2.617557645E-1,4.162282944E-1,8.204683661E-1
4.720160947E1,-2.434297949E-1,4.595997334E-1,8.070293665E-1
4.720361036E1,-2.141082734E-1,5.237405896E-1,7.887033820E-1
4.720561037E1,-1.982257664E-1,5.603924990E-1,7.789295316E-1
4.720761036E1,-1.560760736E-1,6.385832429E-1,7.514405847E-1
4.720961036E1,-1.127046347E-1,7.277695537E-1,7.166212797E-1
4.721161037E1,-8.765916526E-2,7.674758434E-1,6.946301460E-1
4.721361036E1,-3.817907721E-2,8.523861170E-1,6.506478190E-1
4.721561033E1,1.252273750E-2,9.189704061E-1,6.036112309E-1
4.721761030E1,4.001167417E-2,9.427941442E-1,5.834526420E-1
4.721961026E1,8.093964309E-2,9.690613747E-1,5.455790162E-1
4.722160936E1,1.298088580E-1,9.598983526E-1,5.015967488E-1
4.722360843E1,1.298088580E-1,9.598983526E-1,5.015967488E-1
4.722560840E1,1.670716405E-1,9.324094653E-1,4.734969139E-1
4.722760836E1,1.982257664E-1,8.933140635E-1,4.484514594E-1
4.722960833E1,2.147191316E-1,8.658251166E-1,4.386776090E-1
4.723160833E1,2.379320115E-1,7.998516560E-1,4.227951169E-1
4.723360836E1,2.562579811E-1,7.222718000E-1,4.117995203E-1
4.723560839E1,2.666426897E-1,6.782894731E-1,4.124104083E-1
4.723760843E1,2.813034356E-1,5.933791995E-1,4.038582742E-1
4.723960846E1,3.057380617E-1,5.078580976E-1,4.044691622E-1
4.724160936E1,3.173444867E-1,4.687627256E-1,4.026365578E-1
4.724361019E1,3.460551500E-1,3.905719519E-1,4.038582742E-1
4.724561019E1,3.729332387E-1,3.166572750E-1,3.959170282E-1
4.724761019E1,3.888157308E-1,2.855031490E-1,3.977496326E-1
4.724961016E1,4.236350358E-1,2.183079720E-1,3.910301030E-1
4.725161012E1,4.511239827E-1,1.559997052E-1,3.830888569E-1
4.725361009E1,4.682282209E-1,1.254564524E-1,3.782019317E-1
4.725561006E1,4.944954216E-1,6.681338698E-2,3.665955067E-1
4.725761002E1,5.280929804E-1,1.672243699E-2,3.537673354E-1
4.725960999E1,5.409211516E-1,-1.015563495E-2,3.446043432E-1
4.726160912E1,5.769622326E-1,-8.651378751E-2,3.238349259E-1
4.726361005E1,5.849034786E-1,-1.109483987E-1,3.183371425E-1
4.726561005E1,6.013968587E-1,-1.610393524E-1,3.097850382E-1
4.726761005E1,6.062837839E-1,-1.873065531E-1,3.079524338E-1
4.726961005E1,6.154467463E-1,-2.465604842E-1,2.975677252E-1
4.727161005E1,6.233879924E-1,-3.015383482E-1,2.877938747E-1
4.727361005E1,6.270532012E-1,-3.308598995E-1,2.798526287E-1
4.727561005E1,6.349944472E-1,-3.864486217E-1,2.694679201E-1
4.727761005E1,6.398813725E-1,-4.499786198E-1,2.566397488E-1
4.727961009E1,6.411030889E-1,-4.817436039E-1,2.499202490E-1
4.728161099E1,6.429356933E-1,-5.428301096E-1,2.358703464E-1
4.728361192E1,6.618725061E-1,-5.727625489E-1,2.193769813E-1
4.728561195E1,6.716463566E-1,-5.807037950E-1,2.083813995E-1
4.728761199E1,6.710354686E-1,-6.350708008E-1,1.955532432E-1
4.728961202E1,6.582072973E-1,-7.150941491E-1,1.888337135E-1
4.729161205E1,6.466008425E-1,-7.584655881E-1,1.882228553E-1
4.729361205E1,6.288857460E-1,-8.476518989E-1,1.894445866E-1
4.729561202E1,6.075055003E-1,-9.295078516E-1,1.918880492E-1
4.729761198E1,6.001750827E-1,-9.667705894E-1,1.949423701E-1
4.729961195E1,5.806274414E-1,-1.024802804E0,1.967749745E-1
4.730161105E1,5.568036437E-1,-1.077948093E0,1.967749745E-1
4.730361032E1,5.568036437E-1,-1.077948093E0,1.967749745E-1
4.730561028E1,5.372560024E-1,-1.113378286E0,1.937206388E-1
4.730761025E1,5.170974135E-1,-1.144532442E0,1.992184222E-1
4.730961025E1,5.091561675E-1,-1.161025763E0,1.961641014E-1
4.731161028E1,4.920519590E-1,-1.196455956E0,2.022727579E-1
4.731361031E1,4.712825418E-1,-1.231886148E0,2.059379518E-1
4.731561035E1,4.608978331E-1,-1.244714260E0,2.096031308E-1
4.731761038E1,4.419609904E-1,-1.267927170E0,2.151009291E-1
4.731961041E1,4.236350358E-1,-1.291140079E0,2.218204439E-1
4.732161131E1,4.101960063E-1,-1.305189967E0,2.267073691E-1
4.732361041E1,3.851505518E-1,-1.329624534E0,2.377029359E-1
4.732561045E1,3.686571717E-1,-1.342452765E0,2.517528534E-1
4.732761045E1,3.558290005E-1,-1.340620160E0,2.627484202E-1
4.732961045E1,3.350595832E-1,-1.336954951E0,2.804635167E-1
4.733161045E1,3.222314119E-1,-1.326570272E0,3.030655086E-1
4.733361015E1,3.136793077E-1,-1.321683288E0,3.122285008E-1
4.733561015E1,3.081815243E-1,-1.310687780E0,3.299435973E-1
4.733761015E1,3.136793077E-1,-1.294805288E0,3.458260894E-1
4.733961011E1,3.155119121E-1,-1.284420490E0,3.543781936E-1
4.734160921E1,3.405573666E-1,-1.243492603E0,3.690389693E-1
4.734360828E1,3.558290005E-1,-1.226999164E0,3.727041483E-1
4.734560824E1,3.674354553E-1,-1.212338448E0,3.763693571E-1
4.734760821E1,3.998112977E-1,-1.181795120E0,3.769802153E-1
4.734960818E1,4.303545654E-1,-1.159193158E0,3.751476109E-1
4.735160814E1,4.492913783E-1,-1.148197532E0,3.739258945E-1
4.735360811E1,4.816672504E-1,-1.124984741E0,3.733150363E-1
4.735560811E1,5.146539807E-1,-1.106658697E0,3.714824319E-1
4.735760814E1,5.280929804E-1,-1.098717451E0,3.733150363E-1
4.735960817E1,5.653557777E-1,-1.086500168E0,3.708715737E-1
4.736160907E1,5.971207619E-1,-1.078558922E0,3.678172231E-1
4.736360981E1,6.154467463E-1,-1.077948093E0,3.678172231E-1
4.736560984E1,6.472117305E-1,-1.084056735E0,3.659846485E-1
4.736760987E1,6.777549982E-1,-1.087721944E0,3.696498275E-1
4.736960991E1,6.930266023E-1,-1.089554548E0,3.708715737E-1
4.737160991E1,7.247915864E-1,-1.099939227E0,3.745367527E-1
4.737360987E1,7.583891749E-1,-1.112156510E0,3.812562823E-1
4.737560984E1,7.736608386E-1,-1.118265152E0,3.843106031E-1
4.737760980E1,8.127561808E-1,-1.129871607E0,3.971387744E-1
4.737960977E1,8.500189781E-1,-1.152473688E0,4.056908786E-1
4.738160887E1,9.141598344E-1,-1.203786373E0,4.215733707E-1
4.738360794E1,9.141598344E-1,-1.203786373E0,4.215733707E-1
4.738560790E1,9.685268402E-1,-1.256931543E0,4.325689375E-1
4.738760790E1,1.038776398E0,-1.326570272E0,4.453971088E-1
4.738960794E1,1.069930434E0,-1.363833070E0,4.545601010E-1
4.739160797E1,1.139569163E0,-1.437747717E0,4.710534513E-1
4.739360830E1,1.204320788E0,-1.504942894E0,4.893794060E-1
4.739560833E1,1.232420683E0,-1.532431841E0,5.022075772E-1
4.739760837E1,1.280678988E0,-1.571527243E0,5.321399570E-1
4.739960840E1,1.316720009E0,-1.593518376E0,5.700136423E-1
4.740160930E1,1.330769897E0,-1.597183585E0,5.877287388E-1
4.740361023E1,1.351539373E0,-1.597794414E0,6.201046109E-1
4.740561023E1,1.370476127E0,-1.581301093E0,6.555347443E-1
4.740761023E1,1.377195716E0,-1.567251086E0,6.763041615E-1
4.740961023E1,1.386969566E0,-1.534264445E0,7.178429961E-1
4.741161023E1,1.391856432E0,-1.495779872E0,7.551057935E-1
4.741361023E1,1.391245604E0,-1.474399686E0,7.691556811E-1
4.741561023E1,1.384526134E0,-1.424919486E0,7.935903072E-1
4.741761020E1,1.368032694E0,-1.374217749E0,8.088619709E-1
4.741961003E1,1.357648015E0,-1.348561406E0,8.192466497E-1
4.742160913E1,1.313665748E0,-1.274035811E0,8.314639330E-1
4.742360830E1,1.295339704E0,-1.253266454E0,8.308531046E-1
4.742560826E1,1.278235555E0,-1.227610111E0,8.296313882E-1
4.742760823E1,1.237918377E0,-1.174464822E0,8.308531046E-1
4.742960820E1,1.195768714E0,-1.122541189E0,8.284096122E-1
4.743160816E1,1.169501543E0,-1.094441414E0,8.259661794E-1
4.743360816E1,1.124908328E0,-1.038241863E0,8.131380081E-1
4.743560820E1,1.081536889E0,-9.814313650E-1,7.972555161E-1
4.743760823E1,1.055269718E0,-9.502772689E-1,7.874816656E-1
4.743960826E1,1.006400466E0,-8.910233378E-1,7.654905319E-1
4.744160916E1,9.575312734E-1,-8.348237276E-1,7.428885102E-1
4.744361009E1,9.398161769E-1,-8.073347807E-1,7.331146598E-1
4.744561013E1,8.897252083E-1,-7.596873045E-1,7.099017501E-1
4.744761016E1,8.432994485E-1,-7.150941491E-1,6.872997880E-1
4.744961016E1,8.213083148E-1,-6.912704110E-1,6.763041615E-1
4.745161013E1,7.840455174E-1,-6.387359500E-1,6.530913115E-1
4.745361009E1,7.547240257E-1,-5.862015486E-1,6.341544986E-1
4.745561006E1,7.388415337E-1,-5.587126017E-1,6.201046109E-1
4.745761002E1,7.070765495E-1,-5.031238794E-1,5.975025892E-1
4.745960999E1,6.881396770E-1,-4.475351572E-1,5.706244707E-1
4.746160909E1,6.643159389E-1,-3.632357419E-1,5.296965241E-1
4.746360816E1,6.643159389E-1,-3.632357419E-1,5.296965241E-1
4.746560816E1,6.459900141E-1,-3.107013404E-1,5.015967488E-1
4.746760819E1,6.411030889E-1,-2.856558561E-1,4.844925106E-1
4.746960822E1,6.319400668E-1,-2.367866337E-1,4.576144218E-1
4.747160826E1,6.221662760E-1,-1.934152097E-1,4.331798255E-1
4.747360829E1,6.178901792E-1,-1.769218445E-1,4.227951169E-1
4.747560832E1,6.093381047E-1,-1.390482038E-1,4.038582742E-1
4.747760835E1,6.001750827E-1,-1.109483987E-1,3.891975284E-1
4.747960852E1,5.958990455E-1,-9.445504099E-2,3.843106031E-1
4.748160942E1,5.849034786E-1,-7.124216110E-2,3.720932901E-1
4.748361022E1,5.763513446E-1,-4.741841555E-2,3.635411859E-1
4.748561022E1,5.696318150E-1,-3.642284125E-2,3.586542606E-1
4.748761022E1,5.592471361E-1,-1.687515154E-2,3.574325144E-1
4.748961022E1,5.464189649E-1,3.894265974E-3,3.531564772E-1
4.749161022E1,5.445863605E-1,1.366810966E-2,3.525456190E-1
4.749361022E1,5.287038684E-1,3.321579844E-2,3.525456190E-1
4.749561019E1,5.122104883E-1,4.665483162E-2,3.501021564E-1
4.749761015E1,5.085453391E-1,5.032002553E-2,3.488804102E-1
4.749961012E1,4.914411008E-1,6.070473418E-2,3.501021564E-1
4.750160922E1,4.663956165E-1,6.620252132E-2,3.482695520E-1
4.750360985E1,4.584543705E-1,6.864598393E-2,3.452152312E-1
4.750560982E1,4.505131245E-1,6.375905871E-2,3.470478058E-1
4.750760978E1,4.291328490E-1,5.581781268E-2,3.427717686E-1
4.750960975E1,4.120286107E-1,4.665483162E-2,3.427717686E-1
4.751160975E1,4.053090811E-1,3.871358559E-2,3.409391642E-1
4.751360978E1,3.839288056E-1,1.733330078E-2,3.458260894E-1
4.751560982E1,3.625485301E-1,-1.320996135E-2,3.446043432E-1
4.751760985E1,3.527746797E-1,-2.787072770E-2,3.482695520E-1
4.751960988E1,3.313944042E-1,-6.330090761E-2,3.476586938E-1
4.752161078E1,3.081815243E-1,-1.030071527E-1,3.519347310E-1
4.752361171E1,2.996293902E-1,-1.237765700E-1,3.525456190E-1
4.752561175E1,2.758056521E-1,-1.689805984E-1,3.543781936E-1
4.752761175E1,2.574796975E-1,-2.068542391E-1,3.568216562E-1
4.752961171E1,2.446515262E-1,-2.294562608E-1,3.598759770E-1
4.753161168E1,2.232712507E-1,-2.691625059E-1,3.604868650E-1
4.753361164E1,2.079996169E-1,-3.143665195E-1,3.684281111E-1
4.753561161E1,2.025018334E-1,-3.388011456E-1,3.720932901E-1
4.753761158E1,1.890627891E-1,-3.833943009E-1,3.806453943E-1
4.753961154E1,1.792889535E-1,-4.353178442E-1,3.867540658E-1
4.754161064E1,1.664607823E-1,-5.446627140E-1,4.130212665E-1
4.754360981E1,1.664607823E-1,-5.446627140E-1,4.130212665E-1
4.754560984E1,1.670716405E-1,-6.301838756E-1,4.246276915E-1
4.754760988E1,1.652390510E-1,-6.656140685E-1,4.295146167E-1
4.754960991E1,1.695151031E-1,-7.187592983E-1,4.423427880E-1
4.755160994E1,1.768454909E-1,-7.554112077E-1,4.490623176E-1
4.755360997E1,1.805106848E-1,-7.712937593E-1,4.521166384E-1
4.755561001E1,1.927279830E-1,-7.938957214E-1,4.582252800E-1
4.755761004E1,2.073887438E-1,-8.128325939E-1,4.625013471E-1
4.755961007E1,2.128865421E-1,-8.207738400E-1,4.631122053E-1
4.756161094E1,2.257147133E-1,-8.366563320E-1,4.649448097E-1
4.756361027E1,2.409863323E-1,-8.476518989E-1,4.637230933E-1
4.756561027E1,2.464841306E-1,-8.525388241E-1,4.625013471E-1
4.756761027E1,2.629774809E-1,-8.525388241E-1,4.582252800E-1
4.756961027E1,2.733621895E-1,-8.470410109E-1,4.508949220E-1
4.757161027E1,2.837468982E-1,-8.458192945E-1,4.447862506E-1
4.757361024E1,2.941316068E-1,-8.427649736E-1,4.350124002E-1
4.757561020E1,3.008511364E-1,-8.403214812E-1,4.197407961E-1
4.757761017E1,3.014619946E-1,-8.366563320E-1,4.087451994E-1
4.757961014E1,3.094032407E-1,-8.287150860E-1,3.898083866E-1
4.758160924E1,3.173444867E-1,-8.134434223E-1,3.537673354E-1
4.758360830E1,3.173444867E-1,-8.134434223E-1,3.537673354E-1
4.758560827E1,3.112358451E-1,-7.975609303E-1,3.299435973E-1
4.758760823E1,3.100140989E-1,-7.755697966E-1,3.018437922E-1
4.758960823E1,3.014619946E-1,-7.639633417E-1,2.859613001E-1
4.759160823E1,2.959642112E-1,-7.358635664E-1,2.572506368E-1
4.759360827E1,2.898555696E-1,-7.095963359E-1,2.224313021E-1
4.759560830E1,2.794708610E-1,-6.961572766E-1,2.096031308E-1
4.759760833E1,2.654209435E-1,-6.698901057E-1,1.833359301E-1
4.759960837E1,2.470949888E-1,-6.362925172E-1,1.601230502E-1
4.760160927E1,2.409863323E-1,-6.179665327E-1,1.485166103E-1
4.760361013E1,2.251038402E-1,-5.758168697E-1,1.301906556E-1
4.760561013E1,2.116648108E-1,-5.342780352E-1,1.118647009E-1
4.760761010E1,2.049452960E-1,-5.128977299E-1,1.039234474E-1
4.760961006E1,1.921171248E-1,-4.670828283E-1,9.109527618E-2
4.761161003E1,1.756237596E-1,-4.261548519E-1,8.193229884E-2
4.761361000E1,1.689042449E-1,-4.084397852E-1,7.887797803E-2
4.761560996E1,1.536326110E-1,-3.778965175E-1,7.765624672E-2
4.761760993E1,1.359175146E-1,-3.479641080E-1,8.009970188E-2
4.761960989E1,1.291979998E-1,-3.375793993E-1,7.948884368E-2
4.762160903E1,1.065959856E-1,-3.052035570E-1,8.559749275E-2
4.762360813E1,1.065959856E-1,-3.052035570E-1,8.559749275E-2
4.762560813E1,9.376781434E-2,-3.033709526E-1,9.476047009E-2
4.762760813E1,8.399397135E-2,-3.033709526E-1,9.720393270E-2
4.762960813E1,7.360926270E-2,-3.100904822E-1,1.100321040E-1
4.763160813E1,6.566801667E-2,-3.198643029E-1,1.204168126E-1
4.763360813E1,6.017022580E-2,-3.247512281E-1,1.283580661E-1
4.763560813E1,5.589416996E-2,-3.412446082E-1,1.387427747E-1
4.763760813E1,4.978551716E-2,-3.589596748E-1,1.454622895E-1
4.763960816E1,4.306599870E-2,-3.669009507E-1,1.448514163E-1
4.764160906E1,4.428773001E-2,-3.870594800E-1,1.460731477E-1
4.764360999E1,4.367686436E-2,-4.072180390E-1,1.448514163E-1
4.764561003E1,4.489859566E-2,-4.163810313E-1,1.405753642E-1
4.764761006E1,4.123340547E-2,-4.457025528E-1,1.350775808E-1
4.764961009E1,3.573561832E-2,-4.774675369E-1,1.332449764E-1
4.765161013E1,3.817907721E-2,-4.951826334E-1,1.289689243E-1
4.765361012E1,3.390302137E-2,-5.348888636E-1,1.204168126E-1
4.765561009E1,2.840523422E-2,-5.862015486E-1,1.149190217E-1
4.765761006E1,2.474004216E-2,-6.143013835E-1,1.130864322E-1
4.765961002E1,1.618792862E-2,-6.735553145E-1,1.051451787E-1
4.766160912E1,8.246680722E-3,-7.566329837E-1,9.170614183E-2
4.766360832E1,8.246680722E-3,-7.566329837E-1,9.170614183E-2
4.766560829E1,2.748893574E-3,-8.036695719E-1,8.315403014E-2
4.766760829E1,5.192354787E-3,-8.488736153E-1,7.032585889E-2
4.766960829E1,1.527163084E-3,-8.678104281E-1,6.543894112E-2
4.767160832E1,3.359758761E-3,-9.075166583E-1,5.505422875E-2
4.767360836E1,3.359758761E-3,-9.496663809E-1,3.978259861E-2
4.767560839E1,2.748893574E-3,-9.698249102E-1,3.184135258E-2
4.767760842E1,5.803219974E-3,-1.003422499E0,1.840231568E-2
4.767960845E1,8.857546374E-3,-1.029689670E0,8.628471754E-3
4.768160935E1,6.414085161E-3,-1.039463520E0,6.872233935E-4
4.768361029E1,5.192354787E-3,-1.060232997E0,-1.641700417E-2
4.768561029E1,8.246680722E-3,-1.074893713E0,-3.779728711E-2
4.768761029E1,9.468411095E-3,-1.076726317E0,-4.818199575E-2
4.768961029E1,9.468411095E-3,-1.080391526E0,-6.956227869E-2
4.769161029E1,1.130100712E-2,-1.080391526E0,-9.033169597E-2
4.769361029E1,9.468411095E-3,-1.079780698E0,-1.049924642E-1
4.769561029E1,9.468411095E-3,-1.077948093E0,-1.355357319E-1
4.769761029E1,6.414085161E-3,-1.070006847E0,-1.648572534E-1
4.769961025E1,6.414085161E-3,-1.063898206E0,-1.807397604E-1
4.770160935E1,1.527163084E-3,-1.049848318E0,-2.357176244E-1
4.770360842E1,-5.803219974E-3,-1.043739676E0,-2.540435791E-1
4.770560839E1,-7.635815535E-3,-1.035187483E0,-2.735912800E-1
4.770760835E1,-8.246680722E-3,-1.020526767E0,-3.120757937E-1
4.770960832E1,-1.679879427E-2,-1.001589894E0,-3.554472029E-1
4.771160828E1,-1.557706390E-2,-9.924269319E-1,-3.743840456E-1
4.771360825E1,-2.596177347E-2,-9.704357982E-1,-4.147011340E-1
4.771560825E1,-3.634648025E-2,-9.539424181E-1,-4.586834311E-1
4.771760828E1,-4.306599870E-2,-9.447794557E-1,-4.788419902E-1
4.771960832E1,-4.795292020E-2,-9.313403964E-1,-5.283221006E-1
4.772160922E1,-6.322455406E-2,-9.166796803E-1,-5.808565021E-1
4.772361002E1,-7.483099401E-2,-9.117927551E-1,-6.077345610E-1
4.772561005E1,-9.193521738E-2,-8.928559422E-1,-6.596581340E-1
4.772761008E1,-1.102611795E-1,-8.733082414E-1,-7.097490430E-1
4.772961011E1,-1.157589629E-1,-8.617017865E-1,-7.354053855E-1
4.773161011E1,-1.371392459E-1,-8.433758020E-1,-7.867180705E-1
4.773361008E1,-1.554652005E-1,-8.256607652E-1,-8.368090391E-1
4.773561005E1,-1.664607823E-1,-8.171086311E-1,-8.594110608E-1
4.773761001E1,-1.835650057E-1,-8.042804599E-1,-9.064476490E-1
4.773960998E1,-2.031126916E-1,-7.951174974E-1,-9.553169012E-1
4.774160908E1,-2.324342281E-1,-7.841218710E-1,-1.018846869E0
4.774361001E1,-2.324342281E-1,-7.841218710E-1,-1.018846869E0
4.774561001E1,-2.495384514E-1,-7.786241174E-1,-1.062218308E0
4.774761001E1,-2.635883391E-1,-7.731263041E-1,-1.102535367E0
4.774961001E1,-2.764165103E-1,-7.694611549E-1,-1.120861411E0
4.775161001E1,-2.892446816E-1,-7.584655881E-1,-1.161178470E0
4.775361001E1,-3.069597781E-1,-7.419722080E-1,-1.200884700E0
4.775561001E1,-3.081815243E-1,-7.309766412E-1,-1.220432401E0
4.775761001E1,-3.246748745E-1,-7.010442019E-1,-1.258916855E0
4.775961001E1,-3.381139040E-1,-6.650031805E-1,-1.301677465E0
4.776161088E1,-3.466660380E-1,-6.478989720E-1,-1.324279547E0
4.776361181E1,-3.643811047E-1,-6.051383615E-1,-1.369483471E0
4.776561184E1,-3.930917978E-1,-5.544365644E-1,-1.417131066E0
4.776761188E1,-4.034765065E-1,-5.269476175E-1,-1.440343857E0
4.776961191E1,-4.389066696E-1,-4.676937163E-1,-1.487380505E0
4.777161194E1,-4.725042582E-1,-4.072180390E-1,-1.532584548E0
4.777361198E1,-4.944954216E-1,-3.717878461E-1,-1.554575682E0
4.777561201E1,-5.354233980E-1,-3.027600944E-1,-1.594892740E0
4.777761201E1,-5.818491578E-1,-2.300671190E-1,-1.630933881E0
4.777961197E1,-6.056728959E-1,-1.958586723E-1,-1.647427201E0
4.778161107E1,-6.826419234E-1,-9.323330969E-2,-1.692631245E0
4.778361021E1,-7.070765495E-1,-5.902485549E-2,-1.708513737E0
4.778561017E1,-7.309002876E-1,-2.909245715E-2,-1.717676759E0
4.778761014E1,-7.901542187E-1,3.077233583E-2,-1.737835288E0
4.778961010E1,-8.396342993E-1,8.269587904E-2,-1.750663400E0
4.779161007E1,-8.713992834E-1,1.016327068E-1,-1.758604646E0
4.779361007E1,-9.288206100E-1,1.333976984E-1,-1.766545892E0
4.779561010E1,-9.868528247E-1,1.517236531E-1,-1.769600272E0
4.779761014E1,-1.014952660E0,1.529453844E-1,-1.764102459E0
4.779961017E1,-1.069319606E0,1.395063549E-1,-1.753717780E0
4.780161107E1,-1.121243119E0,1.077413559E-1,-1.732337475E0
4.780361014E1,-1.152397275E0,8.575020730E-2,-1.715844154E0
4.780561017E1,-1.204931736E0,3.321579844E-2,-1.671250939E0
4.780761020E1,-1.259909511E0,-3.397937864E-2,-1.613829613E0
4.780961024E1,-1.286787629E0,-7.612907887E-2,-1.581453800E0
4.781161024E1,-1.348484993E0,-1.708131880E-1,-1.506317377E0
4.781361024E1,-1.410793304E0,-2.813797891E-1,-1.415909290E0
4.781561024E1,-1.454775572E0,-3.388011456E-1,-1.369483471E0
4.781761024E1,-1.525025129E0,-4.438699484E-1,-1.271134257E0
4.781961024E1,-1.597107172E0,-5.354997516E-1,-1.167287111E0
4.782160937E1,-1.711949825E0,-6.320164800E-1,-1.015181661E0
4.782360843E1,-1.711949825E0,-6.320164800E-1,-1.015181661E0
4.782560840E1,-1.787697196E0,-6.723335385E-1,-9.192758203E-1
4.782760837E1,-1.829846859E0,-6.863834858E-1,-8.771261573E-1
4.782960833E1,-1.909870148E0,-7.022659779E-1,-7.989353538E-1
4.783160830E1,-1.985617518E0,-7.077637315E-1,-7.323510647E-1
4.783360826E1,-2.022269487E0,-7.077637315E-1,-7.030295134E-1
4.783560823E1,-2.086410284E0,-7.016550899E-1,-6.517168880E-1
4.783760820E1,-2.139555454E0,-7.016550899E-1,-6.046802402E-1
4.783960820E1,-2.163379192E0,-7.059311271E-1,-5.820782185E-1
4.784160906E1,-2.201252937E0,-7.181484699E-1,-5.368741751E-1
4.784360993E1,-2.225076675E0,-7.370852828E-1,-4.971679449E-1
4.784560996E1,-2.231796265E0,-7.474699616E-1,-4.739550650E-1
4.784760999E1,-2.236072302E0,-7.639633417E-1,-4.336379766E-1
4.784961003E1,-2.229352713E0,-7.664068341E-1,-3.878230751E-1
4.785161006E1,-2.218967915E0,-7.621307373E-1,-3.676645160E-1
4.785361009E1,-2.189646482E0,-7.407504916E-1,-3.187952936E-1
4.785561009E1,-2.154827118E0,-7.010442019E-1,-2.693152130E-1
4.785761006E1,-2.138333797E0,-6.778313518E-1,-2.406045496E-1
4.785961002E1,-2.093129873E0,-6.252969503E-1,-1.868484020E-1
4.786160912E1,-2.027767181E0,-5.122868419E-1,-1.135445759E-1
4.786360819E1,-2.027767181E0,-5.122868419E-1,-1.135445759E-1
4.786560816E1,-1.979508877E0,-4.133267105E-1,-6.528622657E-2
4.786760812E1,-1.930028796E0,-2.978731692E-1,-2.557998151E-2
4.786960809E1,-1.884824753E0,-1.683697402E-1,1.298088697E-3
4.787160809E1,-1.859168410E0,-9.934195876E-2,1.595885493E-2
4.787360812E1,-1.820073009E0,4.604396969E-2,3.428481147E-2
4.787560816E1,-1.782810211E0,1.999820024E-1,4.833471403E-2
4.787760819E1,-1.766316891E0,2.775619030E-1,5.505422875E-2
4.787960822E1,-1.737606168E0,4.424955249E-1,7.032585889E-2
4.788160912E1,-1.716836810E0,6.080399752E-1,8.987355232E-2
4.788361005E1,-1.705230355E0,6.892850995E-1,1.045343131E-1
4.788561009E1,-1.691180468E0,8.493317366E-1,1.362993121E-1
4.788761012E1,-1.683239222E0,9.898307920E-1,1.790598780E-1
4.788961012E1,-1.677130580E0,1.052139044E0,2.010510266E-1
4.789161012E1,-1.672854424E0,1.160873055E0,2.511419654E-1
4.789361012E1,-1.669800162E0,1.247004986E0,3.097850382E-1
4.789561012E1,-1.672243595E0,1.286711335E0,3.433826268E-1
4.789761012E1,-1.666745782E0,1.363680243E0,4.001930952E-1
4.789961012E1,-1.669189334E0,1.439427614E0,4.576144218E-1
4.790160925E1,-1.669189334E0,1.570763588E0,5.382486582E-1
4.790360862E1,-1.669189334E0,1.570763588E0,5.382486582E-1
4.790560858E1,-1.657582879E0,1.666669488E0,5.871178508E-1
4.790760855E1,-1.654528499E0,1.716760397E0,6.121633053E-1
4.790960852E1,-1.650252461E0,1.818163991E0,6.482043862E-1
4.791160848E1,-1.640478611E0,1.920789361E0,6.811910868E-1
4.791360845E1,-1.633148193E0,1.972712994E0,6.940192580E-1
4.791560842E1,-1.622152686E0,2.075949192E0,7.208973765E-1
4.791760842E1,-1.611157060E0,2.182850599E0,7.416667938E-1
4.791960842E1,-1.598939776E0,2.234774113E0,7.538840771E-1
4.792160932E1,-1.578170419E0,2.331290960E0,7.679339647E-1
4.792361025E1,-1.553124905E0,2.429029226E0,7.795404196E-1
4.792561028E1,-1.540907621E0,2.469957352E0,7.813730240E-1
4.792761031E1,-1.532355428E0,2.541428566E0,7.844273448E-1
4.792961035E1,-1.521359921E0,2.607401848E0,7.825947404E-1
4.793161038E1,-1.520138144E0,2.637945175E0,7.862599492E-1
4.793361038E1,-1.519527316E0,2.695366621E0,7.838164568E-1
4.793561035E1,-1.511586070E0,2.744235754E0,7.770969272E-1
4.793761031E1,-1.506699085E0,2.764394283E0,7.709882855E-1
4.793961028E1,-1.499979615E0,2.796159267E0,7.624362111E-1
4.794160938E1,-1.486540556E0,2.812652588E0,7.215082049E-1
4.794360844E1,-1.486540556E0,2.812652588E0,7.215082049E-1
4.794560841E1,-1.484707952E0,2.766227007E0,6.634759903E-1
4.794760838E1,-1.487762332E0,2.680705786E0,5.913938880E-1
4.794960838E1,-1.489594936E0,2.628171444E0,5.394703746E-1
4.795160838E1,-1.498757839E0,2.516993999E0,4.142429829E-1
4.795360838E1,-1.493260145E0,2.408259869E0,2.786309123E-1
4.795560838E1,-1.483486295E0,2.347784281E0,2.138791978E-1
4.795760798E1,-1.458440781E0,2.206063509E0,7.948884368E-2
4.795960798E1,-1.429730058E0,2.044184208E0,-5.673411116E-2
4.796160884E1,-1.425454021E0,1.959273934E0,-1.245401502E-1
4.796360944E1,-1.412625909E0,1.783955574E0,-2.662608922E-1
4.796560944E1,-1.391856432E0,1.587867856E0,-4.055381715E-1
4.796760948E1,-1.381471753E0,1.479133844E0,-4.800637364E-1
4.796960951E1,-1.342987299E0,1.254946232E0,-6.175084114E-1
4.797160954E1,-1.289231062E0,1.030147910E0,-7.464009523E-1
4.797360957E1,-1.258687854E0,9.177486897E-1,-8.026005626E-1
4.797560961E1,-1.193325281E0,7.137196660E-1,-8.966737986E-1
4.797760964E1,-1.113301873E0,5.390121937E-1,-9.589820504E-1
4.797960967E1,-1.073595643E0,4.608214796E-1,-9.840275645E-1
4.798160881E1,-9.129381180E-1,2.726749778E-1,-1.035340190E0
4.798360947E1,-8.518515825E-1,2.274709493E-1,-1.044503212E0
4.798560944E1,-7.241807580E-1,1.523345262E-1,-1.062829137E0
4.798760940E1,-6.575964093E-1,1.199586615E-1,-1.070770383E0
4.798960937E1,-5.268712640E-1,6.620252132E-2,-1.078711629E0
4.799160934E1,-4.034765065E-1,1.733330078E-2,-1.089096427E0
4.799360930E1,-3.405573666E-1,-4.046982154E-3,-1.092150688E0
4.799560930E1,-2.196060568E-1,-4.314235970E-2,-1.098259330E0
4.799760930E1,-1.145372316E-1,-7.246389240E-2,-1.102535367E0
4.799960934E1,-6.505715102E-2,-8.590292186E-2,-1.106200576E0
4.800161024E1,2.474004216E-2,-1.042288840E-1,-1.109865785E0
4.800361117E1,1.035416573E-1,-1.066723466E-1,-1.109865785E0
4.800561120E1,1.310305893E-1,-1.036180183E-1,-1.111087561E0
4.800761123E1,1.915062517E-1,-9.140071273E-2,-1.106811523E0
4.800961127E1,2.336559594E-1,-7.185302675E-2,-1.109865785E0
4.801161130E1,2.519819140E-1,-5.841398984E-2,-1.106200576E0
4.801361130E1,2.721404731E-1,-3.153591976E-2,-1.106200576E0
4.801561130E1,2.849686444E-1,6.337726954E-3,-1.102535367E0
4.801761170E1,2.831360400E-1,3.016147204E-2,-1.100091934E0
4.801961170E1,2.751947939E-1,7.658722997E-2,-1.088485479E0
4.802161083E1,2.428189367E-1,1.633300930E-1,-1.059163928E0
4.802361013E1,2.428189367E-1,1.633300930E-1,-1.059163928E0
4.802561013E1,1.963931769E-1,2.219731659E-1,-1.039005399E0
4.802761010E1,1.499674171E-1,2.861140072E-1,-1.007851243E0
4.802961006E1,1.188132912E-1,3.203224540E-1,-9.889144897E-1
4.803161003E1,5.833763257E-2,3.954588771E-1,-9.437104464E-1
4.803361000E1,-7.635815535E-3,4.760931134E-1,-8.905651569E-1
4.803560996E1,-4.673119262E-2,5.188536644E-1,-8.630762100E-1
4.803760993E1,-1.218676195E-1,6.123160720E-1,-8.019897342E-1
4.803960990E1,-2.006692290E-1,7.131088376E-1,-7.396814823E-1
4.804161073E1,-2.367102802E-1,7.619780302E-1,-7.060838938E-1
4.804361003E1,-3.149010241E-1,8.548295498E-1,-6.382778287E-1
4.804561006E1,-3.937026560E-1,9.482919574E-1,-5.710826516E-1
4.804761009E1,-4.321871698E-1,9.934959412E-1,-5.362633467E-1
4.804961013E1,-5.079344511E-1,1.074130177E0,-4.629594982E-1
4.805161016E1,-5.836817622E-1,1.146823168E0,-3.890447915E-1
4.805361003E1,-6.197227836E-1,1.179198980E0,-3.499494195E-1
4.805561006E1,-6.850853562E-1,1.237842083E0,-2.735912800E-1
4.805761009E1,-7.412849665E-1,1.288543820E0,-2.008983046E-1
4.805961009E1,-7.657195926E-1,1.312367678E0,-1.660789847E-1
4.806160919E1,-8.304712772E-1,1.375897646E0,-7.017314434E-2
4.806360826E1,-8.414669037E-1,1.399721384E0,-3.840815276E-2
4.806560822E1,-8.524624705E-1,1.418047309E0,-1.091921609E-2
4.806760819E1,-8.677340746E-1,1.455920935E0,4.344778880E-2
4.806960816E1,-8.707883954E-1,1.483409882E0,9.292787313E-2
4.807160812E1,-8.646797538E-1,1.493183732E0,1.191950813E-1
4.807360812E1,-8.524624705E-1,1.505401015E0,1.576795876E-1
4.807560812E1,-8.298604488E-1,1.507844448E0,1.937206388E-1
4.807760816E1,-8.097018600E-1,1.506011963E0,2.089922726E-1
4.807960819E1,-7.809911966E-1,1.485242486E0,2.370920777E-1
4.808160909E1,-7.431175709E-1,1.453477502E0,2.627484202E-1
4.808360982E1,-7.192938328E-1,1.435151577E0,2.731331289E-1
4.808560985E1,-6.747006774E-1,1.384449720E0,2.926808000E-1
4.808760989E1,-6.185010672E-1,1.326417565E0,3.036763966E-1
4.808960992E1,-5.940664411E-1,1.298317671E0,3.103958964E-1
4.809160995E1,-5.335907936E-1,1.236620307E0,3.189480305E-1
4.809360995E1,-4.596760869E-1,1.174922943E0,3.201697469E-1
4.809560995E1,-4.248567820E-1,1.143768787E0,3.201697469E-1
4.809760995E1,-3.454442918E-1,1.083293200E0,3.213914633E-1
4.809960995E1,-2.580905557E-1,1.022206664E0,3.177262843E-1
4.810160909E1,-1.169806942E-1,9.330202937E-1,3.103958964E-1
4.810360819E1,-1.169806942E-1,9.330202937E-1,3.103958964E-1
4.810560815E1,-2.107485011E-2,8.762098551E-1,3.067307174E-1
4.810760812E1,7.544185966E-2,8.242862821E-1,3.018437922E-1
4.810960808E1,1.261436790E-1,7.967973351E-1,3.000111878E-1
4.811160805E1,2.257147133E-1,7.503715754E-1,2.975677252E-1
4.811360818E1,3.197879493E-1,7.051675916E-1,2.908482254E-1
4.811560815E1,3.680463135E-1,6.837872863E-1,2.908482254E-1
4.811760812E1,4.535674453E-1,6.440810561E-1,2.877938747E-1
4.811960808E1,5.384777188E-1,6.068182588E-1,2.853504419E-1
4.812160895E1,5.745187402E-1,5.884923339E-1,2.859613001E-1
4.812360988E1,6.484334469E-1,5.548947453E-1,2.841286957E-1
4.812560991E1,7.046330571E-1,5.261840224E-1,2.871830165E-1
4.812760995E1,7.345654368E-1,5.115233064E-1,2.877938747E-1
4.812960998E1,7.864890099E-1,4.876995385E-1,2.920699418E-1
4.813161001E1,8.286387324E-1,4.638758004E-1,2.987894714E-1
4.813361005E1,8.469646573E-1,4.516584873E-1,3.024546504E-1
4.813561008E1,8.768970370E-1,4.290564656E-1,3.091741800E-1
4.813761008E1,9.068294764E-1,4.113413990E-1,3.213914633E-1
4.813961004E1,9.172141552E-1,4.021784067E-1,3.275001347E-1
4.814160914E1,9.483683109E-1,3.905719519E-1,3.439934850E-1
4.814360831E1,9.618073106E-1,3.911828399E-1,3.519347310E-1
4.814560828E1,9.764680862E-1,3.917936981E-1,3.617085814E-1
4.814760824E1,9.984592199E-1,3.936263025E-1,3.769802153E-1
4.814960821E1,1.018617749E0,4.003458023E-1,3.946953118E-1
4.815160817E1,1.032667756E0,4.052327275E-1,4.050800204E-1
4.815360817E1,1.052826285E0,4.119522572E-1,4.282929003E-1
4.815560821E1,1.077871680E0,4.247804284E-1,4.484514594E-1
4.815760824E1,1.087034702E0,4.290564656E-1,4.606687427E-1
4.815960827E1,1.109636664E0,4.418846369E-1,4.832707644E-1
4.816160917E1,1.131627917E0,4.553236961E-1,5.058727860E-1
4.816361011E1,1.142623425E0,4.602105916E-1,5.205335617E-1
4.816561014E1,1.164003730E0,4.693735838E-1,5.431355834E-1
4.816761017E1,1.184162259E0,4.773148298E-1,5.651267171E-1
4.816961021E1,1.189049244E0,4.828126132E-1,5.785657167E-1
4.817161020E1,1.214705586E0,4.889212847E-1,6.023895144E-1
4.817361020E1,1.236696720E0,4.974733889E-1,6.268240809E-1
4.817561021E1,1.244637966E0,4.999168515E-1,6.414848566E-1
4.817761020E1,1.264796495E0,5.048037767E-1,6.701955199E-1
4.817961020E1,1.288009405E0,5.011385679E-1,7.001278996E-1
4.818160934E1,1.308778763E0,4.919756055E-1,7.514405847E-1
4.818360840E1,1.308778763E0,4.919756055E-1,7.514405847E-1
4.818560837E1,1.324050426E0,4.809800088E-1,7.874816656E-1
4.818760834E1,1.325883031E0,4.797582924E-1,8.088619709E-1
4.818960830E1,1.340543747E0,4.699844420E-1,8.449029922E-1
4.819160827E1,1.353982806E0,4.638758004E-1,8.815549016E-1
4.819360823E1,1.364367485E0,4.571562707E-1,8.992699981E-1
4.819560820E1,1.378417373E0,4.467715621E-1,9.353110194E-1
4.819760817E1,1.388191223E0,4.418846369E-1,9.725738168E-1
4.819960817E1,1.396743417E0,4.424955249E-1,9.927324057E-1
4.820160907E1,1.420567155E0,4.492150247E-1,1.028773427E0
4.820360990E1,1.441947460E0,4.614323378E-1,1.068479657E0
4.820560993E1,1.455386400E0,4.681518376E-1,1.086805582E0
4.820760996E1,1.476155877E0,4.858669341E-1,1.121014118E0
4.820961000E1,1.497536182E0,5.078580976E-1,1.156444311E0
4.821161003E1,1.509753466E0,5.194645524E-1,1.171105027E0
4.821361006E1,1.529911995E0,5.396230817E-1,1.203480840E0
4.821561006E1,1.543961883E0,5.622251034E-1,1.230358958E0
4.821761003E1,1.547627091E0,5.732206702E-1,1.246241450E0
4.821961000E1,1.553735733E0,5.933791995E-1,1.268843532E0
4.822160910E1,1.552514076E0,6.190355420E-1,1.292056322E0
4.822361003E1,1.542740226E0,6.233116388E-1,1.292056322E0
4.822561000E1,1.536631465E0,6.269767880E-1,1.295721531E0
4.822760996E1,1.509142637E0,6.385832429E-1,1.295721531E0
4.822960993E1,1.482264519E0,6.532440186E-1,1.290834665E0
4.823160993E1,1.465771198E0,6.617961526E-1,1.282893419E0
4.823360996E1,1.424843192E0,6.666830778E-1,1.268843532E0
4.823560999E1,1.370476127E0,6.562983394E-1,1.246852279E0
4.823761003E1,1.339322090E0,6.520223022E-1,1.235245943E0
4.823961006E1,1.270294309E0,6.398049593E-1,1.191263556E0
4.824161096E1,1.187216640E0,6.294202805E-1,1.133842230E0
4.824361189E1,1.145066857E0,6.233116388E-1,1.098412037E0
4.824561193E1,1.043663263E0,5.946009755E-1,1.023275614E0
4.824761196E1,9.257662892E-1,5.542838573E-1,9.359219074E-1
4.824961196E1,8.604037166E-1,5.286275148E-1,8.852201104E-1
4.825161196E1,7.260133624E-1,4.669301212E-1,7.746534944E-1
4.825361196E1,5.806274414E-1,3.960697651E-1,6.518695951E-1
4.825561196E1,5.067127347E-1,3.539200425E-1,5.810092092E-1
4.825761196E1,3.484986126E-1,2.683989108E-1,4.350124002E-1
4.825961196E1,1.951714456E-1,1.798234582E-1,2.804635167E-1
4.826161106E1,-3.329215571E-2,3.138320148E-2,3.917173296E-2
4.826361012E1,-3.329215571E-2,3.138320148E-2,3.917173296E-2
4.826561009E1,-1.878410578E-1,-8.834638447E-2,-1.214858219E-1
4.826761006E1,-2.672535479E-1,-1.610393524E-1,-1.960113794E-1
4.826961002E1,-4.199698567E-1,-3.216969073E-1,-3.413973153E-1
4.827160999E1,-5.732970238E-1,-5.049564838E-1,-4.623486400E-1
4.827360995E1,-6.459900141E-1,-6.033058167E-1,-5.161047578E-1
4.827560992E1,-7.852672935E-1,-7.987826467E-1,-6.059019566E-1
4.827760992E1,-9.129381180E-1,-9.808205366E-1,-6.816492677E-1
4.827960995E1,-9.703594446E-1,-1.062676430E0,-7.109707594E-1
4.828161085E1,-1.074206591E0,-1.195845127E0,-7.683921456E-1
4.828360992E1,-1.167058110E0,-1.286864042E0,-8.117635250E-1
4.828560995E1,-1.209207773E0,-1.313131213E0,-8.307003975E-1
4.828760998E1,-1.284344196E0,-1.348561406E0,-8.490263224E-1
4.828961002E1,-1.333213449E0,-1.351004839E0,-8.557458520E-1
4.829161005E1,-1.350928545E0,-1.342452765E0,-8.496372104E-1
4.829361005E1,-1.367421865E0,-1.300302982E0,-8.288677931E-1
4.829561002E1,-1.360091448E0,-1.226999164E0,-7.891615629E-1
4.829760998E1,-1.348484993E0,-1.180573463E0,-7.653377652E-1
4.829960995E1,-1.304502726E0,-1.057789564E0,-7.060838938E-1
4.830160905E1,-1.208596945E0,-8.183303475E-1,-6.132323742E-1
4.830360812E1,-1.208596945E0,-8.183303475E-1,-6.132323742E-1
4.830560808E1,-1.128573537E0,-6.234643459E-1,-5.423719883E-1
4.830760805E1,-1.038165450E0,-4.023311138E-1,-4.690681398E-1
4.830960805E1,-9.935722947E-1,-2.862667143E-1,-4.324162304E-1
4.831160805E1,-8.952230215E-1,-4.436408728E-2,-3.597232699E-1
4.831360805E1,-8.060367107E-1,2.048689276E-1,-2.809216678E-1
4.831560805E1,-7.626652718E-1,3.300963044E-1,-2.412154078E-1
4.831760805E1,-6.881396770E-1,5.762749910E-1,-1.575268805E-1
4.831960805E1,-6.239988208E-1,8.077929020E-1,-6.956227869E-2
4.832160891E1,-5.983424783E-1,9.165269136E-1,-2.557998151E-2
4.832360981E1,-5.488623977E-1,1.121777654E0,6.727153808E-2
4.832560981E1,-5.091561675E-1,1.301982880E0,1.582904607E-1
4.832760985E1,-4.920519590E-1,1.382617116E0,2.034944892E-1
4.832960988E1,-4.621195495E-1,1.526170492E0,2.853504419E-1
4.833160991E1,-4.395175576E-1,1.649565220E0,3.617085814E-1
4.833360995E1,-4.266893864E-1,1.698434472E0,3.922518492E-1
4.833560998E1,-4.120286107E-1,1.767462254E0,4.423427880E-1
4.833761001E1,-3.992004395E-1,1.810833693E0,4.637230933E-1
4.833961001E1,-3.930917978E-1,1.823050976E0,4.704425931E-1
4.834160914E1,-3.521638215E-1,1.865200639E0,4.887685478E-1
4.834360821E1,-3.521638215E-1,1.865200639E0,4.887685478E-1
4.834560818E1,-3.130684495E-1,1.870698452E0,4.979315400E-1
4.834760814E1,-2.910772860E-1,1.866422415E0,5.015967488E-1
4.834960811E1,-2.513710558E-1,1.841376901E0,5.119814277E-1
4.835160807E1,-2.098322064E-1,1.788842559E0,5.211443901E-1
4.835360804E1,-1.890627891E-1,1.755855799E0,5.235878825E-1
4.835560804E1,-1.444696337E-1,1.672167301E0,5.254204869E-1
4.835760807E1,-1.059851199E-1,1.568320155E0,5.248095989E-1
4.835960811E1,-8.827003092E-2,1.509677052E0,5.187009573E-1
4.836160901E1,-5.772676691E-2,1.385060549E0,5.101488233E-1
4.836360994E1,-3.573561832E-2,1.241507292E0,4.967097938E-1
4.836560997E1,-2.046398632E-2,1.166370869E0,4.851033688E-1
4.836761000E1,3.054326226E-4,1.011211038E0,4.692208767E-1
4.836961004E1,2.474004216E-2,8.499426246E-1,4.453971088E-1
4.837161007E1,3.084869497E-2,7.680866718E-1,4.295146167E-1
4.837361007E1,5.650503561E-2,6.080399752E-1,3.983604908E-1
4.837561007E1,7.910704613E-2,4.553236961E-1,3.543781936E-1
4.837761007E1,9.071348608E-2,3.826307058E-1,3.342196345E-1
4.837961007E1,1.133155003E-1,2.531272769E-1,2.865721583E-1
4.838160920E1,1.346957833E-1,7.414376736E-2,2.114357352E-1
4.838360857E1,1.346957833E-1,7.414376736E-2,2.114357352E-1
4.838560857E1,1.414152980E-1,-3.581197560E-2,1.509600729E-1
4.838760854E1,1.511891484E-1,-1.451568604E-1,8.865182102E-2
4.838960850E1,1.499674171E-1,-1.995238662E-1,5.322163552E-2
4.839160847E1,1.450804919E-1,-3.100904822E-1,-2.985603921E-2
4.839360843E1,1.340849251E-1,-4.249331355E-1,-1.159880385E-1
4.839560840E1,1.291979998E-1,-4.768566787E-1,-1.636355221E-1
4.839760837E1,1.188132912E-1,-5.752059817E-1,-2.632065713E-1
4.839960833E1,1.108720452E-1,-6.582836509E-1,-3.804926872E-1
4.840160916E1,1.072068512E-1,-6.924921274E-1,-4.434117973E-1
4.840361006E1,1.102611795E-1,-7.395287156E-1,-5.655848384E-1
4.840561010E1,1.218676195E-1,-7.633524537E-1,-6.920339465E-1
4.840761013E1,1.304197311E-1,-7.682393789E-1,-7.525096536E-1
4.840961016E1,1.615738571E-1,-7.548003793E-1,-8.667414188E-1
4.841161020E1,2.061670274E-1,-7.199810743E-1,-9.657015800E-1
4.841361023E1,2.379320115E-1,-6.973790526E-1,-1.006018758E0
4.841561026E1,2.965750694E-1,-6.613379717E-1,-1.075046420E0
4.841761026E1,3.582724631E-1,-6.265186667E-1,-1.122083068E0
4.841961026E1,3.906483352E-1,-6.063601375E-1,-1.138576508E0
4.842160936E1,4.871650338E-1,-5.373323560E-1,-1.145295978E0
4.842360843E1,5.244278312E-1,-5.128977299E-1,-1.137965560E0
4.842560840E1,5.549710989E-1,-4.866305292E-1,-1.126970053E0
4.842760836E1,6.227771044E-1,-4.328743815E-1,-1.094594121E0
4.842960833E1,6.930266023E-1,-3.626248837E-1,-1.056720495E0
4.843160829E1,7.321220040E-1,-3.210860491E-1,-1.037783742E0
4.843360829E1,7.999280095E-1,-2.300671190E-1,-9.938014150E-1
4.843560833E1,8.555167913E-1,-1.433242559E-1,-9.498190880E-1
4.843760836E1,8.756753206E-1,-1.036180183E-1,-9.241627455E-1
4.843960839E1,8.897252083E-1,-4.375322163E-2,-8.716283441E-1
4.844160929E1,8.897252083E-1,-2.825251780E-3,-8.026005626E-1
4.844360996E1,8.854491711E-1,1.855503209E-2,-7.714464664E-1
4.844560999E1,8.713992834E-1,6.681338698E-2,-6.950882673E-1
4.844761002E1,8.542950749E-1,1.217912585E-1,-6.199518442E-1
4.844961006E1,8.402451277E-1,1.437824070E-1,-5.796347857E-1
4.845161006E1,8.072584271E-1,1.792125851E-1,-5.008331537E-1
4.845361006E1,7.583891749E-1,2.054798007E-1,-4.177554548E-1
4.845561006E1,7.345654368E-1,2.176970989E-1,-3.774383664E-1
4.845761006E1,6.838636398E-1,2.421317101E-1,-3.023019433E-1
4.845961006E1,6.239988208E-1,2.592359483E-1,-2.320524305E-1
4.846160919E1,5.244278312E-1,2.732858360E-1,-1.282053441E-1
4.846360986E1,5.244278312E-1,2.732858360E-1,-1.282053441E-1
4.846560982E1,4.492913783E-1,2.683989108E-1,-6.101016700E-2
4.846760979E1,3.656028509E-1,2.629011273E-1,1.298088697E-3
4.846960975E1,3.271183372E-1,2.635119855E-1,2.878702432E-2
4.847160972E1,2.495384514E-1,2.806162238E-1,8.009970188E-2
4.847360969E1,1.792889535E-1,3.081051707E-1,1.320232451E-1
4.847560965E1,1.505782902E-1,3.282637000E-1,1.576795876E-1
4.847760962E1,8.521570265E-2,3.679699600E-1,2.114357352E-1
4.847960958E1,1.435533352E-2,3.875176311E-1,2.670244575E-1
4.848161045E1,-1.740965992E-2,3.936263025E-1,2.877938747E-1
4.848361138E1,-7.422012836E-2,4.143957198E-1,3.409391642E-1
4.848561142E1,-1.395827085E-1,4.253912866E-1,3.928627074E-1
4.848761145E1,-1.725694388E-1,4.296673536E-1,4.203516543E-1
4.848961148E1,-2.306016237E-1,4.333325326E-1,4.777729809E-1
4.849161152E1,-2.800817192E-1,4.400520623E-1,5.333617330E-1
4.849361155E1,-3.014619946E-1,4.400520623E-1,5.547419786E-1
4.849561155E1,-3.570507467E-1,4.314999282E-1,6.066655517E-1
4.849761155E1,-4.034765065E-1,4.192826450E-1,6.488152742E-1
4.849961151E1,-4.236350358E-1,4.168391824E-1,6.677520871E-1
4.850161061E1,-4.773911834E-1,4.150065780E-1,7.178429961E-1
4.850360975E1,-4.926628172E-1,4.192826450E-1,7.325037718E-1
4.850560971E1,-5.018258095E-1,4.211152196E-1,7.447211146E-1
4.850760968E1,-5.195409060E-1,4.376085997E-1,7.697665691E-1
4.850960965E1,-5.244278312E-1,4.687627256E-1,7.850381732E-1
4.851160964E1,-5.177083015E-1,4.889212847E-1,7.911468744E-1
4.851360968E1,-4.957171381E-1,5.353470445E-1,7.966446280E-1
4.851560971E1,-4.639521539E-1,5.909357667E-1,7.948120236E-1
4.851760974E1,-4.437935948E-1,6.251442432E-1,7.905359864E-1
4.851960978E1,-3.930917978E-1,6.892850995E-1,7.795404196E-1
4.852161068E1,-3.295617998E-1,7.540367842E-1,7.618253231E-1
4.852361004E1,-2.916881442E-1,7.851909399E-1,7.563275099E-1
4.852561008E1,-2.086104751E-1,8.371144533E-1,7.325037718E-1
4.852761011E1,-1.359175146E-1,8.755989671E-1,7.105126381E-1
4.852961011E1,-9.315694869E-2,8.865945339E-1,6.989061832E-1
4.853161011E1,-8.246680722E-3,8.963683844E-1,6.775259376E-1
4.853361011E1,7.299839705E-2,8.798750043E-1,6.579782367E-1
4.853561011E1,1.065959856E-1,8.609381914E-1,6.537021995E-1
4.853761011E1,1.786780804E-1,8.139016032E-1,6.390414238E-1
4.853961011E1,2.409863323E-1,7.418195009E-1,6.292675734E-1
4.854160924E1,3.356704414E-1,6.055965424E-1,6.219371557E-1
4.854360831E1,3.356704414E-1,6.055965424E-1,6.219371557E-1
4.854560827E1,3.857614100E-1,5.109124184E-1,6.170502305E-1
4.854760824E1,4.065308273E-1,4.602105916E-1,6.146067977E-1
4.854960821E1,4.560109079E-1,3.649156392E-1,6.164394021E-1
4.855160817E1,5.030475259E-1,2.629011273E-1,6.188828349E-1
4.855360814E1,5.207626224E-1,2.085341215E-1,6.207154393E-1
4.855560810E1,5.629123449E-1,1.010218412E-1,6.176611185E-1
4.855760807E1,6.032294035E-1,6.948592141E-3,6.170502305E-1
4.855960807E1,6.258314252E-1,-3.703370690E-2,6.139959097E-1
4.856160897E1,6.704245806E-1,-1.188896447E-1,6.005569100E-1
4.856360984E1,7.144069076E-1,-2.001347244E-1,5.871178508E-1
4.856560987E1,7.339546084E-1,-2.373975068E-1,5.785657167E-1
4.856760990E1,7.644978762E-1,-3.174208403E-1,5.651267171E-1
4.856960994E1,7.858781219E-1,-3.931681514E-1,5.541311502E-1
4.857160997E1,7.962628603E-1,-4.261548519E-1,5.492442250E-1
4.857360997E1,8.274169564E-1,-4.701371789E-1,5.413029790E-1
4.857560997E1,8.518515825E-1,-5.104542971E-1,5.303074121E-1
4.857760993E1,8.634580374E-1,-5.263367891E-1,5.248095989E-1
4.857960990E1,8.885034919E-1,-5.446627140E-1,5.089271069E-1
4.858160900E1,9.251554012E-1,-5.519931316E-1,4.869359732E-1
4.858360807E1,9.251554012E-1,-5.519931316E-1,4.869359732E-1
4.858560803E1,9.489791393E-1,-5.672647357E-1,4.722751975E-1
4.858760800E1,9.624181986E-1,-5.935319662E-1,4.545601010E-1
4.858960800E1,9.618073106E-1,-6.521750093E-1,4.417319298E-1
4.859160800E1,9.587529898E-1,-6.851617098E-1,4.392884672E-1
4.859360800E1,9.428704977E-1,-7.657959461E-1,4.313472211E-1
4.859560800E1,9.117164016E-1,-8.598691821E-1,4.209625125E-1
4.859760800E1,8.958339095E-1,-9.160687923E-1,4.130212665E-1
4.859960800E1,8.579602242E-1,-1.021137595E0,4.001930952E-1
4.860160886E1,8.164213896E-1,-1.128649950E0,3.885866404E-1
4.860360980E1,7.870998979E-1,-1.182406068E0,3.861432076E-1
4.860560980E1,7.400632501E-1,-1.285031438E0,3.812562823E-1
4.860760983E1,6.924157739E-1,-1.376050353E0,3.690389693E-1
4.860960986E1,6.637051105E-1,-1.418200016E0,3.647629023E-1
4.861160990E1,6.178901792E-1,-1.481729984E0,3.580434024E-1
4.861360993E1,5.781839490E-1,-1.524490595E0,3.507130146E-1
4.861560996E1,5.616905689E-1,-1.542816520E0,3.501021564E-1
4.861761000E1,5.293147564E-1,-1.560531616E0,3.421608806E-1
4.861961003E1,5.048801303E-1,-1.570916295E0,3.366630971E-1
4.862160916E1,4.841107130E-1,-1.559920788E0,3.256675303E-1
4.862360833E1,4.841107130E-1,-1.559920788E0,3.256675303E-1
4.862560829E1,4.786129296E-1,-1.534264445E0,3.189480305E-1
4.862760826E1,4.792237878E-1,-1.518992782E0,3.189480305E-1
4.862960823E1,4.865541756E-1,-1.476232171E0,3.189480305E-1
4.863160819E1,4.963280261E-1,-1.429195642E0,3.220023513E-1
4.863360816E1,5.061018467E-1,-1.404150128E0,3.256675303E-1
4.863560812E1,5.262604356E-1,-1.351004839E0,3.342196345E-1
4.863760812E1,5.506950021E-1,-1.297248721E0,3.446043432E-1
4.863960816E1,5.659666657E-1,-1.272814155E0,3.482695520E-1
4.864160906E1,5.946773291E-1,-1.222112298E0,3.580434024E-1
4.864360999E1,6.313292384E-1,-1.175686479E0,3.696498275E-1
4.864561002E1,6.472117305E-1,-1.157360554E0,3.763693571E-1
4.864761006E1,6.826419234E-1,-1.124373794E0,3.910301030E-1
4.864961009E1,7.137960196E-1,-1.095663190E0,4.050800204E-1
4.865161012E1,7.272350788E-1,-1.081613302E0,4.093560576E-1
4.865361015E1,7.528914213E-1,-1.053513527E0,4.258494377E-1
4.865561015E1,7.754934430E-1,-1.027246237E0,4.405102134E-1
4.865761015E1,7.816020846E-1,-1.016250730E0,4.466188550E-1
4.865961015E1,7.987062931E-1,-1.002200842E0,4.637230933E-1
4.866160929E1,8.231409192E-1,-9.967030287E-1,4.899902940E-1
4.866360835E1,8.231409192E-1,-9.967030287E-1,4.899902940E-1
4.866560835E1,8.402451277E-1,-1.002811670E0,5.034292936E-1
4.866760832E1,8.567385077E-1,-1.016250730E0,5.205335617E-1
4.866960828E1,8.713992834E-1,-1.022359371E0,5.296965241E-1
4.867160825E1,8.897252083E-1,-1.043128729E0,5.431355834E-1
4.867360822E1,9.080511928E-1,-1.071228623E0,5.535202622E-1
4.867560818E1,9.153815508E-1,-1.081613302E0,5.602397919E-1
4.867760815E1,9.300423265E-1,-1.106658697E0,5.675701499E-1
4.867960812E1,9.373727441E-1,-1.126817346E0,5.749005675E-1
4.868160895E1,9.428704977E-1,-1.135369420E0,5.742896795E-1
4.868360975E1,9.508117437E-1,-1.148197532E0,5.742896795E-1
4.868560978E1,9.605855942E-1,-1.158582330E0,5.742896795E-1
4.868760981E1,9.605855942E-1,-1.161636591E0,5.724570751E-1
4.868960985E1,9.666942358E-1,-1.157360554E0,5.687919259E-1
4.869160988E1,9.556986690E-1,-1.143310666E0,5.694027543E-1
4.869360991E1,9.526443481E-1,-1.137202024E0,5.657375455E-1
4.869560995E1,9.398161769E-1,-1.113378286E0,5.577962995E-1
4.869760998E1,9.257662892E-1,-1.078558922E0,5.474116206E-1
4.869960998E1,9.153815508E-1,-1.056567788E0,5.413029790E-1
4.870160908E1,8.866708875E-1,-9.850965738E-1,5.254204869E-1
4.870360815E1,8.799513578E-1,-9.576076269E-1,5.162574649E-1
4.870560811E1,8.585711122E-1,-9.026297331E-1,5.009858608E-1
4.870760808E1,8.500189781E-1,-8.720865250E-1,4.899902940E-1
4.870960804E1,8.292495608E-1,-8.109999895E-1,4.747186601E-1
4.871160801E1,7.993171811E-1,-7.529677749E-1,4.582252800E-1
4.871360798E1,7.877107263E-1,-7.279223204E-1,4.515057802E-1
4.871560798E1,7.602217793E-1,-6.839399934E-1,4.362341464E-1
4.871760801E1,7.217372656E-1,-6.552293301E-1,4.197407961E-1
4.871960804E1,7.095199823E-1,-6.436228752E-1,4.142429829E-1
4.872160894E1,6.716463566E-1,-6.265186667E-1,3.989713490E-1
4.872360987E1,6.337726712E-1,-6.161339283E-1,3.898083866E-1
4.872560991E1,6.142250299E-1,-6.100252867E-1,3.843106031E-1
4.872760994E1,5.897904038E-1,-5.996406078E-1,3.708715737E-1
4.872960997E1,5.665774941E-1,-5.880341530E-1,3.568216562E-1
4.873161001E1,5.519167781E-1,-5.813146234E-1,3.507130146E-1
4.873361001E1,5.378668308E-1,-5.721516609E-1,3.317761719E-1
4.873561001E1,5.262604356E-1,-5.544365644E-1,3.079524338E-1
4.873761001E1,5.207626224E-1,-5.452736020E-1,2.957351506E-1
4.873961001E1,5.091561675E-1,-5.281693339E-1,2.713005245E-1
4.874160914E1,4.957171381E-1,-4.964043796E-1,2.419789881E-1
4.874360847E1,4.957171381E-1,-4.964043796E-1,2.419789881E-1
4.874560844E1,4.963280261E-1,-4.744132161E-1,2.254856378E-1
4.874760840E1,4.963280261E-1,-4.481460154E-1,2.096031308E-1
4.874960837E1,4.963280261E-1,-4.322635233E-1,2.034944892E-1
4.875160834E1,4.926628172E-1,-4.029420018E-1,1.900554448E-1
4.875360830E1,4.908302128E-1,-3.742313087E-1,1.845576614E-1
4.875560827E1,4.957171381E-1,-3.577379584E-1,1.790598780E-1
4.875760823E1,4.902193546E-1,-3.320816159E-1,1.729512215E-1
4.875960820E1,4.914411008E-1,-3.064252734E-1,1.662317067E-1
4.876160907E1,4.896084964E-1,-2.942079604E-1,1.643991023E-1
4.876361000E1,4.810563922E-1,-2.691625059E-1,1.613447815E-1
4.876561003E1,4.725042582E-1,-2.483930737E-1,1.650099754E-1
4.876761006E1,4.670064747E-1,-2.392300963E-1,1.662317067E-1
4.876961010E1,4.541783035E-1,-2.215150148E-1,1.741729528E-1
4.877161013E1,4.352414906E-1,-2.099085748E-1,1.845576614E-1
4.877361016E1,4.242459238E-1,-2.037999183E-1,1.882228553E-1
4.877561020E1,4.022547603E-1,-1.958586723E-1,1.931097806E-1
4.877761020E1,3.778201640E-1,-1.915826052E-1,2.041053474E-1
4.877961016E1,3.656028509E-1,-1.860848218E-1,2.077705413E-1
4.878160926E1,3.301726580E-1,-1.750892550E-1,2.285399586E-1
4.878360833E1,3.149010241E-1,-1.732566506E-1,2.340377420E-1
4.878560830E1,3.026837409E-1,-1.695914567E-1,2.419789881E-1
4.878760826E1,2.745839357E-1,-1.647045463E-1,2.541962862E-1
4.878960823E1,2.483167201E-1,-1.647045463E-1,2.664135993E-1
4.879160819E1,2.324342281E-1,-1.634828150E-1,2.694679201E-1
4.879360819E1,2.037235647E-1,-1.640936732E-1,2.835178375E-1
4.879560823E1,1.792889535E-1,-1.634828150E-1,2.981785834E-1
4.879760826E1,1.640173197E-1,-1.647045463E-1,3.073415756E-1
4.879960829E1,1.371392459E-1,-1.689805984E-1,3.171154261E-1
4.880160919E1,1.151480973E-1,-1.769218445E-1,3.281109929E-1
4.880360989E1,1.035416573E-1,-1.811978966E-1,3.336087763E-1
4.880560993E1,8.155050874E-2,-1.885282844E-1,3.470478058E-1
4.880760996E1,6.933320314E-2,-2.001347244E-1,3.629303277E-1
4.880960999E1,6.261368841E-2,-2.062433809E-1,3.714824319E-1
4.881160999E1,4.734205827E-2,-2.239584774E-1,3.934735656E-1
4.881360999E1,4.428773001E-2,-2.435061634E-1,4.069126248E-1
4.881560999E1,4.673119262E-2,-2.581669390E-1,4.179081917E-1
4.881760999E1,4.184427112E-2,-2.948188484E-1,4.478405714E-1
4.881960999E1,4.245513305E-2,-3.296381533E-1,4.771621227E-1
4.882160912E1,4.550946131E-2,-3.931681514E-1,5.052618980E-1
4.882360819E1,4.550946131E-2,-3.931681514E-1,5.052618980E-1
4.882560816E1,5.222897977E-2,-4.493677318E-1,5.125923157E-1
4.882760812E1,6.200282276E-2,-4.884631336E-1,5.284748077E-1
4.882960809E1,6.627888232E-2,-5.025130510E-1,5.333617330E-1
4.883160805E1,8.155050874E-2,-5.153411627E-1,5.529094338E-1
4.883360802E1,1.010981947E-1,-5.196172595E-1,5.651267171E-1
4.883560799E1,1.102611795E-1,-5.196172595E-1,5.730679631E-1
4.883760795E1,1.298088580E-1,-5.171737671E-1,5.822309256E-1
4.883960795E1,1.475239545E-1,-5.122868419E-1,5.913938880E-1
4.884160882E1,1.591303945E-1,-5.086216927E-1,5.938373804E-1
4.884360975E1,1.750128865E-1,-5.019021630E-1,5.956699848E-1
4.884560978E1,1.890627891E-1,-4.927391708E-1,5.962808132E-1
4.884760982E1,1.963931769E-1,-4.854087830E-1,5.968917012E-1
4.884960985E1,2.128865421E-1,-4.756349623E-1,5.895613432E-1
4.885160988E1,2.251038402E-1,-4.579198658E-1,5.828418136E-1
4.885360992E1,2.348776907E-1,-4.487568736E-1,5.755113959E-1
4.885560992E1,2.501493096E-1,-4.310417771E-1,5.602397919E-1
4.885760988E1,2.635883391E-1,-4.066071808E-1,5.400812626E-1
4.885960985E1,2.703078687E-1,-3.956116140E-1,5.315291286E-1
4.886160895E1,2.922990322E-1,-3.626248837E-1,4.991532564E-1
4.886360811E1,2.953533530E-1,-3.510184288E-1,4.869359732E-1
4.886560808E1,3.039054573E-1,-3.436880708E-1,4.741078019E-1
4.886760805E1,3.124575615E-1,-3.235295117E-1,4.490623176E-1
4.886960801E1,3.265074790E-1,-3.045926690E-1,4.234059751E-1
4.887160801E1,3.307835162E-1,-2.960405648E-1,4.111886621E-1
4.887360805E1,3.448334336E-1,-2.838232517E-1,3.855323195E-1
4.887560808E1,3.594942093E-1,-2.703842223E-1,3.617085814E-1
4.887760811E1,3.631593883E-1,-2.648864388E-1,3.513238728E-1
4.887960814E1,3.790418804E-1,-2.538908720E-1,3.256675303E-1
4.888160904E1,3.973678350E-1,-2.471713424E-1,3.030655086E-1
4.888360998E1,4.028656185E-1,-2.465604842E-1,2.890156209E-1
4.888561001E1,4.150829315E-1,-2.477822155E-1,2.700788081E-1
4.888761004E1,4.352414906E-1,-2.514474094E-1,2.456441820E-1
4.888961004E1,4.395175576E-1,-2.538908720E-1,2.364812046E-1
4.889161004E1,4.566217661E-1,-2.630538344E-1,2.199878395E-1
4.889361004E1,4.676173329E-1,-2.758820057E-1,2.010510266E-1
4.889561004E1,4.767803252E-1,-2.826015353E-1,1.924989074E-1
4.889761004E1,4.883867502E-1,-2.997057736E-1,1.753946841E-1
4.889961004E1,4.951062799E-1,-3.180317283E-1,1.589013189E-1
4.890160918E1,5.054910183E-1,-3.534618914E-1,1.393536329E-1
4.890360824E1,5.054910183E-1,-3.534618914E-1,1.393536329E-1
4.890560821E1,5.115996599E-1,-3.791182339E-1,1.314123869E-1
4.890760817E1,5.134322643E-1,-3.931681514E-1,1.253037304E-1
4.890960814E1,5.128213763E-1,-4.212679565E-1,1.173624843E-1
4.891160811E1,5.115996599E-1,-4.505894780E-1,1.112538353E-1
4.891360717E1,5.091561675E-1,-4.646393657E-1,1.112538353E-1
4.891560714E1,5.030475259E-1,-4.939609170E-1,1.081995070E-1
4.891760714E1,4.951062799E-1,-5.196172595E-1,1.112538353E-1
4.891960714E1,4.902193546E-1,-5.318345428E-1,1.112538353E-1
4.892160804E1,4.810563922E-1,-5.568800569E-1,1.124755666E-1
4.892360887E1,4.682282209E-1,-5.752059817E-1,1.161407530E-1
4.892560890E1,4.633412957E-1,-5.819255114E-1,1.155298874E-1
4.892760894E1,4.554000497E-1,-5.941427946E-1,1.191950813E-1
4.892960897E1,4.431827366E-1,-6.057492495E-1,1.222494096E-1
4.893160900E1,4.334088862E-1,-6.118578911E-1,1.253037304E-1
4.893360900E1,4.169155359E-1,-6.222426295E-1,1.295797974E-1
4.893560897E1,4.040873647E-1,-6.301838756E-1,1.375210434E-1
4.893760894E1,3.967569768E-1,-6.314055920E-1,1.405753642E-1
4.893960890E1,3.820962012E-1,-6.338490248E-1,1.442405581E-1
4.894160800E1,3.576616049E-1,-6.369034052E-1,1.472948790E-1
4.894360867E1,3.533855379E-1,-6.381251216E-1,1.497383416E-1
4.894560863E1,3.405573666E-1,-6.393468380E-1,1.515709460E-1
4.894760860E1,3.289509416E-1,-6.399577260E-1,1.540143937E-1
4.894960840E1,3.124575615E-1,-6.430120468E-1,1.564578563E-1
4.895160840E1,3.051272035E-1,-6.478989720E-1,1.582904607E-1
4.895360840E1,2.886338234E-1,-6.570619345E-1,1.650099754E-1
4.895560840E1,2.678644061E-1,-6.723335385E-1,1.680642962E-1
4.895760840E1,2.593123019E-1,-6.808856726E-1,1.705077589E-1
4.895960840E1,2.507601976E-1,-6.918812394E-1,1.711186320E-1
4.896160926E1,2.354885489E-1,-7.059311271E-1,1.741729528E-1
4.896361017E1,2.287690341E-1,-7.138723731E-1,1.735620946E-1
4.896561016E1,2.147191316E-1,-7.230353951E-1,1.680642962E-1
4.896761020E1,2.079996169E-1,-7.315874696E-1,1.582904607E-1
4.896961023E1,1.994474977E-1,-7.352526784E-1,1.534035355E-1
4.897161026E1,1.902845204E-1,-7.486917377E-1,1.405753642E-1
4.897361120E1,1.786780804E-1,-7.651850581E-1,1.301906556E-1
4.897561123E1,1.737911552E-1,-7.737371922E-1,1.222494096E-1
4.897761126E1,1.597412676E-1,-7.969500422E-1,1.069777757E-1
4.897961130E1,1.536326110E-1,-8.158869147E-1,8.987355232E-2
4.898161043E1,1.346957833E-1,-8.427649736E-1,5.871942267E-2
4.898360960E1,1.346957833E-1,-8.427649736E-1,5.871942267E-2
4.898560956E1,1.200350225E-1,-8.617017865E-1,3.550654277E-2
4.898760953E1,1.151480973E-1,-8.714756370E-1,2.634356357E-2
4.898960949E1,1.010981947E-1,-8.898015618E-1,8.017606102E-3
4.899160946E1,8.765916526E-2,-9.007971883E-1,-1.702786796E-2
4.899360942E1,8.277224004E-2,-9.075166583E-1,-2.802344225E-2
4.899560943E1,7.299839705E-2,-9.142361879E-1,-4.818199575E-2
4.899760942E1,6.444628537E-2,-9.215666056E-1,-7.444920391E-2
4.899960946E1,5.894849449E-2,-9.258426428E-1,-8.239044994E-2
4.900161036E1,5.345070735E-2,-9.288969636E-1,-1.062141955E-1
4.900360969E1,4.306599870E-2,-9.270643592E-1,-1.288162023E-1
4.900560972E1,4.184427112E-2,-9.258426428E-1,-1.410335153E-1
4.900760976E1,3.268129006E-2,-9.154579043E-1,-1.642463952E-1
4.900960999E1,2.657263726E-2,-9.032406211E-1,-1.892918646E-1
4.901161002E1,2.535090782E-2,-8.965210915E-1,-2.039526403E-1
4.901361002E1,2.168571576E-2,-8.806385994E-1,-2.302198410E-1
4.901561002E1,1.069014147E-2,-8.598691821E-1,-2.564870417E-1
4.901761002E1,5.803219974E-3,-8.464301825E-1,-2.699260712E-1
4.901961002E1,-1.527163084E-3,-8.207738400E-1,-2.925280929E-1
4.902160916E1,-1.985312067E-2,-7.798458338E-1,-3.371212482E-1
4.902360826E1,-1.985312067E-2,-7.798458338E-1,-3.371212482E-1
4.902560826E1,-3.390302137E-2,-7.523568869E-1,-3.701079786E-1
4.902760822E1,-4.917465150E-2,-7.254788280E-1,-4.006512463E-1
4.902960819E1,-6.261368841E-2,-7.114289403E-1,-4.171445966E-1
4.903160815E1,-7.116580009E-2,-6.857725978E-1,-4.489096105E-1
4.903360812E1,-8.888089657E-2,-6.595053673E-1,-4.818963110E-1
4.903560809E1,-9.865473956E-2,-6.478989720E-1,-4.977788031E-1
4.903760805E1,-1.194241568E-1,-6.222426295E-1,-5.362633467E-1
4.903960802E1,-1.420261711E-1,-5.996406078E-1,-5.735260844E-1
4.904160885E1,-1.530217379E-1,-5.898667574E-1,-5.955172777E-1
4.904360965E1,-1.792889535E-1,-5.709299445E-1,-6.333909035E-1
4.904560968E1,-2.043344229E-1,-5.532148480E-1,-6.724863052E-1
4.904760972E1,-2.183843255E-1,-5.434409976E-1,-6.938665509E-1
4.904960975E1,-2.501493096E-1,-5.300019383E-1,-7.354053855E-1
4.905160978E1,-2.751947939E-1,-5.147303343E-1,-7.787768245E-1
4.905360982E1,-2.953533530E-1,-5.067890882E-1,-7.995462418E-1
4.905560985E1,-3.258966208E-1,-4.939609170E-1,-8.435285687E-1
4.905760988E1,-3.601050675E-1,-4.854087830E-1,-8.899543285E-1
4.905960988E1,-3.759875596E-1,-4.793001413E-1,-9.101128578E-1
4.906160898E1,-4.401284158E-1,-4.530329406E-1,-1.003575206E0
4.906360805E1,-4.401284158E-1,-4.530329406E-1,-1.003575206E0
4.906560801E1,-4.725042582E-1,-4.371504486E-1,-1.046946645E0
4.906760798E1,-4.889976382E-1,-4.273765981E-1,-1.067716122E0
4.906960795E1,-5.177083015E-1,-4.041637182E-1,-1.111087561E0
4.907160791E1,-5.451972485E-1,-3.730095923E-1,-1.158124089E0
4.907360791E1,-5.586362481E-1,-3.559053540E-1,-1.183780432E0
4.907560791E1,-5.849034786E-1,-3.088687360E-1,-1.230817080E0
4.907760795E1,-6.068946123E-1,-2.496148050E-1,-1.274188519E0
4.907960798E1,-6.215553880E-1,-2.178498209E-1,-1.296790600E0
4.908160888E1,-6.459900141E-1,-1.408807933E-1,-1.334664226E0
4.908360981E1,-6.704245806E-1,-5.413793400E-2,-1.371927023E0
4.908560984E1,-6.863071322E-1,-1.015563495E-2,-1.389642119E0
4.908760988E1,-7.199047208E-1,8.819366992E-2,-1.419574499E0
4.908960954E1,-7.577783465E-1,1.895972937E-1,-1.444009066E0
4.909160958E1,-7.767151594E-1,2.402991205E-1,-1.457448125E0
4.909360958E1,-8.206974864E-1,3.300963044E-1,-1.475163221E0
4.909560918E1,-8.787296414E-1,4.058435857E-1,-1.486769676E0
4.909760918E1,-9.074403048E-1,4.388303161E-1,-1.491656542E0
4.909960918E1,-9.630290866E-1,4.913647175E-1,-1.497765183E0
4.910160831E1,-1.046106696E0,5.377904773E-1,-1.496543527E0
4.910360741E1,-1.046106696E0,5.377904773E-1,-1.496543527E0
4.910560738E1,-1.099251986E0,5.481752157E-1,-1.480050087E0
4.910760734E1,-1.156062484E0,5.322927237E-1,-1.451950312E0
4.910960731E1,-1.176221013E0,5.176319480E-1,-1.431180954E0
4.911160677E1,-1.232420683E0,4.767039716E-1,-1.387198567E0
4.911360674E1,-1.286787629E0,4.211152196E-1,-1.323668599E0
4.911560671E1,-1.311833143E0,3.826307058E-1,-1.287627578E0
4.911760667E1,-1.361313224E0,3.087160289E-1,-1.213101983E0
4.911960664E1,-1.411404133E0,2.274709493E-1,-1.127580881E0
4.912160750E1,-1.434617043E0,1.847103834E-1,-1.081155181E0
4.912360844E1,-1.489594936E0,9.552405030E-2,-9.852492809E-1
4.912560847E1,-1.547016263E0,1.733330078E-2,-8.868999481E-1
4.912760850E1,-1.576948643E0,-2.176207490E-2,-8.380307555E-1
4.912960854E1,-1.647198081E0,-9.384417534E-2,-7.445683479E-1
4.913160857E1,-1.728443265E0,-1.488220394E-1,-6.627124548E-1
4.913360860E1,-1.772425532E0,-1.695914567E-1,-6.248387694E-1
4.913560863E1,-1.870774865E0,-1.995238662E-1,-5.564218760E-1
4.913760863E1,-1.975232720E0,-2.056325078E-1,-4.953353703E-1
4.913960860E1,-2.033264875E0,-2.050216496E-1,-4.654029608E-1
4.914160770E1,-2.190868139E0,-1.989129931E-1,-3.847687542E-1
4.914360677E1,-2.237904787E0,-2.013564557E-1,-3.560580909E-1
4.914560673E1,-2.281887054E0,-2.044107765E-1,-3.249039650E-1
4.914760670E1,-2.361299515E0,-2.129628956E-1,-2.699260712E-1
4.914960703E1,-2.421775341E0,-2.202932835E-1,-2.143373489E-1
4.915160700E1,-2.448042393E0,-2.233476043E-1,-1.856266707E-1
4.915360700E1,-2.482250929E0,-2.300671190E-1,-1.294270754E-1
4.915560743E1,-2.493857384E0,-2.361757755E-1,-8.361218125E-2
4.915760746E1,-2.494468212E0,-2.373975068E-1,-5.978843570E-2
4.915960750E1,-2.486526966E0,-2.343431860E-1,-2.008219436E-2
4.916160840E1,-2.465146780E0,-2.184606791E-1,8.628471754E-3
4.916360933E1,-2.453540325E0,-2.031890452E-1,2.267837152E-2
4.916560936E1,-2.418110132E0,-1.622610837E-1,4.955644161E-2
4.916760940E1,-2.379014730E0,-1.078940704E-1,7.154759020E-2
4.916960943E1,-2.357023478E0,-7.002042979E-2,8.009970188E-2
4.917160993E1,-2.315484762E0,1.611157134E-2,1.008691266E-1
4.917360993E1,-2.273945808E0,1.254564524E-1,1.265254617E-1
4.917560993E1,-2.248289585E0,1.877647042E-1,1.393536329E-1
4.917760993E1,-2.200642109E0,3.233767748E-1,1.747838110E-1
4.917960993E1,-2.152383804E0,4.699844420E-1,2.144900560E-1
4.918160906E1,-2.087631941E0,7.063893080E-1,2.700788081E-1
4.918360996E1,-2.087631941E0,7.063893080E-1,2.700788081E-1
4.918560993E1,-2.043649673E0,8.536078334E-1,3.079524338E-1
4.918760989E1,-2.004554272E0,9.886090159E-1,3.354413807E-1
4.918960953E1,-1.986228347E0,1.051528215E0,3.513238728E-1
4.919160949E1,-1.951408982E0,1.173090339E0,3.757584691E-1
4.919360946E1,-1.914146304E0,1.279991746E0,4.069126248E-1
4.919560902E1,-1.897652864E0,1.328250170E0,4.246276915E-1
4.919760899E1,-1.861001015E0,1.424766779E0,4.625013471E-1
4.919960899E1,-1.824349046E0,1.507844448E0,4.985423982E-1
4.920160989E1,-1.799914479E0,1.543274641E0,5.125923157E-1
4.920361082E1,-1.762040854E0,1.600695968E0,5.376377702E-1
4.920561086E1,-1.731497526E0,1.635515332E0,5.529094338E-1
4.920761089E1,-1.719280243E0,1.643456578E0,5.565745831E-1
4.920961092E1,-1.706452012E0,1.622076273E0,5.571854711E-1
4.921161096E1,-1.710117221E0,1.582370043E0,5.559637547E-1
4.921361099E1,-1.711949825E0,1.566487551E0,5.541311502E-1
4.921561099E1,-1.710117221E0,1.544496417E0,5.437464118E-1
4.921761095E1,-1.698510766E0,1.529224753E0,5.290856361E-1
4.921961092E1,-1.695456505E0,1.521283507E0,5.199226737E-1
4.922161002E1,-1.666745782E0,1.504790187E0,4.997641146E-1
4.922360912E1,-1.658804536E0,1.502957582E0,4.924337566E-1
4.922560909E1,-1.647809029E0,1.506011963E0,4.893794060E-1
4.922760905E1,-1.619709253E0,1.509677052E0,4.796055853E-1
4.922960902E1,-1.584889889E0,1.516396642E0,4.765512347E-1
4.923160902E1,-1.568396568E0,1.520672679E0,4.741078019E-1
4.923360902E1,-1.525635958E0,1.524337888E0,4.741078019E-1
4.923560902E1,-1.488983989E0,1.506011963E0,4.686099887E-1
4.923760902E1,-1.466992855E0,1.491351128E0,4.643339515E-1
4.923960902E1,-1.422399759E0,1.441871047E0,4.392884672E-1
4.924160988E1,-1.368032694E0,1.389947534E0,4.075234830E-1
4.924360895E1,-1.342987299E0,1.358182549E0,3.843106031E-1
4.924560895E1,-1.291063666E0,1.292209029E0,3.220023513E-1
4.924760895E1,-1.241583586E0,1.236009479E0,2.645809948E-1
4.924960932E1,-1.204931736E0,1.209742308E0,2.364812046E-1
4.925160935E1,-1.143234253E0,1.147433996E0,1.845576614E-1
4.925360938E1,-1.075428247E0,1.087569237E0,1.301906556E-1
4.925560982E1,-1.041830659E0,1.054582477E0,9.903652966E-2
4.925760985E1,-9.746354818E-1,9.715048075E-1,3.245221451E-2
4.925960938E1,-9.159924388E-1,8.780424595E-1,-3.840815276E-2
4.926160851E1,-8.384125233E-1,7.564802766E-1,-1.392009109E-1
4.926360758E1,-8.384125233E-1,7.564802766E-1,-1.392009109E-1
4.926560755E1,-7.736608386E-1,7.137196660E-1,-2.094504237E-1
4.926760751E1,-7.467827797E-1,7.039458156E-1,-2.442697436E-1
4.926960748E1,-6.881396770E-1,7.027240992E-1,-3.035236597E-1
4.927160744E1,-6.380487680E-1,7.241044044E-1,-3.646101952E-1
4.927360741E1,-6.142250299E-1,7.393760085E-1,-3.982077837E-1
4.927560738E1,-5.671883821E-1,7.796931267E-1,-4.647921026E-1
4.927760738E1,-5.287038684E-1,8.114581108E-1,-5.350415707E-1
4.927960741E1,-5.189300179E-1,8.248971701E-1,-5.759695768E-1
4.928160831E1,-4.957171381E-1,8.554404378E-1,-6.535494328E-1
4.928360921E1,-4.865541756E-1,8.804858923E-1,-7.274641395E-1
4.928560924E1,-4.822781086E-1,8.865945339E-1,-7.628943324E-1
4.928760928E1,-4.780020416E-1,8.963683844E-1,-8.331438303E-1
4.928960931E1,-4.761694670E-1,9.049205184E-1,-8.905651569E-1
4.929160934E1,-4.718934000E-1,9.110291600E-1,-9.125562906E-1
4.929360937E1,-4.584543705E-1,9.293550849E-1,-9.430995584E-1
4.929560937E1,-4.444044530E-1,9.391289353E-1,-9.528734088E-1
4.929760937E1,-4.413501322E-1,9.391289353E-1,-9.565386176E-1
4.929960937E1,-4.279111028E-1,9.336311817E-1,-9.522625804E-1
4.930160851E1,-4.114177525E-1,9.159160852E-1,-9.278279543E-1
4.930360761E1,-4.114177525E-1,9.159160852E-1,-9.278279543E-1
4.930560761E1,-4.040873647E-1,9.006444216E-1,-9.009498954E-1
4.930760761E1,-3.967569768E-1,8.872054219E-1,-8.679631352E-1
4.930960757E1,-3.998112977E-1,8.725446463E-1,-8.313112259E-1
4.931160754E1,-4.022547603E-1,8.646034002E-1,-8.087092042E-1
4.931360750E1,-4.138612151E-1,8.572730422E-1,-7.628943324E-1
4.931560747E1,-4.309654236E-1,8.468883038E-1,-7.115816474E-1
4.931760744E1,-4.456261992E-1,8.401687741E-1,-6.889796257E-1
4.931960790E1,-4.780020416E-1,8.328384161E-1,-6.370561123E-1
4.932160874E1,-5.158756971E-1,8.285623193E-1,-5.796347857E-1
4.932360964E1,-5.439754725E-1,8.273406029E-1,-5.503132343E-1
4.932560964E1,-5.946773291E-1,8.236754537E-1,-4.922810197E-1
4.932760967E1,-6.478226185E-1,8.248971701E-1,-4.366922975E-1
4.932960970E1,-6.771441102E-1,8.267297745E-1,-4.116468132E-1
4.933160974E1,-7.266241908E-1,8.297840953E-1,-3.609450161E-1
4.933360977E1,-7.785477638E-1,8.401687741E-1,-3.145192564E-1
4.933560980E1,-8.048149347E-1,8.444448709E-1,-2.882520258E-1
4.933760983E1,-8.567385077E-1,8.542186618E-1,-2.369393557E-1
4.933960983E1,-9.007207751E-1,8.609381914E-1,-1.795180291E-1
4.934160897E1,-9.556986690E-1,8.810967803E-1,-1.013272703E-1
4.934360837E1,-9.556986690E-1,8.810967803E-1,-1.013272703E-1
4.934560833E1,-9.783006907E-1,8.963683844E-1,-5.184718594E-2
4.934760830E1,-9.905179739E-1,9.067531228E-1,-2.680171281E-2
4.934960826E1,-1.000291824E0,9.299659729E-1,1.473712362E-2
4.935160823E1,-1.006400466E0,9.525679946E-1,5.261076987E-2
4.935360820E1,-1.003957033E0,9.629526734E-1,6.727153808E-2
4.935560820E1,-9.923505783E-1,9.849438667E-1,9.659306705E-2
4.935760823E1,-9.795224071E-1,1.003269792E0,1.259146035E-1
4.935960826E1,-9.703594446E-1,1.011211038E0,1.387427747E-1
4.936160916E1,-9.385944605E-1,1.018541455E0,1.601230502E-1
4.936361010E1,-9.111055136E-1,1.020984888E0,1.790598780E-1
4.936561013E1,-8.964447379E-1,1.020984888E0,1.870011240E-1
4.936761016E1,-8.561276197E-1,1.016708851E0,2.022727579E-1
4.936961020E1,-8.109236360E-1,1.008767605E0,2.144900560E-1
4.937161023E1,-7.877107263E-1,1.006324172E0,2.230421752E-1
4.937361023E1,-7.363980412E-1,1.004491568E0,2.377029359E-1
4.937561023E1,-6.808093190E-1,1.000215530E0,2.511419654E-1
4.937761023E1,-6.514877677E-1,9.971611500E-1,2.572506368E-1
4.937961023E1,-5.934556127E-1,9.953285456E-1,2.676353455E-1
4.938160936E1,-4.981606007E-1,9.971611500E-1,2.841286957E-1
4.938360846E1,-4.981606007E-1,9.971611500E-1,2.841286957E-1
4.938560846E1,-4.321871698E-1,1.001437187E0,2.926808000E-1
4.938760843E1,-3.662137091E-1,1.001437187E0,3.012329340E-1
4.938960839E1,-3.332269788E-1,9.989937544E-1,3.030655086E-1
4.939160836E1,-2.660318017E-1,9.953285456E-1,3.140611053E-1
4.939360832E1,-2.037235647E-1,9.898307920E-1,3.250566721E-1
4.939560829E1,-1.725694388E-1,9.837220907E-1,3.305544555E-1
4.939760826E1,-1.120937690E-1,9.702830911E-1,3.391065598E-1
4.939960822E1,-5.283984542E-2,9.525679946E-1,3.488804102E-1
4.940160906E1,-2.840523422E-2,9.427941442E-1,3.555999398E-1
4.940360962E1,1.985312067E-2,9.171378016E-1,3.623194396E-1
4.940560966E1,6.017022580E-2,8.945357800E-1,3.751476109E-1
4.940760969E1,8.460483700E-2,8.810967803E-1,3.794236779E-1
4.940960972E1,1.243110746E-1,8.609381914E-1,3.934735656E-1
4.941160975E1,1.603521258E-1,8.420013785E-1,4.032474160E-1
4.941360979E1,1.811215430E-1,8.358927369E-1,4.124104083E-1
4.941560982E1,2.086104751E-1,8.255079985E-1,4.258494377E-1
4.941760982E1,2.367102802E-1,8.242862821E-1,4.435645342E-1
4.941960982E1,2.544253767E-1,8.267297745E-1,4.496731758E-1
4.942160892E1,2.910772860E-1,8.346710205E-1,4.783838391E-1
4.942360969E1,3.008511364E-1,8.420013785E-1,4.912120104E-1
4.942560965E1,3.246748745E-1,8.560512662E-1,5.089271069E-1
4.942760962E1,3.430008292E-1,8.621599078E-1,5.205335617E-1
4.942960958E1,3.680463135E-1,8.804858923E-1,5.413029790E-1
4.943160955E1,3.998112977E-1,9.012553096E-1,5.602397919E-1
4.943360955E1,4.163046777E-1,9.061422348E-1,5.700136423E-1
4.943560958E1,4.407392740E-1,9.275225401E-1,5.883395672E-1
4.943760962E1,4.749477208E-1,9.470701814E-1,6.084981561E-1
4.943960965E1,4.847215712E-1,9.562332034E-1,6.182720065E-1
4.944161055E1,5.085453391E-1,9.727265239E-1,6.372088194E-1
4.944361148E1,5.323690772E-1,9.873872995E-1,6.524804235E-1
4.944561152E1,5.415320396E-1,9.928851128E-1,6.616434455E-1
4.944761155E1,5.610797405E-1,1.001437187E0,6.763041615E-1
4.944961158E1,5.812382698E-1,1.001437187E0,6.921866536E-1
4.945161158E1,5.873469114E-1,1.000215530E0,6.995170712E-1
4.945361158E1,6.050620079E-1,9.953285456E-1,7.135669589E-1
4.945561158E1,6.246097088E-1,9.818895459E-1,7.318929434E-1
4.945761158E1,6.319400668E-1,9.757808447E-1,7.428885102E-1
4.945961158E1,6.551529765E-1,9.586766362E-1,7.532731891E-1
4.946161071E1,6.795876026E-1,9.189704061E-1,7.764860988E-1
4.946360988E1,6.795876026E-1,9.189704061E-1,7.764860988E-1
4.946560985E1,7.052439451E-1,8.865945339E-1,7.838164568E-1
4.946760981E1,7.266241908E-1,8.474991918E-1,7.948120236E-1
4.946960978E1,7.400632501E-1,8.297840953E-1,8.021424413E-1
4.947160974E1,7.608326674E-1,7.894669771E-1,8.113054037E-1
4.947360971E1,7.846564054E-1,7.467064261E-1,8.198575377E-1
4.947560968E1,7.925976515E-1,7.228826880E-1,8.223009706E-1
4.947760964E1,8.170322776E-1,6.807329655E-1,8.277987838E-1
4.947960961E1,8.378016949E-1,6.367506385E-1,8.308531046E-1
4.948161047E1,8.487972617E-1,6.178138256E-1,8.326857090E-1
4.948360971E1,8.701775670E-1,5.756641626E-1,8.351291418E-1
4.948560974E1,8.927795291E-1,5.384013653E-1,8.394051790E-1
4.948760977E1,9.025533795E-1,5.194645524E-1,8.406269550E-1
4.948960981E1,9.233227968E-1,4.864778221E-1,8.449029922E-1
4.949160984E1,9.434813857E-1,4.522693455E-1,8.436812758E-1
4.949360987E1,9.605855942E-1,4.351651371E-1,8.442921042E-1
4.949560987E1,9.746354818E-1,4.021784067E-1,8.430703878E-1
4.949760987E1,9.960157871E-1,3.691916764E-1,8.418486714E-1
4.949960984E1,1.001513600E0,3.526983261E-1,8.418486714E-1
4.950160894E1,1.024726391E0,3.056617081E-1,8.363508582E-1
4.950360800E1,1.038165450E0,2.897791862E-1,8.357400298E-1
4.950560797E1,1.044885039E0,2.726749778E-1,8.326857090E-1
4.950760794E1,1.060156584E0,2.476294935E-1,8.247444630E-1
4.950960790E1,1.069319606E0,2.219731659E-1,8.210792542E-1
4.951160790E1,1.078482628E0,2.146427780E-1,8.192466497E-1
4.951360794E1,1.087034702E0,1.993711442E-1,8.119162917E-1
4.951560797E1,1.089478135E0,1.889864355E-1,8.039750457E-1
4.951760800E1,1.091310740E0,1.895972937E-1,8.033641577E-1
4.951960803E1,1.093143344E0,1.902081668E-1,7.966446280E-1
4.952160893E1,1.088256478E0,1.950950921E-1,7.893142700E-1
4.952360980E1,1.088256478E0,1.975385547E-1,7.832056284E-1
4.952560983E1,1.077260852E0,2.018146068E-1,7.709882855E-1
4.952760987E1,1.059545755E0,2.091449946E-1,7.551057935E-1
4.952960987E1,1.049771905E0,2.128101736E-1,7.483862638E-1
4.953160987E1,1.024115562E0,2.189188302E-1,7.270060182E-1
4.953360987E1,9.905179739E-1,2.244166136E-1,7.099017501E-1
4.953560987E1,9.685268402E-1,2.293035388E-1,6.995170712E-1
4.953760987E1,9.282097220E-1,2.354121953E-1,6.799693704E-1
4.953960987E1,8.897252083E-1,2.427425832E-1,6.573673487E-1
4.954160900E1,8.115344644E-1,2.421317101E-1,6.231589317E-1
4.954360806E1,8.115344644E-1,2.421317101E-1,6.231589317E-1
4.954560803E1,7.510588169E-1,2.311361432E-1,5.968917012E-1
4.954760800E1,6.838636398E-1,2.073123902E-1,5.700136423E-1
4.954960796E1,6.520986557E-1,1.895972937E-1,5.547419786E-1
4.955160793E1,5.708535910E-1,1.529453844E-1,5.266422033E-1
4.955360790E1,4.798346460E-1,1.107956842E-1,4.979315400E-1
4.955560786E1,4.346306324E-1,8.513934165E-2,4.826599061E-1
4.955760783E1,3.423899710E-1,3.260493279E-2,4.490623176E-1
4.955960693E1,2.947424948E-1,2.672535367E-3,4.307363629E-1
4.956160783E1,1.915062517E-1,-5.413793400E-2,3.946953118E-1
4.956360876E1,8.643743396E-2,-1.146135926E-1,3.586542606E-1
4.956560879E1,-1.435533352E-2,-1.714240611E-1,3.226132095E-1
4.956760883E1,-6.872233748E-2,-1.983021349E-1,3.055089712E-1
4.956960886E1,-1.719585657E-1,-2.483930737E-1,2.682462037E-1
4.957160889E1,-2.672535479E-1,-2.948188484E-1,2.364812046E-1
4.957360889E1,-3.167336285E-1,-3.168099821E-1,2.193769813E-1
4.957560889E1,-4.065308273E-1,-3.614031374E-1,1.796707362E-1
4.957760886E1,-4.908302128E-1,-3.956116140E-1,1.424079537E-1
4.957960882E1,-5.323690772E-1,-4.114941061E-1,1.228602752E-1
4.958160792E1,-6.282749176E-1,-4.267657399E-1,7.338018715E-2
4.958360702E1,-6.533203721E-1,-4.237114191E-1,6.116288155E-2
4.958560699E1,-6.783658266E-1,-4.176027477E-1,4.833471403E-2
4.958760696E1,-7.192938328E-1,-3.980550766E-1,2.878702432E-2
4.958960696E1,-7.455610037E-1,-3.650683463E-1,1.107193250E-2
4.959160696E1,-7.547240257E-1,-3.449097872E-1,5.574145354E-3
4.959360696E1,-7.596109509E-1,-2.942079604E-1,1.298088697E-3
4.959560696E1,-7.553348541E-1,-2.343431860E-1,-2.977967961E-3
4.959760696E1,-7.480044961E-1,-1.989129931E-1,-2.367102774E-3
4.959960696E1,-7.254024744E-1,-1.286634952E-1,8.017606102E-3
4.960160782E1,-7.003570199E-1,-5.413793400E-2,2.084577642E-2
4.960360872E1,-6.875288486E-1,-1.748601720E-2,2.878702432E-2
4.960560872E1,-6.557638645E-1,6.192646548E-2,4.466952011E-2
4.960760876E1,-6.142250299E-1,1.462258697E-1,6.116288155E-2
4.960960879E1,-6.007859707E-1,1.895972937E-1,7.154759020E-2
4.961160882E1,-5.635231733E-1,2.757292986E-1,9.292787313E-2
4.961360885E1,-5.256495476E-1,3.557526469E-1,1.149190217E-1
4.961560889E1,-5.109887719E-1,3.948480189E-1,1.295797974E-1
4.961760892E1,-4.786129296E-1,4.693735838E-1,1.558469981E-1
4.961960985E1,-4.450153410E-1,5.463426113E-1,1.851685345E-1
4.962160899E1,-3.906483352E-1,6.703482270E-1,2.291508317E-1
4.962360805E1,-3.906483352E-1,6.703482270E-1,2.291508317E-1
4.962560802E1,-3.588833213E-1,7.577019930E-1,2.596940994E-1
4.962760798E1,-3.393356502E-1,8.022951484E-1,2.761874497E-1
4.962960795E1,-2.959642112E-1,8.914814591E-1,3.012329340E-1
4.963160792E1,-2.629774809E-1,9.843329787E-1,3.281109929E-1
4.963360788E1,-2.428189367E-1,1.028315306E0,3.397174478E-1
4.963560785E1,-2.067778856E-1,1.119945049E0,3.647629023E-1
4.963760785E1,-1.664607823E-1,1.208520532E0,3.885866404E-1
4.963960788E1,-1.456913650E-1,1.256168008E0,4.001930952E-1
4.964160878E1,-1.090394482E-1,1.349630356E0,4.203516543E-1
4.964360968E1,-6.933320314E-2,1.440038443E0,4.411210716E-1
4.964560931E1,-4.978551716E-2,1.484020710E0,4.484514594E-1
4.964760935E1,-9.468411095E-3,1.565876722E0,4.588361681E-1
4.964960938E1,2.840523422E-2,1.638569713E0,4.625013471E-1
4.965160941E1,4.856378585E-2,1.668502092E0,4.618904889E-1
4.965360945E1,8.216137439E-2,1.721647382E0,4.612796307E-1
4.965560945E1,1.230893433E-1,1.754634023E0,4.508949220E-1
4.965760945E1,1.463022232E-1,1.762575269E0,4.460079968E-1
4.965960945E1,1.902845204E-1,1.764407873E0,4.398993254E-1
4.966160858E1,2.660318017E-1,1.743027568E0,4.337906837E-1
4.966360954E1,2.922990322E-1,1.727756023E0,4.368450046E-1
4.966560954E1,3.179553747E-1,1.707597494E0,4.362341464E-1
4.966760951E1,3.729332387E-1,1.664836884E0,4.392884672E-1
4.966960948E1,4.224133193E-1,1.608637214E0,4.423427880E-1
4.967160944E1,4.499022663E-1,1.581148386E0,4.447862506E-1
4.967360941E1,4.969388843E-1,1.519450903E0,4.496731758E-1
4.967560938E1,5.415320396E-1,1.454699278E0,4.612796307E-1
4.967760894E1,5.549710989E-1,1.418658137E0,4.679991305E-1
4.967960891E1,5.867360830E-1,1.335580468E0,4.777729809E-1
4.968160974E1,6.068946123E-1,1.240285516E0,4.863250852E-1
4.968361064E1,6.197227836E-1,1.190805435E0,4.893794060E-1
4.968561067E1,6.325509548E-1,1.082071424E0,4.918228686E-1
4.968761071E1,6.398813725E-1,9.641744494E-1,4.918228686E-1
4.968961074E1,6.423248053E-1,9.006444216E-1,4.893794060E-1
4.969161077E1,6.288857460E-1,7.552585006E-1,4.796055853E-1
4.969361081E1,6.050620079E-1,5.903248787E-1,4.618904889E-1
4.969561084E1,5.812382698E-1,4.968625307E-1,4.466188550E-1
4.969761087E1,5.274821520E-1,3.019964993E-1,4.032474160E-1
4.969961087E1,4.572326243E-1,8.513934165E-2,3.391065598E-1
4.970160997E1,3.161227703E-1,-2.545017302E-1,1.894445866E-1
4.970360904E1,3.161227703E-1,-2.545017302E-1,1.894445866E-1
4.970560940E1,2.202169150E-1,-4.530329406E-1,4.711298272E-2
4.970760937E1,1.713477075E-1,-5.379431844E-1,-3.107776865E-2
4.970960934E1,7.544185966E-2,-7.022659779E-1,-2.131156176E-1
4.971160890E1,-2.779436857E-2,-8.763625622E-1,-4.195880592E-1
4.971360887E1,-7.483099401E-2,-9.679923654E-1,-5.325981379E-1
4.971560887E1,-1.627955884E-1,-1.130482435E0,-7.628943324E-1
4.971760890E1,-2.299907655E-1,-1.240438223E0,-9.962448478E-1
4.971960893E1,-2.605340183E-1,-1.278922796E0,-1.113530993E0
4.972160983E1,-3.045163155E-1,-1.329013705E0,-1.341994643E0
4.972360890E1,-3.381139040E-1,-1.355891824E0,-1.559462667E0
4.972560893E1,-3.423899710E-1,-1.365054727E0,-1.655368447E0
4.972760896E1,-3.381139040E-1,-1.368719935E0,-1.833741069E0
4.972960900E1,-2.916881442E-1,-1.334511518E0,-1.974240065E0
4.973160903E1,-2.544253767E-1,-1.303357363E0,-2.031050682E0
4.973360903E1,-1.536326110E-1,-1.211116672E0,-2.124512911E0
4.973560903E1,-4.581489135E-3,-1.078558922E0,-2.187432051E0
4.973760943E1,7.788532227E-2,-9.973138571E-1,-2.208812475E0
4.973960943E1,2.629774809E-1,-8.152760267E-1,-2.241799116E0
4.974160856E1,5.537493229E-1,-5.238932967E-1,-2.262568474E0
4.974360766E1,5.537493229E-1,-5.238932967E-1,-2.262568474E0
4.974560720E1,7.241807580E-1,-3.614031374E-1,-2.265622854E0
4.974760716E1,8.811731339E-1,-2.135737687E-1,-2.249740362E0
4.974960713E1,9.508117437E-1,-1.439351290E-1,-2.233857870E0
4.975160710E1,1.081536889E0,-1.992947794E-2,-2.186821222E0
4.975360706E1,1.174388409E0,7.475463301E-2,-2.128178120E0
4.975560703E1,1.201266527E0,1.162934676E-1,-2.087250233E0
4.975760699E1,1.229977131E0,2.067015320E-1,-1.982181311E0
4.975960696E1,1.231198907E0,3.081051707E-1,-1.849012733E0
4.976160783E1,1.224479437E0,3.594178259E-1,-1.772043705E0
4.976360876E1,1.191492677E0,4.626540542E-1,-1.607110143E0
4.976560879E1,1.134071350E0,5.469534397E-1,-1.431791782E0
4.976760882E1,1.091310740E0,5.726097822E-1,-1.343216300E0
4.976960886E1,9.850202203E-1,6.251442432E-1,-1.155680656E0
4.977160929E1,8.432994485E-1,6.575200558E-1,-9.614255428E-1
4.977360932E1,7.644978762E-1,6.636287570E-1,-8.642979860E-1
4.977560936E1,5.934556127E-1,6.385832429E-1,-6.724863052E-1
4.977760936E1,4.053090811E-1,5.897140503E-1,-4.825071990E-1
4.977960932E1,3.063489199E-1,5.481752157E-1,-3.841578662E-1
4.978160842E1,-9.315694869E-2,3.673590720E-1,2.084577642E-2
4.978360749E1,-9.315694869E-2,3.673590720E-1,2.084577642E-2
4.978560745E1,-2.800817192E-1,2.482403666E-1,2.212095708E-1
4.978760742E1,-3.680463135E-1,1.889864355E-1,3.183371425E-1
4.978960739E1,-5.403103232E-1,5.581781268E-2,5.015967488E-1
4.979160709E1,-6.887505651E-1,-7.918340713E-2,6.695846915E-1
4.979360709E1,-7.596109509E-1,-1.445459872E-1,7.441102266E-1
4.979560712E1,-8.885034919E-1,-2.563343346E-1,8.846092224E-1
4.979760625E1,-9.440922141E-1,-2.966514230E-1,9.475283623E-1
4.979960628E1,-1.035111189E0,-3.504075706E-1,1.059927583E0
4.980160718E1,-1.095586777E0,-3.601814210E-1,1.149724722E0
4.980360812E1,-1.122464895E0,-3.265838325E-1,1.227915525E0
4.980560858E1,-1.129795313E0,-2.990948856E-1,1.257237077E0
4.980760862E1,-1.119410515E0,-2.123520374E-1,1.317712665E0
4.980960865E1,-1.092532516E0,-9.750936180E-2,1.362916708E0
4.981160865E1,-1.074817419E0,-3.336851299E-2,1.382464409E0
4.981360865E1,-1.024115562E0,1.059087589E-1,1.416672826E0
4.981560865E1,-9.587529898E-1,2.494620979E-1,1.446605206E0
4.981760865E1,-9.263771176E-1,3.191007376E-1,1.460655212E0
4.981960865E1,-8.506298661E-1,4.522693455E-1,1.486922383E0
4.982160778E1,-7.357872128E-1,6.214790344E-1,1.520519972E0
4.982360722E1,-7.357872128E-1,6.214790344E-1,1.520519972E0
4.982560718E1,-6.569855809E-1,7.002806664E-1,1.539456725E0
4.982760715E1,-5.891795158E-1,7.515933514E-1,1.560226202E0
4.982960711E1,-5.568036437E-1,7.650323510E-1,1.569389224E0
4.983160708E1,-4.920519590E-1,7.851909399E-1,1.582828164E0
4.983360705E1,-4.315762818E-1,7.833583355E-1,1.593823791E0
4.983560701E1,-4.016439021E-1,7.741953135E-1,1.596878052E0
4.983760698E1,-3.417791128E-1,7.454846501E-1,1.595045567E0
4.983960698E1,-2.904664278E-1,7.057784200E-1,1.588325977E0
4.984160784E1,-2.587014437E-1,6.795112491E-1,1.578552127E0
4.984360878E1,-2.092213482E-1,6.281985641E-1,1.545565486E0
4.984560881E1,-1.597412676E-1,5.738315582E-1,1.501583099E0
4.984760884E1,-1.401935667E-1,5.445100069E-1,1.474705100E0
4.984960888E1,-9.498954564E-2,4.870886803E-1,1.403844714E0
4.985160918E1,-4.795292020E-2,4.388303161E-1,1.320767045E0
4.985360921E1,-2.779436857E-2,4.229478240E-1,1.275563002E0
4.985560921E1,1.435533352E-2,3.997349441E-1,1.171105027E0
4.985761008E1,5.650503561E-2,3.887393773E-1,1.053818941E0
4.985961004E1,7.605272532E-2,3.875176311E-1,9.921215177E-1
4.986160914E1,1.353066564E-1,3.795763850E-1,7.777078152E-1
4.986360821E1,1.536326110E-1,3.765220642E-1,7.007387877E-1
4.986560821E1,1.737911552E-1,3.698025346E-1,6.213263273E-1
4.986760817E1,2.110539377E-1,3.368158340E-1,4.631122053E-1
4.986960814E1,2.507601976E-1,3.038291037E-1,3.116176426E-1
4.987160814E1,2.758056521E-1,2.842814028E-1,2.438115925E-1
4.987360817E1,3.252857327E-1,2.317470014E-1,1.161407530E-1
4.987560821E1,3.839288056E-1,1.688278764E-1,1.901318133E-2
4.987760824E1,4.199698567E-1,1.309542358E-1,-1.763873361E-2
4.987960827E1,4.780020416E-1,2.588541433E-2,-6.528622657E-2
4.988160917E1,5.244278312E-1,-1.140027270E-1,-8.116871864E-2
4.988360974E1,5.500841737E-1,-1.836413592E-1,-8.239044994E-2
4.988560977E1,6.026185751E-1,-3.400228620E-1,-8.666650951E-2
4.988760980E1,6.478226185E-1,-5.293911099E-1,-8.544477820E-2
4.988960980E1,6.655376554E-1,-6.344599128E-1,-8.361218125E-2
4.989160980E1,7.119634151E-1,-8.439866900E-1,-7.750352472E-2
4.989360980E1,7.565566301E-1,-1.038852692E0,-6.589708477E-2
4.989560980E1,7.779368758E-1,-1.126206398E0,-5.856670439E-2
4.989760980E1,8.292495608E-1,-1.277090192E0,-5.367978290E-2
4.989960980E1,8.842274547E-1,-1.396819711E0,-5.245805159E-2
4.990160894E1,9.642508030E-1,-1.536707878E0,-6.101016700E-2
4.990360970E1,9.642508030E-1,-1.536707878E0,-6.101016700E-2
4.990560967E1,1.010676503E0,-1.603903055E0,-6.711881608E-2
4.990760963E1,1.057102323E0,-1.627115965E0,-7.933612168E-2
4.990960960E1,1.073595643E0,-1.636889815E0,-8.605564386E-2
4.991160957E1,1.092532516E0,-1.655215740E0,-9.216429293E-2
4.991360953E1,1.090089083E0,-1.679039478E0,-1.013272703E-1
4.991560950E1,1.082758665E0,-1.692478538E0,-1.043815985E-1
4.991760950E1,1.059545755E0,-1.710804462E0,-1.056033298E-1
4.991960950E1,1.036943793E0,-1.707750201E0,-1.037707329E-1
4.992161040E1,1.023504734E0,-1.696754575E0,-1.043815985E-1
4.992361133E1,9.954048991E-1,-1.655826569E0,-1.037707329E-1
4.992561133E1,9.685268402E-1,-1.604513884E0,-9.949467331E-2
4.992761136E1,9.508117437E-1,-1.577024937E0,-1.001055390E-1
4.992961140E1,9.214902520E-1,-1.511662364E0,-9.338602424E-2
4.993161143E1,8.891143799E-1,-1.446299791E0,-8.177958429E-2
4.993361143E1,8.750644922E-1,-1.418810844E0,-7.750352472E-2
4.993561140E1,8.414669037E-1,-1.380326390E0,-6.406449527E-2
4.993761136E1,8.042041063E-1,-1.364443898E0,-4.634939879E-2
4.993961133E1,7.834346890E-1,-1.364443898E0,-3.718642145E-2
4.994161043E1,7.144069076E-1,-1.374217749E0,-1.145372284E-3
4.994360953E1,6.991352439E-1,-1.380326390E0,1.412625890E-2
4.994560949E1,6.801984310E-1,-1.386435032E0,2.817615867E-2
4.994760946E1,6.435465217E-1,-1.397430658E0,5.749769136E-2
4.994960946E1,6.154467463E-1,-1.398652315E0,8.376489580E-2
4.995160946E1,5.995642543E-1,-1.397430658E0,9.537133574E-2
4.995360946E1,5.732970238E-1,-1.382769823E0,1.198059469E-1
4.995560946E1,5.494732857E-1,-1.363222122E0,1.424079537E-1
4.995760946E1,5.372560024E-1,-1.357113481E0,1.497383416E-1
4.995960946E1,5.170974135E-1,-1.341230989E0,1.643991023E-1
4.996161036E1,4.902193546E-1,-1.318629026E0,1.753946841E-1
4.996360956E1,4.834998548E-1,-1.303968191E0,1.827250719E-1
4.996560956E1,4.663956165E-1,-1.274646640E0,1.937206388E-1
4.996760959E1,4.462370574E-1,-1.240438223E0,1.973858327E-1
4.996960963E1,4.321871698E-1,-1.225777507E0,1.992184222E-1
4.997160966E1,4.114177525E-1,-1.201342821E0,2.004401535E-1
4.997360969E1,3.906483352E-1,-1.180573463E0,1.979966909E-1
4.997560973E1,3.765984178E-1,-1.170188785E0,1.967749745E-1
4.997760976E1,3.594942093E-1,-1.151862741E0,1.955532432E-1
4.997960979E1,3.405573666E-1,-1.132925987E0,1.931097806E-1
4.998160892E1,3.155119121E-1,-1.103604436E0,1.845576614E-1
4.998360799E1,3.155119121E-1,-1.103604436E0,1.845576614E-1
4.998560796E1,3.100140989E-1,-1.084056735E0,1.815033406E-1
4.998760792E1,3.075706363E-1,-1.070617676E0,1.796707362E-1
4.998960789E1,3.032945991E-1,-1.048015714E0,1.760055423E-1
4.999160785E1,3.057380617E-1,-1.028468013E0,1.747838110E-1
4.999360782E1,3.069597781E-1,-1.021137595E0,1.729512215E-1
4.999560782E1,3.149010241E-1,-1.009531140E0,1.741729528E-1
4.999760782E1,3.307835162E-1,-1.006476879E0,1.741729528E-1
4.999960785E1,3.423899710E-1,-1.005865932E0,1.760055423E-1
5.000160855E1,3.582724631E-1,-1.010752916E0,1.821141988E-1
5.000360945E1,3.772092760E-1,-1.018083334E0,1.937206388E-1
5.000560949E1,3.924809098E-1,-1.022359371E0,1.998292953E-1
5.000760952E1,4.138612151E-1,-1.028468013E0,2.181552500E-1
5.000960955E1,4.346306324E-1,-1.038241863E0,2.352594733E-1
5.001160958E1,4.492913783E-1,-1.041296124E0,2.444224507E-1
5.001360959E1,4.700607955E-1,-1.052291751E0,2.621375620E-1
5.001560958E1,4.883867502E-1,-1.061454773E0,2.829069793E-1
5.001760958E1,5.036584139E-1,-1.063287258E0,2.957351506E-1
5.001960959E1,5.250386596E-1,-1.066952467E0,3.220023513E-1
5.002160869E1,5.568036437E-1,-1.074282885E0,3.531564772E-1
5.002360778E1,5.568036437E-1,-1.074282885E0,3.531564772E-1
5.002560779E1,5.775730610E-1,-1.077948093E0,3.745367527E-1
5.002760775E1,5.934556127E-1,-1.082834959E0,3.916409910E-1
5.002960772E1,6.105598211E-1,-1.088332772E0,4.099669456E-1
5.003160768E1,6.221662760E-1,-1.085278511E0,4.191299081E-1
5.003360765E1,6.337726712E-1,-1.085278511E0,4.417319298E-1
5.003560762E1,6.466008425E-1,-1.086500168E0,4.570035636E-1
5.003760758E1,6.484334469E-1,-1.087721944E0,4.637230933E-1
5.003960755E1,6.618725061E-1,-1.088332772E0,4.747186601E-1
5.004160838E1,6.606507897E-1,-1.092608809E0,4.881576896E-1
5.004360928E1,6.618725061E-1,-1.096884847E0,4.924337566E-1
5.004560931E1,6.630942225E-1,-1.093219757E0,5.040401816E-1
5.004760935E1,6.600399017E-1,-1.087111115E0,5.125923157E-1
5.004960938E1,6.582072973E-1,-1.081613302E0,5.168683529E-1
5.005160941E1,6.490443349E-1,-1.066341639E0,5.254204869E-1
5.005360945E1,6.380487680E-1,-1.048015714E0,5.290856361E-1
5.005560948E1,6.331618428E-1,-1.037020087E0,5.321399570E-1
5.005760951E1,6.185010672E-1,-1.014418125E0,5.315291286E-1
5.005960951E1,6.038402915E-1,-9.899834991E-1,5.303074121E-1
5.006160881E1,5.891795158E-1,-9.502772689E-1,5.199226737E-1
5.006360794E1,5.891795158E-1,-9.502772689E-1,5.199226737E-1
5.006560791E1,5.745187402E-1,-9.240100384E-1,5.107597113E-1
5.006760788E1,5.684100986E-1,-9.087384343E-1,5.089271069E-1
5.006960784E1,5.592471361E-1,-8.806385994E-1,4.991532564E-1
5.007160781E1,5.494732857E-1,-8.525388241E-1,4.844925106E-1
5.007360781E1,5.433646441E-1,-8.384889364E-1,4.796055853E-1
5.007560781E1,5.409211516E-1,-8.085564971E-1,4.637230933E-1
5.007760784E1,5.348125100E-1,-7.804567218E-1,4.508949220E-1
5.007960787E1,5.335907936E-1,-7.639633417E-1,4.411210716E-1
5.008160877E1,5.342016816E-1,-7.383069992E-1,4.246276915E-1
5.008360971E1,5.342016816E-1,-7.163158655E-1,4.044691622E-1
5.008560974E1,5.366451144E-1,-7.040985823E-1,3.946953118E-1
5.008760977E1,5.439754725E-1,-6.845508814E-1,3.751476109E-1
5.008960981E1,5.537493229E-1,-6.625596881E-1,3.604868650E-1
5.009160984E1,5.574145317E-1,-6.552293301E-1,3.513238728E-1
5.009360984E1,5.696318150E-1,-6.399577260E-1,3.360522389E-1
5.009560984E1,5.787948370E-1,-6.265186667E-1,3.195588887E-1
5.009760984E1,5.861251950E-1,-6.191883087E-1,3.128393590E-1
5.009960984E1,6.050620079E-1,-6.045275331E-1,3.024546504E-1
5.010160897E1,6.239988208E-1,-5.868124366E-1,2.932916880E-1
5.010360807E1,6.239988208E-1,-5.868124366E-1,2.932916880E-1
5.010560804E1,6.398813725E-1,-5.727625489E-1,2.914590836E-1
5.010760800E1,6.520986557E-1,-5.666538477E-1,2.902373374E-1
5.010960714E1,6.569855809E-1,-5.587126017E-1,2.920699418E-1
5.011160710E1,6.661485434E-1,-5.489387512E-1,2.957351506E-1
5.011360707E1,6.759223938E-1,-5.367214680E-1,2.994003296E-1
5.011560704E1,6.814202070E-1,-5.306128263E-1,3.012329340E-1
5.011760700E1,6.844745278E-1,-5.196172595E-1,3.073415756E-1
5.011960697E1,6.795876026E-1,-5.098434091E-1,3.122285008E-1
5.012160783E1,6.844745278E-1,-5.049564838E-1,3.177262843E-1
5.012360870E1,6.783658266E-1,-5.000695586E-1,3.250566721E-1
5.012560873E1,6.747006774E-1,-4.921283126E-1,3.329979181E-1
5.012760877E1,6.692028642E-1,-4.915174544E-1,3.372739851E-1
5.012960880E1,6.606507897E-1,-4.872413874E-1,3.452152312E-1
5.013160883E1,6.502660513E-1,-4.841870666E-1,3.555999398E-1
5.013360846E1,6.435465217E-1,-4.854087830E-1,3.574325144E-1
5.013560850E1,6.301075220E-1,-4.829653203E-1,3.653737605E-1
5.013760850E1,6.148358583E-1,-4.817436039E-1,3.714824319E-1
5.013960846E1,6.020076871E-1,-4.811327457E-1,3.733150363E-1
5.014160756E1,5.812382698E-1,-4.762458205E-1,3.824779987E-1
5.014360860E1,5.708535910E-1,-4.707480371E-1,3.843106031E-1
5.014560856E1,5.519167781E-1,-4.664719701E-1,3.891975284E-1
5.014760853E1,5.433646441E-1,-4.670828283E-1,3.922518492E-1
5.014960849E1,5.232060552E-1,-4.634176493E-1,3.983604908E-1
5.015160846E1,5.006040931E-1,-4.621959031E-1,4.044691622E-1
5.015360846E1,4.883867502E-1,-4.573090076E-1,4.063017368E-1
5.015560846E1,4.725042582E-1,-4.457025528E-1,4.111886621E-1
5.015760846E1,4.535674453E-1,-4.347069860E-1,4.166864455E-1
5.015960846E1,4.425718784E-1,-4.298200607E-1,4.166864455E-1
5.016160933E1,4.260784984E-1,-4.200462103E-1,4.215733707E-1
5.016361023E1,4.089742899E-1,-4.127158225E-1,4.246276915E-1
5.016561023E1,4.059199691E-1,-4.078288972E-1,4.276820421E-1
5.016761023E1,3.949243724E-1,-3.986659348E-1,4.276820421E-1
5.016961106E1,3.833179474E-1,-3.858377635E-1,4.325689375E-1
5.017161109E1,3.765984178E-1,-3.778965175E-1,4.307363629E-1
5.017361112E1,3.680463135E-1,-3.669009507E-1,4.313472211E-1
5.017561116E1,3.637702465E-1,-3.565162420E-1,4.319580793E-1
5.017761119E1,3.588833213E-1,-3.528510332E-1,4.331798255E-1
5.017961122E1,3.539963961E-1,-3.485749662E-1,4.301255047E-1
5.018161039E1,3.448334336E-1,-3.412446082E-1,4.282929003E-1
5.018360976E1,3.448334336E-1,-3.412446082E-1,4.282929003E-1
5.018560972E1,3.417791128E-1,-3.388011456E-1,4.295146167E-1
5.018760969E1,3.350595832E-1,-3.375793993E-1,4.246276915E-1
5.018960965E1,3.350595832E-1,-3.381902575E-1,4.252385795E-1
5.019160962E1,3.307835162E-1,-3.369685411E-1,4.215733707E-1
5.019360999E1,3.301726580E-1,-3.363576829E-1,4.179081917E-1
5.019560995E1,3.301726580E-1,-3.381902575E-1,4.160755873E-1
5.019760992E1,3.320052624E-1,-3.412446082E-1,4.160755873E-1
5.019960992E1,3.295617998E-1,-3.479641080E-1,4.099669456E-1
5.020161082E1,3.258966208E-1,-3.497967124E-1,4.081343412E-1
5.020360978E1,3.252857327E-1,-3.565162420E-1,4.063017368E-1
5.020560982E1,3.203988075E-1,-3.632357419E-1,4.008039534E-1
5.020760985E1,3.185662329E-1,-3.656792045E-1,3.977496326E-1
5.020960988E1,3.173444867E-1,-3.693444133E-1,3.904192448E-1
5.021160992E1,3.112358451E-1,-3.699552715E-1,3.836997449E-1
5.021360995E1,3.045163155E-1,-3.717878461E-1,3.812562823E-1
5.021560998E1,2.965750694E-1,-3.754530549E-1,3.733150363E-1
5.021760958E1,2.861903608E-1,-3.785073757E-1,3.629303277E-1
5.021960958E1,2.819143236E-1,-3.785073757E-1,3.580434024E-1
5.022160872E1,2.641992271E-1,-3.766747713E-1,3.378848433E-1
5.022360782E1,2.593123019E-1,-3.748421967E-1,3.336087763E-1
5.022560782E1,2.525927722E-1,-3.766747713E-1,3.262783885E-1
5.022760782E1,2.379320115E-1,-3.723987341E-1,3.128393590E-1
5.022960782E1,2.306016237E-1,-3.723987341E-1,2.963460088E-1
5.023160778E1,2.244929820E-1,-3.699552715E-1,2.884047627E-1
5.023360755E1,2.098322064E-1,-3.675118089E-1,2.706896663E-1
5.023560751E1,1.945605874E-1,-3.632357419E-1,2.535854280E-1
5.023760748E1,1.884519309E-1,-3.589596748E-1,2.438115925E-1
5.023960745E1,1.737911552E-1,-3.546836376E-1,2.273182273E-1
5.024160828E1,1.579086632E-1,-3.479641080E-1,2.114357352E-1
5.024360888E1,1.499674171E-1,-3.461315334E-1,2.034944892E-1
5.024560888E1,1.371392459E-1,-3.388011456E-1,1.839468032E-1
5.024760888E1,1.206458881E-1,-3.290272951E-1,1.674534380E-1
5.024960891E1,1.090394482E-1,-3.229186535E-1,1.564578563E-1
5.025160894E1,9.682214260E-2,-3.131448030E-1,1.417970955E-1
5.025360898E1,8.216137439E-2,-3.070361316E-1,1.246928647E-1
5.025560901E1,7.605272532E-2,-3.058144152E-1,1.173624843E-1
5.025760904E1,6.078109145E-2,-3.064252734E-1,9.964739531E-2
5.025960908E1,5.161811411E-2,-3.082578778E-1,8.559749275E-2
5.026160821E1,2.962696366E-2,-3.204751909E-1,6.788240373E-2
5.026360728E1,2.962696366E-2,-3.204751909E-1,6.788240373E-2
5.026560724E1,1.924225502E-2,-3.302490115E-1,5.566509441E-2
5.026760721E1,1.435533352E-2,-3.418554664E-1,4.772384837E-2
5.026960717E1,1.252273750E-2,-3.504075706E-1,4.283692688E-2
5.027160714E1,2.748893574E-3,-3.638466001E-1,3.795000166E-2
5.027360710E1,-2.138028387E-3,-3.821725547E-1,3.000875562E-2
5.027560707E1,-7.635815535E-3,-3.913355470E-1,2.695442922E-2
5.027760747E1,-8.857546374E-3,-4.102723598E-1,2.084577642E-2
5.027960750E1,-1.618792862E-2,-4.340961277E-1,1.473712362E-2
5.028160840E1,-2.046398632E-2,-4.457025528E-1,1.412625890E-2
5.028360934E1,-2.840523422E-2,-4.738023579E-1,9.239336476E-3
5.028560937E1,-3.695734590E-2,-5.000695586E-1,4.352414981E-3
5.028760940E1,-4.062253982E-2,-5.135086179E-1,3.741549561E-3
5.028960944E1,-4.550946131E-2,-5.385540724E-1,-3.588833380E-3
5.029160947E1,-5.589416996E-2,-5.672647357E-1,-1.091921609E-2
5.029360970E1,-6.078109145E-2,-5.825363398E-1,-1.641700417E-2
5.029560970E1,-6.750060618E-2,-6.094144583E-1,-2.680171281E-2
5.029760970E1,-7.422012836E-2,-6.350708008E-1,-4.146247730E-2
5.029960970E1,-7.727445662E-2,-6.436228752E-1,-4.573853686E-2
5.030160884E1,-8.765916526E-2,-6.735553145E-1,-6.895141304E-2
5.030360827E1,-8.704829961E-2,-6.827182770E-1,-7.872525603E-2
5.030560827E1,-9.010262042E-2,-6.894378066E-1,-8.727737516E-2
5.030760827E1,-9.132435173E-2,-7.010442019E-1,-1.092685238E-1
5.030960823E1,-9.132435173E-2,-7.150941491E-1,-1.330922693E-1
5.031160820E1,-8.949175477E-2,-7.175375819E-1,-1.434769779E-1
5.031360780E1,-8.704829961E-2,-7.242571115E-1,-1.691333205E-1
5.031560777E1,-8.765916526E-2,-7.236462235E-1,-1.954005212E-1
5.031760773E1,-8.338310570E-2,-7.230353951E-1,-2.076178193E-1
5.031960770E1,-8.338310570E-2,-7.230353951E-1,-2.351067662E-1
5.032160853E1,-7.849618047E-2,-7.205919027E-1,-2.656500340E-1
5.032360943E1,-7.910704613E-2,-7.199810743E-1,-2.815325260E-1
5.032560943E1,-7.788532227E-2,-7.114289403E-1,-3.151301146E-1
5.032760946E1,-7.483099401E-2,-7.028768063E-1,-3.536146283E-1
5.032960950E1,-7.605272532E-2,-6.979898810E-1,-3.719405830E-1
5.033160953E1,-7.849618047E-2,-6.876052022E-1,-4.147011340E-1
5.033360956E1,-7.605272532E-2,-6.857725978E-1,-4.580725729E-1
5.033560960E1,-7.483099401E-2,-6.833291054E-1,-4.806745946E-1
5.033760963E1,-8.155050874E-2,-6.857725978E-1,-5.325981379E-1
5.033960963E1,-8.338310570E-2,-6.949355602E-1,-5.845217109E-1
5.034160876E1,-9.560041130E-2,-7.114289403E-1,-6.633232832E-1
5.034360783E1,-9.560041130E-2,-7.114289403E-1,-6.633232832E-1
5.034560779E1,-1.004873365E-1,-7.315874696E-1,-7.183011770E-1
5.034760776E1,-1.017090604E-1,-7.431939244E-1,-7.439575195E-1
5.034960773E1,-1.065959856E-1,-7.725154757E-1,-8.026005626E-1
5.035160769E1,-1.078177169E-1,-7.987826467E-1,-8.606327772E-1
5.035360766E1,-1.090394482E-1,-8.116108179E-1,-8.911760449E-1
5.035560766E1,-1.114829108E-1,-8.445975780E-1,-9.534842968E-1
5.035760766E1,-1.072068512E-1,-8.671995997E-1,-1.015792489E0
5.035960766E1,-1.065959856E-1,-8.775842786E-1,-1.049390078E0
5.036160852E1,-1.029307917E-1,-8.995754123E-1,-1.119639635E0
5.036360909E1,-1.023199260E-1,-9.209557176E-1,-1.191110849E0
5.036560866E1,-9.865473956E-2,-9.319512844E-1,-1.227762818E0
5.036760866E1,-9.437867999E-2,-9.441685677E-1,-1.296790600E0
5.036960866E1,-8.827003092E-2,-9.533315897E-1,-1.367650867E0
5.037160866E1,-8.521570265E-2,-9.582185149E-1,-1.402470231E0
5.037360906E1,-7.360926270E-2,-9.661597610E-1,-1.471498013E0
5.037560909E1,-5.650503561E-2,-9.765444398E-1,-1.537471414E0
5.037760912E1,-5.406157300E-2,-9.826530814E-1,-1.566182137E0
5.037960916E1,-3.390302137E-2,-9.954812527E-1,-1.624214292E0
5.038160832E1,-3.970623948E-3,-1.022359371E0,-1.707291961E0
5.038360922E1,9.468411095E-3,-1.030300617E0,-1.735391855E0
5.038560925E1,1.557706390E-2,-1.037020087E0,-1.760437250E0
5.038760925E1,3.695734590E-2,-1.045572281E0,-1.809917331E0
5.038960922E1,5.894849449E-2,-1.046793938E0,-1.858786583E0
5.039160919E1,6.322455406E-2,-1.044961333E0,-1.881388545E0
5.039360915E1,6.444628537E-2,-1.035187483E0,-1.931479573E0
5.039560912E1,6.200282276E-2,-1.009531140E0,-1.977294445E0
5.039761008E1,5.955936015E-2,-9.924269319E-1,-1.999896407E0
5.039961005E1,4.367686436E-2,-9.527207017E-1,-2.045100451E0
5.040161088E1,2.046398632E-2,-9.130144715E-1,-2.093358755E0
5.040361138E1,7.635815535E-3,-8.910233378E-1,-2.118404388E0
5.040561142E1,-2.657263726E-2,-8.610908985E-1,-2.166662693E0
5.040761145E1,-6.322455406E-2,-8.403214812E-1,-2.213699341E0
5.040961148E1,-9.193521738E-2,-8.360454440E-1,-2.236912251E0
5.041161152E1,-1.401935667E-1,-8.397106528E-1,-2.277229309E0
5.041361155E1,-1.988366395E-1,-8.586474657E-1,-2.310215950E0
5.041561158E1,-2.263255715E-1,-8.739190698E-1,-2.322433233E0
5.041761161E1,-2.892446816E-1,-9.148470759E-1,-2.334650517E0
5.041961165E1,-3.546072841E-1,-9.759336114E-1,-2.329763651E0
5.042161078E1,-4.651738703E-1,-1.110323906E0,-2.291279078E0
5.042361001E1,-4.651738703E-1,-1.110323906E0,-2.291279078E0
5.042561045E1,-5.415320396E-1,-1.217225313E0,-2.241188288E0
5.042761045E1,-5.800165534E-1,-1.276479244E0,-2.206368923E0
5.042961045E1,-6.734789610E-1,-1.398652315E0,-2.121458530E0
5.043161045E1,-7.681630254E-1,-1.526323199E0,-2.021887541E0
5.043361041E1,-8.170322776E-1,-1.588631392E0,-1.964466214E0
5.043561038E1,-9.221010804E-1,-1.714469671E0,-1.839238882E0
5.043761034E1,-1.041830659E0,-1.837253571E0,-1.701183319E0
5.043961031E1,-1.099251986E0,-1.897729278E0,-1.626657844E0
5.044161114E1,-1.242805362E0,-2.010739326E0,-1.474552393E0
5.044361024E1,-1.405295491E0,-2.101758242E0,-1.319392562E0
5.044561021E1,-1.498757839E0,-2.139020920E0,-1.240590930E0
5.044761018E1,-1.699732542E0,-2.209270477E0,-1.080544233E0
5.044961018E1,-1.931861281E0,-2.280741692E0,-9.204975367E-1
5.045161021E1,-2.050980091E0,-2.310674191E0,-8.441393971E-1
5.045361024E1,-2.283719778E0,-2.350991249E0,-6.975317597E-1
5.045561027E1,-2.487748623E0,-2.378480196E0,-5.576435924E-1
5.045760931E1,-2.576935053E0,-2.388864994E0,-4.910593033E-1
5.045960934E1,-2.735759974E0,-2.405358315E0,-3.658319116E-1
5.046160851E1,-2.903136969E0,-2.411466837E0,-2.082286924E-1
5.046360804E1,-2.903136969E0,-2.411466837E0,-2.082286924E-1
5.046560804E1,-2.980716944E0,-2.389475822E0,-1.220966876E-1
5.046760800E1,-3.032029629E0,-2.335108757E0,-5.062545836E-2
5.046960797E1,-3.052798986E0,-2.291126490E0,-2.191479132E-2
5.047160794E1,-3.071125031E0,-2.159179449E0,3.367394581E-2
5.047360790E1,-3.072957516E0,-1.968589664E0,7.887797803E-2
5.047560787E1,-3.069903374E0,-1.851303458E0,9.781479836E-2
5.047760784E1,-3.056464195E0,-1.578246713E0,1.326341182E-1
5.047960780E1,-3.034473181E0,-1.250212073E0,1.662317067E-1
5.048160867E1,-3.020423174E0,-1.068785071E0,1.833359301E-1
5.048360947E1,-2.981938601E0,-6.814965606E-1,2.236530334E-1
5.048560950E1,-2.945897579E0,-2.826015353E-1,2.621375620E-1
5.048760953E1,-2.927571774E0,-8.407033235E-2,2.786309123E-1
5.048960957E1,-2.890919685E0,3.087160289E-1,3.116176426E-1
5.049160960E1,-2.859154701E0,6.715700030E-1,3.421608806E-1
5.049360963E1,-2.838996172E0,8.413904905E-1,3.598759770E-1
5.049560966E1,-2.802344322E0,1.139492750E0,3.940844536E-1
5.049760970E1,-2.759583712E0,1.405219197E0,4.252385795E-1
5.049960970E1,-2.732705593E0,1.523116112E0,4.417319298E-1
5.050160883E1,-2.643519402E0,1.903685212E0,5.290856361E-1
5.050360793E1,-2.643519402E0,1.903685212E0,5.290856361E-1
5.050560793E1,-2.583654642E0,2.097940445E0,5.920047760E-1
5.050760793E1,-2.555554867E0,2.195067883E0,6.237697601E-1
5.050960793E1,-2.488970518E0,2.383825302E0,6.848562956E-1
5.051160790E1,-2.418110132E0,2.555478334E0,7.508297563E-1
5.051360786E1,-2.388177633E0,2.639777899E0,7.856490612E-1
5.051560783E1,-2.319149971E0,2.801046133E0,8.595637679E-1
5.051760780E1,-2.259896040E0,2.934214830E0,9.310349822E-1
5.051960776E1,-2.233628750E0,2.990414381E0,9.634108543E-1
5.052160859E1,-2.165822744E0,3.091207266E0,1.018999577E0
5.052360946E1,-2.098627567E0,3.177950144E0,1.061760187E0
5.052560943E1,-2.065029860E0,3.215823650E0,1.075199246E0
5.052760943E1,-2.001499891E0,3.275077581E0,1.085583925E0
5.052960946E1,-1.936137438E0,3.318449020E0,1.079475284E0
5.053160949E1,-1.909259319E0,3.331277370E0,1.067258000E0
5.053360952E1,-1.870163918E0,3.326390266E0,1.018388748E0
5.053560956E1,-1.823738217E0,3.331277370E0,9.573022127E-1
5.053760959E1,-1.791362286E0,3.334331512E0,9.285915494E-1
5.053960962E1,-1.725999713E0,3.319059849E0,8.577311635E-1
5.054160879E1,-1.629482985E0,3.212158442E0,7.483862638E-1
5.054360789E1,-1.629482985E0,3.212158442E0,7.483862638E-1
5.054560786E1,-1.570840001E0,3.056998730E0,6.524804235E-1
5.054760782E1,-1.512196898E0,2.867630482E0,5.278639197E-1
5.054960779E1,-1.476766706E0,2.758896589E0,4.655556679E-1
5.055160775E1,-1.422399759E0,2.512106895E0,3.275001347E-1
5.055360772E1,-1.371087074E0,2.220113277E0,1.851685345E-1
5.055560769E1,-1.349095941E0,2.062510252E0,1.075886413E-1
5.055760765E1,-1.292285442E0,1.739973307E0,-4.390593991E-2
5.055960765E1,-1.235474944E0,1.418658137E0,-1.966222525E-1
5.056160852E1,-1.198823094E0,1.257389784E0,-2.748129964E-1
5.056360942E1,-1.131627917E0,9.360746145E-1,-4.311945140E-1
5.056560942E1,-1.062600136E0,6.294202805E-1,-5.887977481E-1
5.056760942E1,-1.022893906E0,4.907538593E-1,-6.639341712E-1
5.056960942E1,-9.349292517E-1,2.549598813E-1,-8.099309802E-1
5.057160942E1,-8.365799785E-1,8.819366992E-2,-9.430995584E-1
5.057360942E1,-7.840455174E-1,2.344195358E-2,-9.968557358E-1
5.057560942E1,-6.698137522E-1,-6.330090761E-2,-1.074435592E0
5.057760945E1,-5.396994352E-1,-1.256091595E-1,-1.123915672E0
5.057960948E1,-4.767803252E-1,-1.585958898E-1,-1.145295978E0
5.058160865E1,-2.727513313E-1,-2.654972970E-1,-1.183780432E0
5.058360778E1,-2.018909603E-1,-3.003166318E-1,-1.192332625E0
5.058560782E1,-1.334740520E-1,-3.375793993E-1,-1.198441267E0
5.058760785E1,2.748893574E-3,-4.023311138E-1,-1.210658550E0
5.058960785E1,1.298088580E-1,-4.628067911E-1,-1.217378020E0
5.059160785E1,1.921171248E-1,-4.933500290E-1,-1.223486781E0
5.059360782E1,3.014619946E-1,-5.477170348E-1,-1.224097610E0
5.059560778E1,4.077525437E-1,-5.941427946E-1,-1.222875834E0
5.059760735E1,4.486805201E-1,-6.100252867E-1,-1.221043229E0
5.059960731E1,5.323690772E-1,-6.283512712E-1,-1.223486781E0
5.060160815E1,5.983424783E-1,-6.234643459E-1,-1.227151871E0
5.060360901E1,6.313292384E-1,-6.149122119E-1,-1.229595423E0
5.060560901E1,6.808093190E-1,-5.825363398E-1,-1.233260512E0
5.060760905E1,7.223481536E-1,-5.324454308E-1,-1.238758326E0
5.060960908E1,7.370089293E-1,-5.031238794E-1,-1.244256139E0
5.061160911E1,7.614435554E-1,-4.255439937E-1,-1.252808213E0
5.061360914E1,7.822129726E-1,-3.345250785E-1,-1.261360407E0
5.061560918E1,7.858781219E-1,-2.850449979E-1,-1.263803840E0
5.061760921E1,7.907650471E-1,-1.903608888E-1,-1.258916855E0
5.061960924E1,7.877107263E-1,-9.201157838E-2,-1.248532176E0
5.062160841E1,7.590000629E-1,5.581781268E-2,-1.216767192E0
5.062360961E1,7.590000629E-1,5.581781268E-2,-1.216767192E0
5.062560961E1,7.302893996E-1,1.511127949E-1,-1.179504395E0
5.062760961E1,6.918048859E-1,2.451860309E-1,-1.134300351E0
5.062960961E1,6.692028642E-1,2.879466116E-1,-1.112309217E0
5.063160961E1,6.160575747E-1,3.746894598E-1,-1.060385704E0
5.063360961E1,5.616905689E-1,4.589888752E-1,-1.002964377E0
5.063560961E1,5.262604356E-1,5.005277395E-1,-9.754754305E-1
5.063760958E1,4.535674453E-1,5.817728043E-1,-9.180541039E-1
5.063960954E1,3.820962012E-1,6.575200558E-1,-8.563567400E-1
5.064161037E1,3.399465084E-1,6.984480619E-1,-8.252025843E-1
5.064361124E1,2.623666227E-1,7.735844851E-1,-7.567856908E-1
5.064561121E1,1.786780804E-1,8.450556993E-1,-6.902013421E-1
5.064761117E1,1.383609772E-1,8.823184967E-1,-6.517168880E-1
5.064961114E1,5.833763257E-2,9.501245022E-1,-5.778021812E-1
5.065161110E1,-2.657263726E-2,1.010600209E0,-5.087743998E-1
5.065361110E1,-7.299839705E-2,1.039310813E0,-4.745659232E-1
5.065561114E1,-1.572978050E-1,1.093677878E0,-4.018729627E-1
5.065761157E1,-2.385428846E-1,1.144379735E0,-3.267365396E-1
5.065961160E1,-2.782491148E-1,1.166981697E0,-2.900846303E-1
5.066161077E1,-3.937026560E-1,1.228068233E0,-1.819614917E-1
5.066361000E1,-4.334088862E-1,1.248226762E0,-1.446987092E-1
5.066561004E1,-4.645630121E-1,1.267774463E0,-1.098793894E-1
5.066761004E1,-5.299255848E-1,1.301982880E0,-4.329507425E-2
5.066961004E1,-5.904012322E-1,1.322141409E0,1.962404512E-2
5.067161000E1,-6.142250299E-1,1.331304431E0,4.650211707E-2
5.067360997E1,-6.575964093E-1,1.350241303E0,1.039234474E-1
5.067560993E1,-6.942483783E-1,1.363680243E0,1.546252668E-1
5.067760990E1,-7.058547735E-1,1.367345452E0,1.766164154E-1
5.067960986E1,-7.290676832E-1,1.373454094E0,2.193769813E-1
5.068161070E1,-7.443392873E-1,1.373454094E0,2.596940994E-1
5.068360950E1,-7.455610037E-1,1.369178057E0,2.755765915E-1
5.068560953E1,-7.467827797E-1,1.356349945E0,3.103958964E-1
5.068760956E1,-7.333437204E-1,1.337413073E0,3.421608806E-1
5.068960960E1,-7.315111160E-1,1.323974013E0,3.580434024E-1
5.069160963E1,-7.070765495E-1,1.289154768E0,3.824779987E-1
5.069360966E1,-6.801984310E-1,1.249448538E0,4.044691622E-1
5.069560970E1,-6.606507897E-1,1.225013852E0,4.160755873E-1
5.069760973E1,-6.203336716E-1,1.175533772E0,4.386776090E-1
5.069960976E1,-5.653557777E-1,1.121777654E0,4.533383846E-1
5.070160890E1,-4.712825418E-1,1.035645723E0,4.777729809E-1
5.070360800E1,-4.712825418E-1,1.035645723E0,4.777729809E-1
5.070560800E1,-3.955352604E-1,9.782243371E-1,4.832707644E-1
5.070760800E1,-3.558290005E-1,9.476810694E-1,4.875468314E-1
5.070960800E1,-2.678644061E-1,8.859837055E-1,4.948772192E-1
5.071160800E1,-1.676825136E-1,8.297840953E-1,5.003749728E-1
5.071360800E1,-1.218676195E-1,7.986299396E-1,5.009858608E-1
5.071560796E1,-1.802052557E-2,7.460955381E-1,5.083162189E-1
5.071760793E1,9.437867999E-2,6.960045695E-1,5.156466365E-1
5.071960789E1,1.475239545E-1,6.709591150E-1,5.199226737E-1
5.072160873E1,2.593123019E-1,6.288093925E-1,5.272530913E-1
5.072360949E1,3.668245673E-1,5.884923339E-1,5.339725614E-1
5.072560946E1,4.242459238E-1,5.738315582E-1,5.370268822E-1
5.072760942E1,5.183191895E-1,5.457317233E-1,5.474116206E-1
5.072960939E1,6.166684628E-1,5.292384028E-1,5.559637547E-1
5.073160939E1,6.606507897E-1,5.212971568E-1,5.602397919E-1
5.073360942E1,7.431175709E-1,5.109124184E-1,5.663484335E-1
5.073560946E1,8.182539940E-1,5.041928887E-1,5.730679631E-1
5.073760949E1,8.518515825E-1,5.023602843E-1,5.785657167E-1
5.073960952E1,9.153815508E-1,5.029711723E-1,5.871178508E-1
5.074160869E1,9.960157871E-1,5.048037767E-1,6.030003428E-1
5.074360782E1,9.960157871E-1,5.048037767E-1,6.030003428E-1
5.074560782E1,1.045495868E0,5.127450228E-1,6.146067977E-1
5.074760782E1,1.082147837E0,5.121341348E-1,6.268240809E-1
5.074960779E1,1.117577910E0,5.145776272E-1,6.372088194E-1
5.075160775E1,1.130406141E0,5.121341348E-1,6.414848566E-1
5.075360682E1,1.156062484E0,5.096907020E-1,6.555347443E-1
5.075560638E1,1.173166752E0,5.066363811E-1,6.701955199E-1
5.075760635E1,1.180497050E0,5.011385679E-1,6.793584824E-1
5.075960632E1,1.195157886E0,4.956407845E-1,6.970735788E-1
5.076160718E1,1.205542564E0,4.834234715E-1,7.141778469E-1
5.076360812E1,1.209818602E0,4.791474342E-1,7.239516973E-1
5.076560815E1,1.211651206E0,4.663192630E-1,7.453319430E-1
5.076760818E1,1.214094639E0,4.492150247E-1,7.624362111E-1
5.076960822E1,1.211040378E0,4.400520623E-1,7.752643824E-1
5.077160825E1,1.202488184E0,4.211152196E-1,7.948120236E-1
5.077360828E1,1.192714334E0,3.960697651E-1,8.161923289E-1
5.077560831E1,1.187827468E0,3.869067729E-1,8.259661794E-1
5.077760835E1,1.168890595E0,3.655264974E-1,8.467355967E-1
5.077960835E1,1.155451655E0,3.441462219E-1,8.668941259E-1
5.078160748E1,1.134071350E0,3.184898794E-1,9.053786397E-1
5.078360658E1,1.134071350E0,3.184898794E-1,9.053786397E-1
5.078560658E1,1.115134478E0,3.050508201E-1,9.279806614E-1
5.078760658E1,1.110858440E0,2.964987159E-1,9.377545118E-1
5.078960658E1,1.095586777E0,2.836705446E-1,9.609673619E-1
5.079160658E1,1.081536889E0,2.769510448E-1,9.829585552E-1
5.079360655E1,1.078482628E0,2.720641196E-1,9.951758385E-1
5.079560651E1,1.068097830E0,2.677880526E-1,1.017166972E0
5.079760648E1,1.061378360E0,2.622902691E-1,1.044045091E0
5.079960644E1,1.065043569E0,2.622902691E-1,1.059316635E0
5.080160728E1,1.063821793E0,2.622902691E-1,1.085583925E0
5.080360814E1,1.060767531E0,2.641228735E-1,1.114294529E0
5.080560811E1,1.063821793E0,2.659554482E-1,1.125900984E0
5.080760808E1,1.071763039E0,2.745075822E-1,1.151557326E0
5.080960808E1,1.080315232E0,2.922226489E-1,1.179046273E0
5.081160811E1,1.085812926E0,3.001639247E-1,1.190041900E0
5.081360904E1,1.095586777E0,3.227659166E-1,1.213254690E0
5.081560947E1,1.110858440E0,3.465896547E-1,1.238300204E0
5.081760951E1,1.118188858E0,3.630830348E-1,1.249295831E0
5.081960954E1,1.135293007E0,3.972914815E-1,1.270676017E0
5.082160871E1,1.164614558E0,4.479933083E-1,1.298164964E0
5.082360781E1,1.164614558E0,4.479933083E-1,1.298164964E0
5.082560781E1,1.185384035E0,4.852560759E-1,1.317101836E0
5.082760777E1,1.206153393E0,5.133558512E-1,1.334206104E0
5.082960774E1,1.215316415E0,5.304601192E-1,1.337871194E0
5.083160770E1,1.234864116E0,5.634468198E-1,1.349477649E0
5.083360767E1,1.253800869E0,5.994879007E-1,1.358640671E0
5.083560764E1,1.264185667E0,6.172029972E-1,1.359862447E0
5.083760760E1,1.277624607E0,6.538549066E-1,1.364138484E0
5.083960760E1,1.287398458E0,6.911176443E-1,1.364138484E0
5.084160847E1,1.294118047E0,7.070001364E-1,1.358029842E0
5.084360937E1,1.300226688E0,7.412086129E-1,1.347034216E0
5.084560937E1,1.303891897E0,7.741953135E-1,1.332373500E0
5.084760937E1,1.299615860E0,7.900778651E-1,1.323821306E0
5.084960937E1,1.294118047E0,8.218428493E-1,1.299997568E0
5.085160937E1,1.280068159E0,8.536078334E-1,1.273119569E0
5.085360937E1,1.273348570E0,8.725446463E-1,1.254793525E0
5.085560937E1,1.250746608E0,9.079748392E-1,1.218752503E0
5.085760940E1,1.215927243E0,9.397398233E-1,1.172937632E0
5.085960943E1,1.196990490E0,9.537897110E-1,1.147892118E0
5.086160860E1,1.131016970E0,9.855546951E-1,1.054429770E0
5.086360970E1,1.109025836E0,9.941068292E-1,1.020221353E0
5.086560973E1,1.053437114E0,1.003269792E0,9.469174743E-1
5.086760977E1,1.021061301E0,1.005102396E0,9.078221321E-1
5.086960980E1,9.654725194E-1,1.000826359E0,8.247444630E-1
5.087160980E1,9.049968719E-1,9.892199039E-1,7.373906970E-1
5.087360977E1,8.726209998E-1,9.818895459E-1,6.909649372E-1
5.087560973E1,8.115344644E-1,9.629526734E-1,6.030003428E-1
5.087760970E1,7.541131377E-1,9.330202937E-1,5.119814277E-1
5.087960966E1,7.217372656E-1,9.153051972E-1,4.661665261E-1
5.088161050E1,6.557638645E-1,8.688794374E-1,3.733150363E-1
5.088361136E1,5.861251950E-1,8.096255064E-1,2.859613001E-1
5.088561133E1,5.543602109E-1,7.754170895E-1,2.425898612E-1
5.088761133E1,4.834998548E-1,6.941719651E-1,1.582904607E-1
5.088961136E1,4.071416855E-1,5.909357667E-1,7.521278411E-2
5.089161139E1,3.656028509E-1,5.310709476E-1,3.489567712E-2
5.089361143E1,2.904664278E-1,4.015675485E-1,-4.268420860E-2
5.089561146E1,1.957823038E-1,2.451860309E-1,-1.123228446E-1
5.089761149E1,1.518000066E-1,1.645518243E-1,-1.373683214E-1
5.089961153E1,5.772676691E-2,-1.259909570E-2,-1.807397604E-1
5.090161069E1,-9.498954564E-2,-2.801580727E-1,-2.351067662E-1
5.090360993E1,-9.498954564E-2,-2.801580727E-1,-2.351067662E-1
5.090560992E1,-1.951714456E-1,-4.420373738E-1,-2.693152130E-1
5.090761042E1,-2.990185320E-1,-5.813146234E-1,-3.004693389E-1
5.090961043E1,-3.503312171E-1,-6.405685544E-1,-3.114649057E-1
5.091161043E1,-4.468479156E-1,-7.364743948E-1,-3.285691440E-1
5.091361076E1,-5.372560024E-1,-8.128325939E-1,-3.297908604E-1
5.091561076E1,-5.775730610E-1,-8.427649736E-1,-3.255148232E-1
5.091761072E1,-6.466008425E-1,-8.940776587E-1,-3.096323311E-1
5.091961069E1,-7.052439451E-1,-9.325621724E-1,-2.870303094E-1
5.092161152E1,-7.345654368E-1,-9.466120601E-1,-2.729803920E-1
5.092361042E1,-7.748825550E-1,-9.521098137E-1,-2.473240644E-1
5.092561039E1,-8.066475391E-1,-9.264535308E-1,-2.216677219E-1
5.092761036E1,-8.182539940E-1,-9.032406211E-1,-2.094504237E-1
5.092961032E1,-8.280278444E-1,-8.372671604E-1,-1.819614917E-1
5.093161029E1,-8.329147696E-1,-7.383069992E-1,-1.544725448E-1
5.093361029E1,-8.316930532E-1,-6.802747846E-1,-1.404226422E-1
5.093561032E1,-8.225300312E-1,-5.483279228E-1,-1.111011133E-1
5.093761035E1,-8.127561808E-1,-4.011093974E-1,-7.811439037E-2
5.093961039E1,-8.017606139E-1,-3.235295117E-1,-6.284276396E-2
5.094160955E1,-7.663304210E-1,-7.368562371E-2,-9.086620063E-3
5.094360868E1,-7.553348541E-1,1.244637929E-2,8.017606102E-3
5.094560872E1,-7.406741381E-1,1.028544381E-1,2.634356357E-2
5.094760875E1,-7.064656615E-1,2.800053656E-1,6.604980677E-2
5.094960875E1,-6.722571850E-1,4.595997334E-1,1.081995070E-1
5.095160872E1,-6.545420885E-1,5.463426113E-1,1.265254617E-1
5.095360868E1,-6.148358583E-1,7.167739868E-1,1.753946841E-1
5.095560865E1,-5.702427030E-1,8.688794374E-1,2.212095708E-1
5.095760862E1,-5.464189649E-1,9.342420101E-1,2.432007194E-1
5.095960858E1,-5.024366379E-1,1.049084663E0,2.810743749E-1
5.096160941E1,-4.602869749E-1,1.148044825E0,3.152828217E-1
5.096361018E1,-4.401284158E-1,1.190194607E0,3.238349259E-1
5.096561018E1,-4.046982229E-1,1.273883104E0,3.415500224E-1
5.096760971E1,-3.692680299E-1,1.347186923E0,3.513238728E-1
5.096960975E1,-3.546072841E-1,1.382617116E0,3.562107980E-1
5.097160978E1,-3.234531581E-1,1.446147084E0,3.568216562E-1
5.097360948E1,-3.002402782E-1,1.506622791E0,3.580434024E-1
5.097560951E1,-2.886338234E-1,1.537165999E0,3.568216562E-1
5.097760954E1,-2.587014437E-1,1.583591819E0,3.543781936E-1
5.097960958E1,-2.330450863E-1,1.617800236E0,3.507130146E-1
5.098160874E1,-1.915062517E-1,1.649565220E0,3.421608806E-1
5.098360784E1,-1.915062517E-1,1.649565220E0,3.421608806E-1
5.098560784E1,-1.682933718E-1,1.655063033E0,3.360522389E-1
5.098760784E1,-1.420261711E-1,1.645289183E0,3.238349259E-1
5.098960784E1,-1.304197311E-1,1.633071899E0,3.171154261E-1
5.099160784E1,-1.053742543E-1,1.603139520E0,3.024546504E-1
5.099360784E1,-7.544185966E-2,1.562211514E0,2.841286957E-1
5.099560781E1,-6.750060618E-2,1.540831208E0,2.749657333E-1
5.099760778E1,-3.756821156E-2,1.491961956E0,2.535854280E-1
5.099960774E1,-1.130100712E-2,1.435762405E0,2.267073691E-1
5.100160858E1,-2.748893574E-3,1.404608250E0,2.102140039E-1
5.100360944E1,1.863138936E-2,1.340467453E0,1.723403633E-1
5.100560941E1,4.001167417E-2,1.270217896E0,1.362993121E-1
5.100760937E1,4.734205827E-2,1.229900837E0,1.198059469E-1
5.100960934E1,5.711590126E-2,1.141325355E0,7.643451542E-2
5.101160934E1,6.078109145E-2,1.042976022E0,2.390010282E-2
5.101360937E1,6.444628537E-2,9.904416203E-1,-4.810563754E-3
5.101560941E1,6.200282276E-2,8.798750043E-1,-6.772968173E-2
5.101760944E1,4.978551716E-2,7.595345974E-1,-1.330922693E-1
5.101960947E1,4.367686436E-2,6.990588903E-1,-1.654681265E-1
5.102160864E1,1.374446787E-2,5.066363811E-1,-2.668717504E-1
5.102360777E1,5.803219974E-3,4.449389875E-1,-3.016910851E-1
5.102560780E1,-5.803219974E-3,3.807981312E-1,-3.328452110E-1
5.102760780E1,-2.535090782E-2,2.512947023E-1,-3.939317167E-1
5.102960777E1,-4.856378585E-2,1.309542358E-1,-4.525747895E-1
5.103160774E1,-6.078109145E-2,7.597636431E-2,-4.812854528E-1
5.103360770E1,-9.010262042E-2,-3.031418845E-2,-5.344307423E-1
5.103560767E1,-1.151480973E-1,-1.329395473E-1,-5.875760317E-1
5.103760763E1,-1.267545372E-1,-1.854739636E-1,-6.132323742E-1
5.103960760E1,-1.487456858E-1,-2.911536396E-1,-6.682102084E-1
5.104160843E1,-1.713477075E-1,-4.023311138E-1,-7.244098186E-1
5.104360933E1,-1.792889535E-1,-4.579198658E-1,-7.580074072E-1
5.104560906E1,-1.939497143E-1,-5.709299445E-1,-8.288677931E-1
5.104760910E1,-2.079996169E-1,-6.790530682E-1,-9.046150446E-1
5.104960913E1,-2.141082734E-1,-7.328092456E-1,-9.437104464E-1
5.105160916E1,-2.257147133E-1,-8.268824816E-1,-1.022512078E0
5.105360920E1,-2.391537428E-1,-9.087384343E-1,-1.104978919E0
5.105560923E1,-2.409863323E-1,-9.411142468E-1,-1.142852545E0
5.105760926E1,-2.501493096E-1,-9.948704243E-1,-1.214934587E0
5.105960930E1,-2.495384514E-1,-1.033965826E0,-1.277853727E0
5.106160843E1,-2.379320115E-1,-1.063898206E0,-1.359709620E0
5.106360753E1,-2.379320115E-1,-1.063898206E0,-1.359709620E0
5.106560753E1,-2.281581759E-1,-1.073672056E0,-1.400637627E0
5.106760753E1,-2.232712507E-1,-1.073672056E0,-1.411022305E0
5.106960753E1,-2.073887438E-1,-1.071839452E0,-1.429959178E0
5.107160753E1,-1.823432744E-1,-1.055346012E0,-1.432402611E0
5.107360750E1,-1.603521258E-1,-1.039463520E0,-1.429348350E0
5.107560746E1,-1.273654103E-1,-1.000368237E0,-1.418352723E0
5.107760743E1,-8.521570265E-2,-9.374490976E-1,-1.393918157E0
5.107960739E1,-6.200282276E-2,-9.032406211E-1,-1.384755135E0
5.108160823E1,-5.192354787E-3,-8.171086311E-1,-1.360320568E0
5.108360909E1,4.917465150E-2,-7.157049775E-1,-1.335885882E0
5.108560892E1,8.093964309E-2,-6.527858973E-1,-1.328555584E0
5.108760889E1,1.444696337E-1,-5.110651255E-1,-1.294957995E0
5.108960889E1,2.147191316E-1,-3.589596748E-1,-1.255251765E0
5.109160889E1,2.538145185E-1,-2.832123935E-1,-1.235093117E0
5.109360892E1,3.234531581E-1,-1.347721517E-1,-1.189278245E0
5.109560896E1,3.973678350E-1,1.244637929E-2,-1.134911299E0
5.109760899E1,4.321871698E-1,8.575020730E-2,-1.104978919E0
5.109960902E1,5.012149215E-1,2.409099787E-1,-1.032285929E0
5.110160819E1,6.013968587E-1,4.595997334E-1,-9.149997830E-1
5.110360929E1,6.203336716E-1,5.035820603E-1,-8.765152693E-1
5.110560959E1,6.423248053E-1,5.420665741E-1,-8.349764347E-1
5.110760956E1,6.856962442E-1,6.184247136E-1,-7.457901239E-1
5.110960952E1,7.186829448E-1,6.672939062E-1,-6.517168880E-1
5.111160949E1,7.370089293E-1,6.795112491E-1,-6.016259193E-1
5.111360945E1,7.443392873E-1,6.764569283E-1,-4.990005493E-1
5.111560942E1,7.528914213E-1,6.575200558E-1,-3.957643211E-1
5.111760938E1,7.510588169E-1,6.422484517E-1,-3.432299197E-1
5.111960935E1,7.431175709E-1,6.000987291E-1,-2.357176244E-1
5.112161022E1,7.192938328E-1,5.438991189E-1,-1.324813962E-1
5.112361112E1,7.021896243E-1,5.139667392E-1,-8.422304690E-2
5.112561112E1,6.643159389E-1,4.577671289E-1,1.168279815E-2
5.112761112E1,6.166684628E-1,4.156174362E-1,9.842566401E-2
5.112961112E1,5.922338367E-1,4.021784067E-1,1.405753642E-1
5.113161112E1,5.464189649E-1,3.856850564E-1,2.169335186E-1
5.113361112E1,4.957171381E-1,3.636938930E-1,2.841286957E-1
5.113561112E1,4.670064747E-1,3.569743633E-1,3.165045679E-1
5.113761112E1,4.016439021E-1,3.264311254E-1,3.727041483E-1
5.113961115E1,3.320052624E-1,2.879466116E-1,4.215733707E-1
5.114161032E1,2.220495194E-1,2.409099787E-1,4.814381599E-1
5.114360955E1,2.220495194E-1,2.409099787E-1,4.814381599E-1
5.114560972E1,1.432479024E-1,2.067015320E-1,5.174792409E-1
5.114760975E1,1.035416573E-1,1.914298981E-1,5.339725614E-1
5.114960978E1,2.046398632E-2,1.602757722E-1,5.681810379E-1
5.115160981E1,-5.222897977E-2,1.547779888E-1,5.975025892E-1
5.115360981E1,-8.521570265E-2,1.566105783E-1,6.115524769E-1
5.115560978E1,-1.481348276E-1,1.706604809E-1,6.292675734E-1
5.115760975E1,-2.037235647E-1,1.914298981E-1,6.427065730E-1
5.115960971E1,-2.293798923E-1,2.085341215E-1,6.469826698E-1
5.116161054E1,-2.776382565E-1,2.433534414E-1,6.494261026E-1
5.116360945E1,-3.179553747E-1,2.848922908E-1,6.463717818E-1
5.116560941E1,-3.332269788E-1,3.099377453E-1,6.439283490E-1
5.116760941E1,-3.680463135E-1,3.704134226E-1,6.402631402E-1
5.116960941E1,-3.930917978E-1,4.424955249E-1,6.298784018E-1
5.117160944E1,-3.967569768E-1,4.876995385E-1,6.207154393E-1
5.117360948E1,-3.906483352E-1,5.884923339E-1,6.036112309E-1
5.117560951E1,-3.790418804E-1,6.996697783E-1,5.749005675E-1
5.117760954E1,-3.692680299E-1,7.540367842E-1,5.590180755E-1
5.117960958E1,-3.399465084E-1,8.462774158E-1,5.254204869E-1
5.118160874E1,-2.941316068E-1,9.311876893E-1,4.734969139E-1
5.118360788E1,-2.941316068E-1,9.311876893E-1,4.734969139E-1
5.118560788E1,-2.654209435E-1,9.476810694E-1,4.435645342E-1
5.118760788E1,-2.269364446E-1,9.464593530E-1,4.111886621E-1
5.118960788E1,-2.086104751E-1,9.427941442E-1,3.971387744E-1
5.119160788E1,-1.609629989E-1,9.189704061E-1,3.684281111E-1
5.119360788E1,-1.157589629E-1,8.786532879E-1,3.427717686E-1
5.119560788E1,-8.643743396E-2,8.542186618E-1,3.262783885E-1
5.119760788E1,-4.245513305E-2,7.882452607E-1,3.024546504E-1
5.119960784E1,2.138028387E-3,7.124979496E-1,2.829069793E-1
5.120160867E1,2.474004216E-2,6.709591150E-1,2.719113827E-1
5.120360944E1,7.116580009E-2,5.903248787E-1,2.584723532E-1
5.120560941E1,1.200350225E-1,5.048037767E-1,2.425898612E-1
5.120760937E1,1.499674171E-1,4.614323378E-1,2.303725630E-1
5.120960934E1,1.957823038E-1,3.734677434E-1,2.138791978E-1
5.121160930E1,2.428189367E-1,2.885574698E-1,2.022727579E-1
5.121360927E1,2.611449063E-1,2.506838143E-1,2.028836161E-1
5.121560927E1,2.965750694E-1,1.651626974E-1,2.065488100E-1
5.121760930E1,3.295617998E-1,7.841982692E-2,2.077705413E-1
5.121960934E1,3.430008292E-1,3.443752974E-2,2.114357352E-1
5.122160850E1,3.937026560E-1,-1.702023298E-1,2.065488100E-1
5.122360764E1,3.937026560E-1,-1.702023298E-1,2.065488100E-1
5.122560767E1,4.089742899E-1,-2.667190433E-1,2.016618848E-1
5.122760770E1,4.193589985E-1,-3.131448030E-1,2.034944892E-1
5.122960773E1,4.193589985E-1,-3.968333304E-1,2.065488100E-1
5.123160773E1,4.156937897E-1,-4.683045745E-1,2.089922726E-1
5.123360770E1,4.187481403E-1,-4.982369542E-1,2.102140039E-1
5.123560767E1,4.218024611E-1,-5.287802219E-1,2.144900560E-1
5.123760763E1,4.224133193E-1,-5.403866768E-1,2.187661231E-1
5.123960760E1,4.236350358E-1,-5.495496392E-1,2.199878395E-1
5.124160843E1,4.138612151E-1,-5.678756237E-1,2.254856378E-1
5.124360930E1,3.869831264E-1,-5.971971154E-1,2.389246672E-1
5.124560930E1,3.814853430E-1,-6.100252867E-1,2.419789881E-1
5.124760930E1,3.436116874E-1,-6.411794424E-1,2.468659133E-1
5.124960930E1,3.039054573E-1,-6.766096354E-1,2.468659133E-1
5.125160930E1,2.782491148E-1,-6.967681646E-1,2.456441820E-1
5.125360930E1,2.281581759E-1,-7.346417904E-1,2.419789881E-1
5.125560930E1,1.664607823E-1,-7.670176625E-1,2.389246672E-1
5.125760930E1,1.383609772E-1,-7.767915130E-1,2.383138090E-1
5.125960930E1,7.910704613E-2,-7.957283258E-1,2.407572716E-1
5.126160843E1,-1.374446787E-2,-8.079456687E-1,2.438115925E-1
5.126360756E1,-1.374446787E-2,-8.079456687E-1,2.438115925E-1
5.126560760E1,-6.627888232E-2,-8.036695719E-1,2.425898612E-1
5.126760763E1,-1.127046347E-1,-7.938957214E-1,2.364812046E-1
5.126960766E1,-1.365283877E-1,-7.847327590E-1,2.328160107E-1
5.127160770E1,-1.756237596E-1,-7.596873045E-1,2.193769813E-1
5.127360773E1,-2.049452960E-1,-7.230353951E-1,2.028836161E-1
5.127560776E1,-2.165517360E-1,-7.028768063E-1,1.943315119E-1
5.127760776E1,-2.354885489E-1,-6.656140685E-1,1.735620946E-1
5.127960773E1,-2.477058619E-1,-6.283512712E-1,1.540143937E-1
5.128160856E1,-2.550362349E-1,-6.124687791E-1,1.424079537E-1
5.128360943E1,-2.617557645E-1,-5.935319662E-1,1.216385439E-1
5.128560939E1,-2.562579811E-1,-5.837581158E-1,1.020908505E-1
5.128760936E1,-2.574796975E-1,-5.843689442E-1,9.231700748E-2
5.128960932E1,-2.446515262E-1,-5.904776454E-1,7.582364976E-2
5.129160929E1,-2.287690341E-1,-6.008623242E-1,6.299547851E-2
5.129360929E1,-2.128865421E-1,-6.063601375E-1,5.444336683E-2
5.129560932E1,-1.811215430E-1,-6.234643459E-1,4.405865446E-2
5.129760936E1,-1.487456858E-1,-6.387359500E-1,3.184135258E-2
5.129960939E1,-1.304197311E-1,-6.478989720E-1,2.817615867E-2
5.130160856E1,-6.383541971E-2,-6.595053673E-1,1.840231568E-2
5.130360769E1,-4.489859566E-2,-6.625596881E-1,1.473712362E-2
5.130560772E1,-1.863138936E-2,-6.576728225E-1,9.850202128E-3
5.130760775E1,2.901609987E-2,-6.509532928E-1,1.168279815E-2
5.130960779E1,7.055493444E-2,-6.356816292E-1,1.107193250E-2
5.131160779E1,8.765916526E-2,-6.277403831E-1,9.239336476E-3
5.131360779E1,1.279762685E-1,-6.149122119E-1,6.185010541E-3
5.131560779E1,1.627955884E-1,-6.033058167E-1,8.628471754E-3
5.131760779E1,1.780672222E-1,-5.990297198E-1,1.046106778E-2
5.131960779E1,2.073887438E-1,-5.837581158E-1,1.595885493E-2
5.132160865E1,2.299907655E-1,-5.733733773E-1,2.023491077E-2
5.132360952E1,2.391537428E-1,-5.666538477E-1,2.451096848E-2
5.132560948E1,2.587014437E-1,-5.544365644E-1,3.123048507E-2
5.132760945E1,2.672535479E-1,-5.379431844E-1,3.856086731E-2
5.132960942E1,2.733621895E-1,-5.269476175E-1,4.344778880E-2
5.133160938E1,2.794708610E-1,-5.122868419E-1,5.322163552E-2
5.133360935E1,2.831360400E-1,-4.939609170E-1,6.055201590E-2
5.133560932E1,2.776382565E-1,-4.854087830E-1,6.360634416E-2
5.133760928E1,2.758056521E-1,-4.652502537E-1,7.276932150E-2
5.133960928E1,2.635883391E-1,-4.463134110E-1,8.315403014E-2
5.134160841E1,2.483167201E-1,-4.157701433E-1,1.039234474E-1
5.134360921E1,2.483167201E-1,-4.157701433E-1,1.039234474E-1
5.134560925E1,2.367102802E-1,-3.950007260E-1,1.167516187E-1
5.134760928E1,2.269364446E-1,-3.705661297E-1,1.332449764E-1
5.134960931E1,2.171625942E-1,-3.583488166E-1,1.405753642E-1
5.135160935E1,2.043344229E-1,-3.351359367E-1,1.527926624E-1
5.135360938E1,1.939497143E-1,-3.082578778E-1,1.686751693E-1
5.135560938E1,1.853975952E-1,-2.954297066E-1,1.747838110E-1
5.135760934E1,1.725694388E-1,-2.709950805E-1,1.870011240E-1
5.135960931E1,1.634064466E-1,-2.465604842E-1,1.949423701E-1
5.136161014E1,1.603521258E-1,-2.325105816E-1,1.992184222E-1
5.136361101E1,1.499674171E-1,-2.062433809E-1,2.083813995E-1
5.136561098E1,1.444696337E-1,-1.830305010E-1,2.175443918E-1
5.136761094E1,1.444696337E-1,-1.726457924E-1,2.199878395E-1
5.136961091E1,1.377501190E-1,-1.549306959E-1,2.254856378E-1
5.137161091E1,1.353066564E-1,-1.353830099E-1,2.315942794E-1
5.137361094E1,1.291979998E-1,-1.256091595E-1,2.322051525E-1
5.137561097E1,1.279762685E-1,-1.103375331E-1,2.346486151E-1
5.137761101E1,1.218676195E-1,-9.812022746E-2,2.377029359E-1
5.137961104E1,1.237002090E-1,-9.017898142E-2,2.383138090E-1
5.138161021E1,1.145372316E-1,-7.551821321E-2,2.352594733E-1
5.138360944E1,1.145372316E-1,-7.246389240E-2,2.315942794E-1
5.138560947E1,1.084285825E-1,-6.696610153E-2,2.322051525E-1
5.138760950E1,1.029307917E-1,-6.024658307E-2,2.297616899E-1
5.138960950E1,9.437867999E-2,-5.230533704E-2,2.297616899E-1
5.139160951E1,9.071348608E-2,-5.047274008E-2,2.303725630E-1
5.139360950E1,8.399397135E-2,-4.008803144E-2,2.328160107E-1
5.139560950E1,7.544185966E-2,-2.725986205E-2,2.322051525E-1
5.139760951E1,7.238753140E-2,-1.931861416E-2,2.328160107E-1
5.139960950E1,6.872233748E-2,2.290744742E-4,2.346486151E-1
5.140161037E1,6.139195710E-2,1.916589774E-2,2.358703464E-1
5.140360957E1,6.200282276E-2,3.138320148E-2,2.383138090E-1
5.140560954E1,5.467243865E-2,5.337435007E-2,2.364812046E-1
5.140760950E1,5.039638281E-2,7.841982692E-2,2.401463985E-1
5.140960947E1,4.795292020E-2,9.246972948E-2,2.401463985E-1
5.141160944E1,4.245513305E-2,1.175151989E-1,2.419789881E-1
5.141360940E1,4.184427112E-2,1.401172131E-1,2.407572716E-1
5.141560937E1,3.940080851E-2,1.529453844E-1,2.438115925E-1
5.141760937E1,3.573561832E-2,1.767691374E-1,2.468659133E-1
5.141960937E1,3.084869497E-2,2.012037337E-1,2.493093759E-1
5.142160853E1,2.901609987E-2,2.323578745E-1,2.517528534E-1
5.142360767E1,2.901609987E-2,2.323578745E-1,2.517528534E-1
5.142560770E1,2.840523422E-2,2.525164187E-1,2.523637116E-1
5.142760773E1,2.657263726E-2,2.629011273E-1,2.548071742E-1
5.142960776E1,2.596177347E-2,2.824488282E-1,2.554180324E-1
5.143160780E1,2.962696366E-2,3.038291037E-1,2.566397488E-1
5.143360780E1,2.535090782E-2,3.117703497E-1,2.566397488E-1
5.143560776E1,3.084869497E-2,3.282637000E-1,2.529745698E-1
5.143760773E1,3.756821156E-2,3.453679383E-1,2.486985177E-1
5.143960770E1,4.001167417E-2,3.545309305E-1,2.486985177E-1
5.144160853E1,4.550946131E-2,3.728568852E-1,2.450333238E-1
5.144360930E1,5.528330430E-2,3.856850564E-1,2.395355403E-1
5.144560926E1,6.444628537E-2,3.942371607E-1,2.358703464E-1
5.144760923E1,6.750060618E-2,4.040110111E-1,2.303725630E-1
5.144960923E1,7.849618047E-2,4.119522572E-1,2.187661231E-1
5.145160923E1,8.460483700E-2,4.143957198E-1,2.151009291E-1
5.145360923E1,9.498954564E-2,4.205043614E-1,2.065488100E-1
5.145560923E1,1.102611795E-1,4.211152196E-1,1.967749745E-1
5.145760923E1,1.096503139E-1,4.211152196E-1,1.906663179E-1
5.145960923E1,1.267545372E-1,4.174500406E-1,1.839468032E-1
5.146160836E1,1.456913650E-1,4.076761901E-1,1.680642962E-1
5.146360746E1,1.456913650E-1,4.076761901E-1,1.680642962E-1
5.146560746E1,1.524108797E-1,3.997349441E-1,1.540143937E-1
5.146760749E1,1.597412676E-1,3.893502355E-1,1.430188268E-1
5.146960753E1,1.719585657E-1,3.789655268E-1,1.301906556E-1
5.147160756E1,1.744020283E-1,3.704134226E-1,1.234711409E-1
5.147360759E1,1.823432744E-1,3.563635051E-1,1.112538353E-1
5.147560762E1,1.878410578E-1,3.343723714E-1,9.659306705E-2
5.147760766E1,1.915062517E-1,3.258202374E-1,8.865182102E-2
5.147960769E1,1.970040351E-1,3.032182455E-1,7.887797803E-2
5.148160856E1,2.025018334E-1,2.793944776E-1,6.482807547E-2
5.148360942E1,2.043344229E-1,2.677880526E-1,5.749769136E-2
5.148560939E1,2.061670274E-1,2.421317101E-1,4.283692688E-2
5.148760936E1,2.110539377E-1,2.158645093E-1,3.000875562E-2
5.148960932E1,2.110539377E-1,2.036471963E-1,2.573269792E-2
5.149160929E1,2.098322064E-1,1.737148017E-1,1.473712362E-2
5.149360925E1,2.104430795E-1,1.437824070E-1,1.298088697E-3
5.149560925E1,2.073887438E-1,1.291216463E-1,-3.588833380E-3
5.149760925E1,2.061670274E-1,9.857837856E-2,-1.397354249E-2
5.149960929E1,2.025018334E-1,6.925684959E-2,-2.496911772E-2
5.150160845E1,2.000583708E-1,3.260493279E-2,-3.535382450E-2
5.150360769E1,2.000583708E-1,3.260493279E-2,-3.535382450E-2
5.150560772E1,1.951714456E-1,1.122464892E-2,-3.962988406E-2
5.150760775E1,1.908953935E-1,-3.436116967E-3,-4.512767121E-2
5.150960778E1,1.878410578E-1,-2.725986205E-2,-5.306891724E-2
5.151160782E1,1.798998117E-1,-4.436408728E-2,-5.856670439E-2
5.151360782E1,1.811215430E-1,-5.535966158E-2,-6.345362961E-2
5.151560782E1,1.719585657E-1,-6.940956414E-2,-6.589708477E-2
5.151760782E1,1.658499092E-1,-8.468119800E-2,-7.017314434E-2
5.151960782E1,1.621847153E-1,-9.201157838E-2,-7.078400999E-2
5.152160868E1,1.554652005E-1,-1.011745557E-1,-7.506006956E-2
5.152360958E1,1.511891484E-1,-1.091158018E-1,-7.933612168E-2
5.152560958E1,1.456913650E-1,-1.133918613E-1,-8.361218125E-2
5.152760955E1,1.420261711E-1,-1.195005104E-1,-8.788824081E-2
5.152960952E1,1.365283877E-1,-1.225548387E-1,-9.277515858E-2
5.153160948E1,1.316414624E-1,-1.231657043E-1,-9.216429293E-2
5.153360945E1,1.267545372E-1,-1.225548387E-1,-9.277515858E-2
5.153560941E1,1.194241568E-1,-1.182787865E-1,-9.216429293E-2
5.153760938E1,1.169806942E-1,-1.158353239E-1,-9.094256163E-2
5.153960934E1,1.108720452E-1,-1.109483987E-1,-8.666650951E-2
5.154160844E1,1.059851199E-1,-9.689849615E-2,-8.055785298E-2
5.154360754E1,1.059851199E-1,-9.689849615E-2,-8.055785298E-2
5.154560758E1,1.023199260E-1,-8.773551881E-2,-7.139487565E-2
5.154760761E1,9.682214260E-2,-7.368562371E-2,-6.406449527E-2
5.154960861E1,9.498954564E-2,-6.818783283E-2,-5.978843570E-2
5.155160864E1,9.560041130E-2,-4.741841555E-2,-4.940372705E-2
5.155360868E1,9.621127695E-2,-2.481640130E-2,-3.901901841E-2
5.155560871E1,9.682214260E-2,-1.137736533E-2,-3.229949996E-2
5.155760874E1,9.743300825E-2,1.244637929E-2,-2.130392566E-2
5.155960874E1,9.804387391E-2,4.054617882E-2,-1.030835137E-2
5.156160958E1,1.029307917E-1,5.765040591E-2,-2.367102774E-3
5.156361034E1,1.029307917E-1,7.597636431E-2,8.017606102E-3
5.156561031E1,9.865473956E-2,9.796751291E-2,1.840231568E-2
5.156761027E1,9.987647086E-2,1.077413559E-1,2.573269792E-2
5.156961024E1,1.004873365E-1,1.291216463E-1,3.795000166E-2
5.157161021E1,1.017090604E-1,1.535562575E-1,5.016730726E-2
5.157361021E1,1.035416573E-1,1.669952869E-1,5.566509441E-2
5.157561021E1,1.078177169E-1,1.889864355E-1,6.482807547E-2
5.157761024E1,1.096503139E-1,2.115884423E-1,7.338018715E-2
5.157961027E1,1.127046347E-1,2.250274867E-1,7.948884368E-2
5.158160944E1,1.230893433E-1,2.580142021E-1,9.537133574E-2
5.158361054E1,1.237002090E-1,2.683989108E-1,9.903652966E-2
5.158561057E1,1.273654103E-1,2.812270820E-1,1.069777757E-1
5.158761060E1,1.298088580E-1,2.873357534E-1,1.100321040E-1
5.158961064E1,1.346957833E-1,3.007747829E-1,1.191950813E-1
5.159161067E1,1.377501190E-1,3.093268871E-1,1.301906556E-1
5.159361067E1,1.426370293E-1,3.148246706E-1,1.332449764E-1
5.159561067E1,1.505782902E-1,3.184898794E-1,1.381319016E-1
5.159761067E1,1.542434692E-1,3.276528418E-1,1.424079537E-1
5.159961067E1,1.579086632E-1,3.307071626E-1,1.448514163E-1
5.160161154E1,1.646281779E-1,3.380375504E-1,1.454622895E-1
5.160361244E1,1.676825136E-1,3.429244757E-1,1.448514163E-1
5.160561240E1,1.707368344E-1,3.459787965E-1,1.472948790E-1
5.160761237E1,1.774563491E-1,3.478114009E-1,1.448514163E-1
5.160961137E1,1.817324162E-1,3.447570801E-1,1.436296850E-1
5.161161133E1,1.835650057E-1,3.447570801E-1,1.424079537E-1
5.161361130E1,1.853975952E-1,3.398701549E-1,1.405753642E-1
5.161561127E1,1.878410578E-1,3.307071626E-1,1.332449764E-1
5.161761123E1,1.915062517E-1,3.221550584E-1,1.277471930E-1
5.161961120E1,1.939497143E-1,3.087160289E-1,1.234711409E-1
5.162161033E1,1.963931769E-1,2.793944776E-1,1.143081561E-1
5.162360970E1,1.963931769E-1,2.793944776E-1,1.143081561E-1
5.162560973E1,1.963931769E-1,2.580142021E-1,1.100321040E-1
5.162760976E1,1.951714456E-1,2.299144119E-1,1.045343131E-1
5.162960980E1,1.963931769E-1,2.152536362E-1,9.903652966E-2
5.163160983E1,1.927279830E-1,1.865429729E-1,9.292787313E-2
5.163360986E1,1.945605874E-1,1.559997052E-1,8.193229884E-2
5.163560990E1,1.951714456E-1,1.395063549E-1,7.826711237E-2
5.163760990E1,1.902845204E-1,1.077413559E-1,6.849326193E-2
5.163960986E1,1.902845204E-1,8.208502084E-2,5.933028832E-2
5.164161069E1,1.884519309E-1,6.681338698E-2,5.444336683E-2
5.164360959E1,1.835650057E-1,3.871358559E-2,4.222606122E-2
5.164560956E1,1.768454909E-1,1.366810966E-2,3.245221451E-2
5.164760953E1,1.744020283E-1,2.061670180E-3,3.061962128E-2
5.164960949E1,1.640173197E-1,-1.931861416E-2,2.145664208E-2
5.165160946E1,1.597412676E-1,-4.375322163E-2,1.046106778E-2
5.165360946E1,1.554652005E-1,-5.413793400E-2,9.239336476E-3
5.165560946E1,1.414152980E-1,-7.002042979E-2,3.130684374E-3
5.165760946E1,1.383609772E-1,-8.712465316E-2,-4.810563754E-3
5.165960946E1,1.310305893E-1,-9.689849615E-2,-5.421428941E-3
5.166160859E1,1.151480973E-1,-1.195005104E-1,-1.091921609E-2
5.166360769E1,1.102611795E-1,-1.256091595E-1,-1.153008174E-2
5.166560769E1,1.072068512E-1,-1.298852265E-1,-9.697485715E-3
5.166760769E1,1.017090604E-1,-1.402699351E-1,-8.475755341E-3
5.166960769E1,9.254608303E-2,-1.451568604E-1,-4.810563754E-3
5.167160772E1,9.010262042E-2,-1.518763751E-1,-2.367102774E-3
5.167360776E1,8.277224004E-2,-1.579850167E-1,-2.367102774E-3
5.167560779E1,8.093964309E-2,-1.653154045E-1,1.298088697E-3
5.167760782E1,7.666359097E-2,-1.671480089E-1,2.519819187E-3
5.167960786E1,7.055493444E-2,-1.689805984E-1,4.352414981E-3
5.168160876E1,6.322455406E-2,-1.683697402E-1,9.239336476E-3
5.168360942E1,6.200282276E-2,-1.702023298E-1,1.107193250E-2
5.168560939E1,6.139195710E-2,-1.702023298E-1,1.901318133E-2
5.168760935E1,5.467243865E-2,-1.708131880E-1,2.328923717E-2
5.168960932E1,5.406157300E-2,-1.702023298E-1,2.634356357E-2
5.169160929E1,5.039638281E-2,-1.714240611E-1,3.306308016E-2
5.169360925E1,4.978551716E-2,-1.671480089E-1,3.733913973E-2
5.169560922E1,4.795292020E-2,-1.640936732E-1,4.039346427E-2
5.169760918E1,5.100724846E-2,-1.592067480E-1,4.405865446E-2
5.169960918E1,4.795292020E-2,-1.549306959E-1,4.833471403E-2
5.170160835E1,4.856378585E-2,-1.512655020E-1,5.077817291E-2
5.170360748E1,4.856378585E-2,-1.512655020E-1,5.077817291E-2
5.170560752E1,5.222897977E-2,-1.476003081E-1,5.383250117E-2
5.170760755E1,5.528330430E-2,-1.488220394E-1,5.749769136E-2
5.170960758E1,5.772676691E-2,-1.476003081E-1,5.810855702E-2
5.171160762E1,5.894849449E-2,-1.476003081E-1,6.116288155E-2
5.171360765E1,6.627888232E-2,-1.506546438E-1,6.177374721E-2
5.171560768E1,6.688974798E-2,-1.530981064E-1,6.482807547E-2
5.171760768E1,7.116580009E-2,-1.555415690E-1,6.360634416E-2
5.171960768E1,7.483099401E-2,-1.585958898E-1,6.543894112E-2
5.172160855E1,7.422012836E-2,-1.592067480E-1,6.543894112E-2
5.172360945E1,7.910704613E-2,-1.616502106E-1,6.604980677E-2
5.172560945E1,8.460483700E-2,-1.647045463E-1,6.421720982E-2
5.172760945E1,9.071348608E-2,-1.665371358E-1,6.482807547E-2
5.172960945E1,9.560041130E-2,-1.702023298E-1,6.360634416E-2
5.173160941E1,1.059851199E-1,-1.738675237E-1,6.116288155E-2
5.173360938E1,1.078177169E-1,-1.775327176E-1,5.871942267E-2
5.173560934E1,1.133155003E-1,-1.824196279E-1,5.871942267E-2
5.173760931E1,1.267545372E-1,-1.885282844E-1,5.688682571E-2
5.173960928E1,1.273654103E-1,-1.891391575E-1,5.505422875E-2
5.174160838E1,1.377501190E-1,-1.964695305E-1,5.199990422E-2
5.174360754E1,1.401935667E-1,-2.001347244E-1,5.077817291E-2
5.174560754E1,1.450804919E-1,-2.019673288E-1,4.833471403E-2
5.174760841E1,1.554652005E-1,-2.099085748E-1,4.283692688E-2
5.174960844E1,1.615738571E-1,-2.135737687E-1,3.795000166E-2
5.175160848E1,1.627955884E-1,-2.141846269E-1,3.795000166E-2
5.175360851E1,1.719585657E-1,-2.190715522E-1,3.000875562E-2
5.175560854E1,1.811215430E-1,-2.215150148E-1,2.695442922E-2
5.175760857E1,1.817324162E-1,-2.227367461E-1,2.512183413E-2
5.175960861E1,1.872301996E-1,-2.270127982E-1,2.084577642E-2
5.176160947E1,1.970040351E-1,-2.288453877E-1,1.779145002E-2
5.176361034E1,1.951714456E-1,-2.306779921E-1,1.290452853E-2
5.176561030E1,1.988366395E-1,-2.343431860E-1,8.017606102E-3
5.176761027E1,2.031126916E-1,-2.331214547E-1,3.741549561E-3
5.176961024E1,2.049452960E-1,-2.306779921E-1,6.872233935E-4
5.177161020E1,2.086104751E-1,-2.306779921E-1,-1.756237587E-3
5.177361017E1,2.110539377E-1,-2.318997234E-1,-5.421428941E-3
5.177561014E1,2.159408629E-1,-2.312888503E-1,-8.475755341E-3
5.177761014E1,2.177734673E-1,-2.331214547E-1,-1.030835137E-2
5.177961017E1,2.171625942E-1,-2.312888503E-1,-1.641700417E-2
5.178160933E1,2.189951837E-1,-2.276236564E-1,-2.130392566E-2
5.178360847E1,2.189951837E-1,-2.276236564E-1,-2.130392566E-2
5.178560850E1,2.263255715E-1,-2.270127982E-1,-2.557998151E-2
5.178760853E1,2.226603776E-1,-2.264019251E-1,-2.557998151E-2
5.178960857E1,2.263255715E-1,-2.264019251E-1,-3.046690486E-2
5.179160860E1,2.330450863E-1,-2.264019251E-1,-3.535382450E-2
5.179360863E1,2.330450863E-1,-2.215150148E-1,-3.291036561E-2
5.179560863E1,2.348776907E-1,-2.172389477E-1,-3.657555580E-2
5.179760863E1,2.415972054E-1,-2.141846269E-1,-3.962988406E-2
5.179960863E1,2.397646159E-1,-2.141846269E-1,-4.024074972E-2
5.180160950E1,2.458732575E-1,-2.099085748E-1,-4.146247730E-2
5.180361030E1,2.501493096E-1,-2.062433809E-1,-4.207334295E-2
5.180561030E1,2.477058619E-1,-2.056325078E-1,-4.207334295E-2
5.180760943E1,2.538145185E-1,-2.025781870E-1,-4.268420860E-2
5.180960940E1,2.507601976E-1,-2.037999183E-1,-4.146247730E-2
5.181160936E1,2.519819140E-1,-1.995238662E-1,-4.024074972E-2
5.181360933E1,2.544253767E-1,-1.952477992E-1,-3.901901841E-2
5.181560930E1,2.562579811E-1,-1.879174262E-1,-3.474296257E-2
5.181760926E1,2.538145185E-1,-1.811978966E-1,-3.413209692E-2
5.181960923E1,2.580905557E-1,-1.757001132E-1,-3.352123126E-2
5.182160833E1,2.538145185E-1,-1.640936732E-1,-3.046690486E-2
5.182360939E1,2.550362349E-1,-1.610393524E-1,-2.802344225E-2
5.182560939E1,2.562579811E-1,-1.567633003E-1,-2.680171281E-2
5.182760943E1,2.525927722E-1,-1.512655020E-1,-2.496911772E-2
5.182960946E1,2.495384514E-1,-1.457677186E-1,-2.496911772E-2
5.183160949E1,2.477058619E-1,-1.445459872E-1,-2.252565511E-2
5.183360952E1,2.397646159E-1,-1.378264725E-1,-2.374738641E-2
5.183560956E1,2.379320115E-1,-1.323286891E-1,-2.130392566E-2
5.183760959E1,2.324342281E-1,-1.298852265E-1,-1.947133057E-2
5.183960959E1,2.269364446E-1,-1.231657043E-1,-1.886046492E-2
5.184161046E1,2.189951837E-1,-1.176679209E-1,-1.886046492E-2
5.184361132E1,2.128865421E-1,-1.152244583E-1,-1.702786796E-2
5.184561129E1,2.043344229E-1,-1.072832122E-1,-1.886046492E-2
5.184761126E1,2.006692290E-1,-1.011745557E-1,-1.886046492E-2
5.184961122E1,1.988366395E-1,-9.506590664E-2,-1.824959926E-2
5.185161119E1,1.847867370E-1,-9.017898142E-2,-1.824959926E-2
5.185361115E1,1.774563491E-1,-8.345946670E-2,-1.824959926E-2
5.185561115E1,1.737911552E-1,-7.918340713E-2,-1.580613852E-2
5.185761115E1,1.682933718E-1,-7.551821321E-2,-1.947133057E-2
5.185961115E1,1.591303945E-1,-7.002042979E-2,-1.886046492E-2
5.186161029E1,1.463022232E-1,-6.330090761E-2,-2.191479132E-2
5.186360962E1,1.463022232E-1,-6.330090761E-2,-2.191479132E-2
5.186560962E1,1.371392459E-1,-5.780312419E-2,-2.313652076E-2
5.186760962E1,1.346957833E-1,-5.841398984E-2,-2.374738641E-2
5.186960962E1,1.267545372E-1,-5.535966158E-2,-2.680171281E-2
5.187160962E1,1.194241568E-1,-5.108360574E-2,-2.802344225E-2
5.187360965E1,1.157589629E-1,-4.802928120E-2,-3.046690486E-2
5.187560968E1,1.065959856E-1,-4.802928120E-2,-2.741257846E-2
5.187760972E1,1.047633886E-1,-4.558581859E-2,-3.168863431E-2
5.187960975E1,9.926560521E-2,-4.192062840E-2,-2.985603921E-2
5.188161065E1,9.743300825E-2,-4.375322163E-2,-3.168863431E-2
5.188360962E1,9.071348608E-2,-4.314235970E-2,-3.596469015E-2
5.188560965E1,8.460483700E-2,-4.253149405E-2,-3.535382450E-2
5.188760965E1,8.216137439E-2,-3.825543448E-2,-3.718642145E-2
5.188960962E1,8.155050874E-2,-3.886630014E-2,-3.901901841E-2
5.189160958E1,7.483099401E-2,-4.008803144E-2,-4.024074972E-2
5.189360955E1,7.238753140E-2,-4.130976275E-2,-4.329507425E-2
5.189560951E1,6.933320314E-2,-4.253149405E-2,-4.451680556E-2
5.189760948E1,6.505715102E-2,-4.253149405E-2,-4.512767121E-2
5.189960945E1,6.322455406E-2,-3.886630014E-2,-4.879286140E-2
5.190160855E1,5.894849449E-2,-3.520110995E-2,-5.245805159E-2
5.190360765E1,5.894849449E-2,-3.520110995E-2,-5.245805159E-2
5.190560768E1,6.078109145E-2,-2.970332280E-2,-5.490151420E-2
5.190760771E1,6.017022580E-2,-3.092505224E-2,-5.612324551E-2
5.190960774E1,5.772676691E-2,-3.214678168E-2,-5.856670439E-2
5.191160778E1,5.222897977E-2,-3.214678168E-2,-5.795583874E-2
5.191360781E1,5.222897977E-2,-3.520110995E-2,-5.917757004E-2
5.191560784E1,5.406157300E-2,-3.642284125E-2,-6.101016700E-2
5.191760788E1,5.345070735E-2,-3.275764734E-2,-5.978843570E-2
5.191960791E1,5.406157300E-2,-2.848159149E-2,-6.345362961E-2
5.192160878E1,5.283984542E-2,-2.603813075E-2,-6.284276396E-2
5.192360944E1,5.528330430E-2,-2.359467000E-2,-6.772968173E-2
5.192560944E1,5.894849449E-2,-1.931861416E-2,-6.895141304E-2
5.192760944E1,6.078109145E-2,-1.992947794E-2,-6.895141304E-2
5.192960944E1,6.383541971E-2,-1.992947794E-2,-7.200574130E-2
5.193160944E1,6.078109145E-2,-1.565342210E-2,-7.200574130E-2
5.193360941E1,6.505715102E-2,-1.748601720E-2,-7.383833826E-2
5.193560937E1,6.933320314E-2,-1.626428775E-2,-7.506006956E-2
5.193760934E1,6.994406879E-2,-1.687515154E-2,-7.567093521E-2
5.193960931E1,7.483099401E-2,-1.809688285E-2,-7.506006956E-2
5.194160841E1,8.093964309E-2,-1.687515154E-2,-7.750352472E-2
5.194360747E1,8.093964309E-2,-1.687515154E-2,-7.750352472E-2
5.194560744E1,8.643743396E-2,-1.748601720E-2,-7.628180087E-2
5.194760740E1,8.888089657E-2,-1.870774850E-2,-7.628180087E-2
5.194960740E1,8.949175477E-2,-2.115120925E-2,-7.383833826E-2
5.195160744E1,9.132435173E-2,-2.664899640E-2,-7.383833826E-2
5.195360747E1,1.017090604E-1,-2.848159149E-2,-7.444920391E-2
5.195560750E1,1.023199260E-1,-3.153591976E-2,-7.200574130E-2
5.195760754E1,1.072068512E-1,-2.970332280E-2,-7.139487565E-2
5.195960757E1,1.072068512E-1,-3.336851299E-2,-6.895141304E-2
5.196160847E1,1.065959856E-1,-3.703370690E-2,-7.017314434E-2
5.196360940E1,1.096503139E-1,-3.703370690E-2,-6.711881608E-2
5.196560940E1,1.108720452E-1,-4.008803144E-2,-6.589708477E-2
5.196760860E1,1.102611795E-1,-4.192062840E-2,-6.467536092E-2
5.196960857E1,1.139263660E-1,-4.558581859E-2,-6.162103266E-2
5.197160853E1,1.108720452E-1,-4.741841555E-2,-6.162103266E-2
5.197360850E1,1.120937690E-1,-5.230533704E-2,-6.039930135E-2
5.197560847E1,1.120937690E-1,-5.658139288E-2,-5.917757004E-2
5.197760843E1,1.102611795E-1,-5.902485549E-2,-5.795583874E-2
5.197960840E1,1.084285825E-1,-5.841398984E-2,-5.551237985E-2
5.198160753E1,1.041525230E-1,-6.513350457E-2,-5.245805159E-2
5.198360693E1,1.041525230E-1,-6.513350457E-2,-5.245805159E-2
5.198560696E1,1.010981947E-1,-6.879869848E-2,-5.245805159E-2
5.198760700E1,1.017090604E-1,-7.368562371E-2,-5.001459271E-2
5.198960703E1,9.682214260E-2,-7.429648191E-2,-4.940372705E-2
5.199160706E1,9.865473956E-2,-8.101600409E-2,-4.451680556E-2
5.199360710E1,9.498954564E-2,-8.651378751E-2,-4.268420860E-2
5.199560713E1,9.132435173E-2,-8.712465316E-2,-4.024074972E-2
5.199760716E1,8.521570265E-2,-9.140071273E-2,-4.329507425E-2
5.199960716E1,8.827003092E-2,-9.628763795E-2,-4.024074972E-2
5.200160803E1,8.643743396E-2,-9.689849615E-2,-4.024074972E-2
5.200360893E1,8.277224004E-2,-9.934195876E-2,-3.962988406E-2
5.200560893E1,7.727445662E-2,-1.023962870E-1,-3.596469015E-2
5.200760893E1,7.666359097E-2,-1.066723466E-1,-3.901901841E-2
5.200960893E1,7.422012836E-2,-1.115592644E-1,-3.840815276E-2
5.201160889E1,7.727445662E-2,-1.133918613E-1,-3.779728711E-2
5.201360886E1,7.605272532E-2,-1.140027270E-1,-3.901901841E-2
5.201560883E1,7.544185966E-2,-1.176679209E-1,-4.024074972E-2
5.201760879E1,7.360926270E-2,-1.231657043E-1,-4.085161164E-2
5.201960876E1,7.544185966E-2,-1.243874356E-1,-4.329507425E-2
5.202160786E1,6.872233748E-2,-1.311069578E-1,-4.390593991E-2
5.202360746E1,7.360926270E-2,-1.341612786E-1,-4.634939879E-2
5.202560742E1,7.299839705E-2,-1.384373307E-1,-4.634939879E-2
5.202760819E1,7.422012836E-2,-1.421025246E-1,-5.001459271E-2
5.202960822E1,8.093964309E-2,-1.463785917E-1,-5.123632401E-2
5.203160826E1,7.483099401E-2,-1.482111812E-1,-5.306891724E-2
5.203360829E1,8.032877743E-2,-1.524872333E-1,-5.673411116E-2
5.203560832E1,7.971791178E-2,-1.573741585E-1,-6.039930135E-2
5.203760836E1,8.093964309E-2,-1.616502106E-1,-6.345362961E-2
5.203960839E1,8.155050874E-2,-1.677588671E-1,-6.589708477E-2
5.204160929E1,8.338310570E-2,-1.738675237E-1,-7.200574130E-2
5.204360992E1,8.949175477E-2,-1.769218445E-1,-7.078400999E-2
5.204560989E1,8.827003092E-2,-1.824196279E-1,-7.506006956E-2
5.204760985E1,8.949175477E-2,-1.885282844E-1,-7.811439037E-2
5.204960982E1,9.560041130E-2,-1.891391575E-1,-7.689265907E-2
5.205160979E1,9.743300825E-2,-1.940260679E-1,-8.055785298E-2
5.205360975E1,1.010981947E-1,-1.964695305E-1,-8.239044994E-2
5.205560972E1,1.029307917E-1,-1.964695305E-1,-8.483391255E-2
5.205760968E1,1.053742543E-1,-1.983021349E-1,-8.422304690E-2
5.205960968E1,1.072068512E-1,-2.007455975E-1,-8.605564386E-2
5.206160885E1,1.102611795E-1,-2.013564557E-1,-8.666650951E-2
5.206360992E1,1.102611795E-1,-2.013564557E-1,-8.666650951E-2
5.206560995E1,1.182024255E-1,-2.019673288E-1,-8.544477820E-2
5.206760998E1,1.188132912E-1,-2.013564557E-1,-8.666650951E-2
5.206961001E1,1.200350225E-1,-2.013564557E-1,-8.483391255E-2
5.207161005E1,1.218676195E-1,-2.007455975E-1,-8.422304690E-2
5.207361008E1,1.182024255E-1,-2.001347244E-1,-8.483391255E-2
5.207561011E1,1.206458881E-1,-1.983021349E-1,-8.239044994E-2
5.207761011E1,1.230893433E-1,-1.964695305E-1,-8.239044994E-2
5.207961011E1,1.243110746E-1,-1.928043365E-1,-7.811439037E-2
5.208161098E1,1.237002090E-1,-1.915826052E-1,-7.872525603E-2
5.208361134E1,1.224784851E-1,-1.860848218E-1,-7.506006956E-2
5.208561135E1,1.212567538E-1,-1.836413592E-1,-7.017314434E-2
5.208761135E1,1.261436790E-1,-1.842522323E-1,-7.139487565E-2
5.208961131E1,1.218676195E-1,-1.781435758E-1,-6.772968173E-2
5.209161128E1,1.163698286E-1,-1.781435758E-1,-6.284276396E-2
5.209361124E1,1.163698286E-1,-1.775327176E-1,-6.162103266E-2
5.209561121E1,1.127046347E-1,-1.726457924E-1,-5.551237985E-2
5.209761118E1,1.096503139E-1,-1.653154045E-1,-5.306891724E-2
5.209961114E1,1.114829108E-1,-1.592067480E-1,-5.001459271E-2
5.210161024E1,1.096503139E-1,-1.451568604E-1,-4.207334295E-2
5.210360954E1,1.053742543E-1,-1.433242559E-1,-4.024074972E-2
5.210560954E1,1.004873365E-1,-1.396590620E-1,-3.657555580E-2
5.210760957E1,9.743300825E-2,-1.311069578E-1,-3.291036561E-2
5.210960961E1,9.560041130E-2,-1.256091595E-1,-2.741257846E-2
5.211160964E1,9.437867999E-2,-1.219439730E-1,-2.435825206E-2
5.211360967E1,8.827003092E-2,-1.158353239E-1,-2.069306001E-2
5.211560971E1,8.643743396E-2,-1.097266674E-1,-1.641700417E-2
5.211760974E1,8.460483700E-2,-1.054506153E-1,-1.397354249E-2
5.211960977E1,7.788532227E-2,-9.812022746E-2,-7.864889689E-3
5.212161064E1,7.544185966E-2,-9.201157838E-2,-2.977967961E-3
5.212360957E1,6.933320314E-2,-8.834638447E-2,-1.756237587E-3
5.212560954E1,7.177666575E-2,-7.673994452E-2,3.741549561E-3
5.212760950E1,6.811147183E-2,-6.513350457E-2,8.628471754E-3
5.212960947E1,6.444628537E-2,-6.024658307E-2,1.290452853E-2
5.213160944E1,6.688974798E-2,-4.925100878E-2,1.718058437E-2
5.213360940E1,6.322455406E-2,-3.947716579E-2,2.206750773E-2
5.213560937E1,6.200282276E-2,-3.520110995E-2,2.206750773E-2
5.213760897E1,6.078109145E-2,-2.603813075E-2,2.878702432E-2
5.213960897E1,6.383541971E-2,-1.626428775E-2,3.184135258E-2
5.214160810E1,6.139195710E-2,-2.214386594E-3,3.306308016E-2
5.214360720E1,6.139195710E-2,-2.214386594E-3,3.306308016E-2
5.214560720E1,6.383541971E-2,6.948592141E-3,3.856086731E-2
5.214760720E1,6.017022580E-2,8.781188168E-3,3.795000166E-2
5.214960720E1,6.139195710E-2,1.550070569E-2,4.100432992E-2
5.215160720E1,5.711590126E-2,1.977676153E-2,4.161519557E-2
5.215360720E1,5.711590126E-2,2.405281924E-2,4.344778880E-2
5.215560723E1,5.833763257E-2,2.893974073E-2,4.405865446E-2
5.215760727E1,5.833763257E-2,3.504839167E-2,4.589125142E-2
5.215960730E1,5.772676691E-2,3.688098863E-2,4.650211707E-2
5.216160820E1,5.894849449E-2,4.360050708E-2,4.955644161E-2
5.216360890E1,5.894849449E-2,5.093089119E-2,5.077817291E-2
5.216560893E1,5.650503561E-2,5.093089119E-2,4.894557595E-2
5.216760893E1,5.955936015E-2,5.765040591E-2,4.711298272E-2
5.216960893E1,6.261368841E-2,6.498079002E-2,4.772384837E-2
5.217160890E1,6.200282276E-2,6.620252132E-2,4.833471403E-2
5.217360886E1,6.322455406E-2,6.864598393E-2,4.650211707E-2
5.217560883E1,6.322455406E-2,7.047858089E-2,4.894557595E-2
5.217760880E1,6.444628537E-2,7.353290170E-2,4.772384837E-2
5.217960876E1,7.116580009E-2,7.597636431E-2,4.650211707E-2
5.218160793E1,7.116580009E-2,7.597636431E-2,4.161519557E-2
5.218360703E1,7.116580009E-2,7.597636431E-2,4.161519557E-2
5.218560706E1,7.299839705E-2,7.536549866E-2,4.100432992E-2
5.218760709E1,7.544185966E-2,7.536549866E-2,3.856086731E-2
5.218960713E1,7.483099401E-2,7.475463301E-2,3.489567712E-2
5.219160716E1,7.238753140E-2,7.475463301E-2,3.550654277E-2
5.219360719E1,7.666359097E-2,7.231117040E-2,3.245221451E-2
5.219560723E1,7.360926270E-2,7.047858089E-2,3.123048507E-2
5.219760766E1,7.849618047E-2,7.170030475E-2,3.000875562E-2
5.219960769E1,7.605272532E-2,6.986771524E-2,2.634356357E-2
5.220160856E1,7.788532227E-2,6.864598393E-2,2.084577642E-2
5.220360946E1,7.849618047E-2,6.864598393E-2,2.145664208E-2
5.220560946E1,7.788532227E-2,6.803511828E-2,1.901318133E-2
5.220760946E1,7.849618047E-2,6.498079002E-2,1.718058437E-2
5.220960946E1,7.605272532E-2,6.375905871E-2,1.534798928E-2
5.221160946E1,7.910704613E-2,5.948300287E-2,9.239336476E-3
5.221360946E1,7.666359097E-2,5.887213722E-2,6.795875728E-3
5.221560942E1,7.544185966E-2,5.765040591E-2,6.185010541E-3
5.221760939E1,7.116580009E-2,5.459608138E-2,5.574145354E-3
5.221960936E1,6.994406879E-2,5.398521572E-2,2.519819187E-3
5.222160846E1,6.566801667E-2,5.215261877E-2,-1.145372284E-3
5.222360752E1,6.566801667E-2,5.215261877E-2,-1.145372284E-3
5.222560749E1,6.505715102E-2,5.032002553E-2,-2.977967961E-3
5.222760745E1,6.200282276E-2,4.909829423E-2,-3.588833380E-3
5.222960742E1,6.261368841E-2,5.032002553E-2,-3.588833380E-3
5.223160742E1,6.200282276E-2,4.848742858E-2,-5.421428941E-3
5.223360745E1,5.772676691E-2,4.787656292E-2,-4.810563754E-3
5.223560749E1,5.711590126E-2,4.604396969E-2,-4.199698567E-3
5.223760752E1,5.222897977E-2,4.604396969E-2,-7.254024968E-3
5.223960755E1,5.100724846E-2,4.665483162E-2,-5.421428941E-3
5.224160839E1,5.222897977E-2,4.543310404E-2,-8.475755341E-3
5.224360932E1,4.734205827E-2,4.604396969E-2,-7.864889689E-3
5.224560932E1,4.856378585E-2,4.604396969E-2,-9.086620063E-3
5.224760932E1,4.734205827E-2,4.665483162E-2,-7.254024968E-3
5.224960928E1,4.612032697E-2,4.543310404E-2,-6.643159315E-3
5.225160925E1,4.489859566E-2,4.665483162E-2,-4.199698567E-3
5.225360922E1,4.245513305E-2,4.787656292E-2,-5.421428941E-3
5.225560918E1,4.856378585E-2,4.848742858E-2,-2.977967961E-3
5.225760915E1,4.245513305E-2,5.093089119E-2,-1.756237587E-3
5.225960911E1,4.306599870E-2,5.459608138E-2,-2.977967961E-3
5.226160825E1,4.245513305E-2,5.581781268E-2,7.635815564E-5
5.226360738E1,4.245513305E-2,5.581781268E-2,7.635815564E-5
5.226560741E1,3.512475267E-2,5.581781268E-2,2.519819187E-3
5.226760745E1,4.184427112E-2,5.765040591E-2,1.298088697E-3
5.226960748E1,3.512475267E-2,5.826127157E-2,2.519819187E-3
5.227160751E1,3.268129006E-2,6.009386852E-2,3.130684374E-3
5.227360755E1,3.451388702E-2,6.192646548E-2,1.908953884E-3
5.227560758E1,3.390302137E-2,6.253732741E-2,5.574145354E-3
5.227760761E1,3.207042441E-2,6.314819306E-2,6.795875728E-3
5.227960761E1,3.023782931E-2,6.681338698E-2,7.406740915E-3
5.228160848E1,3.023782931E-2,6.559165567E-2,4.352414981E-3
5.228360938E1,2.596177347E-2,6.498079002E-2,7.406740915E-3
5.228560938E1,2.718350291E-2,6.375905871E-2,6.795875728E-3
5.228760938E1,2.168571576E-2,6.498079002E-2,8.017606102E-3
5.228960938E1,2.290744707E-2,6.253732741E-2,8.017606102E-3
5.229160938E1,2.229658142E-2,6.070473418E-2,9.239336476E-3
5.229360934E1,1.985312067E-2,6.009386852E-2,1.168279815E-2
5.229560931E1,1.985312067E-2,6.192646548E-2,1.046106778E-2
5.229760928E1,2.290744707E-2,6.070473418E-2,1.168279815E-2
5.229960924E1,1.802052557E-2,6.192646548E-2,1.229366288E-2
5.230160834E1,1.802052557E-2,6.131559983E-2,1.229366288E-2
5.230360904E1,1.618792862E-2,6.131559983E-2,1.351539325E-2
5.230560901E1,1.496619824E-2,6.253732741E-2,1.290452853E-2
5.230760897E1,1.618792862E-2,5.826127157E-2,1.290452853E-2
5.230960897E1,2.046398632E-2,5.887213722E-2,1.412625890E-2
5.231160901E1,1.557706390E-2,5.887213722E-2,1.290452853E-2
5.231360904E1,1.679879427E-2,5.703954399E-2,1.351539325E-2
5.231560907E1,1.252273750E-2,5.398521572E-2,1.290452853E-2
5.231760910E1,1.618792862E-2,5.093089119E-2,1.168279815E-2
5.231960914E1,1.313360315E-2,5.032002553E-2,1.290452853E-2
5.232161004E1,1.191187184E-2,4.726569727E-2,1.229366288E-2
5.232361094E1,1.374446787E-2,4.421137273E-2,1.168279815E-2
5.232561094E1,8.857546374E-3,4.115704447E-2,1.046106778E-2
5.232761090E1,1.191187184E-2,3.993531689E-2,9.850202128E-3
5.232961087E1,1.313360315E-2,3.993531689E-2,1.229366288E-2
5.233161084E1,1.557706390E-2,3.565925732E-2,1.229366288E-2
5.233361080E1,1.435533352E-2,3.443752974E-2,1.229366288E-2
5.233561077E1,1.618792862E-2,3.260493279E-2,1.107193250E-2
5.233761073E1,1.679879427E-2,3.016147204E-2,1.168279815E-2
5.233961073E1,1.740965992E-2,3.016147204E-2,1.107193250E-2
5.234160987E1,1.924225502E-2,2.771801129E-2,1.168279815E-2
5.234360917E1,1.924225502E-2,2.771801129E-2,1.168279815E-2
5.234560917E1,1.863138936E-2,2.527454868E-2,1.229366288E-2
5.234760917E1,1.985312067E-2,2.527454868E-2,1.168279815E-2
5.234960917E1,2.107485011E-2,2.466368489E-2,1.046106778E-2
5.235160917E1,2.229658142E-2,1.977676153E-2,1.229366288E-2
5.235360933E1,2.290744707E-2,1.855503209E-2,1.229366288E-2
5.235560933E1,2.535090782E-2,1.733330078E-2,9.850202128E-3
5.235760937E1,2.229658142E-2,1.672243699E-2,1.473712362E-2
5.235960940E1,2.779436857E-2,1.305724494E-2,1.290452853E-2
5.236161030E1,2.657263726E-2,1.488984004E-2,1.534798928E-2
5.236360960E1,2.962696366E-2,1.550070569E-2,1.351539325E-2
5.236560963E1,3.451388702E-2,1.305724494E-2,1.290452853E-2
5.236760966E1,3.084869497E-2,1.427897532E-2,1.351539325E-2
5.236961017E1,3.145955876E-2,1.550070569E-2,1.351539325E-2
5.237161016E1,3.329215571E-2,1.488984004E-2,1.290452853E-2
5.237361013E1,3.023782931E-2,1.183551457E-2,1.412625890E-2
5.237561010E1,3.329215571E-2,1.122464892E-2,1.168279815E-2
5.237761006E1,3.268129006E-2,1.061378326E-2,1.656972058E-2
5.237961003E1,3.145955876E-2,7.559457328E-3,1.595885493E-2
5.238160913E1,3.573561832E-2,1.000291854E-2,1.656972058E-2
5.238360820E1,3.390302137E-2,1.061378326E-2,1.473712362E-2
5.238560816E1,3.878994286E-2,1.061378326E-2,1.656972058E-2
5.238760816E1,3.756821156E-2,8.170322515E-3,1.412625890E-2
5.238960819E1,3.756821156E-2,1.000291854E-2,1.412625890E-2
5.239160823E1,3.329215571E-2,1.061378326E-2,1.534798928E-2
5.239360826E1,4.245513305E-2,1.183551457E-2,1.779145002E-2
5.239560829E1,3.940080851E-2,1.122464892E-2,1.534798928E-2
5.239760833E1,3.756821156E-2,1.183551457E-2,1.656972058E-2
5.239960836E1,4.123340547E-2,1.244637929E-2,1.656972058E-2
5.240160926E1,4.673119262E-2,1.122464892E-2,1.595885493E-2
5.240360999E1,4.489859566E-2,1.183551457E-2,1.656972058E-2
5.240560999E1,4.612032697E-2,1.122464892E-2,1.534798928E-2
5.240760999E1,4.734205827E-2,1.000291854E-2,1.534798928E-2
5.240960999E1,4.917465150E-2,9.392052889E-3,1.595885493E-2
5.241160999E1,5.283984542E-2,7.559457328E-3,1.656972058E-2
5.241360982E1,4.795292020E-2,6.337726954E-3,1.351539325E-2
5.241560986E1,4.978551716E-2,6.337726954E-3,1.595885493E-2
5.241760982E1,5.345070735E-2,1.450804994E-3,1.290452853E-2
5.241960979E1,5.467243865E-2,3.283400787E-3,1.351539325E-2
5.242160889E1,5.039638281E-2,1.450804994E-3,1.412625890E-2
5.242360796E1,5.039638281E-2,1.450804994E-3,1.412625890E-2
5.242560792E1,5.345070735E-2,8.399396902E-4,1.046106778E-2
5.242760789E1,5.100724846E-2,2.061670180E-3,9.850202128E-3
5.242960739E1,5.467243865E-2,2.061670180E-3,1.290452853E-2
5.243160735E1,5.222897977E-2,1.450804994E-3,1.107193250E-2
5.243360735E1,5.650503561E-2,2.290744742E-4,9.239336476E-3
5.243560739E1,5.406157300E-2,-3.817907709E-4,8.628471754E-3
5.243760742E1,4.978551716E-2,-3.817907709E-4,9.239336476E-3
5.243960745E1,4.917465150E-2,-1.603521290E-3,9.850202128E-3
5.244160835E1,4.795292020E-2,-9.926559869E-4,7.406740915E-3
5.244360929E1,4.612032697E-2,-2.825251780E-3,8.628471754E-3
5.244560932E1,4.428773001E-2,-3.436116967E-3,8.017606102E-3
5.244760935E1,4.673119262E-2,-1.603521290E-3,6.795875728E-3
5.244960935E1,4.001167417E-2,-2.825251780E-3,4.963280167E-3
5.245160932E1,3.940080851E-2,-2.214386594E-3,4.963280167E-3
5.245360928E1,3.940080851E-2,-9.926559869E-4,4.352414981E-3
5.245560925E1,3.268129006E-2,-3.436116967E-3,7.406740915E-3
5.245760922E1,3.268129006E-2,-1.603521290E-3,4.352414981E-3
5.245960918E1,2.901609987E-2,-2.214386594E-3,5.574145354E-3
5.246160828E1,2.718350291E-2,-9.926559869E-4,8.628471754E-3
5.246360745E1,2.474004216E-2,8.399396902E-4,5.574145354E-3
5.246560745E1,2.596177347E-2,8.399396902E-4,6.185010541E-3
5.246760748E1,2.351831272E-2,-1.603521290E-3,4.352414981E-3
5.246960751E1,1.802052557E-2,-1.603521290E-3,3.741549561E-3
5.247160755E1,1.740965992E-2,2.290744742E-4,4.352414981E-3
5.247360758E1,1.252273750E-2,-2.214386594E-3,3.741549561E-3
5.247560758E1,1.496619824E-2,-2.214386594E-3,1.908953884E-3
5.247760761E1,1.252273750E-2,-2.825251780E-3,2.519819187E-3
5.247960765E1,1.069014147E-2,-2.214386594E-3,6.872233935E-4
5.248160855E1,7.024950348E-3,-3.436116967E-3,1.908953884E-3
5.248360945E1,4.581489135E-3,-3.436116967E-3,1.298088697E-3
5.248560945E1,1.527163084E-3,-5.268712528E-3,-5.345070967E-4
5.248760945E1,-9.162978968E-4,-4.657847341E-3,-1.756237587E-3
5.248960945E1,3.970623948E-3,-8.323038928E-3,7.635815564E-5
5.249160945E1,-1.527163084E-3,-7.101308554E-3,-2.367102774E-3
5.249360945E1,9.162978968E-4,-9.544769302E-3,-2.977967961E-3
5.249560941E1,-5.192354787E-3,-1.076649968E-2,-6.643159315E-3
5.249760938E1,-3.054326226E-4,-1.382082608E-2,-6.032294128E-3
5.249960934E1,-3.970623948E-3,-1.320996135E-2,-6.032294128E-3
5.250160844E1,-6.414085161E-3,-1.320996135E-2,-7.864889689E-3
5.250360751E1,-6.414085161E-3,-1.320996135E-2,-7.864889689E-3
5.250560748E1,-7.635815535E-3,-1.504255645E-2,-7.254024968E-3
5.250760744E1,-8.857546374E-3,-1.443169173E-2,-9.086620063E-3
5.250960741E1,-9.468411095E-3,-1.504255645E-2,-9.086620063E-3
5.251160741E1,-6.414085161E-3,-1.565342210E-2,-1.153008174E-2
5.251360744E1,-8.246680722E-3,-1.504255645E-2,-8.475755341E-3
5.251560747E1,-3.970623948E-3,-1.748601720E-2,-9.697485715E-3
5.251760751E1,-7.024950348E-3,-1.687515154E-2,-1.030835137E-2
5.251960754E1,-5.192354787E-3,-1.931861416E-2,-1.214094646E-2
5.252160844E1,-7.024950348E-3,-1.626428775E-2,-1.030835137E-2
5.252360927E1,-2.748893574E-3,-1.748601720E-2,-1.275181212E-2
5.252560931E1,-6.414085161E-3,-1.931861416E-2,-1.091921609E-2
5.252760931E1,-6.414085161E-3,-1.748601720E-2,-1.214094646E-2
5.252960927E1,-2.138028387E-3,-1.870774850E-2,-9.697485715E-3
5.253160924E1,2.748893574E-3,-2.054034360E-2,-7.864889689E-3
5.253360920E1,1.527163084E-3,-1.992947794E-2,-7.864889689E-3
5.253560917E1,3.970623948E-3,-1.809688285E-2,-9.086620063E-3
5.253760914E1,1.527163084E-3,-2.054034360E-2,-7.864889689E-3
5.253960910E1,4.581489135E-3,-1.931861416E-2,-7.864889689E-3
5.254160820E1,6.414085161E-3,-1.992947794E-2,-7.254024968E-3
5.254360924E1,9.468411095E-3,-1.748601720E-2,-5.421428941E-3
5.254560927E1,8.246680722E-3,-2.054034360E-2,-6.643159315E-3
5.254760930E1,1.007927675E-2,-1.870774850E-2,-6.643159315E-3
5.254960933E1,1.007927675E-2,-1.992947794E-2,-5.421428941E-3
5.255160937E1,1.435533352E-2,-1.931861416E-2,-4.199698567E-3
5.255360940E1,1.740965992E-2,-1.931861416E-2,-6.032294128E-3
5.255560943E1,1.557706390E-2,-1.748601720E-2,-4.199698567E-3
5.255760947E1,1.740965992E-2,-2.115120925E-2,-3.588833380E-3
5.255960950E1,1.618792862E-2,-1.992947794E-2,-2.367102774E-3
5.256161036E1,1.740965992E-2,-2.176207490E-2,-4.199698567E-3
5.256361127E1,2.168571576E-2,-2.115120925E-2,-1.756237587E-3
5.256561126E1,2.168571576E-2,-2.176207490E-2,-4.199698567E-3
5.256761127E1,1.863138936E-2,-2.298380435E-2,-4.199698567E-3
5.256961127E1,2.351831272E-2,-2.237293869E-2,-4.199698567E-3
5.257161126E1,2.229658142E-2,-2.420553565E-2,-1.756237587E-3
5.257361123E1,2.535090782E-2,-2.237293869E-2,-2.367102774E-3
5.257561120E1,2.351831272E-2,-2.237293869E-2,-2.367102774E-3
5.257761116E1,2.168571576E-2,-2.176207490E-2,-2.977967961E-3
5.257961113E1,2.840523422E-2,-1.992947794E-2,-2.367102774E-3
5.258161023E1,2.412917651E-2,-1.931861416E-2,-1.756237587E-3
5.258360950E1,2.412917651E-2,-1.931861416E-2,-1.756237587E-3
5.258560946E1,2.596177347E-2,-1.992947794E-2,-2.977967961E-3
5.258760943E1,2.962696366E-2,-1.809688285E-2,-1.756237587E-3
5.258960943E1,2.779436857E-2,-2.115120925E-2,-2.367102774E-3
5.259160943E1,2.596177347E-2,-2.115120925E-2,-2.977967961E-3
5.259360946E1,2.901609987E-2,-1.931861416E-2,-3.588833380E-3
5.259560949E1,2.840523422E-2,-2.054034360E-2,-1.756237587E-3
5.259760953E1,2.718350291E-2,-1.992947794E-2,6.872233935E-4
5.259960956E1,2.718350291E-2,-1.870774850E-2,2.519819187E-3
5.260161046E1,3.207042441E-2,-1.992947794E-2,2.519819187E-3
5.260360946E1,2.840523422E-2,-1.931861416E-2,1.908953884E-3
5.260560946E1,2.718350291E-2,-1.992947794E-2,3.130684374E-3
5.260760943E1,2.779436857E-2,-1.809688285E-2,4.352414981E-3
5.260960939E1,2.474004216E-2,-1.565342210E-2,4.963280167E-3
5.261160936E1,2.840523422E-2,-1.382082608E-2,4.352414981E-3
5.261360932E1,2.779436857E-2,-1.259909570E-2,9.239336476E-3
5.261560929E1,2.962696366E-2,-1.259909570E-2,6.185010541E-3
5.261760926E1,3.023782931E-2,-8.933904581E-3,7.406740915E-3
5.261960922E1,2.596177347E-2,-8.933904581E-3,6.185010541E-3
5.262160835E1,2.596177347E-2,-7.712173741E-3,4.963280167E-3
5.262360745E1,2.596177347E-2,-7.712173741E-3,4.963280167E-3
5.262560745E1,3.084869497E-2,-8.933904581E-3,8.017606102E-3
5.262760745E1,3.207042441E-2,-1.137736533E-2,5.574145354E-3
5.262960745E1,3.145955876E-2,-1.015563495E-2,6.185010541E-3
5.263160745E1,2.962696366E-2,-1.137736533E-2,4.963280167E-3
5.263360745E1,3.023782931E-2,-1.320996135E-2,4.963280167E-3
5.263560745E1,3.084869497E-2,-1.443169173E-2,6.795875728E-3
5.263760745E1,2.779436857E-2,-1.443169173E-2,6.185010541E-3
5.263960749E1,3.145955876E-2,-1.565342210E-2,4.963280167E-3
5.264160839E1,2.657263726E-2,-1.626428775E-2,4.352414981E-3
5.264360912E1,2.474004216E-2,-1.809688285E-2,3.130684374E-3
5.264560915E1,2.840523422E-2,-1.809688285E-2,3.130684374E-3
5.264760919E1,2.779436857E-2,-1.931861416E-2,2.519819187E-3
5.264960922E1,2.840523422E-2,-1.992947794E-2,3.130684374E-3
5.265160925E1,1.863138936E-2,-2.176207490E-2,2.519819187E-3
5.265360925E1,2.168571576E-2,-2.237293869E-2,3.130684374E-3
5.265560922E1,2.351831272E-2,-2.298380435E-2,6.872233935E-4
5.265760918E1,1.802052557E-2,-2.359467000E-2,1.908953884E-3
5.265960915E1,2.107485011E-2,-2.298380435E-2,-5.345070967E-4
5.266160825E1,1.924225502E-2,-2.420553565E-2,-5.345070967E-4
5.266360732E1,1.924225502E-2,-2.420553565E-2,-5.345070967E-4
5.266560728E1,1.557706390E-2,-2.420553565E-2,-2.367102774E-3
5.266760728E1,1.557706390E-2,-2.542726509E-2,-2.367102774E-3
5.266960728E1,1.252273750E-2,-2.542726509E-2,-1.756237587E-3
5.267160732E1,1.191187184E-2,-2.481640130E-2,-4.810563754E-3
5.267360735E1,1.007927675E-2,-2.420553565E-2,-4.810563754E-3
5.267560738E1,1.130100712E-2,-2.359467000E-2,-7.864889689E-3
5.267760741E1,9.468411095E-3,-2.603813075E-2,-6.032294128E-3
5.267960745E1,1.007927675E-2,-2.298380435E-2,-6.032294128E-3
5.268160835E1,1.130100712E-2,-2.420553565E-2,-5.421428941E-3
5.268360928E1,7.024950348E-3,-2.481640130E-2,-6.643159315E-3
5.268560928E1,6.414085161E-3,-2.237293869E-2,-7.864889689E-3
5.268760928E1,8.857546374E-3,-2.420553565E-2,-7.864889689E-3
5.268960928E1,5.803219974E-3,-2.237293869E-2,-8.475755341E-3
5.269160928E1,8.246680722E-3,-2.176207490E-2,-7.254024968E-3
5.269360928E1,1.527163084E-3,-2.420553565E-2,-9.697485715E-3
5.269560928E1,2.138028387E-3,-2.542726509E-2,-9.697485715E-3
5.269760928E1,-1.527163084E-3,-2.542726509E-2,-9.697485715E-3
5.269960891E1,1.527163084E-3,-2.603813075E-2,-8.475755341E-3
5.270160801E1,-9.162978968E-4,-2.725986205E-2,-1.214094646E-2
5.270360715E1,-9.162978968E-4,-2.725986205E-2,-1.214094646E-2
5.270560711E1,9.162978968E-4,-2.848159149E-2,-1.030835137E-2
5.270760708E1,3.054326226E-4,-3.092505224E-2,-9.697485715E-3
5.270960731E1,2.138028387E-3,-3.214678168E-2,-1.091921609E-2
5.271160728E1,-2.138028387E-3,-3.092505224E-2,-1.091921609E-2
5.271360724E1,2.138028387E-3,-3.153591976E-2,-9.697485715E-3
5.271560724E1,-2.138028387E-3,-3.520110995E-2,-7.864889689E-3
5.271760728E1,9.162978968E-4,-3.336851299E-2,-9.697485715E-3
5.271960731E1,-1.527163084E-3,-3.336851299E-2,-8.475755341E-3
5.272160731E1,-3.054326226E-4,-3.397937864E-2,-9.086620063E-3
5.272360824E1,9.162978968E-4,-3.092505224E-2,-6.643159315E-3
5.272560828E1,-9.162978968E-4,-3.275764734E-2,-7.864889689E-3
5.272760831E1,1.527163084E-3,-3.153591976E-2,-5.421428941E-3
5.272960834E1,9.162978968E-4,-3.092505224E-2,-6.032294128E-3
5.273160834E1,1.527163084E-3,-2.725986205E-2,-5.421428941E-3
5.273360831E1,3.359758761E-3,-2.787072770E-2,-4.199698567E-3
5.273560827E1,2.138028387E-3,-2.787072770E-2,-6.032294128E-3
5.273760824E1,9.162978968E-4,-2.542726509E-2,-4.199698567E-3
5.273960820E1,1.527163084E-3,-2.542726509E-2,-4.810563754E-3
5.274160730E1,4.581489135E-3,-2.359467000E-2,-2.367102774E-3
5.274360637E1,5.192354787E-3,-2.115120925E-2,-4.199698567E-3
5.274560637E1,3.054326226E-4,-2.115120925E-2,-1.756237587E-3
5.274760637E1,2.138028387E-3,-1.992947794E-2,-1.756237587E-3
5.274960640E1,-4.581489135E-3,-1.809688285E-2,-1.756237587E-3
5.275160644E1,9.162978968E-4,-1.565342210E-2,-1.145372284E-3
5.275360647E1,3.054326226E-4,-1.320996135E-2,-3.588833380E-3
5.275560650E1,-3.054326226E-4,-9.544769302E-3,-5.345070967E-4
5.275760654E1,-2.748893574E-3,-5.879578181E-3,-5.345070967E-4
5.275960690E1,-9.162978968E-4,-4.046982154E-3,-1.756237587E-3
5.276160780E1,-1.527163084E-3,-1.603521290E-3,-5.345070967E-4
5.276360864E1,-3.359758761E-3,-3.817907709E-4,-5.345070967E-4
5.276560864E1,-3.359758761E-3,2.672535367E-3,-2.367102774E-3
5.276760864E1,-3.054326226E-4,7.559457328E-3,-2.367102774E-3
5.276960837E1,-9.162978968E-4,9.392052889E-3,-3.588833380E-3
5.277160837E1,-1.527163084E-3,8.781188168E-3,-5.421428941E-3
5.277360837E1,-9.162978968E-4,1.305724494E-2,-2.977967961E-3
5.277560837E1,-1.527163084E-3,1.244637929E-2,-4.199698567E-3
5.277760853E1,-3.054326226E-4,1.427897532E-2,-5.421428941E-3
5.277960850E1,-9.162978968E-4,1.733330078E-2,-4.810563754E-3
5.278160850E1,-9.162978968E-4,1.733330078E-2,-9.086620063E-3
5.278360923E1,-9.162978968E-4,1.733330078E-2,-9.086620063E-3
5.278560920E1,-3.054326226E-4,1.916589774E-2,-1.030835137E-2
5.278760917E1,-3.054326226E-4,2.038762718E-2,-7.864889689E-3
5.278960913E1,-3.054326226E-4,1.672243699E-2,-7.864889689E-3
5.279160910E1,9.162978968E-4,1.794416644E-2,-1.153008174E-2
5.279360910E1,-1.527163084E-3,2.038762718E-2,-1.153008174E-2
5.279560913E1,3.970623948E-3,1.855503209E-2,-1.153008174E-2
5.279760916E1,-9.162978968E-4,1.733330078E-2,-1.153008174E-2
5.279960920E1,-2.138028387E-3,1.611157134E-2,-1.519527286E-2
5.280161010E1,-1.527163084E-3,1.672243699E-2,-1.397354249E-2
5.280361103E1,3.054326226E-4,1.427897532E-2,-1.519527286E-2
5.280561066E1,2.138028387E-3,1.427897532E-2,-1.641700417E-2
5.280761070E1,-2.138028387E-3,1.366810966E-2,-1.702786796E-2
5.280961070E1,-2.748893574E-3,1.122464892E-2,-1.824959926E-2
5.281161066E1,-9.162978968E-4,6.948592141E-3,-1.886046492E-2
5.281361063E1,-2.748893574E-3,5.726861767E-3,-1.947133057E-2
5.281561059E1,-3.970623948E-3,5.115996581E-3,-1.824959926E-2
5.281761056E1,-3.970623948E-3,2.290744742E-4,-2.191479132E-2
5.281961052E1,-7.635815535E-3,-1.603521290E-3,-2.130392566E-2
5.282160962E1,-6.414085161E-3,-4.046982154E-3,-2.252565511E-2
5.282360892E1,-5.803219974E-3,-5.268712528E-3,-2.496911772E-2
5.282560893E1,-5.803219974E-3,-5.879578181E-3,-2.557998151E-2
5.282760892E1,-1.069014147E-2,-7.712173741E-3,-2.496911772E-2
5.282960892E1,-1.130100712E-2,-8.323038928E-3,-2.619084716E-2
5.283160893E1,-8.246680722E-3,-9.544769302E-3,-2.680171281E-2
5.283360892E1,-1.374446787E-2,-1.137736533E-2,-2.741257846E-2
5.283560892E1,-7.635815535E-3,-1.137736533E-2,-2.680171281E-2
5.283760872E1,-8.857546374E-3,-1.076649968E-2,-2.924517356E-2
5.283960873E1,-1.191187184E-2,-1.076649968E-2,-2.741257846E-2
5.284160959E1,-1.557706390E-2,-1.198823005E-2,-2.863430791E-2
5.284360886E1,-1.313360315E-2,-8.933904581E-3,-2.741257846E-2
5.284560849E1,-1.374446787E-2,-7.712173741E-3,-2.924517356E-2
5.284760852E1,-1.252273750E-2,-6.490443368E-3,-2.802344225E-2
5.284960856E1,-1.069014147E-2,-6.490443368E-3,-2.863430791E-2
5.285160859E1,-1.069014147E-2,-2.825251780E-3,-2.802344225E-2
5.285360862E1,-1.252273750E-2,2.290744742E-4,-2.557998151E-2
5.285560862E1,-1.007927675E-2,1.450804994E-3,-2.557998151E-2
5.285760819E1,-1.374446787E-2,2.672535367E-3,-2.435825206E-2
5.285960815E1,-9.468411095E-3,8.781188168E-3,-2.069306001E-2
5.286160725E1,-1.069014147E-2,1.305724494E-2,-1.947133057E-2
5.286360632E1,-1.069014147E-2,1.305724494E-2,-1.947133057E-2
5.286560669E1,-1.007927675E-2,1.366810966E-2,-1.763873361E-2
5.286760665E1,-1.007927675E-2,1.733330078E-2,-1.763873361E-2
5.286960662E1,-9.468411095E-3,2.038762718E-2,-1.641700417E-2
5.287160662E1,-9.468411095E-3,2.222022414E-2,-1.397354249E-2
5.287360625E1,-8.857546374E-3,2.466368489E-2,-1.153008174E-2
5.287560628E1,-6.414085161E-3,2.771801129E-2,-9.086620063E-3
5.287760632E1,-9.468411095E-3,3.077233583E-2,-6.643159315E-3
5.287960635E1,-6.414085161E-3,2.955060638E-2,-5.421428941E-3
5.288160725E1,-1.130100712E-2,3.321579844E-2,-6.032294128E-3
5.288360798E1,-8.246680722E-3,3.504839167E-2,-2.977967961E-3
5.288560802E1,-5.192354787E-3,3.688098863E-2,-5.345070967E-4
5.288760805E1,-5.192354787E-3,3.871358559E-2,3.130684374E-3
5.288960805E1,-4.581489135E-3,4.176791012E-2,3.130684374E-3
5.289160805E1,-2.748893574E-3,4.176791012E-2,4.352414981E-3
5.289360805E1,-6.414085161E-3,4.237877578E-2,7.406740915E-3
5.289560805E1,-4.581489135E-3,4.421137273E-2,8.628471754E-3
5.289760805E1,-3.970623948E-3,4.604396969E-2,8.628471754E-3
5.289960805E1,-2.138028387E-3,4.665483162E-2,1.046106778E-2
5.290160718E1,-1.527163084E-3,4.909829423E-2,1.290452853E-2
5.290360625E1,-1.527163084E-3,4.909829423E-2,1.290452853E-2
5.290560661E1,-3.054326226E-4,4.970915988E-2,1.595885493E-2
5.290760658E1,2.138028387E-3,4.787656292E-2,1.412625890E-2
5.290960655E1,3.359758761E-3,5.032002553E-2,1.779145002E-2
5.291160651E1,3.970623948E-3,5.093089119E-2,1.718058437E-2
5.291360648E1,-9.162978968E-4,4.970915988E-2,1.840231568E-2
5.291560644E1,3.359758761E-3,5.154175684E-2,1.901318133E-2
5.291760684E1,2.748893574E-3,5.215261877E-2,1.901318133E-2
5.291960684E1,3.054326226E-4,5.215261877E-2,2.145664208E-2
5.292160774E1,4.581489135E-3,5.398521572E-2,2.206750773E-2
5.292360868E1,3.054326226E-4,5.520694703E-2,2.084577642E-2
5.292560871E1,5.192354787E-3,5.581781268E-2,2.267837152E-2
5.292760874E1,2.138028387E-3,5.642867833E-2,1.901318133E-2
5.292960878E1,2.748893574E-3,5.703954399E-2,2.023491077E-2
5.293160881E1,6.414085161E-3,5.887213722E-2,2.145664208E-2
5.293360921E1,3.359758761E-3,5.765040591E-2,2.328923717E-2
5.293560918E1,4.581489135E-3,5.826127157E-2,2.145664208E-2
5.293760914E1,6.414085161E-3,5.765040591E-2,2.145664208E-2
5.293960911E1,7.024950348E-3,5.765040591E-2,2.084577642E-2
5.294160821E1,5.803219974E-3,5.887213722E-2,2.084577642E-2
5.294360751E1,5.803219974E-3,5.887213722E-2,2.084577642E-2
5.294560747E1,9.468411095E-3,5.826127157E-2,1.901318133E-2
5.294760744E1,8.246680722E-3,5.948300287E-2,1.718058437E-2
5.294960744E1,1.007927675E-2,5.826127157E-2,1.840231568E-2
5.295160747E1,1.557706390E-2,5.948300287E-2,1.779145002E-2
5.295360750E1,1.252273750E-2,6.009386852E-2,1.779145002E-2
5.295560754E1,1.802052557E-2,5.887213722E-2,1.473712362E-2
5.295760757E1,1.313360315E-2,5.826127157E-2,1.534798928E-2
5.295960760E1,1.679879427E-2,5.765040591E-2,1.473712362E-2
5.296160850E1,1.435533352E-2,5.581781268E-2,1.351539325E-2
5.296360944E1,1.374446787E-2,5.459608138E-2,1.473712362E-2
5.296560947E1,1.679879427E-2,5.398521572E-2,1.473712362E-2
5.296760947E1,1.863138936E-2,5.215261877E-2,1.473712362E-2
5.296960947E1,1.924225502E-2,4.909829423E-2,1.351539325E-2
5.297160907E1,1.740965992E-2,4.909829423E-2,1.290452853E-2
5.297360907E1,2.168571576E-2,4.543310404E-2,1.290452853E-2
5.297560907E1,2.229658142E-2,4.360050708E-2,1.351539325E-2
5.297760867E1,2.290744707E-2,4.360050708E-2,1.290452853E-2
5.297960867E1,2.535090782E-2,4.237877578E-2,1.290452853E-2
5.298160777E1,2.168571576E-2,3.932445124E-2,1.290452853E-2
5.298360684E1,2.168571576E-2,3.932445124E-2,1.290452853E-2
5.298560680E1,2.290744707E-2,3.810271993E-2,1.412625890E-2
5.298760677E1,2.596177347E-2,3.443752974E-2,1.412625890E-2
5.298960673E1,2.596177347E-2,3.504839167E-2,1.290452853E-2
5.299148185E1,2.718350291E-2,3.077233583E-2,1.473712362E-2
5.299348181E1,2.596177347E-2,3.260493279E-2,1.412625890E-2
5.299548181E1,2.718350291E-2,3.199406713E-2,1.412625890E-2
5.299748181E1,2.596177347E-2,3.138320148E-2,1.534798928E-2
5.299948185E1,2.290744707E-2,3.077233583E-2,1.473712362E-2
5.300148275E1,2.168571576E-2,3.077233583E-2,1.412625890E-2
5.300348345E1,2.290744707E-2,2.955060638E-2,1.473712362E-2
5.300548348E1,2.229658142E-2,3.077233583E-2,1.412625890E-2
5.300748351E1,2.229658142E-2,2.955060638E-2,1.534798928E-2
5.300948355E1,1.985312067E-2,2.832887508E-2,1.473712362E-2
5.301148355E1,1.496619824E-2,3.077233583E-2,1.534798928E-2
5.301348351E1,1.679879427E-2,2.955060638E-2,1.351539325E-2
5.301548348E1,1.802052557E-2,3.138320148E-2,1.473712362E-2
5.301748344E1,1.252273750E-2,3.016147204E-2,1.412625890E-2
5.301948341E1,1.374446787E-2,3.077233583E-2,1.412625890E-2
5.302148251E1,7.635815535E-3,3.260493279E-2,1.473712362E-2
5.302348341E1,8.857546374E-3,3.138320148E-2,1.534798928E-2
5.302548338E1,1.130100712E-2,3.199406713E-2,1.290452853E-2
5.302748338E1,8.246680722E-3,3.260493279E-2,1.718058437E-2
5.302948338E1,8.857546374E-3,3.199406713E-2,1.412625890E-2
5.303148378E1,5.803219974E-3,3.321579844E-2,1.412625890E-2
5.303348378E1,1.069014147E-2,3.321579844E-2,1.351539325E-2
5.303548378E1,9.468411095E-3,3.443752974E-2,1.473712362E-2
5.303748418E1,9.468411095E-3,3.565925732E-2,1.534798928E-2
5.303948418E1,7.635815535E-3,3.688098863E-2,1.595885493E-2
5.304148504E1,7.635815535E-3,3.627012298E-2,1.473712362E-2
5.304348594E1,1.007927675E-2,3.688098863E-2,1.779145002E-2
5.304548598E1,1.007927675E-2,3.688098863E-2,1.840231568E-2
5.304748601E1,1.007927675E-2,4.115704447E-2,1.656972058E-2
5.304948604E1,1.069014147E-2,3.993531689E-2,1.656972058E-2
5.305148607E1,9.468411095E-3,4.115704447E-2,1.840231568E-2
5.305348611E1,1.130100712E-2,4.176791012E-2,1.840231568E-2
5.305548614E1,1.069014147E-2,4.298964143E-2,1.901318133E-2
5.305748617E1,1.435533352E-2,4.298964143E-2,1.656972058E-2
5.305948617E1,1.191187184E-2,4.298964143E-2,1.840231568E-2
5.306148527E1,1.618792862E-2,4.360050708E-2,1.840231568E-2
5.306348454E1,1.618792862E-2,4.360050708E-2,1.840231568E-2
5.306548450E1,1.557706390E-2,4.421137273E-2,1.901318133E-2
5.306748447E1,1.191187184E-2,4.237877578E-2,2.084577642E-2
5.306948444E1,1.557706390E-2,4.421137273E-2,1.962404512E-2
5.307148440E1,1.557706390E-2,4.237877578E-2,2.145664208E-2
5.307348440E1,1.435533352E-2,4.298964143E-2,2.145664208E-2
5.307548440E1,1.496619824E-2,4.237877578E-2,2.023491077E-2
5.307748444E1,1.924225502E-2,4.482223839E-2,2.084577642E-2
5.307948447E1,1.679879427E-2,4.237877578E-2,1.962404512E-2
5.308148537E1,1.191187184E-2,4.176791012E-2,1.962404512E-2
5.308348447E1,1.863138936E-2,4.054617882E-2,1.901318133E-2
5.308548450E1,1.313360315E-2,4.176791012E-2,1.656972058E-2
5.308748454E1,1.985312067E-2,3.932445124E-2,1.840231568E-2
5.308948457E1,2.412917651E-2,3.993531689E-2,1.779145002E-2
5.309148460E1,2.229658142E-2,4.054617882E-2,1.840231568E-2
5.309348460E1,2.046398632E-2,3.871358559E-2,1.595885493E-2
5.309548460E1,1.985312067E-2,4.054617882E-2,1.656972058E-2
5.309748460E1,2.290744707E-2,3.932445124E-2,1.718058437E-2
5.309948460E1,2.046398632E-2,3.932445124E-2,1.534798928E-2
5.310148373E1,1.985312067E-2,3.688098863E-2,1.473712362E-2
5.310348283E1,1.740965992E-2,3.749185428E-2,1.412625890E-2
5.310548280E1,1.802052557E-2,3.749185428E-2,1.412625890E-2
5.310748277E1,1.618792862E-2,3.688098863E-2,1.351539325E-2
5.310948273E1,1.435533352E-2,3.749185428E-2,1.229366288E-2
5.311148270E1,1.252273750E-2,3.382666409E-2,9.850202128E-3
5.311348266E1,1.435533352E-2,3.443752974E-2,1.107193250E-2
5.311548263E1,1.496619824E-2,3.565925732E-2,1.046106778E-2
5.311748260E1,1.374446787E-2,3.321579844E-2,9.239336476E-3
5.311948256E1,1.435533352E-2,3.260493279E-2,8.628471754E-3
5.312148343E1,1.374446787E-2,3.016147204E-2,9.850202128E-3
5.312348416E1,1.191187184E-2,2.893974073E-2,7.406740915E-3
5.312548419E1,1.007927675E-2,2.588541433E-2,8.628471754E-3
5.312748423E1,7.635815535E-3,2.588541433E-2,8.017606102E-3
5.312948426E1,7.024950348E-3,2.588541433E-2,7.406740915E-3
5.313148429E1,7.635815535E-3,2.222022414E-2,9.239336476E-3
5.313348433E1,4.581489135E-3,2.160935849E-2,6.185010541E-3
5.313548436E1,1.374446787E-2,2.222022414E-2,7.406740915E-3
5.313748436E1,4.581489135E-3,1.855503209E-2,7.406740915E-3
5.313948433E1,3.359758761E-3,1.672243699E-2,4.963280167E-3
5.314148343E1,2.748893574E-3,1.366810966E-2,6.795875728E-3
5.314348249E1,2.748893574E-3,1.366810966E-2,6.795875728E-3
5.314548246E1,2.748893574E-3,1.366810966E-2,4.352414981E-3
5.314748242E1,2.138028387E-3,1.122464892E-2,4.963280167E-3
5.314948239E1,3.359758761E-3,1.183551457E-2,6.185010541E-3
5.315148236E1,2.138028387E-3,9.392052889E-3,8.628471754E-3
5.315348236E1,2.138028387E-3,8.781188168E-3,6.795875728E-3
5.315548239E1,4.581489135E-3,7.559457328E-3,8.017606102E-3
5.315748242E1,3.359758761E-3,8.170322515E-3,6.185010541E-3
5.315948245E1,3.054326226E-4,7.559457328E-3,6.185010541E-3
5.316148335E1,-2.138028387E-3,6.948592141E-3,6.795875728E-3
5.316348429E1,9.162978968E-4,7.559457328E-3,8.628471754E-3
5.316548432E1,4.581489135E-3,7.559457328E-3,8.628471754E-3
5.316748435E1,3.359758761E-3,8.170322515E-3,1.107193250E-2
5.316948439E1,2.138028387E-3,8.781188168E-3,8.628471754E-3
5.317148439E1,3.359758761E-3,8.170322515E-3,8.628471754E-3
5.317348439E1,9.162978968E-4,6.948592141E-3,9.239336476E-3
5.317548439E1,6.414085161E-3,8.170322515E-3,7.406740915E-3
5.317748439E1,7.024950348E-3,8.781188168E-3,8.628471754E-3
5.317948439E1,4.581489135E-3,6.948592141E-3,1.046106778E-2
5.318148352E1,8.857546374E-3,6.337726954E-3,8.628471754E-3
5.318348268E1,7.635815535E-3,7.559457328E-3,8.017606102E-3
5.318548265E1,7.024950348E-3,1.000291854E-2,1.046106778E-2
5.318748262E1,9.468411095E-3,7.559457328E-3,9.239336476E-3
5.318948258E1,1.130100712E-2,7.559457328E-3,1.046106778E-2
5.319148215E1,1.496619824E-2,7.559457328E-3,9.239336476E-3
5.319348212E1,1.007927675E-2,8.170322515E-3,8.628471754E-3
5.319548208E1,1.191187184E-2,1.000291854E-2,1.229366288E-2
5.319748205E1,1.374446787E-2,8.781188168E-3,1.046106778E-2
5.319948205E1,1.557706390E-2,1.000291854E-2,1.046106778E-2
5.320148295E1,1.496619824E-2,1.122464892E-2,1.229366288E-2
5.320348388E1,1.557706390E-2,1.122464892E-2,1.107193250E-2
5.320548391E1,1.924225502E-2,1.244637929E-2,1.351539325E-2
5.320748395E1,2.168571576E-2,1.244637929E-2,1.229366288E-2
5.320948398E1,2.290744707E-2,8.170322515E-3,1.107193250E-2
5.321148401E1,1.679879427E-2,9.392052889E-3,1.168279815E-2
5.321348404E1,1.924225502E-2,9.392052889E-3,1.229366288E-2
5.321548405E1,1.985312067E-2,9.392052889E-3,9.239336476E-3
5.321748401E1,2.168571576E-2,8.170322515E-3,9.850202128E-3
5.321948398E1,2.168571576E-2,8.781188168E-3,1.168279815E-2
5.322148308E1,2.168571576E-2,6.948592141E-3,8.628471754E-3
5.322348214E1,2.168571576E-2,6.948592141E-3,8.628471754E-3
5.322548211E1,2.046398632E-2,4.505131394E-3,9.239336476E-3
5.322748208E1,1.985312067E-2,5.115996581E-3,7.406740915E-3
5.322948204E1,2.290744707E-2,3.894265974E-3,6.795875728E-3
5.323148204E1,2.168571576E-2,3.894265974E-3,8.017606102E-3
5.323348204E1,2.412917651E-2,3.894265974E-3,8.017606102E-3
5.323548204E1,2.290744707E-2,8.399396902E-4,7.406740915E-3
5.323748204E1,1.985312067E-2,-3.817907709E-4,6.795875728E-3
5.323948204E1,1.863138936E-2,8.399396902E-4,6.795875728E-3
5.324148291E1,2.535090782E-2,-1.603521290E-3,5.574145354E-3
5.324348371E1,2.168571576E-2,-9.926559869E-4,6.185010541E-3
5.324548371E1,2.290744707E-2,-9.926559869E-4,8.628471754E-3
5.324748371E1,2.229658142E-2,-2.825251780E-3,8.017606102E-3
5.324948374E1,2.168571576E-2,-2.825251780E-3,6.185010541E-3
5.325148417E1,1.802052557E-2,-4.046982154E-3,4.963280167E-3
5.325348421E1,2.168571576E-2,-2.214386594E-3,6.795875728E-3
5.325548424E1,1.802052557E-2,-4.046982154E-3,8.017606102E-3
5.325748427E1,1.863138936E-2,-3.436116967E-3,9.239336476E-3
5.325948430E1,1.679879427E-2,-5.268712528E-3,8.628471754E-3
5.326148344E1,1.802052557E-2,-8.323038928E-3,8.017606102E-3
5.326348407E1,1.557706390E-2,-5.268712528E-3,1.046106778E-2
5.326548404E1,1.496619824E-2,-7.101308554E-3,8.628471754E-3
5.326748400E1,1.435533352E-2,-8.323038928E-3,9.239336476E-3
5.326948397E1,1.313360315E-2,-9.544769302E-3,7.406740915E-3
5.327148394E1,1.252273750E-2,-7.712173741E-3,9.239336476E-3
5.327348390E1,1.130100712E-2,-1.015563495E-2,8.017606102E-3
5.327548517E1,1.007927675E-2,-9.544769302E-3,9.239336476E-3
5.327748517E1,1.191187184E-2,-1.259909570E-2,9.850202128E-3
5.327948520E1,9.468411095E-3,-1.198823005E-2,9.850202128E-3
5.328148610E1,8.246680722E-3,-1.443169173E-2,8.017606102E-3
5.328348703E1,1.191187184E-2,-1.565342210E-2,1.168279815E-2
5.328548707E1,3.970623948E-3,-1.565342210E-2,9.239336476E-3
5.328748710E1,8.857546374E-3,-1.565342210E-2,9.850202128E-3
5.328948713E1,7.024950348E-3,-1.565342210E-2,8.628471754E-3
5.329148717E1,5.803219974E-3,-1.748601720E-2,1.168279815E-2
5.329348680E1,1.069014147E-2,-1.870774850E-2,1.046106778E-2
5.329548680E1,8.246680722E-3,-1.687515154E-2,1.168279815E-2
5.329748680E1,9.468411095E-3,-1.687515154E-2,1.107193250E-2
5.329948810E1,1.069014147E-2,-1.687515154E-2,1.046106778E-2
5.330148723E1,9.468411095E-3,-1.382082608E-2,1.229366288E-2
5.330348690E1,9.468411095E-3,-1.382082608E-2,1.229366288E-2
5.330548690E1,1.069014147E-2,-1.565342210E-2,1.168279815E-2
5.330748690E1,1.435533352E-2,-1.565342210E-2,1.290452853E-2
5.330948710E1,1.191187184E-2,-1.320996135E-2,1.229366288E-2
5.331148706E1,1.618792862E-2,-1.443169173E-2,1.229366288E-2
5.331348703E1,1.618792862E-2,-1.198823005E-2,1.351539325E-2
5.331548700E1,1.435533352E-2,-1.015563495E-2,1.290452853E-2
5.331748696E1,1.802052557E-2,-1.137736533E-2,1.473712362E-2
5.331948693E1,1.924225502E-2,-1.137736533E-2,1.351539325E-2
5.332148776E1,2.046398632E-2,-7.101308554E-3,1.412625890E-2
5.332348709E1,2.351831272E-2,-7.101308554E-3,1.473712362E-2
5.332548709E1,2.474004216E-2,-7.712173741E-3,1.534798928E-2
5.332748713E1,2.412917651E-2,-4.657847341E-3,1.595885493E-2
5.332948716E1,2.657263726E-2,-2.825251780E-3,1.595885493E-2
5.333148719E1,3.084869497E-2,-2.825251780E-3,1.840231568E-2
5.333348723E1,2.779436857E-2,-4.046982154E-3,1.412625890E-2
5.333548596E1,3.573561832E-2,-3.817907709E-4,1.534798928E-2
5.333748599E1,3.207042441E-2,-3.817907709E-4,1.901318133E-2
5.333948599E1,3.207042441E-2,-3.817907709E-4,1.779145002E-2
5.334148512E1,3.756821156E-2,-3.817907709E-4,1.656972058E-2
5.334348419E1,3.756821156E-2,-3.817907709E-4,1.656972058E-2
5.334548416E1,3.695734590E-2,-2.825251780E-3,1.840231568E-2
5.334748412E1,3.573561832E-2,-1.603521290E-3,1.656972058E-2
5.334948409E1,3.817907721E-2,-3.817907709E-4,1.962404512E-2
5.335148405E1,4.001167417E-2,-9.926559869E-4,1.901318133E-2
5.335348442E1,4.367686436E-2,-2.825251780E-3,1.779145002E-2
5.335548442E1,4.184427112E-2,-2.214386594E-3,1.779145002E-2
5.335748445E1,4.367686436E-2,-9.926559869E-4,1.840231568E-2
5.335948319E1,4.428773001E-2,-1.603521290E-3,1.412625890E-2
5.336148409E1,4.612032697E-2,-3.817907709E-4,1.840231568E-2
5.336348445E1,4.673119262E-2,-3.436116967E-3,1.656972058E-2
5.336548448E1,4.184427112E-2,-2.825251780E-3,1.534798928E-2
5.336748452E1,4.428773001E-2,-3.817907709E-4,1.534798928E-2
5.336948432E1,4.367686436E-2,-1.603521290E-3,1.534798928E-2
5.337148435E1,4.489859566E-2,-4.657847341E-3,1.412625890E-2
5.337348435E1,4.612032697E-2,-1.603521290E-3,1.107193250E-2
5.337548435E1,4.062253982E-2,-9.926559869E-4,1.290452853E-2
5.337748435E1,4.306599870E-2,-2.825251780E-3,1.351539325E-2
5.337948435E1,4.184427112E-2,-3.436116967E-3,1.290452853E-2
5.338148348E1,3.573561832E-2,-4.046982154E-3,1.229366288E-2
5.338348258E1,3.573561832E-2,-4.046982154E-3,1.229366288E-2
5.338548258E1,3.451388702E-2,-9.926559869E-4,1.107193250E-2
5.338748255E1,3.512475267E-2,-4.046982154E-3,9.850202128E-3
5.338948252E1,3.145955876E-2,-3.436116967E-3,1.229366288E-2
5.339148248E1,3.207042441E-2,-1.603521290E-3,9.850202128E-3
5.339348245E1,3.268129006E-2,-4.046982154E-3,1.046106778E-2
5.339548241E1,2.901609987E-2,-5.879578181E-3,9.850202128E-3
5.339748238E1,3.023782931E-2,-6.490443368E-3,8.017606102E-3
5.339948235E1,3.023782931E-2,-6.490443368E-3,8.628471754E-3
5.340148318E1,2.718350291E-2,-5.268712528E-3,8.017606102E-3
5.340348408E1,2.412917651E-2,-7.101308554E-3,9.239336476E-3
5.340548411E1,2.474004216E-2,-7.101308554E-3,9.850202128E-3
5.340748415E1,2.290744707E-2,-8.933904581E-3,8.017606102E-3
5.340948418E1,2.229658142E-2,-1.015563495E-2,7.406740915E-3
5.341148421E1,2.351831272E-2,-8.933904581E-3,7.406740915E-3
5.341348424E1,2.168571576E-2,-8.933904581E-3,6.795875728E-3
5.341548428E1,2.168571576E-2,-1.320996135E-2,5.574145354E-3
5.341748428E1,1.924225502E-2,-1.198823005E-2,6.185010541E-3
5.341948428E1,2.046398632E-2,-1.137736533E-2,4.963280167E-3
5.342148338E1,1.557706390E-2,-1.259909570E-2,6.185010541E-3
5.342348281E1,1.557706390E-2,-1.259909570E-2,6.185010541E-3
5.342548278E1,1.496619824E-2,-1.382082608E-2,5.574145354E-3
5.342748274E1,1.496619824E-2,-1.198823005E-2,6.185010541E-3
5.342948271E1,1.252273750E-2,-1.259909570E-2,4.352414981E-3
5.343148267E1,1.007927675E-2,-1.137736533E-2,6.795875728E-3
5.343348267E1,1.191187184E-2,-1.259909570E-2,5.574145354E-3
5.343548267E1,7.635815535E-3,-8.933904581E-3,5.574145354E-3
5.343748267E1,8.246680722E-3,-8.933904581E-3,4.352414981E-3
5.343948267E1,9.468411095E-3,-8.323038928E-3,3.741549561E-3
5.344148354E1,9.468411095E-3,-8.323038928E-3,3.741549561E-3
5.344348444E1,2.748893574E-3,-8.323038928E-3,6.185010541E-3
5.344548444E1,1.527163084E-3,-7.712173741E-3,4.352414981E-3
5.344748444E1,9.162978968E-4,-5.268712528E-3,5.574145354E-3
5.344948444E1,-2.138028387E-3,-5.268712528E-3,6.185010541E-3
5.345148447E1,-4.581489135E-3,-2.825251780E-3,4.963280167E-3
5.345348451E1,-3.970623948E-3,-2.214386594E-3,3.741549561E-3
5.345548454E1,-5.803219974E-3,-2.214386594E-3,4.963280167E-3
5.345748457E1,-8.857546374E-3,-9.926559869E-4,7.406740915E-3
5.345948460E1,-5.192354787E-3,-2.825251780E-3,7.406740915E-3
5.346148377E1,-6.414085161E-3,-9.926559869E-4,7.406740915E-3
5.346348290E1,-7.635815535E-3,-3.817907709E-4,3.741549561E-3
5.346548290E1,-7.024950348E-3,-9.926559869E-4,5.574145354E-3
5.346748287E1,-1.069014147E-2,1.450804994E-3,4.352414981E-3
5.346948284E1,-9.468411095E-3,8.399396902E-4,5.574145354E-3
5.347148280E1,-1.007927675E-2,-3.817907709E-4,4.963280167E-3
5.347348277E1,-8.857546374E-3,2.061670180E-3,6.185010541E-3
5.347548273E1,-1.069014147E-2,-3.817907709E-4,5.574145354E-3
5.347748270E1,-8.857546374E-3,-9.926559869E-4,6.185010541E-3
5.347948267E1,-7.635815535E-3,-4.046982154E-3,4.963280167E-3
5.348148353E1,-5.803219974E-3,-1.603521290E-3,6.185010541E-3
5.348348410E1,-9.468411095E-3,-4.046982154E-3,3.741549561E-3
5.348548413E1,-7.024950348E-3,-3.436116967E-3,3.741549561E-3
5.348748416E1,-5.803219974E-3,-2.825251780E-3,4.352414981E-3
5.348948420E1,-3.970623948E-3,-5.268712528E-3,6.185010541E-3
5.349148423E1,-8.246680722E-3,-5.268712528E-3,4.963280167E-3
5.349348426E1,-4.581489135E-3,-6.490443368E-3,6.795875728E-3
5.349548430E1,-3.359758761E-3,-6.490443368E-3,4.352414981E-3
5.349748433E1,-3.970623948E-3,-5.879578181E-3,4.352414981E-3
5.349948433E1,-4.581489135E-3,-5.879578181E-3,4.963280167E-3
5.350148346E1,-9.162978968E-4,-5.268712528E-3,3.130684374E-3
5.350348256E1,-9.162978968E-4,-5.268712528E-3,3.130684374E-3
5.350548256E1,-1.527163084E-3,-5.879578181E-3,3.741549561E-3
5.350748256E1,2.138028387E-3,-3.436116967E-3,3.130684374E-3
5.350948256E1,-9.162978968E-4,-4.657847341E-3,3.741549561E-3
5.351148253E1,3.359758761E-3,-4.657847341E-3,-1.145372284E-3
5.351348249E1,2.748893574E-3,-4.046982154E-3,6.872233935E-4
5.351548246E1,3.359758761E-3,-2.214386594E-3,7.635815564E-5
5.351748243E1,1.527163084E-3,-3.817907709E-4,1.298088697E-3
5.351948239E1,4.581489135E-3,-3.817907709E-4,1.908953884E-3
5.352148323E1,7.635815535E-3,1.450804994E-3,1.908953884E-3
5.352348409E1,3.970623948E-3,2.061670180E-3,-1.756237587E-3
5.352548406E1,7.635815535E-3,2.061670180E-3,-2.977967961E-3
5.352748406E1,7.635815535E-3,2.672535367E-3,-2.367102774E-3
5.352948409E1,7.635815535E-3,3.894265974E-3,-4.199698567E-3
5.353148412E1,7.024950348E-3,3.894265974E-3,-4.199698567E-3
5.353348416E1,8.857546374E-3,4.505131394E-3,-2.367102774E-3
5.353548419E1,4.581489135E-3,3.894265974E-3,-1.756237587E-3
5.353748422E1,1.007927675E-2,3.894265974E-3,-6.643159315E-3
5.353948426E1,8.857546374E-3,3.283400787E-3,-4.810563754E-3
5.354148342E1,3.970623948E-3,8.399396902E-4,-6.032294128E-3
5.354348252E1,6.414085161E-3,-3.817907709E-4,-8.475755341E-3
5.354548249E1,6.414085161E-3,-1.603521290E-3,-7.254024968E-3
5.354748245E1,5.192354787E-3,-1.603521290E-3,-9.086620063E-3
5.354948242E1,7.024950348E-3,-5.879578181E-3,-9.086620063E-3
5.355148238E1,9.468411095E-3,-5.879578181E-3,-7.864889689E-3
5.355348235E1,6.414085161E-3,-8.323038928E-3,-8.475755341E-3
5.355548232E1,8.246680722E-3,-1.076649968E-2,-1.091921609E-2
5.355748228E1,4.581489135E-3,-1.504255645E-2,-1.030835137E-2
5.355948228E1,4.581489135E-3,-1.809688285E-2,-1.214094646E-2
5.356148318E1,8.246680722E-3,-2.237293869E-2,-1.336267684E-2
5.356348412E1,7.024950348E-3,-2.298380435E-2,-1.458440814E-2
5.356548415E1,4.581489135E-3,-2.787072770E-2,-1.580613852E-2
5.356748418E1,9.468411095E-3,-3.336851299E-2,-1.641700417E-2
5.356948422E1,7.024950348E-3,-3.397937864E-2,-1.763873361E-2
5.357148425E1,5.192354787E-3,-4.069889709E-2,-1.947133057E-2
5.357348428E1,6.414085161E-3,-4.680754989E-2,-2.374738641E-2
5.357548431E1,4.581489135E-3,-4.925100878E-2,-2.435825206E-2
5.357748431E1,6.414085161E-3,-5.413793400E-2,-2.496911772E-2
5.357948431E1,6.414085161E-3,-6.024658307E-2,-2.557998151E-2
5.358148345E1,4.581489135E-3,-7.063129544E-2,-3.046690486E-2
5.358348255E1,4.581489135E-3,-7.063129544E-2,-3.046690486E-2
5.358548231E1,3.970623948E-3,-7.612907887E-2,-3.229949996E-2
5.358748231E1,3.359758761E-3,-7.796167582E-2,-3.107776865E-2
5.358948228E1,3.970623948E-3,-8.468119800E-2,-3.413209692E-2
5.359148224E1,3.970623948E-3,-9.262244403E-2,-3.596469015E-2
5.359348221E1,4.581489135E-3,-9.506590664E-2,-3.596469015E-2
5.359548218E1,3.359758761E-3,-1.042288840E-1,-3.962988406E-2
5.359748214E1,4.581489135E-3,-1.091158018E-1,-4.085161164E-2
5.359948211E1,3.359758761E-3,-1.115592644E-1,-4.146247730E-2
5.360148294E1,2.138028387E-3,-1.188896447E-1,-4.451680556E-2
5.360348381E1,4.581489135E-3,-1.237765700E-1,-4.512767121E-2
5.360548381E1,5.192354787E-3,-1.262200326E-1,-4.696026444E-2
5.360748384E1,4.581489135E-3,-1.329395473E-1,-4.757113010E-2
5.360948387E1,3.970623948E-3,-1.390482038E-1,-4.757113010E-2
5.361148391E1,7.024950348E-3,-1.421025246E-1,-4.818199575E-2
5.361348394E1,3.970623948E-3,-1.494329125E-1,-4.940372705E-2
5.361548397E1,6.414085161E-3,-1.549306959E-1,-4.940372705E-2
5.361748401E1,2.748893574E-3,-1.573741585E-1,-5.001459271E-2
5.361948404E1,7.635815535E-3,-1.610393524E-1,-5.184718594E-2
5.362148317E1,5.803219974E-3,-1.720349193E-1,-5.245805159E-2
5.362348224E1,5.803219974E-3,-1.720349193E-1,-5.245805159E-2
5.362548220E1,8.246680722E-3,-1.775327176E-1,-5.001459271E-2
5.362748217E1,8.246680722E-3,-1.818087697E-1,-5.062545836E-2
5.362948214E1,6.414085161E-3,-1.854739636E-1,-5.123632401E-2
5.363148210E1,1.007927675E-2,-1.860848218E-1,-5.245805159E-2
5.363348207E1,1.069014147E-2,-1.928043365E-1,-5.001459271E-2
5.363548203E1,6.414085161E-3,-1.964695305E-1,-4.879286140E-2
5.363748203E1,1.069014147E-2,-1.958586723E-1,-4.757113010E-2
5.363948207E1,1.007927675E-2,-2.001347244E-1,-4.512767121E-2
5.364148297E1,1.191187184E-2,-2.044107765E-1,-4.512767121E-2
5.364348390E1,1.007927675E-2,-2.031890452E-1,-4.390593991E-2
5.364548417E1,9.468411095E-3,-2.062433809E-1,-4.329507425E-2
5.364748420E1,1.007927675E-2,-2.086868435E-1,-4.451680556E-2
5.364948423E1,1.496619824E-2,-2.117411643E-1,-4.024074972E-2
5.365148426E1,1.130100712E-2,-2.166280895E-1,-4.207334295E-2
5.365348430E1,1.007927675E-2,-2.184606791E-1,-4.024074972E-2
5.365548430E1,1.007927675E-2,-2.227367461E-1,-4.329507425E-2
5.365748430E1,1.191187184E-2,-2.264019251E-1,-4.085161164E-2
5.365948430E1,1.069014147E-2,-2.294562608E-1,-4.085161164E-2
5.366148343E1,1.007927675E-2,-2.367866337E-1,-4.085161164E-2
5.366348253E1,1.007927675E-2,-2.367866337E-1,-4.085161164E-2
5.366548373E1,1.435533352E-2,-2.398409694E-1,-4.085161164E-2
5.366748370E1,1.313360315E-2,-2.435061634E-1,-4.268420860E-2
5.366948366E1,1.130100712E-2,-2.459496260E-1,-4.207334295E-2
5.367148363E1,1.435533352E-2,-2.520582676E-1,-4.268420860E-2
5.367348360E1,1.557706390E-2,-2.557234764E-1,-4.634939879E-2
5.367548356E1,1.191187184E-2,-2.606103718E-1,-4.696026444E-2
5.367748353E1,1.069014147E-2,-2.685516477E-1,-5.001459271E-2
5.367948349E1,1.313360315E-2,-2.703842223E-1,-4.818199575E-2
5.368148433E1,1.618792862E-2,-2.764928937E-1,-5.184718594E-2
5.368348523E1,1.374446787E-2,-2.807689309E-1,-5.123632401E-2
5.368548526E1,2.107485011E-2,-2.850449979E-1,-5.367978290E-2
5.368748529E1,2.046398632E-2,-2.905427814E-1,-5.306891724E-2
5.368948533E1,2.107485011E-2,-2.960405648E-1,-5.673411116E-2
5.369148536E1,2.412917651E-2,-2.978731692E-1,-5.612324551E-2
5.369348539E1,2.474004216E-2,-3.045926690E-1,-5.673411116E-2
5.369548542E1,2.840523422E-2,-3.119230568E-1,-5.917757004E-2
5.369748546E1,2.840523422E-2,-3.137556612E-1,-5.978843570E-2
5.369948546E1,3.145955876E-2,-3.180317283E-1,-6.162103266E-2
5.370148456E1,4.001167417E-2,-3.241403699E-1,-6.284276396E-2
5.370348362E1,4.001167417E-2,-3.241403699E-1,-6.284276396E-2
5.370548359E1,3.817907721E-2,-3.290272951E-1,-6.223189831E-2
5.370748316E1,4.734205827E-2,-3.333033621E-1,-6.162103266E-2
5.370948312E1,4.612032697E-2,-3.333033621E-1,-6.223189831E-2
5.371148309E1,5.039638281E-2,-3.381902575E-1,-6.101016700E-2
5.371348305E1,5.467243865E-2,-3.406337202E-1,-6.039930135E-2
5.371548305E1,5.528330430E-2,-3.436880708E-1,-5.978843570E-2
5.371748309E1,5.772676691E-2,-3.449097872E-1,-6.039930135E-2
5.371948312E1,6.139195710E-2,-3.473532498E-1,-6.039930135E-2
5.372148402E1,6.200282276E-2,-3.479641080E-1,-5.795583874E-2
5.372348495E1,6.933320314E-2,-3.497967124E-1,-5.551237985E-2
5.372548378E1,6.872233748E-2,-3.497967124E-1,-5.429064855E-2
5.372748382E1,6.872233748E-2,-3.485749662E-1,-5.429064855E-2
5.372948385E1,7.055493444E-2,-3.497967124E-1,-5.245805159E-2
5.373148388E1,7.666359097E-2,-3.510184288E-1,-5.001459271E-2
5.373348388E1,7.910704613E-2,-3.473532498E-1,-4.879286140E-2
5.373548388E1,8.155050874E-2,-3.473532498E-1,-4.573853686E-2
5.373748388E1,7.910704613E-2,-3.424663246E-1,-4.390593991E-2
5.373948388E1,8.093964309E-2,-3.442989290E-1,-4.451680556E-2
5.374148302E1,8.216137439E-2,-3.388011456E-1,-4.024074972E-2
5.374348212E1,8.216137439E-2,-3.388011456E-1,-3.901901841E-2
5.374548208E1,7.971791178E-2,-3.363576829E-1,-3.901901841E-2
5.374748205E1,8.032877743E-2,-3.357468247E-1,-3.779728711E-2
5.374948202E1,7.849618047E-2,-3.326924741E-1,-3.657555580E-2
5.375148198E1,7.971791178E-2,-3.302490115E-1,-3.840815276E-2
5.375348195E1,7.544185966E-2,-3.278055489E-1,-3.413209692E-2
5.375548191E1,7.788532227E-2,-3.247512281E-1,-3.596469015E-2
5.375748188E1,7.666359097E-2,-3.204751909E-1,-3.596469015E-2
5.375948184E1,7.299839705E-2,-3.174208403E-1,-3.291036561E-2
5.376148271E1,6.994406879E-2,-3.119230568E-1,-3.352123126E-2
5.376348364E1,6.933320314E-2,-3.094795942E-1,-3.413209692E-2
5.376548368E1,7.116580009E-2,-3.052035570E-1,-3.596469015E-2
5.376748411E1,6.933320314E-2,-3.039818108E-1,-3.352123126E-2
5.376948414E1,6.444628537E-2,-2.948188484E-1,-3.291036561E-2
5.377148418E1,6.566801667E-2,-2.923753858E-1,-3.229949996E-2
5.377348421E1,6.444628537E-2,-2.838232517E-1,-3.168863431E-2
5.377548424E1,6.322455406E-2,-2.771037519E-1,-2.924517356E-2
5.377748424E1,6.322455406E-2,-2.728276849E-1,-2.924517356E-2
5.377948421E1,6.200282276E-2,-2.642755806E-1,-2.741257846E-2
5.378148331E1,5.772676691E-2,-2.569451928E-1,-2.741257846E-2
5.378348241E1,5.772676691E-2,-2.569451928E-1,-2.741257846E-2
5.378548237E1,6.078109145E-2,-2.490039468E-1,-2.924517356E-2
5.378748234E1,5.711590126E-2,-2.428952903E-1,-2.924517356E-2
5.378948231E1,5.345070735E-2,-2.404518276E-1,-2.741257846E-2
5.379148227E1,5.406157300E-2,-2.337323129E-1,-2.741257846E-2
5.379348227E1,5.467243865E-2,-2.276236564E-1,-2.557998151E-2
5.379548227E1,5.711590126E-2,-2.245693356E-1,-2.557998151E-2
5.379748227E1,5.161811411E-2,-2.184606791E-1,-2.619084716E-2
5.379948227E1,5.283984542E-2,-2.135737687E-1,-2.557998151E-2
5.380148314E1,5.161811411E-2,-2.105194330E-1,-2.313652076E-2
5.380348404E1,5.406157300E-2,-2.007455975E-1,-2.435825206E-2
5.380548404E1,5.467243865E-2,-1.940260679E-1,-2.130392566E-2
5.380748404E1,5.100724846E-2,-1.909717470E-1,-2.008219436E-2
5.380948404E1,5.161811411E-2,-1.805870384E-1,-2.069306001E-2
5.381148407E1,4.795292020E-2,-1.714240611E-1,-1.824959926E-2
5.381348410E1,4.795292020E-2,-1.695914567E-1,-1.763873361E-2
5.381548414E1,4.917465150E-2,-1.585958898E-1,-1.702786796E-2
5.381748417E1,5.100724846E-2,-1.482111812E-1,-1.641700417E-2
5.381948420E1,4.489859566E-2,-1.451568604E-1,-1.641700417E-2
5.382148337E1,4.245513305E-2,-1.329395473E-1,-1.580613852E-2
5.382348247E1,4.123340547E-2,-1.274417639E-1,-1.336267684E-2
5.382548247E1,4.001167417E-2,-1.237765700E-1,-1.214094646E-2
5.382748244E1,3.512475267E-2,-1.146135926E-1,-1.275181212E-2
5.382948240E1,3.268129006E-2,-1.042288840E-1,-1.214094646E-2
5.383148237E1,3.268129006E-2,-9.934195876E-2,-1.214094646E-2
5.383348233E1,3.207042441E-2,-9.201157838E-2,-9.086620063E-3
5.383548230E1,2.718350291E-2,-8.223773539E-2,-8.475755341E-3
5.383748227E1,2.779436857E-2,-7.612907887E-2,-8.475755341E-3
5.383948226E1,2.351831272E-2,-6.818783283E-2,-6.643159315E-3
5.384148313E1,1.985312067E-2,-5.597052723E-2,-7.864889689E-3
5.384348403E1,1.557706390E-2,-4.925100878E-2,-4.810563754E-3
5.384548406E1,2.107485011E-2,-4.069889709E-2,-4.810563754E-3
5.384748410E1,1.374446787E-2,-2.848159149E-2,7.635815564E-5
5.384948413E1,1.740965992E-2,-2.237293869E-2,-1.756237587E-3
5.385148416E1,9.468411095E-3,-1.076649968E-2,1.908953884E-3
5.385348420E1,1.252273750E-2,1.450804994E-3,1.298088697E-3
5.385548423E1,1.130100712E-2,1.122464892E-2,4.352414981E-3
5.385748423E1,7.635815535E-3,2.099849284E-2,4.352414981E-3
5.385948423E1,5.803219974E-3,3.504839167E-2,6.795875728E-3
5.386148336E1,3.970623948E-3,5.154175684E-2,1.046106778E-2
5.386348246E1,3.970623948E-3,5.154175684E-2,1.046106778E-2
5.386548246E1,5.803219974E-3,6.436992437E-2,1.168279815E-2
5.386748246E1,1.527163084E-3,7.536549866E-2,1.351539325E-2
5.386948206E1,3.359758761E-3,8.147415519E-2,1.534798928E-2
5.387148223E1,3.054326226E-4,9.430231899E-2,1.656972058E-2
5.387348219E1,1.527163084E-3,1.040761694E-1,2.084577642E-2
5.387548216E1,2.138028387E-3,1.095739529E-1,2.206750773E-2
5.387748213E1,2.748893574E-3,1.169043332E-1,2.267837152E-2
5.387948209E1,3.054326226E-4,1.266781837E-1,2.695442922E-2
5.388148292E1,-3.359758761E-3,1.321759671E-1,2.817615867E-2
5.388348379E1,-3.054326226E-4,1.407280862E-1,2.878702432E-2
5.388548376E1,-3.359758761E-3,1.462258697E-1,3.428481147E-2
5.388748376E1,-3.970623948E-3,1.541671157E-1,3.306308016E-2
5.388948379E1,-3.970623948E-3,1.621083617E-1,3.795000166E-2
5.389148382E1,-5.803219974E-3,1.712713391E-1,4.100432992E-2
5.389348386E1,-6.414085161E-3,1.761582643E-1,4.222606122E-2
5.389548389E1,-7.024950348E-3,1.810451895E-1,4.222606122E-2
5.389748392E1,-9.468411095E-3,1.877647042E-1,4.466952011E-2
5.389948396E1,-1.191187184E-2,1.908190250E-1,4.344778880E-2
5.390148312E1,-1.069014147E-2,2.018146068E-1,5.016730726E-2
5.390348245E1,-8.857546374E-3,2.048689276E-1,4.833471403E-2
5.390548242E1,-1.191187184E-2,2.103667259E-1,5.016730726E-2
5.390748239E1,-1.374446787E-2,2.176970989E-1,5.261076987E-2
5.390948235E1,-1.435533352E-2,2.195297033E-1,5.322163552E-2
5.391148232E1,-1.618792862E-2,2.225840241E-1,5.383250117E-2
5.391348228E1,-1.802052557E-2,2.311361432E-1,5.688682571E-2
5.391548225E1,-1.679879427E-2,2.360230535E-1,5.749769136E-2
5.391748225E1,-1.863138936E-2,2.372447848E-1,5.994115397E-2
5.391948225E1,-1.985312067E-2,2.457969040E-1,6.055201590E-2
5.392148312E1,-1.863138936E-2,2.519055605E-1,6.055201590E-2
5.392348402E1,-2.290744707E-2,2.549598813E-1,6.177374721E-2
5.392548402E1,-2.229658142E-2,2.641228735E-1,6.238461286E-2
5.392748402E1,-2.718350291E-2,2.708423734E-1,6.727153808E-2
5.392948442E1,-2.718350291E-2,2.708423734E-1,6.666067243E-2
5.393148422E1,-2.718350291E-2,2.787836194E-1,6.727153808E-2
5.393348422E1,-2.718350291E-2,2.848922908E-1,6.727153808E-2
5.393548425E1,-2.779436857E-2,2.879466116E-1,6.971499324E-2
5.393748428E1,-3.512475267E-2,2.934443951E-1,7.154759020E-2
5.393948432E1,-3.145955876E-2,3.001639247E-1,7.154759020E-2
5.394148348E1,-3.268129006E-2,3.050508201E-1,7.276932150E-2
5.394348261E1,-3.268129006E-2,3.050508201E-1,7.276932150E-2
5.394548265E1,-3.268129006E-2,3.105486333E-1,7.215845585E-2
5.394748268E1,-3.634648025E-2,3.117703497E-1,7.154759020E-2
5.394948268E1,-3.878994286E-2,3.154355288E-1,7.276932150E-2
5.395148265E1,-3.329215571E-2,3.154355288E-1,7.460191846E-2
5.395348261E1,-3.329215571E-2,3.160464168E-1,7.582364976E-2
5.395548258E1,-4.123340547E-2,3.203224540E-1,7.582364976E-2
5.395748254E1,-4.184427112E-2,3.233767748E-1,7.643451542E-2
5.395948251E1,-4.245513305E-2,3.227659166E-1,7.704538107E-2
5.396148334E1,-4.123340547E-2,3.264311254E-1,7.704538107E-2
5.396348398E1,-4.184427112E-2,3.294854462E-1,7.948884368E-2
5.396548398E1,-4.734205827E-2,3.300963044E-1,7.887797803E-2
5.396748401E1,-4.673119262E-2,3.319289088E-1,8.009970188E-2
5.396948404E1,-4.734205827E-2,3.368158340E-1,8.132143319E-2
5.397148408E1,-4.978551716E-2,3.392592967E-1,8.071056753E-2
5.397348411E1,-5.283984542E-2,3.404810131E-1,8.193229884E-2
5.397548414E1,-5.283984542E-2,3.441462219E-1,8.498662710E-2
5.397748417E1,-5.528330430E-2,3.441462219E-1,8.254316449E-2
5.397948421E1,-5.589416996E-2,3.465896547E-1,8.498662710E-2
5.398148337E1,-6.078109145E-2,3.502548635E-1,8.620835841E-2
5.398348247E1,-6.078109145E-2,3.502548635E-1,8.620835841E-2
5.398548247E1,-6.200282276E-2,3.496440053E-1,8.559749275E-2
5.398748247E1,-6.872233748E-2,3.478114009E-1,8.315403014E-2
5.398948247E1,-6.566801667E-2,3.459787965E-1,8.132143319E-2
5.399148247E1,-6.627888232E-2,3.465896547E-1,8.376489580E-2
5.399348247E1,-6.566801667E-2,3.441462219E-1,8.132143319E-2
5.399548244E1,-6.811147183E-2,3.410918713E-1,8.009970188E-2
5.399748241E1,-6.750060618E-2,3.423136175E-1,7.948884368E-2
5.399948237E1,-7.116580009E-2,3.374266922E-1,7.765624672E-2
5.400148320E1,-6.750060618E-2,3.325397670E-1,7.765624672E-2
5.400348407E1,-6.750060618E-2,3.282637000E-1,7.643451542E-2
5.400548404E1,-6.688974798E-2,3.227659166E-1,7.338018715E-2
5.400748400E1,-6.627888232E-2,3.178789914E-1,7.276932150E-2
5.400948397E1,-6.322455406E-2,3.172681332E-1,7.154759020E-2
5.401148397E1,-6.200282276E-2,3.117703497E-1,6.910412759E-2
5.401348400E1,-6.139195710E-2,3.105486333E-1,6.849326193E-2
5.401548403E1,-5.772676691E-2,3.081051707E-1,6.666067243E-2
5.401748407E1,-5.711590126E-2,3.068834245E-1,6.971499324E-2
5.401948410E1,-5.650503561E-2,3.044399619E-1,6.910412759E-2
5.402148327E1,-5.345070735E-2,2.952769995E-1,6.360634416E-2
5.402348243E1,-5.345070735E-2,2.952769995E-1,6.360634416E-2
5.402548246E1,-4.978551716E-2,2.891683280E-1,6.299547851E-2
5.402748247E1,-5.283984542E-2,2.848922908E-1,6.177374721E-2
5.402948243E1,-5.161811411E-2,2.769510448E-1,5.994115397E-2
5.403148240E1,-4.978551716E-2,2.726749778E-1,5.688682571E-2
5.403348236E1,-4.428773001E-2,2.665663362E-1,5.505422875E-2
5.403548233E1,-3.756821156E-2,2.604576647E-1,5.322163552E-2
5.403748230E1,-4.001167417E-2,2.531272769E-1,5.138903856E-2
5.403948226E1,-3.940080851E-2,2.500729561E-1,4.894557595E-2
5.404148309E1,-3.695734590E-2,2.421317101E-1,4.650211707E-2
5.404348399E1,-3.390302137E-2,2.384665161E-1,4.405865446E-2
5.404548403E1,-3.390302137E-2,2.360230535E-1,4.161519557E-2
5.404748406E1,-3.634648025E-2,2.274709493E-1,3.733913973E-2
5.404948409E1,-3.573561832E-2,2.183079720E-1,3.489567712E-2
5.405148413E1,-3.573561832E-2,2.152536362E-1,3.611740842E-2
5.405348416E1,-3.756821156E-2,2.097558528E-1,3.000875562E-2
5.405548419E1,-3.207042441E-2,2.067015320E-1,2.756529488E-2
5.405748422E1,-3.512475267E-2,2.054798007E-1,2.451096848E-2
5.405948426E1,-3.145955876E-2,1.987602860E-1,2.145664208E-2
5.406148339E1,-3.268129006E-2,1.840995103E-1,1.168279815E-2
5.406348249E1,-3.268129006E-2,1.840995103E-1,1.168279815E-2
5.406548249E1,-3.451388702E-2,1.724930704E-1,9.850202128E-3
5.406748249E1,-3.207042441E-2,1.688278764E-1,8.017606102E-3
5.406948249E1,-3.329215571E-2,1.682170182E-1,8.017606102E-3
5.407148249E1,-3.084869497E-2,1.645518243E-1,6.185010541E-3
5.407348246E1,-3.207042441E-2,1.566105783E-1,4.352414981E-3
5.407548242E1,-2.962696366E-2,1.529453844E-1,1.298088697E-3
5.407748239E1,-3.084869497E-2,1.376737505E-1,-3.588833380E-3
5.407948236E1,-3.145955876E-2,1.278999150E-1,-9.697485715E-3
5.408148319E1,-3.084869497E-2,1.266781837E-1,-7.864889689E-3
5.408348402E1,-2.840523422E-2,1.217912585E-1,-1.091921609E-2
5.408548399E1,-2.962696366E-2,1.144608781E-1,-1.397354249E-2
5.408748395E1,-3.329215571E-2,1.089630872E-1,-1.824959926E-2
5.408948395E1,-3.023782931E-2,1.028544381E-1,-2.008219436E-2
5.409148395E1,-2.474004216E-2,9.613491595E-2,-2.008219436E-2
5.409348399E1,-2.779436857E-2,9.491318464E-2,-1.947133057E-2
5.409548402E1,-2.535090782E-2,8.697193861E-2,-2.130392566E-2
5.409748405E1,-2.535090782E-2,8.330674469E-2,-2.191479132E-2
5.409948408E1,-2.290744707E-2,8.025242388E-2,-2.374738641E-2
5.410148325E1,-1.740965992E-2,7.047858089E-2,-2.557998151E-2
5.410348238E1,-1.740965992E-2,7.047858089E-2,-2.741257846E-2
5.410548238E1,-1.985312067E-2,6.375905871E-2,-2.374738641E-2
5.410748235E1,-2.168571576E-2,6.070473418E-2,-2.619084716E-2
5.410948232E1,-1.863138936E-2,5.337435007E-2,-2.985603921E-2
5.411148228E1,-2.107485011E-2,4.665483162E-2,-2.863430791E-2
5.411348192E1,-2.107485011E-2,4.054617882E-2,-3.168863431E-2
5.411548188E1,-2.168571576E-2,3.688098863E-2,-3.229949996E-2
5.411748185E1,-2.535090782E-2,3.077233583E-2,-3.291036561E-2
5.411948181E1,-2.840523422E-2,2.771801129E-2,-3.229949996E-2
5.412148268E1,-2.657263726E-2,1.733330078E-2,-3.413209692E-2
5.412348358E1,-3.023782931E-2,1.183551457E-2,-3.291036561E-2
5.412548358E1,-2.535090782E-2,1.122464892E-2,-2.985603921E-2
5.412748358E1,-2.840523422E-2,7.559457328E-3,-3.107776865E-2
5.412948358E1,-2.901609987E-2,6.948592141E-3,-2.985603921E-2
5.413148358E1,-3.084869497E-2,6.337726954E-3,-2.680171281E-2
5.413348358E1,-2.962696366E-2,5.115996581E-3,-2.313652076E-2
5.413548358E1,-2.779436857E-2,4.505131394E-3,-2.252565511E-2
5.413748358E1,-2.962696366E-2,6.337726954E-3,-1.947133057E-2
5.413948361E1,-3.145955876E-2,5.115996581E-3,-1.641700417E-2
5.414148278E1,-3.145955876E-2,5.115996581E-3,-1.519527286E-2
5.414348191E1,-3.145955876E-2,5.115996581E-3,-1.519527286E-2
5.414548194E1,-3.451388702E-2,3.894265974E-3,-9.697485715E-3
5.414748198E1,-3.940080851E-2,8.399396902E-4,-9.697485715E-3
5.414948201E1,-4.306599870E-2,2.290744742E-4,-9.086620063E-3
5.415148204E1,-3.817907721E-2,2.672535367E-3,-6.032294128E-3
5.415348204E1,-4.367686436E-2,3.283400787E-3,-2.367102774E-3
5.415548201E1,-4.428773001E-2,5.115996581E-3,6.872233935E-4
5.415748198E1,-4.734205827E-2,8.781188168E-3,7.635815564E-5
5.415948194E1,-5.100724846E-2,6.337726954E-3,1.298088697E-3
5.416148277E1,-4.917465150E-2,8.170322515E-3,4.352414981E-3
5.416348364E1,-4.612032697E-2,1.000291854E-2,6.795875728E-3
5.416548321E1,-4.550946131E-2,8.781188168E-3,5.574145354E-3
5.416748321E1,-4.489859566E-2,8.781188168E-3,6.185010541E-3
5.416948321E1,-4.489859566E-2,1.122464892E-2,8.017606102E-3
5.417148324E1,-4.428773001E-2,8.170322515E-3,6.795875728E-3
5.417348360E1,-4.612032697E-2,8.170322515E-3,7.406740915E-3
5.417548364E1,-4.489859566E-2,8.781188168E-3,1.168279815E-2
5.417748367E1,-4.612032697E-2,1.244637929E-2,1.595885493E-2
5.417948370E1,-4.062253982E-2,1.488984004E-2,1.656972058E-2
5.418148287E1,-3.878994286E-2,1.672243699E-2,1.534798928E-2
5.418348200E1,-3.756821156E-2,2.222022414E-2,1.718058437E-2
5.418548200E1,-4.062253982E-2,2.099849284E-2,1.718058437E-2
5.418748200E1,-3.023782931E-2,2.466368489E-2,1.901318133E-2
5.418948200E1,-2.962696366E-2,3.138320148E-2,2.145664208E-2
5.419148200E1,-3.207042441E-2,3.260493279E-2,2.206750773E-2
5.419348200E1,-2.718350291E-2,3.382666409E-2,2.451096848E-2
5.419548200E1,-2.779436857E-2,3.077233583E-2,2.328923717E-2
5.419748200E1,-2.596177347E-2,2.955060638E-2,2.328923717E-2
5.419948197E1,-2.596177347E-2,2.710714564E-2,2.145664208E-2
5.420148280E1,-1.924225502E-2,2.832887508E-2,2.390010282E-2
5.420348367E1,-1.924225502E-2,3.321579844E-2,2.512183413E-2
5.420548363E1,-1.618792862E-2,3.749185428E-2,2.573269792E-2
5.420748360E1,-1.130100712E-2,4.482223839E-2,2.573269792E-2
5.420948357E1,-8.857546374E-3,4.360050708E-2,2.390010282E-2
5.421148353E1,-8.246680722E-3,5.093089119E-2,2.512183413E-2
5.421348350E1,-5.803219974E-3,5.276348442E-2,2.878702432E-2
5.421548350E1,-7.024950348E-3,5.337435007E-2,3.061962128E-2
5.421748353E1,-1.007927675E-2,5.276348442E-2,3.184135258E-2
5.421948356E1,-8.857546374E-3,5.459608138E-2,3.306308016E-2
5.422148273E1,-9.468411095E-3,5.154175684E-2,3.123048507E-2
5.422348186E1,-9.468411095E-3,5.154175684E-2,3.123048507E-2
5.422548230E1,-1.069014147E-2,4.970915988E-2,3.245221451E-2
5.422748233E1,-1.191187184E-2,4.848742858E-2,3.428481147E-2
5.422948236E1,-1.069014147E-2,4.970915988E-2,3.489567712E-2
5.423148236E1,-7.635815535E-3,5.032002553E-2,3.733913973E-2
5.423348233E1,-7.024950348E-3,5.276348442E-2,3.672827408E-2
5.423548229E1,-9.468411095E-3,5.154175684E-2,3.550654277E-2
5.423748226E1,-1.069014147E-2,5.154175684E-2,3.489567712E-2
5.423948223E1,-6.414085161E-3,5.154175684E-2,3.611740842E-2
5.424148306E1,-5.803219974E-3,5.032002553E-2,3.489567712E-2
5.424348393E1,-5.192354787E-3,5.337435007E-2,3.611740842E-2
5.424548392E1,-4.581489135E-3,5.459608138E-2,3.306308016E-2
5.424748393E1,-2.748893574E-3,5.520694703E-2,3.184135258E-2
5.424948392E1,-3.054326226E-4,5.765040591E-2,2.878702432E-2
5.425148392E1,-5.192354787E-3,5.948300287E-2,3.245221451E-2
5.425348393E1,-3.970623948E-3,6.131559983E-2,3.061962128E-2
5.425548392E1,-2.748893574E-3,6.253732741E-2,2.817615867E-2
5.425748392E1,-2.748893574E-3,6.131559983E-2,2.756529488E-2
5.425948393E1,-5.803219974E-3,6.314819306E-2,2.634356357E-2
5.426148306E1,-3.359758761E-3,6.192646548E-2,1.840231568E-2
5.426348236E1,-2.748893574E-3,5.703954399E-2,1.656972058E-2
5.426548222E1,-5.192354787E-3,5.887213722E-2,1.534798928E-2
5.426748226E1,-9.468411095E-3,5.765040591E-2,1.290452853E-2
5.426948229E1,-7.024950348E-3,5.765040591E-2,1.046106778E-2
5.427148232E1,-1.313360315E-2,5.398521572E-2,8.628471754E-3
5.427348236E1,-8.246680722E-3,5.398521572E-2,6.795875728E-3
5.427548239E1,-1.313360315E-2,5.032002553E-2,3.741549561E-3
5.427748239E1,-1.496619824E-2,5.093089119E-2,3.130684374E-3
5.427948236E1,-1.252273750E-2,4.909829423E-2,-1.756237587E-3
5.428148319E1,-1.863138936E-2,4.665483162E-2,-1.756237587E-3
5.428348405E1,-1.802052557E-2,4.482223839E-2,-2.367102774E-3
5.428548402E1,-1.740965992E-2,4.176791012E-2,-6.032294128E-3
5.428748399E1,-1.618792862E-2,3.688098863E-2,-6.032294128E-3
5.428948395E1,-1.740965992E-2,3.565925732E-2,-7.254024968E-3
5.429148392E1,-2.290744707E-2,3.443752974E-2,-9.086620063E-3
5.429348392E1,-2.596177347E-2,2.771801129E-2,-1.153008174E-2
5.429548395E1,-2.657263726E-2,2.649627998E-2,-1.030835137E-2
5.429748398E1,-2.535090782E-2,2.099849284E-2,-1.519527286E-2
5.429948402E1,-2.657263726E-2,1.550070569E-2,-1.763873361E-2
5.430148318E1,-3.145955876E-2,1.183551457E-2,-2.130392566E-2
5.430348232E1,-3.145955876E-2,1.183551457E-2,-2.130392566E-2
5.430548235E1,-3.268129006E-2,1.000291854E-2,-2.191479132E-2
5.430748238E1,-3.451388702E-2,8.170322515E-3,-2.313652076E-2
5.430948242E1,-3.695734590E-2,3.894265974E-3,-2.374738641E-2
5.431148242E1,-3.695734590E-2,2.290744742E-4,-2.741257846E-2
5.431348242E1,-3.634648025E-2,-3.436116967E-3,-2.863430791E-2
5.431548242E1,-4.123340547E-2,-3.436116967E-3,-2.680171281E-2
5.431748242E1,-4.550946131E-2,-1.603521290E-3,-2.557998151E-2
5.431948242E1,-4.428773001E-2,8.399396902E-4,-2.741257846E-2
5.432148328E1,-4.734205827E-2,-2.825251780E-3,-3.291036561E-2
5.432348398E1,-5.100724846E-2,-7.101308554E-3,-3.840815276E-2
5.432548411E1,-5.222897977E-2,-3.436116967E-3,-3.657555580E-2
5.432748408E1,-5.345070735E-2,4.505131394E-3,-3.413209692E-2
5.432948405E1,-5.711590126E-2,9.392052889E-3,-2.985603921E-2
5.433148401E1,-5.528330430E-2,1.672243699E-2,-2.802344225E-2
5.433348398E1,-5.711590126E-2,1.305724494E-2,-3.596469015E-2
5.433548394E1,-6.078109145E-2,3.894265974E-3,-4.329507425E-2
5.433748391E1,-6.322455406E-2,2.290744742E-4,-4.512767121E-2
5.433948391E1,-6.566801667E-2,-6.490443368E-3,-5.245805159E-2
5.434148304E1,-6.933320314E-2,-1.259909570E-2,-5.673411116E-2
5.434348218E1,-6.933320314E-2,-1.259909570E-2,-5.673411116E-2
5.434548221E1,-7.238753140E-2,-1.870774850E-2,-5.673411116E-2
5.434748224E1,-7.666359097E-2,-2.176207490E-2,-6.039930135E-2
5.434948228E1,-7.605272532E-2,-3.336851299E-2,-6.345362961E-2
5.435148324E1,-7.849618047E-2,-3.825543448E-2,-6.589708477E-2
5.435348327E1,-8.155050874E-2,-5.047274008E-2,-6.895141304E-2
5.435548327E1,-7.910704613E-2,-5.474879593E-2,-7.139487565E-2
5.435748324E1,-7.666359097E-2,-5.719225854E-2,-6.772968173E-2
5.435948321E1,-7.299839705E-2,-5.902485549E-2,-6.589708477E-2
5.436148404E1,-7.055493444E-2,-6.391177326E-2,-6.650795043E-2
5.436348490E1,-7.177666575E-2,-6.818783283E-2,-6.772968173E-2
5.436548487E1,-6.933320314E-2,-7.368562371E-2,-6.772968173E-2
5.436748484E1,-6.994406879E-2,-7.796167582E-2,-6.467536092E-2
5.436948480E1,-6.750060618E-2,-8.162686974E-2,-6.345362961E-2
5.437148480E1,-7.116580009E-2,-8.162686974E-2,-6.101016700E-2
5.437348484E1,-7.177666575E-2,-8.468119800E-2,-5.734497309E-2
5.437548487E1,-7.238753140E-2,-8.651378751E-2,-5.551237985E-2
5.437748490E1,-7.177666575E-2,-9.017898142E-2,-5.490151420E-2
5.437948494E1,-7.055493444E-2,-9.384417534E-2,-5.551237985E-2
5.438148410E1,-7.177666575E-2,-9.262244403E-2,-5.673411116E-2
5.438348347E1,-7.177666575E-2,-9.262244403E-2,-5.673411116E-2
5.438548350E1,-7.116580009E-2,-9.140071273E-2,-5.429064855E-2
5.438748353E1,-6.872233748E-2,-9.017898142E-2,-5.551237985E-2
5.438948353E1,-7.238753140E-2,-8.651378751E-2,-5.367978290E-2
5.439148353E1,-6.811147183E-2,-8.529205620E-2,-5.490151420E-2
5.439348353E1,-7.116580009E-2,-8.773551881E-2,-5.856670439E-2
5.439548353E1,-7.177666575E-2,-8.773551881E-2,-5.856670439E-2
5.439748353E1,-7.177666575E-2,-8.773551881E-2,-6.223189831E-2
5.439948353E1,-7.177666575E-2,-8.773551881E-2,-6.406449527E-2
5.440148440E1,-7.544185966E-2,-9.384417534E-2,-6.589708477E-2
5.440348526E1,-6.994406879E-2,-9.445504099E-2,-6.711881608E-2
5.440548523E1,-6.933320314E-2,-9.445504099E-2,-6.711881608E-2
5.440748520E1,-6.872233748E-2,-9.323330969E-2,-6.589708477E-2
5.440948516E1,-6.811147183E-2,-8.712465316E-2,-6.467536092E-2
5.441148420E1,-6.750060618E-2,-8.345946670E-2,-6.223189831E-2
5.441348416E1,-6.322455406E-2,-7.918340713E-2,-6.467536092E-2
5.441548413E1,-6.017022580E-2,-7.673994452E-2,-6.467536092E-2
5.441748413E1,-6.322455406E-2,-7.735081017E-2,-6.528622657E-2
5.441948413E1,-6.566801667E-2,-8.162686974E-2,-7.139487565E-2
5.442148329E1,-6.383541971E-2,-8.712465316E-2,-7.506006956E-2
5.442348243E1,-6.383541971E-2,-8.712465316E-2,-7.506006956E-2
5.442548276E1,-6.139195710E-2,-9.078984708E-2,-7.689265907E-2
5.442748279E1,-5.528330430E-2,-9.201157838E-2,-7.383833826E-2
5.442948283E1,-5.467243865E-2,-9.140071273E-2,-7.139487565E-2
5.443148286E1,-5.222897977E-2,-9.262244403E-2,-7.322747260E-2
5.443348286E1,-5.345070735E-2,-9.567677230E-2,-7.322747260E-2
5.443548282E1,-4.917465150E-2,-9.689849615E-2,-7.567093521E-2
5.443748279E1,-4.673119262E-2,-9.934195876E-2,-7.506006956E-2
5.443948276E1,-4.306599870E-2,-1.017854214E-1,-7.567093521E-2
5.444148359E1,-4.001167417E-2,-1.011745557E-1,-7.689265907E-2
5.444348422E1,-3.573561832E-2,-1.042288840E-1,-7.750352472E-2
5.444548419E1,-3.084869497E-2,-1.066723466E-1,-8.055785298E-2
5.444748416E1,-3.329215571E-2,-1.072832122E-1,-8.055785298E-2
5.444948416E1,-2.779436857E-2,-1.109483987E-1,-7.933612168E-2
5.445148416E1,-2.596177347E-2,-1.121701300E-1,-7.933612168E-2
5.445348416E1,-2.535090782E-2,-1.103375331E-1,-7.872525603E-2
5.445548416E1,-2.107485011E-2,-1.109483987E-1,-7.811439037E-2
5.445748416E1,-1.863138936E-2,-1.115592644E-1,-7.811439037E-2
5.445948416E1,-2.046398632E-2,-1.127809957E-1,-7.872525603E-2
5.446148329E1,-1.740965992E-2,-1.060614809E-1,-7.261660695E-2
5.446348239E1,-1.740965992E-2,-1.060614809E-1,-7.261660695E-2
5.446548239E1,-1.374446787E-2,-1.078940704E-1,-7.383833826E-2
5.446748242E1,-1.374446787E-2,-1.048397496E-1,-7.139487565E-2
5.446948245E1,-1.252273750E-2,-1.091158018E-1,-7.139487565E-2
5.447148249E1,-1.252273750E-2,-1.103375331E-1,-7.261660695E-2
5.447348252E1,-1.435533352E-2,-1.115592644E-1,-7.078400999E-2
5.447548255E1,-1.007927675E-2,-1.121701300E-1,-7.200574130E-2
5.447748259E1,-1.313360315E-2,-1.121701300E-1,-6.895141304E-2
5.447948262E1,-1.069014147E-2,-1.140027270E-1,-6.834054738E-2
5.448148349E1,-1.007927675E-2,-1.140027270E-1,-6.589708477E-2
5.448348435E1,-7.635815535E-3,-1.097266674E-1,-6.101016700E-2
5.448548402E1,-1.007927675E-2,-1.091158018E-1,-5.978843570E-2
5.448748398E1,-1.374446787E-2,-1.048397496E-1,-5.490151420E-2
5.448948395E1,-1.191187184E-2,-1.042288840E-1,-5.367978290E-2
5.449148392E1,-1.191187184E-2,-1.036180183E-1,-5.245805159E-2
5.449348388E1,-1.130100712E-2,-1.054506153E-1,-5.184718594E-2
5.449548388E1,-8.246680722E-3,-1.097266674E-1,-5.001459271E-2
5.449748388E1,-1.069014147E-2,-1.109483987E-1,-5.062545836E-2
5.449948391E1,-1.313360315E-2,-1.140027270E-1,-4.879286140E-2
5.450148308E1,-1.313360315E-2,-1.182787865E-1,-4.696026444E-2
5.450348228E1,-1.313360315E-2,-1.182787865E-1,-4.696026444E-2
5.450548231E1,-1.130100712E-2,-1.213331074E-1,-4.757113010E-2
5.450748235E1,-8.857546374E-3,-1.225548387E-1,-4.573853686E-2
5.450948238E1,-1.007927675E-2,-1.268308908E-1,-4.696026444E-2
5.451148241E1,-8.857546374E-3,-1.292743534E-1,-4.879286140E-2
5.451348241E1,-7.635815535E-3,-1.341612786E-1,-4.940372705E-2
5.451548241E1,-6.414085161E-3,-1.372155994E-1,-5.123632401E-2
5.451748241E1,-9.468411095E-3,-1.390482038E-1,-5.123632401E-2
5.451948241E1,-8.246680722E-3,-1.414916664E-1,-5.001459271E-2
5.452148301E1,-8.246680722E-3,-1.396590620E-1,-4.696026444E-2
5.452348391E1,-1.130100712E-2,-1.408807933E-1,-4.634939879E-2
5.452548391E1,-8.857546374E-3,-1.414916664E-1,-4.329507425E-2
5.452748388E1,-7.635815535E-3,-1.433242559E-1,-4.696026444E-2
5.452948384E1,-7.635815535E-3,-1.463785917E-1,-4.512767121E-2
5.453148381E1,-7.024950348E-3,-1.482111812E-1,-5.001459271E-2
5.453348378E1,-1.191187184E-2,-1.512655020E-1,-4.940372705E-2
5.453548374E1,-8.246680722E-3,-1.573741585E-1,-5.367978290E-2
5.453748371E1,-8.857546374E-3,-1.647045463E-1,-5.734497309E-2
5.453948367E1,-7.024950348E-3,-1.708131880E-1,-5.917757004E-2
5.454148277E1,-7.635815535E-3,-1.799761802E-1,-6.284276396E-2
5.454348187E1,-5.803219974E-3,-1.860848218E-1,-6.284276396E-2
5.454548191E1,-5.192354787E-3,-1.873065531E-1,-6.223189831E-2
5.454748194E1,-2.748893574E-3,-1.934152097E-1,-6.589708477E-2
5.454948197E1,-8.246680722E-3,-2.019673288E-1,-7.017314434E-2
5.455148201E1,-7.024950348E-3,-2.037999183E-1,-7.261660695E-2
5.455348204E1,-7.635815535E-3,-2.129628956E-1,-7.261660695E-2
5.455548207E1,-5.192354787E-3,-2.184606791E-1,-7.383833826E-2
5.455748211E1,-5.803219974E-3,-2.196824104E-1,-7.383833826E-2
5.455948210E1,-5.192354787E-3,-2.251801938E-1,-7.567093521E-2
5.456148294E1,-5.192354787E-3,-2.282345295E-1,-7.506006956E-2
5.456348374E1,-2.748893574E-3,-2.306779921E-1,-7.567093521E-2
5.456548370E1,-3.054326226E-4,-2.318997234E-1,-7.750352472E-2
5.456748367E1,2.138028387E-3,-2.343431860E-1,-7.750352472E-2
5.456948364E1,3.970623948E-3,-2.373975068E-1,-7.567093521E-2
5.457148360E1,3.970623948E-3,-2.392300963E-1,-7.383833826E-2
5.457348360E1,3.970623948E-3,-2.410627007E-1,-7.689265907E-2
5.457548360E1,6.414085161E-3,-2.416735590E-1,-7.567093521E-2
5.457748364E1,8.246680722E-3,-2.447278947E-1,-7.750352472E-2
5.457948367E1,9.468411095E-3,-2.459496260E-1,-7.506006956E-2
5.458148310E1,8.857546374E-3,-2.477822155E-1,-7.567093521E-2
5.458348223E1,8.857546374E-3,-2.477822155E-1,-7.567093521E-2
5.458548227E1,1.252273750E-2,-2.508365512E-1,-7.750352472E-2
5.458748230E1,1.069014147E-2,-2.526691258E-1,-7.567093521E-2
5.458948233E1,1.313360315E-2,-2.538908720E-1,-7.811439037E-2
5.459148237E1,1.191187184E-2,-2.551125884E-1,-7.811439037E-2
5.459348237E1,1.374446787E-2,-2.545017302E-1,-7.811439037E-2
5.459548237E1,1.313360315E-2,-2.575560510E-1,-7.567093521E-2
5.459748237E1,1.557706390E-2,-2.575560510E-1,-7.811439037E-2
5.459948237E1,1.313360315E-2,-2.599995136E-1,-7.994698733E-2
5.460148370E1,1.863138936E-2,-2.599995136E-1,-7.994698733E-2
5.460348460E1,1.740965992E-2,-2.606103718E-1,-7.994698733E-2
5.460548457E1,1.863138936E-2,-2.612212598E-1,-7.994698733E-2
5.460748403E1,1.740965992E-2,-2.612212598E-1,-8.177958429E-2
5.460948400E1,1.740965992E-2,-2.642755806E-1,-8.361218125E-2
5.461148396E1,1.924225502E-2,-2.697733641E-1,-8.361218125E-2
5.461348393E1,1.924225502E-2,-2.728276849E-1,-8.544477820E-2
5.461548390E1,1.985312067E-2,-2.783254683E-1,-8.605564386E-2
5.461748386E1,1.985312067E-2,-2.789363563E-1,-8.666650951E-2
5.461948383E1,1.985312067E-2,-2.771037519E-1,-8.666650951E-2
5.462148296E1,1.802052557E-2,-2.801580727E-1,-8.544477820E-2
5.462348219E1,2.046398632E-2,-2.807689309E-1,-8.666650951E-2
5.462548223E1,1.557706390E-2,-2.832123935E-1,-8.910996467E-2
5.462748226E1,1.863138936E-2,-2.838232517E-1,-8.910996467E-2
5.462948229E1,2.046398632E-2,-2.887101769E-1,-8.849909902E-2
5.463148232E1,1.740965992E-2,-2.874884605E-1,-8.666650951E-2
5.463348236E1,2.046398632E-2,-2.887101769E-1,-8.666650951E-2
5.463548239E1,1.863138936E-2,-2.911536396E-1,-8.788824081E-2
5.463748239E1,2.290744707E-2,-2.942079604E-1,-8.605564386E-2
5.463948236E1,2.229658142E-2,-2.960405648E-1,-8.544477820E-2
5.464148319E1,2.474004216E-2,-2.984840274E-1,-8.239044994E-2
5.464348406E1,2.657263726E-2,-3.021492362E-1,-8.177958429E-2
5.464548402E1,2.840523422E-2,-3.027600944E-1,-7.750352472E-2
5.464748399E1,2.840523422E-2,-3.045926690E-1,-7.506006956E-2
5.464948395E1,2.840523422E-2,-3.039818108E-1,-7.383833826E-2
5.465148392E1,3.329215571E-2,-3.064252734E-1,-7.017314434E-2
5.465348392E1,3.512475267E-2,-3.107013404E-1,-6.834054738E-2
5.465548395E1,3.390302137E-2,-3.143665195E-1,-6.772968173E-2
5.465748399E1,4.001167417E-2,-3.216969073E-1,-6.406449527E-2
5.465948402E1,4.062253982E-2,-3.296381533E-1,-6.223189831E-2
5.466148272E1,4.367686436E-2,-3.351359367E-1,-5.673411116E-2
5.466348185E1,4.367686436E-2,-3.351359367E-1,-5.673411116E-2
5.466548189E1,4.856378585E-2,-3.381902575E-1,-5.429064855E-2
5.466748242E1,4.489859566E-2,-3.406337202E-1,-5.123632401E-2
5.466948245E1,4.978551716E-2,-3.430771828E-1,-4.818199575E-2
5.467148245E1,5.100724846E-2,-3.430771828E-1,-4.757113010E-2
5.467348245E1,5.528330430E-2,-3.424663246E-1,-4.512767121E-2
5.467548245E1,5.772676691E-2,-3.394120038E-1,-4.207334295E-2
5.467748245E1,6.139195710E-2,-3.381902575E-1,-3.962988406E-2
5.467948245E1,6.139195710E-2,-3.357468247E-1,-3.657555580E-2
5.468148332E1,6.627888232E-2,-3.339142203E-1,-3.535382450E-2
5.468348408E1,6.627888232E-2,-3.308598995E-1,-3.352123126E-2
5.468548405E1,6.566801667E-2,-3.314707577E-1,-3.168863431E-2
5.468748362E1,6.627888232E-2,-3.278055489E-1,-2.863430791E-2
5.468948358E1,6.872233748E-2,-3.247512281E-1,-2.313652076E-2
5.469148355E1,6.872233748E-2,-3.241403699E-1,-2.374738641E-2
5.469348351E1,7.360926270E-2,-3.198643029E-1,-2.069306001E-2
5.469548348E1,6.811147183E-2,-3.168099821E-1,-1.702786796E-2
5.469748344E1,6.811147183E-2,-3.174208403E-1,-1.641700417E-2
5.469948345E1,6.688974798E-2,-3.119230568E-1,-1.458440814E-2
5.470148261E1,6.933320314E-2,-3.058144152E-1,-1.030835137E-2
5.470348174E1,6.933320314E-2,-3.058144152E-1,-1.030835137E-2
5.470548178E1,6.688974798E-2,-3.009274900E-1,-5.421428941E-3
5.470748181E1,6.811147183E-2,-2.954297066E-1,-6.032294128E-3
5.470948184E1,7.238753140E-2,-2.923753858E-1,-6.032294128E-3
5.471148188E1,7.177666575E-2,-2.929862440E-1,-6.032294128E-3
5.471348191E1,7.238753140E-2,-2.923753858E-1,-7.254024968E-3
5.471548191E1,7.116580009E-2,-2.893210649E-1,-7.864889689E-3
5.471748188E1,7.177666575E-2,-2.880993187E-1,-6.032294128E-3
5.471948184E1,7.422012836E-2,-2.856558561E-1,-5.421428941E-3
5.472148267E1,7.666359097E-2,-2.819906771E-1,-3.588833380E-3
5.472348354E1,7.238753140E-2,-2.807689309E-1,-2.367102774E-3
5.472548351E1,6.933320314E-2,-2.722168267E-1,-1.145372284E-3
5.472748347E1,7.238753140E-2,-2.661081851E-1,6.872233935E-4
5.472948344E1,6.872233748E-2,-2.630538344E-1,1.908953884E-3
5.473148344E1,7.422012836E-2,-2.599995136E-1,3.741549561E-3
5.473348344E1,7.483099401E-2,-2.532800138E-1,1.908953884E-3
5.473548344E1,7.422012836E-2,-2.502256632E-1,4.963280167E-3
5.473748344E1,7.360926270E-2,-2.490039468E-1,3.741549561E-3
5.473948344E1,7.422012836E-2,-2.514474094E-1,7.635815564E-5
5.474148257E1,7.666359097E-2,-2.545017302E-1,-5.345070967E-4
5.474348167E1,7.666359097E-2,-2.545017302E-1,-5.345070967E-4
5.474548167E1,7.605272532E-2,-2.606103718E-1,-2.367102774E-3
5.474748207E1,8.032877743E-2,-2.612212598E-1,-5.345070967E-4
5.474948210E1,7.849618047E-2,-2.593886554E-1,7.635815564E-5
5.475148214E1,7.544185966E-2,-2.538908720E-1,2.519819187E-3
5.475348217E1,7.483099401E-2,-2.502256632E-1,3.130684374E-3
5.475548220E1,7.177666575E-2,-2.392300963E-1,6.795875728E-3
5.475748224E1,7.055493444E-2,-2.312888503E-1,6.795875728E-3
5.475948227E1,7.360926270E-2,-2.288453877E-1,9.850202128E-3
5.476148314E1,7.116580009E-2,-2.233476043E-1,6.795875728E-3
5.476348400E1,6.933320314E-2,-2.178498209E-1,4.963280167E-3
5.476548397E1,6.933320314E-2,-2.135737687E-1,4.963280167E-3
5.476748393E1,7.055493444E-2,-2.086868435E-1,3.130684374E-3
5.476948390E1,6.750060618E-2,-2.001347244E-1,1.908953884E-3
5.477148386E1,7.238753140E-2,-1.976912618E-1,1.908953884E-3
5.477348383E1,6.872233748E-2,-1.879174262E-1,1.908953884E-3
5.477548380E1,6.933320314E-2,-1.775327176E-1,-5.345070967E-4
5.477748380E1,7.055493444E-2,-1.738675237E-1,-1.756237587E-3
5.477948383E1,6.994406879E-2,-1.653154045E-1,-2.977967961E-3
5.478148300E1,7.299839705E-2,-1.579850167E-1,-4.199698567E-3
5.478348213E1,7.299839705E-2,-1.579850167E-1,-4.199698567E-3
5.478548160E1,7.055493444E-2,-1.482111812E-1,-4.810563754E-3
5.478748163E1,7.177666575E-2,-1.482111812E-1,-1.214094646E-2
5.478948166E1,7.483099401E-2,-1.463785917E-1,-1.153008174E-2
5.479148169E1,7.605272532E-2,-1.408807933E-1,-1.214094646E-2
5.479348173E1,7.299839705E-2,-1.317178160E-1,-1.153008174E-2
5.479548173E1,7.177666575E-2,-1.274417639E-1,-1.214094646E-2
5.479748173E1,7.055493444E-2,-1.237765700E-1,-1.947133057E-2
5.479948173E1,7.666359097E-2,-1.274417639E-1,-2.557998151E-2
5.480148259E1,7.971791178E-2,-1.366047412E-1,-3.107776865E-2
5.480348349E1,8.216137439E-2,-1.592067480E-1,-4.451680556E-2
5.480548349E1,9.254608303E-2,-1.903608888E-1,-5.490151420E-2
5.480748349E1,9.376781434E-2,-2.025781870E-1,-6.039930135E-2
5.480948346E1,9.865473956E-2,-2.154063582E-1,-6.589708477E-2
5.481148343E1,1.017090604E-1,-2.172389477E-1,-6.162103266E-2
5.481348339E1,1.023199260E-1,-2.166280895E-1,-6.101016700E-2
5.481548336E1,1.053742543E-1,-2.166280895E-1,-5.734497309E-2
5.481748332E1,1.090394482E-1,-2.117411643E-1,-5.612324551E-2
5.481948329E1,1.096503139E-1,-2.092977017E-1,-5.429064855E-2
5.482148239E1,1.090394482E-1,-1.915826052E-1,-5.612324551E-2
5.482348149E1,1.090394482E-1,-1.915826052E-1,-5.856670439E-2
5.482548149E1,1.084285825E-1,-1.897500157E-1,-6.162103266E-2
5.482748152E1,1.108720452E-1,-1.873065531E-1,-6.406449527E-2
5.482948156E1,1.120937690E-1,-1.873065531E-1,-7.139487565E-2
5.483148159E1,1.108720452E-1,-1.909717470E-1,-7.017314434E-2
5.483348162E1,1.096503139E-1,-1.928043365E-1,-7.383833826E-2
5.483548165E1,1.059851199E-1,-1.928043365E-1,-7.139487565E-2
5.483748169E1,9.865473956E-2,-1.946369410E-1,-7.139487565E-2
5.483948169E1,1.004873365E-1,-1.928043365E-1,-6.956227869E-2
5.484148255E1,9.010262042E-2,-1.873065531E-1,-6.772968173E-2
5.484348342E1,8.704829961E-2,-1.787544489E-1,-6.650795043E-2
5.484548395E1,8.399397135E-2,-1.714240611E-1,-6.345362961E-2
5.484748392E1,7.116580009E-2,-1.567633003E-1,-5.795583874E-2
5.484948388E1,6.017022580E-2,-1.427133977E-1,-5.306891724E-2
5.485148385E1,6.017022580E-2,-1.323286891E-1,-5.062545836E-2
5.485348382E1,5.283984542E-2,-1.176679209E-1,-5.001459271E-2
5.485548382E1,4.123340547E-2,-1.023962870E-1,-4.940372705E-2
5.485748385E1,3.878994286E-2,-9.567677230E-2,-5.184718594E-2
5.485948388E1,2.535090782E-2,-7.735081017E-2,-4.512767121E-2
5.486148305E1,7.635815535E-3,-4.497495294E-2,-4.390593991E-2
5.486348238E1,7.635815535E-3,-4.497495294E-2,-4.390593991E-2
5.486548241E1,-8.246680722E-3,-2.115120925E-2,-4.512767121E-2
5.486748245E1,-1.924225502E-2,3.283400787E-3,-4.085161164E-2
5.486948248E1,-2.535090782E-2,1.488984004E-2,-4.085161164E-2
5.487148251E1,-3.756821156E-2,3.138320148E-2,-3.779728711E-2
5.487348251E1,-4.856378585E-2,4.970915988E-2,-3.413209692E-2
5.487548251E1,-5.222897977E-2,5.826127157E-2,-3.229949996E-2
5.487748251E1,-6.200282276E-2,6.864598393E-2,-3.107776865E-2
5.487948251E1,-7.299839705E-2,7.841982692E-2,-2.863430791E-2
5.488148338E1,-7.544185966E-2,8.208502084E-2,-3.046690486E-2
5.488348428E1,-8.155050874E-2,8.941540122E-2,-2.802344225E-2
5.488548428E1,-8.582656831E-2,9.735664725E-2,-2.924517356E-2
5.488748424E1,-8.765916526E-2,9.857837856E-2,-2.985603921E-2
5.488948421E1,-9.071348608E-2,1.065196246E-1,-3.046690486E-2
5.489148418E1,-9.560041130E-2,1.107956842E-1,-3.107776865E-2
5.489348414E1,-9.437867999E-2,1.120174155E-1,-2.924517356E-2
5.489548411E1,-9.437867999E-2,1.138500124E-1,-3.291036561E-2
5.489748408E1,-9.315694869E-2,1.120174155E-1,-3.413209692E-2
5.489948404E1,-9.498954564E-2,1.083522215E-1,-3.596469015E-2
5.490148314E1,-8.765916526E-2,9.735664725E-2,-4.024074972E-2
5.490348224E1,-8.765916526E-2,9.308059514E-2,-4.024074972E-2
5.490548227E1,-8.216137439E-2,8.575020730E-2,-4.207334295E-2
5.490748231E1,-7.910704613E-2,7.658722997E-2,-4.390593991E-2
5.490948234E1,-7.360926270E-2,6.742425263E-2,-4.573853686E-2
5.491148237E1,-6.872233748E-2,6.192646548E-2,-4.818199575E-2
5.491348241E1,-5.955936015E-2,4.787656292E-2,-5.306891724E-2
5.491548244E1,-5.222897977E-2,3.321579844E-2,-5.367978290E-2
5.491748244E1,-4.673119262E-2,2.527454868E-2,-5.245805159E-2
5.491948244E1,-3.329215571E-2,5.726861767E-3,-5.551237985E-2
5.492148327E1,-2.290744707E-2,-1.687515154E-2,-5.490151420E-2
5.492348394E1,-1.557706390E-2,-2.909245715E-2,-5.367978290E-2
5.492548390E1,-4.581489135E-3,-4.436408728E-2,-5.306891724E-2
5.492748387E1,2.138028387E-3,-5.352706835E-2,-5.245805159E-2
5.492948384E1,5.803219974E-3,-5.658139288E-2,-5.123632401E-2
5.493148380E1,1.557706390E-2,-5.841398984E-2,-5.062545836E-2
5.493348380E1,1.985312067E-2,-6.146831438E-2,-4.757113010E-2
5.493548380E1,2.474004216E-2,-6.269004941E-2,-4.757113010E-2
5.493748380E1,2.596177347E-2,-6.391177326E-2,-4.634939879E-2
5.493948380E1,3.390302137E-2,-7.673994452E-2,-4.696026444E-2
5.494148294E1,4.062253982E-2,-9.689849615E-2,-5.062545836E-2
5.494348204E1,4.062253982E-2,-9.689849615E-2,-5.062545836E-2
5.494548204E1,5.100724846E-2,-1.164461896E-1,-5.429064855E-2
5.494748204E1,3.573561832E-2,-8.040513843E-2,-3.779728711E-2
5.494948204E1,2.840523422E-2,-5.108360574E-2,-2.374738641E-2
5.495148207E1,1.069014147E-2,-7.712173741E-3,4.352414981E-3
5.495348210E1,1.191187184E-2,-1.687515154E-2,6.795875728E-3
5.495548213E1,1.740965992E-2,-3.336851299E-2,-5.345070967E-4
5.495748217E1,2.596177347E-2,-6.391177326E-2,-1.458440814E-2
5.495948220E1,3.451388702E-2,-1.023962870E-1,-2.741257846E-2
5.496148310E1,3.878994286E-2,-1.256091595E-1,-3.901901841E-2
5.496348403E1,5.406157300E-2,-1.683697402E-1,-5.612324551E-2
5.496548403E1,5.833763257E-2,-1.677588671E-1,-5.551237985E-2
5.496748400E1,4.856378585E-2,-1.421025246E-1,-4.390593991E-2
5.496948396E1,4.795292020E-2,-1.262200326E-1,-3.413209692E-2
5.497148393E1,5.650503561E-2,-1.384373307E-1,-4.268420860E-2
5.497348390E1,5.955936015E-2,-1.488220394E-1,-4.757113010E-2
5.497548386E1,6.261368841E-2,-1.604284793E-1,-5.245805159E-2
5.497748383E1,5.528330430E-2,-1.408807933E-1,-4.268420860E-2
5.497948380E1,4.428773001E-2,-1.182787865E-1,-3.168863431E-2
5.498148293E1,2.474004216E-2,-4.314235970E-2,-1.756237587E-3
5.498348206E1,2.107485011E-2,-4.069889709E-2,-1.145372284E-3
5.498548209E1,2.351831272E-2,-5.047274008E-2,-4.810563754E-3
5.498748213E1,2.718350291E-2,-7.246389240E-2,-1.763873361E-2
5.498948216E1,2.168571576E-2,-7.551821321E-2,-1.886046492E-2
5.499148219E1,8.857546374E-3,-5.108360574E-2,-8.475755341E-3
5.499348223E1,-1.313360315E-2,2.099849284E-2,2.023491077E-2
5.499548226E1,-2.474004216E-2,4.970915988E-2,2.878702432E-2
5.499748229E1,-2.901609987E-2,4.665483162E-2,2.451096848E-2
5.499948229E1,-1.863138936E-2,1.244637929E-2,7.406740915E-3
5.500148316E1,-3.451388702E-2,2.771801129E-2,1.046106778E-2
5.500348406E1,-3.390302137E-2,2.649627998E-2,4.963280167E-3
5.500548406E1,-4.306599870E-2,3.016147204E-2,6.185010541E-3
5.500748406E1,-4.795292020E-2,3.504839167E-2,1.107193250E-2
5.500948406E1,-4.978551716E-2,3.871358559E-2,1.473712362E-2
5.501148402E1,-5.222897977E-2,5.398521572E-2,2.084577642E-2
5.501348399E1,-5.222897977E-2,5.276348442E-2,1.840231568E-2
5.501548396E1,-5.528330430E-2,5.520694703E-2,1.962404512E-2
5.501748392E1,-5.894849449E-2,5.459608138E-2,2.267837152E-2
5.501948389E1,-6.261368841E-2,5.093089119E-2,2.573269792E-2
5.502148299E1,-5.894849449E-2,4.360050708E-2,2.939788997E-2
5.502348205E1,-5.894849449E-2,4.360050708E-2,2.939788997E-2
5.502548202E1,-5.589416996E-2,3.932445124E-2,3.611740842E-2
5.502748202E1,-5.650503561E-2,4.054617882E-2,4.161519557E-2
5.502948205E1,-5.833763257E-2,4.909829423E-2,5.199990422E-2
5.503148209E1,-5.528330430E-2,5.154175684E-2,5.566509441E-2
5.503348212E1,-5.711590126E-2,5.276348442E-2,5.749769136E-2
5.503548215E1,-5.650503561E-2,5.154175684E-2,6.177374721E-2
5.503748218E1,-5.283984542E-2,5.826127157E-2,6.849326193E-2
5.503948222E1,-5.283984542E-2,5.948300287E-2,7.093672454E-2
5.504148312E1,-5.039638281E-2,6.070473418E-2,7.399105281E-2
5.504348402E1,-5.039638281E-2,5.703954399E-2,7.704538107E-2
5.504548398E1,-5.467243865E-2,5.581781268E-2,7.765624672E-2
5.504748395E1,-4.673119262E-2,5.398521572E-2,7.948884368E-2
5.504948392E1,-5.100724846E-2,5.642867833E-2,7.765624672E-2
5.505148388E1,-5.345070735E-2,5.826127157E-2,7.887797803E-2
5.505348385E1,-5.711590126E-2,5.703954399E-2,7.704538107E-2
5.505548381E1,-5.283984542E-2,5.703954399E-2,7.154759020E-2
5.505748378E1,-4.917465150E-2,5.581781268E-2,6.971499324E-2
5.505948378E1,-5.528330430E-2,5.032002553E-2,6.482807547E-2
5.506148295E1,-5.467243865E-2,4.237877578E-2,5.871942267E-2
5.506348208E1,-5.467243865E-2,4.237877578E-2,5.871942267E-2
5.506548211E1,-5.345070735E-2,3.565925732E-2,5.505422875E-2
5.506748215E1,-4.978551716E-2,3.321579844E-2,5.138903856E-2
5.506948128E1,-5.039638281E-2,2.893974073E-2,4.711298272E-2
5.507148131E1,-4.489859566E-2,2.466368489E-2,4.283692688E-2
5.507348134E1,-4.367686436E-2,1.977676153E-2,3.733913973E-2
5.507548138E1,-3.878994286E-2,1.244637929E-2,3.184135258E-2
5.507748138E1,-3.573561832E-2,7.559457328E-3,2.512183413E-2
5.507948138E1,-2.901609987E-2,2.290744742E-4,1.840231568E-2
5.508148224E1,-2.840523422E-2,-1.076649968E-2,1.229366288E-2
5.508348314E1,-2.474004216E-2,-1.382082608E-2,6.795875728E-3
5.508548314E1,-2.168571576E-2,-2.054034360E-2,1.298088697E-3
5.508748314E1,-1.924225502E-2,-2.787072770E-2,-5.421428941E-3
5.508948311E1,-1.435533352E-2,-3.336851299E-2,-1.153008174E-2
5.509148308E1,-1.313360315E-2,-3.886630014E-2,-1.886046492E-2
5.509348304E1,-1.130100712E-2,-4.680754989E-2,-2.191479132E-2
5.509548301E1,-1.007927675E-2,-4.864014685E-2,-2.435825206E-2
5.509748297E1,-5.803219974E-3,-5.047274008E-2,-2.985603921E-2
5.509948294E1,-3.970623948E-3,-5.230533704E-2,-3.474296257E-2
5.510148204E1,-1.527163084E-3,-4.925100878E-2,-3.901901841E-2
5.510348120E1,-1.527163084E-3,-4.925100878E-2,-3.901901841E-2
5.510548121E1,-3.054326226E-4,-4.497495294E-2,-4.329507425E-2
5.510748124E1,4.581489135E-3,-4.314235970E-2,-4.696026444E-2
5.510948127E1,1.527163084E-3,-3.825543448E-2,-4.940372705E-2
5.511148130E1,2.748893574E-3,-3.092505224E-2,-5.062545836E-2
5.511348134E1,1.527163084E-3,-2.848159149E-2,-5.184718594E-2
5.511548137E1,3.970623948E-3,-2.115120925E-2,-5.612324551E-2
5.511748140E1,4.581489135E-3,-1.320996135E-2,-5.673411116E-2
5.511948144E1,2.138028387E-3,-8.323038928E-3,-5.673411116E-2
5.512148230E1,3.054326226E-4,-2.214386594E-3,-5.856670439E-2
5.512348317E1,-2.138028387E-3,6.948592141E-3,-6.101016700E-2
5.512548313E1,-3.359758761E-3,1.122464892E-2,-6.284276396E-2
5.512748310E1,-8.246680722E-3,1.611157134E-2,-6.345362961E-2
5.512948397E1,-8.857546374E-3,2.527454868E-2,-6.345362961E-2
5.513148393E1,-1.191187184E-2,2.955060638E-2,-6.284276396E-2
5.513348390E1,-1.863138936E-2,3.749185428E-2,-6.223189831E-2
5.513548386E1,-1.618792862E-2,4.298964143E-2,-6.528622657E-2
5.513748386E1,-2.290744707E-2,4.726569727E-2,-6.162103266E-2
5.513948390E1,-2.229658142E-2,5.093089119E-2,-6.406449527E-2
5.514148306E1,-2.779436857E-2,5.581781268E-2,-6.162103266E-2
5.514348220E1,-2.779436857E-2,5.581781268E-2,-6.162103266E-2
5.514548223E1,-3.023782931E-2,5.948300287E-2,-5.978843570E-2
5.514748226E1,-3.329215571E-2,6.070473418E-2,-5.856670439E-2
5.514948230E1,-3.207042441E-2,6.436992437E-2,-5.795583874E-2
5.515148233E1,-3.451388702E-2,6.498079002E-2,-5.429064855E-2
5.515348236E1,-3.878994286E-2,6.986771524E-2,-4.818199575E-2
5.515548236E1,-3.817907721E-2,6.986771524E-2,-4.757113010E-2
5.515748236E1,-4.062253982E-2,7.658722997E-2,-4.329507425E-2
5.515948236E1,-4.062253982E-2,8.269587904E-2,-3.840815276E-2
5.516148323E1,-4.367686436E-2,8.513934165E-2,-3.413209692E-2
5.516348403E1,-4.306599870E-2,9.308059514E-2,-3.046690486E-2
5.516548403E1,-4.673119262E-2,1.022435725E-1,-2.313652076E-2
5.516748399E1,-4.917465150E-2,1.046870351E-1,-2.130392566E-2
5.516948396E1,-5.161811411E-2,1.144608781E-1,-1.458440814E-2
5.517148393E1,-6.017022580E-2,1.272890419E-1,-9.086620063E-3
5.517348389E1,-6.261368841E-2,1.303433776E-1,-3.588833380E-3
5.517548386E1,-6.261368841E-2,1.401172131E-1,1.908953884E-3
5.517748382E1,-7.116580009E-2,1.480584592E-1,6.795875728E-3
5.517948379E1,-7.727445662E-2,1.517236531E-1,9.239336476E-3
5.518148289E1,-8.827003092E-2,1.584431678E-1,1.534798928E-2
5.518348199E1,-8.827003092E-2,1.602757722E-1,1.595885493E-2
5.518548202E1,-9.498954564E-2,1.621083617E-1,1.840231568E-2
5.518748206E1,-9.987647086E-2,1.663844138E-1,2.390010282E-2
5.518948209E1,-1.059851199E-1,1.731039435E-1,2.695442922E-2
5.519148212E1,-1.059851199E-1,1.761582643E-1,3.000875562E-2
5.519348215E1,-1.096503139E-1,1.779908538E-1,3.306308016E-2
5.519548219E1,-1.139263660E-1,1.859321147E-1,3.856086731E-2
5.519748222E1,-1.175915599E-1,1.914298981E-1,4.283692688E-2
5.519948222E1,-1.200350225E-1,1.957059503E-1,4.650211707E-2
5.520148305E1,-1.237002090E-1,2.036471963E-1,5.138903856E-2
5.520348392E1,-1.237002090E-1,2.109775841E-1,5.505422875E-2
5.520548389E1,-1.255328059E-1,2.146427780E-1,5.627596006E-2
5.520748385E1,-1.218676195E-1,2.189188302E-1,6.421720982E-2
5.520948382E1,-1.224784851E-1,2.231948823E-1,6.788240373E-2
5.521148378E1,-1.243110746E-1,2.250274867E-1,6.727153808E-2
5.521348375E1,-1.194241568E-1,2.238057554E-1,6.666067243E-2
5.521548375E1,-1.127046347E-1,2.183079720E-1,7.032585889E-2
5.521748375E1,-1.072068512E-1,2.152536362E-1,6.727153808E-2
5.521948375E1,-1.053742543E-1,2.103667259E-1,6.849326193E-2
5.522148288E1,-9.498954564E-2,2.067015320E-1,7.154759020E-2
5.522348202E1,-9.498954564E-2,2.067015320E-1,7.154759020E-2
5.522548202E1,-8.643743396E-2,2.060906589E-1,7.338018715E-2
5.522748202E1,-7.666359097E-2,2.085341215E-1,7.765624672E-2
5.522948202E1,-7.422012836E-2,2.091449946E-1,7.765624672E-2
5.523148202E1,-6.933320314E-2,2.128101736E-1,7.765624672E-2
5.523348205E1,-6.139195710E-2,2.134210467E-1,8.071056753E-2
5.523548208E1,-6.017022580E-2,2.152536362E-1,7.887797803E-2
5.523748211E1,-5.222897977E-2,2.140319049E-1,7.826711237E-2
5.523948215E1,-4.550946131E-2,2.109775841E-1,7.582364976E-2
5.524148305E1,-4.306599870E-2,2.060906589E-1,7.276932150E-2
5.524348398E1,-4.184427112E-2,1.993711442E-1,6.910412759E-2
5.524548398E1,-3.145955876E-2,1.883755773E-1,6.177374721E-2
5.524748398E1,-3.145955876E-2,1.822669208E-1,5.933028832E-2
5.524948395E1,-2.412917651E-2,1.743256748E-1,4.894557595E-2
5.525148391E1,-2.107485011E-2,1.621083617E-1,4.222606122E-2
5.525348388E1,-1.679879427E-2,1.566105783E-1,3.611740842E-2
5.525548384E1,-1.069014147E-2,1.443932652E-1,2.817615867E-2
5.525748381E1,-8.857546374E-3,1.333976984E-1,2.023491077E-2
5.525948378E1,-7.024950348E-3,1.278999150E-1,1.595885493E-2
5.526148291E1,-7.635815535E-3,1.162934676E-1,6.185010541E-3
5.526348204E1,-8.246680722E-3,1.150717437E-1,4.963280167E-3
5.526548208E1,-7.635815535E-3,1.114065498E-1,7.635815564E-5
5.526748211E1,-5.803219974E-3,1.052978933E-1,-4.199698567E-3
5.526948214E1,-8.857546374E-3,1.010218412E-1,-7.254024968E-3
5.527148217E1,-7.635815535E-3,9.735664725E-2,-1.030835137E-2
5.527348221E1,-1.130100712E-2,9.124799818E-2,-1.458440814E-2
5.527548224E1,-1.007927675E-2,8.819366992E-2,-1.763873361E-2
5.527748227E1,-1.069014147E-2,8.697193861E-2,-2.008219436E-2
5.527948227E1,-7.635815535E-3,8.513934165E-2,-2.191479132E-2
5.528148314E1,-1.007927675E-2,8.269587904E-2,-2.496911772E-2
5.528348401E1,-1.496619824E-2,8.575020730E-2,-2.496911772E-2
5.528548400E1,-1.740965992E-2,9.063713253E-2,-2.557998151E-2
5.528748400E1,-1.863138936E-2,9.124799818E-2,-2.557998151E-2
5.528948401E1,-1.740965992E-2,9.124799818E-2,-2.741257846E-2
5.529148400E1,-2.107485011E-2,9.002626687E-2,-2.741257846E-2
5.529348397E1,-1.985312067E-2,8.941540122E-2,-3.046690486E-2
5.529548394E1,-2.229658142E-2,8.697193861E-2,-3.107776865E-2
5.529748390E1,-2.168571576E-2,8.025242388E-2,-3.413209692E-2
5.529948387E1,-2.168571576E-2,7.719809562E-2,-3.107776865E-2
5.530148297E1,-1.985312067E-2,7.231117040E-2,-3.168863431E-2
5.530348204E1,-1.985312067E-2,7.231117040E-2,-3.168863431E-2
5.530548200E1,-1.863138936E-2,6.559165567E-2,-2.985603921E-2
5.530748197E1,-1.924225502E-2,6.070473418E-2,-2.741257846E-2
5.530948197E1,-2.107485011E-2,6.070473418E-2,-2.557998151E-2
5.531148200E1,-2.046398632E-2,6.192646548E-2,-2.008219436E-2
5.531348203E1,-2.046398632E-2,6.131559983E-2,-1.275181212E-2
5.531548207E1,-2.107485011E-2,6.375905871E-2,-1.091921609E-2
5.531748210E1,-2.107485011E-2,6.375905871E-2,-7.864889689E-3
5.531948213E1,-2.046398632E-2,5.887213722E-2,-4.199698567E-3
5.532148303E1,-2.107485011E-2,5.520694703E-2,-2.977967961E-3
5.532348393E1,-2.107485011E-2,5.520694703E-2,-1.756237587E-3
5.532548353E1,-1.924225502E-2,4.970915988E-2,2.519819187E-3
5.532748350E1,-1.679879427E-2,4.543310404E-2,-1.145372284E-3
5.532948346E1,-1.191187184E-2,3.688098863E-2,-4.199698567E-3
5.533148343E1,-1.007927675E-2,3.504839167E-2,-3.588833380E-3
5.533348340E1,-1.435533352E-2,3.749185428E-2,-2.367102774E-3
5.533548336E1,-1.007927675E-2,3.993531689E-2,-5.421428941E-3
5.533748333E1,-1.191187184E-2,4.054617882E-2,-9.697485715E-3
5.533948333E1,-1.313360315E-2,3.749185428E-2,-1.153008174E-2
5.534148246E1,-7.024950348E-3,2.527454868E-2,-2.191479132E-2
5.534348186E1,-7.024950348E-3,1.977676153E-2,-2.252565511E-2
5.534548189E1,-4.581489135E-3,9.392052889E-3,-2.557998151E-2
5.534748193E1,-9.162978968E-4,-8.933904581E-3,-3.474296257E-2
5.534948196E1,5.803219974E-3,-2.725986205E-2,-3.901901841E-2
5.535148199E1,7.024950348E-3,-3.520110995E-2,-4.207334295E-2
5.535348203E1,1.191187184E-2,-5.291620269E-2,-4.634939879E-2
5.535548206E1,1.802052557E-2,-6.513350457E-2,-5.306891724E-2
5.535748206E1,2.229658142E-2,-7.063129544E-2,-5.245805159E-2
5.535948206E1,2.474004216E-2,-7.307475805E-2,-5.429064855E-2
5.536148293E1,2.596177347E-2,-7.246389240E-2,-5.551237985E-2
5.536348382E1,2.596177347E-2,-7.063129544E-2,-5.551237985E-2
5.536548383E1,2.290744707E-2,-6.452263892E-2,-5.673411116E-2
5.536748382E1,2.168571576E-2,-5.780312419E-2,-5.734497309E-2
5.536948382E1,1.863138936E-2,-5.474879593E-2,-6.039930135E-2
5.537148379E1,1.252273750E-2,-5.230533704E-2,-6.162103266E-2
5.537348376E1,8.246680722E-3,-5.169447139E-2,-6.467536092E-2
5.537548372E1,8.857546374E-3,-5.108360574E-2,-6.834054738E-2
5.537748369E1,5.192354787E-3,-5.597052723E-2,-7.139487565E-2
5.537948366E1,7.635815535E-3,-6.146831438E-2,-7.322747260E-2
5.538148276E1,4.581489135E-3,-5.902485549E-2,-7.200574130E-2
5.538348182E1,4.581489135E-3,-5.902485549E-2,-7.200574130E-2
5.538548219E1,2.748893574E-3,-5.230533704E-2,-7.017314434E-2
5.538748219E1,3.359758761E-3,-4.619668424E-2,-6.650795043E-2
5.538948222E1,-2.138028387E-3,-3.825543448E-2,-6.101016700E-2
5.539148225E1,-2.748893574E-3,-2.848159149E-2,-5.429064855E-2
5.539348229E1,-5.803219974E-3,-2.298380435E-2,-5.306891724E-2
5.539548232E1,-3.359758761E-3,-1.748601720E-2,-4.818199575E-2
5.539748235E1,-3.359758761E-3,-1.565342210E-2,-4.818199575E-2
5.539948239E1,-7.635815535E-3,-1.382082608E-2,-4.634939879E-2
5.540148329E1,-1.527163084E-3,-1.382082608E-2,-4.451680556E-2
5.540348392E1,-3.359758761E-3,-1.198823005E-2,-4.146247730E-2
5.540548388E1,-1.527163084E-3,-1.443169173E-2,-3.901901841E-2
5.540748385E1,-1.527163084E-3,-1.626428775E-2,-3.840815276E-2
5.540948382E1,-5.192354787E-3,-2.237293869E-2,-3.474296257E-2
5.541148378E1,-4.581489135E-3,-2.481640130E-2,-3.535382450E-2
5.541348375E1,-3.970623948E-3,-2.848159149E-2,-3.229949996E-2
5.541548371E1,-6.414085161E-3,-2.848159149E-2,-3.107776865E-2
5.541748371E1,-3.970623948E-3,-2.725986205E-2,-3.107776865E-2
5.541948371E1,-6.414085161E-3,-2.909245715E-2,-2.924517356E-2
5.542148285E1,-1.130100712E-2,-4.008803144E-2,-2.985603921E-2
5.542348195E1,-1.130100712E-2,-4.008803144E-2,-2.985603921E-2
5.542548195E1,-1.130100712E-2,-4.925100878E-2,-3.229949996E-2
5.542748195E1,-6.414085161E-3,-6.024658307E-2,-3.168863431E-2
5.542948195E1,-8.857546374E-3,-7.612907887E-2,-3.352123126E-2
5.543148195E1,-5.192354787E-3,-8.223773539E-2,-3.535382450E-2
5.543348195E1,-2.138028387E-3,-9.812022746E-2,-3.352123126E-2
5.543548198E1,1.527163084E-3,-1.158353239E-1,-3.535382450E-2
5.543748201E1,3.359758761E-3,-1.219439730E-1,-3.535382450E-2
5.543948205E1,8.857546374E-3,-1.359938681E-1,-3.779728711E-2
5.544148295E1,1.557706390E-2,-1.512655020E-1,-3.840815276E-2
5.544348388E1,1.679879427E-2,-1.573741585E-1,-4.024074972E-2
5.544548391E1,2.535090782E-2,-1.714240611E-1,-4.207334295E-2
5.544748394E1,2.962696366E-2,-1.854739636E-1,-4.207334295E-2
5.544948395E1,3.695734590E-2,-1.915826052E-1,-4.451680556E-2
5.545148391E1,4.489859566E-2,-2.001347244E-1,-4.573853686E-2
5.545348388E1,4.734205827E-2,-2.105194330E-1,-4.390593991E-2
5.545548384E1,5.833763257E-2,-2.117411643E-1,-4.451680556E-2
5.545748381E1,5.772676691E-2,-2.178498209E-1,-4.390593991E-2
5.545948378E1,6.566801667E-2,-2.276236564E-1,-4.451680556E-2
5.546148288E1,8.093964309E-2,-2.404518276E-1,-4.512767121E-2
5.546348194E1,8.093964309E-2,-2.404518276E-1,-4.512767121E-2
5.546548194E1,8.704829961E-2,-2.496148050E-1,-4.634939879E-2
5.546748197E1,9.010262042E-2,-2.557234764E-1,-4.451680556E-2
5.546948201E1,9.498954564E-2,-2.563343346E-1,-4.207334295E-2
5.547148204E1,1.029307917E-1,-2.593886554E-1,-4.207334295E-2
5.547348207E1,1.047633886E-1,-2.587777972E-1,-4.085161164E-2
5.547548211E1,1.102611795E-1,-2.624429762E-1,-3.657555580E-2
5.547748214E1,1.102611795E-1,-2.648864388E-1,-3.535382450E-2
5.547948217E1,1.163698286E-1,-2.691625059E-1,-3.352123126E-2
5.548148307E1,1.212567538E-1,-2.764928937E-1,-3.291036561E-2
5.548348397E1,1.224784851E-1,-2.862667143E-1,-3.168863431E-2
5.548548397E1,1.261436790E-1,-2.905427814E-1,-3.291036561E-2
5.548748397E1,1.285871267E-1,-2.972623110E-1,-2.985603921E-2
5.548948517E1,1.298088580E-1,-2.966514230E-1,-2.313652076E-2
5.549148517E1,1.285871267E-1,-2.948188484E-1,-1.824959926E-2
5.549348517E1,1.279762685E-1,-2.899319232E-1,-1.214094646E-2
5.549548514E1,1.298088580E-1,-2.777146101E-1,-3.588833380E-3
5.549748510E1,1.249219403E-1,-2.685516477E-1,2.519819187E-3
5.549948507E1,1.218676195E-1,-2.514474094E-1,1.290452853E-2
5.550148417E1,1.072068512E-1,-2.288453877E-1,2.328923717E-2
5.550348324E1,1.072068512E-1,-2.288453877E-1,2.328923717E-2
5.550548320E1,1.029307917E-1,-2.337323129E-1,2.390010282E-2
5.550748317E1,9.437867999E-2,-2.331214547E-1,2.084577642E-2
5.550948313E1,8.582656831E-2,-2.245693356E-1,2.512183413E-2
5.551148313E1,7.605272532E-2,-2.050216496E-1,2.695442922E-2
5.551348317E1,6.505715102E-2,-1.946369410E-1,2.695442922E-2
5.551548320E1,5.894849449E-2,-1.866956949E-1,2.390010282E-2
5.551748323E1,4.734205827E-2,-1.702023298E-1,2.695442922E-2
5.551948327E1,3.634648025E-2,-1.616502106E-1,2.084577642E-2
5.552148417E1,3.023782931E-2,-1.585958898E-1,1.840231568E-2
5.552348510E1,2.046398632E-2,-1.476003081E-1,1.473712362E-2
5.552548513E1,8.246680722E-3,-1.372155994E-1,1.046106778E-2
5.552748513E1,2.748893574E-3,-1.323286891E-1,9.239336476E-3
5.552948510E1,-7.635815535E-3,-1.286634952E-1,3.130684374E-3
5.553148506E1,-1.863138936E-2,-1.335504204E-1,-4.810563754E-3
5.553348503E1,-2.046398632E-2,-1.378264725E-1,-9.086620063E-3
5.553548500E1,-3.573561832E-2,-1.476003081E-1,-1.947133057E-2
5.553748496E1,-4.550946131E-2,-1.482111812E-1,-2.496911772E-2
5.553948493E1,-4.734205827E-2,-1.469894499E-1,-2.619084716E-2
5.554148403E1,-6.322455406E-2,-1.482111812E-1,-3.413209692E-2
5.554348313E1,-5.955936015E-2,-1.500437707E-1,-3.657555580E-2
5.554548316E1,-6.444628537E-2,-1.482111812E-1,-3.962988406E-2
5.554748319E1,-7.116580009E-2,-1.433242559E-1,-4.329507425E-2
5.554948203E1,-7.483099401E-2,-1.433242559E-1,-4.879286140E-2
5.555148206E1,-6.994406879E-2,-1.463785917E-1,-5.245805159E-2
5.555348209E1,-7.238753140E-2,-1.469894499E-1,-5.490151420E-2
5.555548213E1,-7.055493444E-2,-1.530981064E-1,-5.856670439E-2
5.555748216E1,-6.750060618E-2,-1.555415690E-1,-6.650795043E-2
5.555948219E1,-6.627888232E-2,-1.567633003E-1,-6.772968173E-2
5.556148306E1,-6.139195710E-2,-1.598176211E-1,-6.834054738E-2
5.556348396E1,-5.345070735E-2,-1.573741585E-1,-6.834054738E-2
5.556548396E1,-5.467243865E-2,-1.561524272E-1,-6.711881608E-2
5.556748396E1,-4.917465150E-2,-1.494329125E-1,-6.467536092E-2
5.556948396E1,-4.612032697E-2,-1.451568604E-1,-6.101016700E-2
5.557148396E1,-4.184427112E-2,-1.421025246E-1,-6.039930135E-2
5.557348392E1,-3.634648025E-2,-1.384373307E-1,-5.795583874E-2
5.557548389E1,-3.512475267E-2,-1.384373307E-1,-5.551237985E-2
5.557748386E1,-3.084869497E-2,-1.390482038E-1,-5.367978290E-2
5.557948382E1,-2.596177347E-2,-1.378264725E-1,-5.062545836E-2
5.558148292E1,-1.496619824E-2,-1.341612786E-1,-4.268420860E-2
5.558348209E1,-1.496619824E-2,-1.341612786E-1,-4.268420860E-2
5.558548205E1,-7.635815535E-3,-1.317178160E-1,-3.840815276E-2
5.558748202E1,-3.970623948E-3,-1.304960847E-1,-3.107776865E-2
5.558948202E1,-9.162978968E-4,-1.298852265E-1,-2.741257846E-2
5.559148202E1,7.635815535E-3,-1.268308908E-1,-2.313652076E-2
5.559348205E1,1.618792862E-2,-1.182787865E-1,-1.641700417E-2
5.559548209E1,1.679879427E-2,-1.152244583E-1,-1.153008174E-2
5.559748212E1,2.229658142E-2,-1.091158018E-1,-4.810563754E-3
5.559948215E1,2.779436857E-2,-1.054506153E-1,3.130684374E-3
5.560148305E1,2.779436857E-2,-1.023962870E-1,5.574145354E-3
5.560348399E1,3.451388702E-2,-1.030071527E-1,1.351539325E-2
5.560548399E1,3.695734590E-2,-1.054506153E-1,1.718058437E-2
5.560748395E1,3.756821156E-2,-1.060614809E-1,1.901318133E-2
5.560948392E1,4.428773001E-2,-1.054506153E-1,2.695442922E-2
5.561148388E1,4.428773001E-2,-1.042288840E-1,3.000875562E-2
5.561348385E1,4.489859566E-2,-1.042288840E-1,3.611740842E-2
5.561548382E1,4.367686436E-2,-9.812022746E-2,4.222606122E-2
5.561748378E1,4.550946131E-2,-9.506590664E-2,5.199990422E-2
5.561948375E1,4.550946131E-2,-9.140071273E-2,5.444336683E-2
5.562148288E1,4.612032697E-2,-8.468119800E-2,6.421720982E-2
5.562348198E1,4.428773001E-2,-8.040513843E-2,6.604980677E-2
5.562548198E1,4.123340547E-2,-7.490734756E-2,7.093672454E-2
5.562748198E1,4.245513305E-2,-7.002042979E-2,7.765624672E-2
5.562948198E1,4.245513305E-2,-6.452263892E-2,8.376489580E-2
5.563148198E1,3.940080851E-2,-6.452263892E-2,8.437576145E-2
5.563348198E1,4.184427112E-2,-6.696610153E-2,8.987355232E-2
5.563548198E1,3.695734590E-2,-6.696610153E-2,8.926268667E-2
5.563748198E1,3.390302137E-2,-6.269004941E-2,9.292787313E-2
5.563948201E1,3.390302137E-2,-5.658139288E-2,9.781479836E-2
5.564148291E1,2.962696366E-2,-5.291620269E-2,1.033125818E-1
5.564348375E1,3.268129006E-2,-4.986187443E-2,1.002582610E-1
5.564548378E1,2.779436857E-2,-4.925100878E-2,1.045343131E-1
5.564748381E1,2.779436857E-2,-4.925100878E-2,1.033125818E-1
5.564948385E1,2.535090782E-2,-4.986187443E-2,1.045343131E-1
5.565148388E1,2.351831272E-2,-5.169447139E-2,1.027017161E-1
5.565348388E1,1.985312067E-2,-5.474879593E-2,1.081995070E-1
5.565548384E1,1.863138936E-2,-5.413793400E-2,1.094212383E-1
5.565748381E1,1.557706390E-2,-5.474879593E-2,1.081995070E-1
5.565948378E1,1.496619824E-2,-5.841398984E-2,1.112538353E-1
5.566148288E1,9.468411095E-3,-6.024658307E-2,1.130864322E-1
5.566348194E1,9.468411095E-3,-6.024658307E-2,1.130864322E-1
5.566548191E1,8.857546374E-3,-6.269004941E-2,1.149190217E-1
5.566748191E1,2.748893574E-3,-6.696610153E-2,1.179733500E-1
5.566948191E1,9.162978968E-4,-6.696610153E-2,1.179733500E-1
5.567148194E1,-3.970623948E-3,-6.574437022E-2,1.198059469E-1
5.567348197E1,-8.246680722E-3,-6.269004941E-2,1.216385439E-1
5.567548201E1,-5.803219974E-3,-6.207918003E-2,1.222494096E-1
5.567748204E1,-9.468411095E-3,-6.146831438E-2,1.259146035E-1
5.567948207E1,-1.496619824E-2,-6.146831438E-2,1.265254617E-1
5.568148297E1,-1.679879427E-2,-6.269004941E-2,1.259146035E-1
5.568348391E1,-1.985312067E-2,-6.452263892E-2,1.289689243E-1
5.568548391E1,-2.046398632E-2,-6.635523587E-2,1.283580661E-1
5.568748391E1,-2.229658142E-2,-6.879869848E-2,1.314123869E-1
5.568948391E1,-2.596177347E-2,-6.757696718E-2,1.308015138E-1
5.569148391E1,-2.596177347E-2,-6.391177326E-2,1.320232451E-1
5.569348391E1,-2.412917651E-2,-6.207918003E-2,1.332449764E-1
5.569548391E1,-2.474004216E-2,-5.780312419E-2,1.338558495E-1
5.569748391E1,-2.107485011E-2,-5.474879593E-2,1.326341182E-1
5.569948387E1,-2.229658142E-2,-5.291620269E-2,1.332449764E-1
5.570148297E1,-1.618792862E-2,-4.558581859E-2,1.332449764E-1
5.570348204E1,-1.618792862E-2,-4.192062840E-2,1.344667077E-1
5.570548200E1,-1.313360315E-2,-4.253149405E-2,1.320232451E-1
5.570748197E1,-7.635815535E-3,-4.375322163E-2,1.301906556E-1
5.570948194E1,3.359758761E-3,-4.925100878E-2,1.234711409E-1
5.571148190E1,4.581489135E-3,-5.474879593E-2,1.234711409E-1
5.571348187E1,1.802052557E-2,-6.391177326E-2,1.185842156E-1
5.571548187E1,2.840523422E-2,-7.673994452E-2,1.198059469E-1
5.571748190E1,3.573561832E-2,-8.407033235E-2,1.155298874E-1
5.571948193E1,4.795292020E-2,-9.995282441E-2,1.161407530E-1
5.572148283E1,6.017022580E-2,-1.146135926E-1,1.118647009E-1
5.572348377E1,6.505715102E-2,-1.213331074E-1,1.136972904E-1
5.572548380E1,7.605272532E-2,-1.347721517E-1,1.124755666E-1
5.572748343E1,9.560041130E-2,-1.555415690E-1,1.100321040E-1
5.572948347E1,1.004873365E-1,-1.628719419E-1,1.063669100E-1
5.573148347E1,1.090394482E-1,-1.769218445E-1,1.069777757E-1
5.573348343E1,1.243110746E-1,-1.873065531E-1,1.100321040E-1
5.573548340E1,1.304197311E-1,-1.891391575E-1,1.118647009E-1
5.573748336E1,1.383609772E-1,-1.976912618E-1,1.136972904E-1
5.573948333E1,1.420261711E-1,-2.044107765E-1,1.149190217E-1
5.574148243E1,1.499674171E-1,-2.190715522E-1,1.155298874E-1
5.574348150E1,1.499674171E-1,-2.190715522E-1,1.155298874E-1
5.574548150E1,1.524108797E-1,-2.288453877E-1,1.191950813E-1
5.574748150E1,1.548543423E-1,-2.331214547E-1,1.179733500E-1
5.574948153E1,1.566869318E-1,-2.386192381E-1,1.204168126E-1
5.575148156E1,1.542434692E-1,-2.410627007E-1,1.216385439E-1
5.575348160E1,1.499674171E-1,-2.404518276E-1,1.234711409E-1
5.575548163E1,1.444696337E-1,-2.386192381E-1,1.253037304E-1
5.575748166E1,1.414152980E-1,-2.282345295E-1,1.314123869E-1
5.575948169E1,1.371392459E-1,-2.227367461E-1,1.326341182E-1
5.576148259E1,1.310305893E-1,-2.154063582E-1,1.350775808E-1
5.576348349E1,1.175915599E-1,-2.044107765E-1,1.350775808E-1
5.576548349E1,1.145372316E-1,-2.037999183E-1,1.362993121E-1
5.576748309E1,1.047633886E-1,-1.958586723E-1,1.381319016E-1
5.576948309E1,9.254608303E-2,-1.873065531E-1,1.430188268E-1
5.577148309E1,8.460483700E-2,-1.805870384E-1,1.442405581E-1
5.577348299E1,7.666359097E-2,-1.677588671E-1,1.466840208E-1
5.577548299E1,6.139195710E-2,-1.555415690E-1,1.442405581E-1
5.577748296E1,5.528330430E-2,-1.488220394E-1,1.485166103E-1
5.577948293E1,4.367686436E-2,-1.390482038E-1,1.497383416E-1
5.578148203E1,2.596177347E-2,-1.256091595E-1,1.515709460E-1
5.578348109E1,2.596177347E-2,-1.256091595E-1,1.515709460E-1
5.578548106E1,1.740965992E-2,-1.176679209E-1,1.497383416E-1
5.578748142E1,5.192354787E-3,-1.036180183E-1,1.509600729E-1
5.578948126E1,-5.192354787E-3,-9.628763795E-2,1.503492147E-1
5.579148122E1,-1.313360315E-2,-9.445504099E-2,1.479057521E-1
5.579348122E1,-2.107485011E-2,-9.017898142E-2,1.472948790E-1
5.579548126E1,-3.268129006E-2,-9.017898142E-2,1.424079537E-1
5.579748129E1,-3.940080851E-2,-8.834638447E-2,1.417970955E-1
5.579948132E1,-4.489859566E-2,-9.078984708E-2,1.344667077E-1
5.580148236E1,-5.039638281E-2,-9.140071273E-2,1.259146035E-1
5.580348329E1,-5.283984542E-2,-9.323330969E-2,1.210276783E-1
5.580548332E1,-5.467243865E-2,-9.506590664E-2,1.118647009E-1
5.580748335E1,-5.161811411E-2,-9.934195876E-2,9.598220140E-2
5.580948335E1,-5.039638281E-2,-1.030071527E-1,9.170614183E-2
5.581148332E1,-4.917465150E-2,-1.085049361E-1,7.643451542E-2
5.581348329E1,-4.428773001E-2,-1.133918613E-1,6.177374721E-2
5.581548325E1,-4.001167417E-2,-1.146135926E-1,5.383250117E-2
5.581748322E1,-3.207042441E-2,-1.219439730E-1,3.917173296E-2
5.581948318E1,-1.679879427E-2,-1.311069578E-1,2.634356357E-2
5.582148228E1,-3.054326226E-4,-1.476003081E-1,3.130684374E-3
5.582348165E1,-3.054326226E-4,-1.476003081E-1,3.130684374E-3
5.582548165E1,1.679879427E-2,-1.647045463E-1,-1.091921609E-2
5.582748205E1,2.657263726E-2,-1.708131880E-1,-1.886046492E-2
5.582948205E1,4.184427112E-2,-1.854739636E-1,-2.985603921E-2
5.583148205E1,6.139195710E-2,-1.995238662E-1,-4.390593991E-2
5.583348215E1,6.811147183E-2,-2.068542391E-1,-5.123632401E-2
5.583548215E1,8.888089657E-2,-2.209041417E-1,-6.345362961E-2
5.583748215E1,1.120937690E-1,-2.373975068E-1,-7.567093521E-2
5.583948215E1,1.194241568E-1,-2.428952903E-1,-8.116871864E-2
5.584148302E1,1.322523206E-1,-2.606103718E-1,-9.521862119E-2
5.584348395E1,1.518000066E-1,-2.783254683E-1,-1.049924642E-1
5.584548398E1,1.621847153E-1,-2.856558561E-1,-1.104902476E-1
5.584748402E1,1.750128865E-1,-3.015383482E-1,-1.172097698E-1
5.584948418E1,1.866193265E-1,-3.070361316E-1,-1.233184189E-1
5.585148421E1,1.921171248E-1,-3.119230568E-1,-1.269836128E-1
5.585348425E1,2.012801021E-1,-3.149773777E-1,-1.306488067E-1
5.585548425E1,2.086104751E-1,-3.168099821E-1,-1.355357319E-1
5.585748421E1,2.104430795E-1,-3.161991239E-1,-1.379791945E-1
5.585948418E1,2.189951837E-1,-3.131448030E-1,-1.428661048E-1
5.586148314E1,2.220495194E-1,-3.161991239E-1,-1.465312988E-1
5.586348221E1,2.220495194E-1,-3.161991239E-1,-1.465312988E-1
5.586548218E1,2.226603776E-1,-3.155882657E-1,-1.514182240E-1
5.586748214E1,2.214386463E-1,-3.149773777E-1,-1.520290822E-1
5.586948211E1,2.208277881E-1,-3.100904822E-1,-1.526399553E-1
5.587148211E1,2.177734673E-1,-2.978731692E-1,-1.508073509E-1
5.587348214E1,2.134974003E-1,-2.880993187E-1,-1.514182240E-1
5.587548218E1,2.067778856E-1,-2.856558561E-1,-1.508073509E-1
5.587748221E1,2.037235647E-1,-2.795472145E-1,-1.495856196E-1
5.587948224E1,1.921171248E-1,-2.703842223E-1,-1.446987092E-1
5.588148314E1,1.884519309E-1,-2.636647224E-1,-1.422552466E-1
5.588348381E1,1.768454909E-1,-2.428952903E-1,-1.330922693E-1
5.588548384E1,1.670716405E-1,-2.209041417E-1,-1.282053441E-1
5.588748387E1,1.572978050E-1,-2.068542391E-1,-1.227075532E-1
5.588948387E1,1.481348276E-1,-1.934152097E-1,-1.196532324E-1
5.589148387E1,1.371392459E-1,-1.873065531E-1,-1.165989041E-1
5.589348387E1,1.316414624E-1,-1.775327176E-1,-1.135445759E-1
5.589548387E1,1.151480973E-1,-1.689805984E-1,-1.111011133E-1
5.589748387E1,1.059851199E-1,-1.708131880E-1,-1.104902476E-1
5.589948387E1,1.017090604E-1,-1.695914567E-1,-1.092685238E-1
5.590148301E1,8.399397135E-2,-1.683697402E-1,-9.949467331E-2
5.590348207E1,8.399397135E-2,-1.683697402E-1,-9.949467331E-2
5.590548204E1,7.910704613E-2,-1.726457924E-1,-9.766208380E-2
5.590748200E1,7.238753140E-2,-1.842522323E-1,-9.399688989E-2
5.590948197E1,7.116580009E-2,-2.007455975E-1,-8.910996467E-2
5.591148194E1,6.017022580E-2,-2.105194330E-1,-8.116871864E-2
5.591348190E1,5.467243865E-2,-2.141846269E-1,-7.628180087E-2
5.591548187E1,5.100724846E-2,-2.184606791E-1,-6.467536092E-2
5.591748187E1,4.428773001E-2,-2.233476043E-1,-5.551237985E-2
5.591948187E1,4.184427112E-2,-2.227367461E-1,-4.879286140E-2
5.592148277E1,3.145955876E-2,-2.245693356E-1,-3.413209692E-2
5.592348370E1,2.535090782E-2,-2.233476043E-1,-2.069306001E-2
5.592548373E1,2.351831272E-2,-2.209041417E-1,-1.519527286E-2
5.592748377E1,1.191187184E-2,-2.166280895E-1,-5.421428941E-3
5.592948380E1,5.192354787E-3,-2.111303061E-1,9.850202128E-3
5.593148383E1,3.054326226E-4,-2.086868435E-1,1.534798928E-2
5.593348383E1,-7.024950348E-3,-2.037999183E-1,2.695442922E-2
5.593548380E1,-1.313360315E-2,-2.007455975E-1,3.611740842E-2
5.593748376E1,-2.168571576E-2,-2.001347244E-1,4.100432992E-2
5.593948373E1,-3.207042441E-2,-1.976912618E-1,5.016730726E-2
5.594148283E1,-4.184427112E-2,-1.928043365E-1,6.116288155E-2
5.594348190E1,-4.184427112E-2,-1.928043365E-1,6.116288155E-2
5.594548186E1,-4.673119262E-2,-2.001347244E-1,6.666067243E-2
5.594748183E1,-5.406157300E-2,-2.154063582E-1,6.910412759E-2
5.594948183E1,-5.528330430E-2,-2.257910669E-1,6.849326193E-2
5.595148183E1,-6.139195710E-2,-2.538908720E-1,7.215845585E-2
5.595348183E1,-6.383541971E-2,-2.899319232E-1,7.948884368E-2
5.595548183E1,-6.994406879E-2,-3.107013404E-1,8.193229884E-2
5.595748183E1,-7.483099401E-2,-3.534618914E-1,8.804095536E-2
5.595948183E1,-7.727445662E-2,-3.998876512E-1,8.498662710E-2
5.596148270E1,-8.093964309E-2,-4.224896729E-1,8.804095536E-2
5.596348360E1,-9.437867999E-2,-4.683045745E-1,8.498662710E-2
5.596548360E1,-9.987647086E-2,-5.055673718E-1,7.704538107E-2
5.596748363E1,-1.041525230E-1,-5.287802219E-1,7.276932150E-2
5.596948366E1,-1.151480973E-1,-5.733733773E-1,6.604980677E-2
5.597148369E1,-1.200350225E-1,-6.234643459E-1,5.688682571E-2
5.597348373E1,-1.200350225E-1,-6.503424048E-1,5.505422875E-2
5.597548376E1,-1.261436790E-1,-7.065420151E-1,4.772384837E-2
5.597748379E1,-1.255328059E-1,-7.609090209E-1,4.528038576E-2
5.597948383E1,-1.285871267E-1,-7.859544754E-1,4.405865446E-2
5.598148296E1,-1.365283877E-1,-8.397106528E-1,4.405865446E-2
5.598348202E1,-1.383609772E-1,-8.519279361E-1,4.711298272E-2
5.598548199E1,-1.395827085E-1,-8.604800701E-1,4.466952011E-2
5.598748196E1,-1.481348276E-1,-8.653669953E-1,5.261076987E-2
5.598948192E1,-1.560760736E-1,-8.641452193E-1,5.933028832E-2
5.599148189E1,-1.566869318E-1,-8.555931449E-1,6.238461286E-2
5.599348186E1,-1.646281779E-1,-8.360454440E-1,7.460191846E-2
5.599548186E1,-1.719585657E-1,-8.116108179E-1,8.498662710E-2
5.599748186E1,-1.744020283E-1,-7.957283258E-1,9.109527618E-2
5.599948189E1,-1.768454909E-1,-7.639633417E-1,1.045343131E-1
5.600148279E1,-1.811215430E-1,-7.340309620E-1,1.179733500E-1
5.600348372E1,-1.817324162E-1,-7.144832611E-1,1.240820065E-1
5.600548375E1,-1.933388561E-1,-6.876052022E-1,1.320232451E-1
5.600748379E1,-1.902845204E-1,-6.546184421E-1,1.442405581E-1
5.600948382E1,-1.957823038E-1,-6.283512712E-1,1.564578563E-1
5.601148385E1,-1.988366395E-1,-5.776494741E-1,1.802816093E-1
5.601348385E1,-2.025018334E-1,-5.208389759E-1,2.102140039E-1
5.601548385E1,-2.012801021E-1,-4.915174544E-1,2.260964960E-1
5.601748385E1,-2.018909603E-1,-4.328743815E-1,2.554180324E-1
5.601948385E1,-2.031126916E-1,-3.760639131E-1,2.859613001E-1
5.602148299E1,-2.037235647E-1,-2.960405648E-1,3.201697469E-1
5.602348269E1,-2.037235647E-1,-2.960405648E-1,3.201697469E-1
5.602548269E1,-1.976149082E-1,-2.428952903E-1,3.421608806E-1
5.602748265E1,-1.915062517E-1,-1.891391575E-1,3.537673354E-1
5.602948262E1,-1.860084683E-1,-1.567633003E-1,3.690389693E-1
5.603148258E1,-1.762346178E-1,-9.873109311E-2,3.830888569E-1
5.603348255E1,-1.670716405E-1,-3.336851299E-2,3.934735656E-1
5.603548252E1,-1.585195363E-1,6.337726954E-3,4.014148116E-1
5.603748248E1,-1.475239545E-1,7.719809562E-2,4.099669456E-1
5.603948245E1,-1.359175146E-1,1.498910636E-1,4.166864455E-1
5.604148328E1,-1.267545372E-1,1.853212416E-1,4.172973335E-1
5.604348418E1,-1.163698286E-1,2.512947023E-1,4.185190499E-1
5.604548421E1,-1.004873365E-1,3.068834245E-1,4.111886621E-1
5.604748425E1,-9.498954564E-2,3.331506252E-1,4.069126248E-1
5.604948428E1,-7.544185966E-2,3.814089894E-1,3.953061700E-1
5.605148431E1,-6.200282276E-2,4.247804284E-1,3.812562823E-1
5.605348435E1,-5.100724846E-2,4.449389875E-1,3.684281111E-1
5.605548438E1,-3.207042441E-2,4.907538593E-1,3.476586938E-1
5.605748441E1,-1.435533352E-2,5.298492312E-1,3.250566721E-1
5.605948441E1,-4.581489135E-3,5.475643277E-1,3.171154261E-1
5.606148351E1,3.207042441E-2,5.915466547E-1,2.835178375E-1
5.606348258E1,4.489859566E-2,6.000987291E-1,2.725222707E-1
5.606548254E1,4.856378585E-2,6.092617512E-1,2.603049576E-1
5.606748251E1,7.422012836E-2,6.110942960E-1,2.364812046E-1
5.606948248E1,9.926560521E-2,6.000987291E-1,2.077705413E-1
5.607148244E1,1.078177169E-1,5.921574831E-1,1.961641014E-1
5.607348244E1,1.334740520E-1,5.726097822E-1,1.686751693E-1
5.607548244E1,1.566869318E-1,5.500078201E-1,1.479057521E-1
5.607748248E1,1.713477075E-1,5.353470445E-1,1.314123869E-1
5.607948251E1,1.963931769E-1,5.103015304E-1,1.167516187E-1
5.608148341E1,2.202169150E-1,4.901430011E-1,1.014799923E-1
5.608348374E1,2.312124968E-1,4.767039716E-1,9.720393270E-2
5.608548377E1,2.477058619E-1,4.534910917E-1,8.681922406E-2
5.608748381E1,2.666426897E-1,4.260021448E-1,8.071056753E-2
5.608948384E1,2.672535479E-1,4.119522572E-1,7.948884368E-2
5.609148387E1,2.751947939E-1,3.789655268E-1,7.399105281E-2
5.609348387E1,2.758056521E-1,3.392592967E-1,6.299547851E-2
5.609548387E1,2.715296149E-1,3.172681332E-1,5.627596006E-2
5.609748387E1,2.666426897E-1,2.757292986E-1,4.039346427E-2
5.609948387E1,2.587014437E-1,2.329687327E-1,2.573269792E-2
5.610148301E1,2.385428846E-1,1.834886521E-1,-2.367102774E-3
5.610348211E1,2.385428846E-1,1.834886521E-1,-2.367102774E-3
5.610548207E1,2.281581759E-1,1.486693323E-1,-3.840815276E-2
5.610748204E1,2.171625942E-1,1.278999150E-1,-6.039930135E-2
5.610948200E1,2.031126916E-1,1.022435725E-1,-1.068250611E-1
5.611148197E1,1.627955884E-1,1.309542358E-1,-1.337031275E-1
5.611348194E1,1.469130963E-1,1.492801905E-1,-1.373683214E-1
5.611548190E1,1.145372316E-1,1.773799956E-1,-1.300379336E-1
5.611748187E1,8.582656831E-2,1.828777790E-1,-1.208749637E-1
5.611948183E1,6.994406879E-2,1.804343164E-1,-1.117119789E-1
5.612148270E1,4.062253982E-2,1.505019218E-1,-9.827294946E-2
5.612348363E1,1.252273750E-2,1.107956842E-1,-8.422304690E-2
5.612548367E1,4.581489135E-3,8.575020730E-2,-6.772968173E-2
5.612748370E1,-2.748893574E-3,2.283108793E-2,-3.535382450E-2
5.612948373E1,-5.192354787E-3,-5.169447139E-2,-2.557998151E-2
5.613148377E1,-9.468411095E-3,-7.918340713E-2,-3.291036561E-2
5.613348380E1,-2.046398632E-2,-1.066723466E-1,-5.795583874E-2
5.613548383E1,-2.412917651E-2,-1.097266674E-1,-7.811439037E-2
5.613748383E1,-2.840523422E-2,-9.995282441E-2,-8.300131559E-2
5.613948380E1,-3.390302137E-2,-7.857254148E-2,-8.849909902E-2
5.614148290E1,-3.940080851E-2,-7.735081017E-2,-8.422304690E-2
5.614348196E1,-3.940080851E-2,-7.735081017E-2,-8.422304690E-2
5.614548193E1,-3.084869497E-2,-9.262244403E-2,-7.628180087E-2
5.614748190E1,-1.863138936E-2,-1.097266674E-1,-7.383833826E-2
5.614948186E1,-7.024950348E-3,-1.158353239E-1,-7.567093521E-2
5.615148183E1,-7.024950348E-3,-1.103375331E-1,-8.422304690E-2
5.615348183E1,-2.748893574E-3,-1.042288840E-1,-1.031598672E-1
5.615548186E1,1.313360315E-2,-1.585958898E-1,-1.049924642E-1
5.615748189E1,1.863138936E-2,-1.958586723E-1,-1.074359268E-1
5.615948193E1,1.313360315E-2,-2.520582676E-1,-1.196532324E-1
5.616148283E1,7.024950348E-3,-2.832123935E-1,-1.135445759E-1
5.616348376E1,7.024950348E-3,-2.935971022E-1,-1.062141955E-1
5.616548379E1,1.069014147E-2,-2.978731692E-1,-7.750352472E-2
5.616748383E1,1.618792862E-2,-2.826015353E-1,-4.451680556E-2
5.616948386E1,1.557706390E-2,-2.691625059E-1,-2.557998151E-2
5.617148386E1,2.046398632E-2,-2.392300963E-1,-5.421428941E-3
5.617348386E1,2.474004216E-2,-2.074651122E-1,6.185010541E-3
5.617548386E1,2.535090782E-2,-1.903608888E-1,9.850202128E-3
5.617748386E1,2.779436857E-2,-1.592067480E-1,1.901318133E-2
5.617948386E1,3.145955876E-2,-1.256091595E-1,2.084577642E-2
5.618148299E1,3.084869497E-2,-9.017898142E-2,1.779145002E-2
5.618348212E1,3.084869497E-2,-9.017898142E-2,1.779145002E-2
5.618548209E1,3.329215571E-2,-6.818783283E-2,1.412625890E-2
5.618748206E1,3.084869497E-2,-5.352706835E-2,1.229366288E-2
5.618948202E1,3.145955876E-2,-2.359467000E-2,9.850202128E-3
5.619148199E1,3.512475267E-2,9.392052889E-3,6.795875728E-3
5.619348195E1,3.451388702E-2,2.283108793E-2,3.741549561E-3
5.619548192E1,3.390302137E-2,4.726569727E-2,-4.810563754E-3
5.619748189E1,3.695734590E-2,7.719809562E-2,-1.030835137E-2
5.619948189E1,4.123340547E-2,9.430231899E-2,-1.336267684E-2
5.620148279E1,4.978551716E-2,1.217912585E-1,-1.580613852E-2
5.620348372E1,5.711590126E-2,1.486693323E-1,-1.824959926E-2
5.620548375E1,6.261368841E-2,1.584431678E-1,-1.886046492E-2
5.620748378E1,7.605272532E-2,1.688278764E-1,-2.374738641E-2
5.620948382E1,8.827003092E-2,1.792125851E-1,-2.680171281E-2
5.621148385E1,9.560041130E-2,1.847103834E-1,-2.680171281E-2
5.621348388E1,1.090394482E-1,1.914298981E-1,-2.619084716E-2
5.621548388E1,1.218676195E-1,1.889864355E-1,-2.435825206E-2
5.621748385E1,1.346957833E-1,1.871538460E-1,-2.435825206E-2
5.621948382E1,1.389718503E-1,1.816560477E-1,-1.824959926E-2
5.622148292E1,1.536326110E-1,1.889864355E-1,-8.475755341E-3
5.622348198E1,1.536326110E-1,1.889864355E-1,-8.475755341E-3
5.622548195E1,1.609629989E-1,1.877647042E-1,-4.810563754E-3
5.622748191E1,1.658499092E-1,1.871538460E-1,-2.367102774E-3
5.622948188E1,1.658499092E-1,1.877647042E-1,-1.145372284E-3
5.623148188E1,1.634064466E-1,1.969276816E-1,6.185010541E-3
5.623348188E1,1.627955884E-1,2.079232633E-1,9.239336476E-3
5.623548188E1,1.615738571E-1,2.146427780E-1,9.850202128E-3
5.623748188E1,1.597412676E-1,2.323578745E-1,1.168279815E-2
5.623948188E1,1.511891484E-1,2.574033439E-1,1.840231568E-2
5.624148275E1,1.463022232E-1,2.732858360E-1,1.901318133E-2
5.624348358E1,1.346957833E-1,2.989421785E-1,1.473712362E-2
5.624548358E1,1.279762685E-1,3.044399619E-1,3.741549561E-3
5.624748358E1,1.261436790E-1,3.062725663E-1,-5.345070967E-4
5.624948361E1,1.157589629E-1,3.117703497E-1,-7.254024968E-3
5.625148364E1,1.084285825E-1,3.239876628E-1,-7.864889689E-3
5.625348368E1,1.017090604E-1,3.294854462E-1,-9.697485715E-3
5.625548371E1,9.560041130E-2,3.435353339E-1,-7.864889689E-3
5.625748374E1,8.277224004E-2,3.423136175E-1,-1.030835137E-2
5.625948378E1,8.460483700E-2,3.337614834E-1,-1.214094646E-2
5.626148291E1,6.994406879E-2,2.910009325E-1,-2.008219436E-2
5.626348198E1,6.994406879E-2,2.659554482E-1,-2.435825206E-2
5.626548194E1,6.750060618E-2,2.421317101E-1,-3.229949996E-2
5.626748191E1,6.322455406E-2,1.999820024E-1,-3.718642145E-2
5.626948187E1,6.750060618E-2,1.645518243E-1,-3.962988406E-2
5.627148184E1,6.688974798E-2,1.297325045E-1,-4.390593991E-2
5.627348181E1,7.116580009E-2,1.132391468E-1,-4.268420860E-2
5.627548177E1,6.750060618E-2,8.269587904E-2,-3.962988406E-2
5.627748177E1,6.994406879E-2,5.459608138E-2,-3.901901841E-2
5.627948180E1,7.422012836E-2,3.993531689E-2,-4.085161164E-2
5.628148270E1,7.605272532E-2,-1.603521290E-3,-4.634939879E-2
5.628348364E1,8.277224004E-2,-4.864014685E-2,-5.062545836E-2
5.628548367E1,8.765916526E-2,-6.757696718E-2,-5.062545836E-2
5.628748370E1,8.582656831E-2,-1.017854214E-1,-4.940372705E-2
5.628948374E1,8.949175477E-2,-1.286634952E-1,-3.657555580E-2
5.629148377E1,8.827003092E-2,-1.359938681E-1,-3.535382450E-2
5.629348380E1,9.193521738E-2,-1.500437707E-1,-2.680171281E-2
5.629548340E1,8.643743396E-2,-1.634828150E-1,-2.130392566E-2
5.629748340E1,8.216137439E-2,-1.640936732E-1,-1.519527286E-2
5.629948340E1,7.360926270E-2,-1.604284793E-1,-9.086620063E-3
5.630148254E1,5.894849449E-2,-1.439351290E-1,-1.145372284E-3
5.630348190E1,5.894849449E-2,-1.439351290E-1,-1.145372284E-3
5.630548190E1,4.489859566E-2,-1.225548387E-1,7.635815564E-5
5.630748190E1,3.512475267E-2,-9.323330969E-2,2.519819187E-3
5.630948187E1,2.596177347E-2,-7.307475805E-2,7.406740915E-3
5.631148183E1,7.635815535E-3,-2.420553565E-2,1.290452853E-2
5.631348180E1,-3.970623948E-3,1.794416644E-2,8.628471754E-3
5.631548177E1,-1.374446787E-2,3.810271993E-2,9.239336476E-3
5.631748173E1,-2.657263726E-2,7.292203605E-2,4.352414981E-3
5.631948170E1,-3.451388702E-2,9.980010986E-2,-2.977967961E-3
5.632148253E1,-3.878994286E-2,1.077413559E-1,-5.421428941E-3
5.632348343E1,-4.489859566E-2,1.242347211E-1,-7.864889689E-3
5.632548343E1,-4.612032697E-2,1.309542358E-1,-9.086620063E-3
5.632748346E1,-4.673119262E-2,1.297325045E-1,-1.030835137E-2
5.632948350E1,-4.550946131E-2,1.260673106E-1,-4.810563754E-3
5.633148353E1,-4.734205827E-2,1.272890419E-1,-2.977967961E-3
5.633348356E1,-4.306599870E-2,1.260673106E-1,6.872233935E-4
5.633548360E1,-3.940080851E-2,1.248455867E-1,1.908953884E-3
5.633748363E1,-3.084869497E-2,1.199586615E-1,3.130684374E-3
5.633948363E1,-2.718350291E-2,1.187369302E-1,7.406740915E-3
5.634148276E1,-1.069014147E-2,1.224021241E-1,1.840231568E-2
5.634348183E1,-9.468411095E-3,1.260673106E-1,2.390010282E-2
5.634548179E1,-6.414085161E-3,1.266781837E-1,2.695442922E-2
5.634748176E1,2.748893574E-3,1.340085566E-1,3.795000166E-2
5.634948173E1,1.069014147E-2,1.450041384E-1,4.039346427E-2
5.635148246E1,1.374446787E-2,1.492801905E-1,4.405865446E-2
5.635348242E1,2.168571576E-2,1.584431678E-1,4.772384837E-2
5.635548282E1,2.657263726E-2,1.694387496E-1,5.383250117E-2
5.635748286E1,3.023782931E-2,1.853212416E-1,5.627596006E-2
5.635948289E1,3.512475267E-2,2.079232633E-1,6.360634416E-2
5.636148379E1,4.428773001E-2,2.225840241E-1,6.177374721E-2
5.636348446E1,4.428773001E-2,2.262492180E-1,6.238461286E-2
5.636548449E1,4.795292020E-2,2.238057554E-1,6.055201590E-2
5.636748452E1,5.467243865E-2,2.140319049E-1,5.933028832E-2
5.636948456E1,5.222897977E-2,2.073123902E-1,5.933028832E-2
5.637148459E1,5.772676691E-2,1.969276816E-1,5.994115397E-2
5.637348459E1,6.139195710E-2,1.883755773E-1,6.055201590E-2
5.637548459E1,6.383541971E-2,1.908190250E-1,6.299547851E-2
5.637748459E1,6.933320314E-2,1.889864355E-1,6.299547851E-2
5.637948459E1,7.299839705E-2,1.908190250E-1,6.299547851E-2
5.638148372E1,7.605272532E-2,1.926516294E-1,6.238461286E-2
5.638348282E1,7.605272532E-2,1.926516294E-1,6.238461286E-2
5.638548282E1,7.605272532E-2,1.957059503E-1,6.421720982E-2
5.638748279E1,7.666359097E-2,2.091449946E-1,6.482807547E-2
5.638948275E1,7.238753140E-2,2.262492180E-1,7.215845585E-2
5.639148272E1,4.245513305E-2,3.404810131E-1,1.185842156E-1
5.639348269E1,-3.390302137E-2,5.982661247E-1,2.175443918E-1
5.639548265E1,-8.582656831E-2,7.589237094E-1,2.737439871E-1
5.639748262E1,-1.866193265E-1,1.041143417E0,3.488804102E-1
5.639948258E1,-2.336559594E-1,1.114447236E0,2.981785834E-1
5.640148342E1,-2.367102802E-1,1.080238819E0,2.358703464E-1
5.640348432E1,-2.312124968E-1,9.544005990E-1,1.161407530E-1
5.640548435E1,-2.177734673E-1,8.139016032E-1,1.595885493E-2
5.640748438E1,-2.104430795E-1,7.338782549E-1,-2.680171281E-2
5.640948442E1,-1.823432744E-1,5.762749910E-1,-9.155342728E-2
5.641148368E1,-1.426370293E-1,4.461607039E-1,-1.263727546E-1
5.641348372E1,-1.182024255E-1,3.869067729E-1,-1.324813962E-1
5.641548375E1,-6.200282276E-2,2.787836194E-1,-1.330922693E-1
5.641748375E1,-9.162978968E-4,1.871538460E-1,-1.245401502E-1
5.641948375E1,2.474004216E-2,1.523345262E-1,-1.172097698E-1
5.642148285E1,8.765916526E-2,8.819366992E-2,-9.644035250E-2
5.642348191E1,9.804387391E-2,8.452847600E-2,-9.033169597E-2
5.642548188E1,1.096503139E-1,8.269587904E-2,-8.422304690E-2
5.642748185E1,1.291979998E-1,9.185886383E-2,-7.139487565E-2
5.642948181E1,1.414152980E-1,9.674578160E-2,-5.978843570E-2
5.643148178E1,1.536326110E-1,9.613491595E-2,-5.551237985E-2
5.643348178E1,1.664607823E-1,8.575020730E-2,-4.634939879E-2
5.643548178E1,1.762346178E-1,7.231117040E-2,-3.779728711E-2
5.643748178E1,1.798998117E-1,6.131559983E-2,-3.474296257E-2
5.643948178E1,1.896736622E-1,4.726569727E-2,-2.313652076E-2
5.644148264E1,1.902845204E-1,3.688098863E-2,-1.641700417E-2
5.644348354E1,1.921171248E-1,3.504839167E-2,-1.153008174E-2
5.644548354E1,1.878410578E-1,3.138320148E-2,-7.864889689E-3
5.644748354E1,1.841758788E-1,3.565925732E-2,-3.588833380E-3
5.644948354E1,1.774563491E-1,3.993531689E-2,1.298088697E-3
5.645148358E1,1.719585657E-1,4.970915988E-2,6.872233935E-4
5.645348311E1,1.634064466E-1,6.559165567E-2,1.908953884E-3
5.645548314E1,1.566869318E-1,7.475463301E-2,-1.145372284E-3
5.645748318E1,1.432479024E-1,8.147415519E-2,-3.588833380E-3
5.645948321E1,1.328631938E-1,8.330674469E-2,-2.367102774E-3
5.646148238E1,1.120937690E-1,8.513934165E-2,1.298088697E-3
5.646348151E1,1.120937690E-1,8.513934165E-2,1.298088697E-3
5.646548151E1,9.743300825E-2,8.208502084E-2,3.130684374E-3
5.646748147E1,9.254608303E-2,8.330674469E-2,4.352414981E-3
5.646948144E1,8.155050874E-2,8.208502084E-2,9.239336476E-3
5.647148141E1,6.566801667E-2,8.147415519E-2,1.779145002E-2
5.647348137E1,5.894849449E-2,8.269587904E-2,2.206750773E-2
5.647548134E1,4.734205827E-2,8.513934165E-2,3.000875562E-2
5.647748130E1,3.207042441E-2,8.758280426E-2,3.428481147E-2
5.647948127E1,3.084869497E-2,8.819366992E-2,4.100432992E-2
5.648148214E1,1.985312067E-2,9.430231899E-2,4.650211707E-2
5.648348307E1,1.130100712E-2,1.034653038E-1,5.444336683E-2
5.648548310E1,8.857546374E-3,1.083522215E-1,5.688682571E-2
5.648748314E1,-2.138028387E-3,1.205695271E-1,6.360634416E-2
5.648948317E1,-9.468411095E-3,1.333976984E-1,7.032585889E-2
5.649148320E1,-1.496619824E-2,1.401172131E-1,7.276932150E-2
5.649348323E1,-1.985312067E-2,1.511127949E-1,7.582364976E-2
5.649548327E1,-2.412917651E-2,1.578323096E-1,8.132143319E-2
5.649748330E1,-2.657263726E-2,1.584431678E-1,7.887797803E-2
5.649948330E1,-3.451388702E-2,1.645518243E-1,8.376489580E-2
5.650148243E1,-4.123340547E-2,1.694387496E-1,8.987355232E-2
5.650348153E1,-4.123340547E-2,1.694387496E-1,8.987355232E-2
5.650548153E1,-4.062253982E-2,1.786017269E-1,9.537133574E-2
5.650748153E1,-4.001167417E-2,1.908190250E-1,9.781479836E-2
5.650948153E1,-4.856378585E-2,1.999820024E-1,9.781479836E-2
5.651148150E1,-4.734205827E-2,2.054798007E-1,1.014799923E-1
5.651348197E1,-4.856378585E-2,2.115884423E-1,9.964739531E-2
5.651548193E1,-4.978551716E-2,2.231948823E-1,9.598220140E-2
5.651748190E1,-5.039638281E-2,2.262492180E-1,9.353873879E-2
5.651948186E1,-4.978551716E-2,2.323578745E-1,9.048441797E-2
5.652148270E1,-4.917465150E-2,2.311361432E-1,8.620835841E-2
5.652348356E1,-4.612032697E-2,2.299144119E-1,8.376489580E-2
5.652548353E1,-4.612032697E-2,2.231948823E-1,7.582364976E-2
5.652748353E1,-4.062253982E-2,2.121993154E-1,6.788240373E-2
5.652948356E1,-3.695734590E-2,2.042580694E-1,6.360634416E-2
5.653148359E1,-3.695734590E-2,1.969276816E-1,5.627596006E-2
5.653348363E1,-3.451388702E-2,1.895972937E-1,5.077817291E-2
5.653548366E1,-3.023782931E-2,1.865429729E-1,4.772384837E-2
5.653748369E1,-2.535090782E-2,1.779908538E-1,4.283692688E-2
5.653948373E1,-1.924225502E-2,1.657735556E-1,3.489567712E-2
5.654148289E1,-1.313360315E-2,1.505019218E-1,2.756529488E-2
5.654348209E1,-1.313360315E-2,1.505019218E-1,2.756529488E-2
5.654548206E1,-9.468411095E-3,1.462258697E-1,2.084577642E-2
5.654748202E1,-1.130100712E-2,1.419498175E-1,2.023491077E-2
5.654948199E1,-8.246680722E-3,1.388954818E-1,1.656972058E-2
5.655148196E1,-1.527163084E-3,1.358411610E-1,1.534798928E-2
5.655348192E1,2.138028387E-3,1.346194297E-1,1.290452853E-2
5.655548189E1,9.162978968E-4,1.340085566E-1,7.406740915E-3
5.655748185E1,-2.138028387E-3,1.407280862E-1,4.963280167E-3
5.655948185E1,4.581489135E-3,1.431715488E-1,3.130684374E-3
5.656148275E1,1.007927675E-2,1.437824070E-1,6.872233935E-4
5.656348369E1,7.635815535E-3,1.456149966E-1,-5.345070967E-4
5.656548372E1,1.007927675E-2,1.468367279E-1,-1.145372284E-3
5.656748375E1,7.635815535E-3,1.443932652E-1,-2.977967961E-3
5.656948379E1,7.635815535E-3,1.437824070E-1,-3.588833380E-3
5.657148382E1,5.803219974E-3,1.407280862E-1,-5.421428941E-3
5.657348385E1,8.857546374E-3,1.376737505E-1,-7.254024968E-3
5.657548389E1,8.857546374E-3,1.340085566E-1,-9.086620063E-3
5.657748389E1,9.468411095E-3,1.346194297E-1,-9.697485715E-3
5.657948388E1,1.069014147E-2,1.315651089E-1,-1.030835137E-2
5.658148302E1,1.802052557E-2,1.272890419E-1,-1.275181212E-2
5.658348212E1,1.802052557E-2,1.272890419E-1,-1.275181212E-2
5.658548212E1,2.290744707E-2,1.303433776E-1,-1.336267684E-2
5.658748212E1,2.596177347E-2,1.321759671E-1,-1.030835137E-2
5.658948208E1,2.901609987E-2,1.346194297E-1,-7.864889689E-3
5.659148205E1,3.878994286E-2,1.401172131E-1,-6.643159315E-3
5.659348202E1,4.306599870E-2,1.437824070E-1,-2.977967961E-3
5.659548198E1,4.550946131E-2,1.407280862E-1,-2.977967961E-3
5.659748195E1,5.100724846E-2,1.382846236E-1,-2.367102774E-3
5.659948191E1,5.467243865E-2,1.364520192E-1,1.298088697E-3
5.660148275E1,5.894849449E-2,1.358411610E-1,4.963280167E-3
5.660348351E1,5.833763257E-2,1.401172131E-1,1.107193250E-2
5.660548351E1,6.261368841E-2,1.407280862E-1,1.351539325E-2
5.660748355E1,5.955936015E-2,1.431715488E-1,1.718058437E-2
5.660948358E1,6.322455406E-2,1.511127949E-1,2.206750773E-2
5.661148361E1,6.261368841E-2,1.608866304E-1,2.756529488E-2
5.661348364E1,6.383541971E-2,1.645518243E-1,2.878702432E-2
5.661548368E1,5.833763257E-2,1.737148017E-1,3.306308016E-2
5.661748371E1,5.283984542E-2,1.810451895E-1,3.795000166E-2
5.661948374E1,5.222897977E-2,1.877647042E-1,4.283692688E-2
5.662148288E1,3.878994286E-2,2.121993154E-1,5.138903856E-2
5.662348194E1,3.756821156E-2,2.225840241E-1,5.627596006E-2
5.662548191E1,3.084869497E-2,2.335795909E-1,5.933028832E-2
5.662748188E1,2.229658142E-2,2.555707395E-1,6.482807547E-2
5.662948184E1,1.618792862E-2,2.769510448E-1,6.727153808E-2
5.663148181E1,7.635815535E-3,2.922226489E-1,6.788240373E-2
5.663348177E1,5.803219974E-3,2.971095741E-1,6.910412759E-2
5.663548174E1,-3.054326226E-4,3.044399619E-1,7.032585889E-2
5.663748174E1,-8.246680722E-3,3.044399619E-1,6.604980677E-2
5.663948177E1,-9.468411095E-3,3.026073575E-1,6.604980677E-2
5.664148267E1,-1.069014147E-2,2.940552533E-1,6.238461286E-2
5.664348360E1,-2.229658142E-2,2.818379402E-1,5.627596006E-2
5.664548364E1,-2.168571576E-2,2.757292986E-1,5.505422875E-2
5.664748367E1,-2.901609987E-2,2.702315152E-1,5.566509441E-2
5.664948370E1,-3.695734590E-2,2.677880526E-1,5.749769136E-2
5.665148374E1,-3.756821156E-2,2.696206570E-1,6.055201590E-2
5.665348377E1,-4.367686436E-2,2.738966942E-1,6.360634416E-2
5.665548377E1,-4.489859566E-2,2.720641196E-1,6.421720982E-2
5.665748377E1,-5.345070735E-2,2.745075822E-1,6.482807547E-2
5.665948377E1,-5.955936015E-2,2.726749778E-1,6.666067243E-2
5.666148290E1,-6.261368841E-2,2.610685229E-1,6.604980677E-2
5.666348207E1,-6.261368841E-2,2.610685229E-1,6.604980677E-2
5.666548207E1,-6.627888232E-2,2.409099787E-1,6.543894112E-2
5.666748204E1,-6.994406879E-2,2.164753675E-1,6.238461286E-2
5.666948200E1,-7.238753140E-2,2.091449946E-1,6.360634416E-2
5.667148197E1,-7.544185966E-2,2.121993154E-1,6.910412759E-2
5.667348193E1,-8.277224004E-2,2.396882474E-1,8.009970188E-2
5.667548190E1,-8.765916526E-2,2.616794109E-1,8.376489580E-2
5.667748187E1,-9.621127695E-2,3.209333420E-1,9.353873879E-2
5.667948183E1,-9.865473956E-2,3.704134226E-1,8.681922406E-2
5.668148266E1,-1.010981947E-1,3.820198476E-1,8.254316449E-2
5.668348356E1,-1.047633886E-1,3.893502355E-1,6.788240373E-2
5.668548360E1,-1.065959856E-1,3.765220642E-1,5.627596006E-2
5.668748363E1,-1.041525230E-1,3.618612885E-1,4.833471403E-2
5.668948366E1,-9.682214260E-2,3.270419836E-1,3.611740842E-2
5.669148370E1,-8.704829961E-2,2.964987159E-1,3.245221451E-2
5.669348373E1,-8.338310570E-2,2.836705446E-1,3.000875562E-2
5.669548376E1,-7.788532227E-2,2.690097690E-1,3.061962128E-2
5.669748380E1,-7.422012836E-2,2.806162238E-1,3.978259861E-2
5.669948380E1,-7.544185966E-2,2.928335369E-1,4.283692688E-2
5.670148290E1,-8.765916526E-2,3.447570801E-1,5.505422875E-2
5.670348196E1,-9.193521738E-2,3.643047512E-1,5.871942267E-2
5.670548193E1,-9.987647086E-2,3.832415938E-1,5.994115397E-2
5.670748189E1,-1.127046347E-1,4.143957198E-1,6.299547851E-2
5.670948186E1,-1.261436790E-1,4.357759953E-1,6.238461286E-2
5.671148183E1,-1.298088580E-1,4.443280995E-1,5.994115397E-2
5.671348179E1,-1.389718503E-1,4.553236961E-1,5.566509441E-2
5.671548179E1,-1.456913650E-1,4.663192630E-1,4.772384837E-2
5.671748179E1,-1.505782902E-1,4.669301212E-1,4.528038576E-2
5.671948179E1,-1.530217379E-1,4.559345543E-1,3.550654277E-2
5.672148266E1,-1.469130963E-1,4.278347492E-1,1.779145002E-2
5.672348349E1,-1.420261711E-1,4.082870483E-1,1.168279815E-2
5.672548349E1,-1.230893433E-1,3.630830348E-1,-2.367102774E-3
5.672748349E1,-1.023199260E-1,3.197115958E-1,-1.153008174E-2
5.672948349E1,-9.071348608E-2,3.026073575E-1,-1.580613852E-2
5.673148349E1,-6.994406879E-2,2.757292986E-1,-1.641700417E-2
5.673348352E1,-4.795292020E-2,2.622902691E-1,-1.519527286E-2
5.673548356E1,-4.123340547E-2,2.635119855E-1,-1.214094646E-2
5.673748359E1,-2.290744707E-2,2.653445899E-1,-9.086620063E-3
5.673948362E1,-1.130100712E-2,2.665663362E-1,-1.153008174E-2
5.674148279E1,4.581489135E-3,2.726749778E-1,-1.214094646E-2
5.674348192E1,4.581489135E-3,2.726749778E-1,-1.214094646E-2
5.674548192E1,1.557706390E-2,2.525164187E-1,-1.458440814E-2
5.674748192E1,2.718350291E-2,2.390773892E-1,-2.008219436E-2
5.674948189E1,3.268129006E-2,2.109775841E-1,-1.886046492E-2
5.675148185E1,3.634648025E-2,1.908190250E-1,-1.580613852E-2
5.675348182E1,3.878994286E-2,1.828777790E-1,-1.756237587E-3
5.675548178E1,3.145955876E-2,1.834886521E-1,6.872233935E-4
5.675748175E1,3.145955876E-2,1.877647042E-1,1.107193250E-2
5.675948172E1,2.229658142E-2,2.036471963E-1,2.390010282E-2
5.676148258E1,1.130100712E-2,2.189188302E-1,3.306308016E-2
5.676348352E1,1.527163084E-3,2.586250603E-1,5.138903856E-2
5.676548355E1,-1.740965992E-2,3.044399619E-1,7.093672454E-2
5.676748358E1,-3.451388702E-2,3.264311254E-1,7.826711237E-2
5.676948362E1,-5.589416996E-2,3.618612885E-1,9.414960444E-2
5.677148365E1,-7.544185966E-2,3.759112060E-1,1.020908505E-1
5.677348368E1,-8.643743396E-2,3.728568852E-1,9.781479836E-2
5.677548371E1,-9.865473956E-2,3.539200425E-1,9.231700748E-2
5.677748375E1,-1.084285825E-1,3.313180506E-1,8.559749275E-2
5.677948375E1,-1.127046347E-1,3.233767748E-1,8.315403014E-2
5.678148288E1,-1.145372316E-1,3.074942827E-1,7.826711237E-2
5.678348221E1,-1.114829108E-1,3.038291037E-1,7.399105281E-2
5.678548221E1,-1.096503139E-1,3.038291037E-1,7.276932150E-2
5.678748221E1,-1.029307917E-1,3.026073575E-1,7.276932150E-2
5.678948221E1,-9.498954564E-2,3.050508201E-1,7.276932150E-2
5.679148221E1,-9.010262042E-2,3.068834245E-1,7.338018715E-2
5.679348218E1,-8.521570265E-2,3.123812079E-1,7.338018715E-2
5.679548214E1,-8.277224004E-2,3.148246706E-1,7.582364976E-2
5.679748211E1,-7.605272532E-2,3.172681332E-1,7.643451542E-2
5.679948208E1,-7.299839705E-2,3.203224540E-1,7.765624672E-2
5.680148291E1,-7.055493444E-2,3.227659166E-1,8.009970188E-2
5.680348378E1,-6.811147183E-2,3.227659166E-1,8.071056753E-2
5.680548374E1,-6.444628537E-2,3.233767748E-1,8.681922406E-2
5.680748371E1,-6.811147183E-2,3.245985210E-1,9.109527618E-2
5.680948371E1,-6.505715102E-2,3.227659166E-1,9.231700748E-2
5.681148374E1,-6.078109145E-2,3.197115958E-1,9.476047009E-2
5.681348377E1,-5.833763257E-2,3.160464168E-1,1.014799923E-1
5.681548381E1,-5.833763257E-2,3.136029541E-1,1.008691266E-1
5.681748384E1,-5.894849449E-2,3.099377453E-1,1.057560444E-1
5.681948387E1,-5.711590126E-2,3.044399619E-1,1.081995070E-1
5.682148304E1,-4.978551716E-2,3.001639247E-1,1.106429696E-1
5.682348214E1,-4.978551716E-2,3.001639247E-1,1.106429696E-1
5.682548214E1,-4.795292020E-2,2.946661115E-1,1.143081561E-1
5.682748210E1,-4.367686436E-2,2.897791862E-1,1.130864322E-1
5.682948207E1,-4.062253982E-2,2.824488282E-1,1.136972904E-1
5.683148204E1,-3.573561832E-2,2.769510448E-1,1.112538353E-1
5.683348200E1,-4.001167417E-2,2.708423734E-1,1.112538353E-1
5.683548197E1,-3.512475267E-2,2.629011273E-1,1.075886413E-1
5.683748194E1,-3.268129006E-2,2.561815977E-1,1.063669100E-1
5.683948194E1,-3.268129006E-2,2.525164187E-1,1.027017161E-1
5.684148280E1,-3.207042441E-2,2.409099787E-1,1.014799923E-1
5.684348350E1,-2.657263726E-2,2.341904640E-1,9.781479836E-2
5.684548353E1,-2.535090782E-2,2.299144119E-1,9.720393270E-2
5.684748357E1,-2.901609987E-2,2.219731659E-1,9.353873879E-2
5.684948360E1,-2.412917651E-2,2.146427780E-1,8.681922406E-2
5.685148363E1,-2.474004216E-2,2.091449946E-1,8.498662710E-2
5.685348367E1,-2.046398632E-2,2.005928755E-1,7.826711237E-2
5.685548370E1,-2.351831272E-2,1.920407563E-1,7.460191846E-2
5.685748370E1,-2.046398632E-2,1.840995103E-1,6.971499324E-2
5.685948370E1,-1.863138936E-2,1.755474061E-1,6.421720982E-2
5.686148283E1,-1.863138936E-2,1.633300930E-1,5.994115397E-2
5.686348193E1,-1.863138936E-2,1.633300930E-1,5.994115397E-2
5.686548193E1,-1.985312067E-2,1.541671157E-1,5.199990422E-2
5.686748193E1,-1.863138936E-2,1.474476010E-1,4.955644161E-2
5.686948193E1,-1.740965992E-2,1.425606757E-1,4.344778880E-2
5.687148190E1,-1.679879427E-2,1.388954818E-1,4.161519557E-2
5.687348186E1,-1.435533352E-2,1.346194297E-1,3.856086731E-2
5.687548183E1,-1.802052557E-2,1.297325045E-1,3.611740842E-2
5.687748180E1,-1.496619824E-2,1.260673106E-1,3.611740842E-2
5.687948176E1,-1.252273750E-2,1.236238554E-1,3.489567712E-2
5.688148260E1,-1.374446787E-2,1.193477958E-1,2.939788997E-2
5.688348346E1,-1.191187184E-2,1.169043332E-1,3.306308016E-2
5.688548343E1,-1.374446787E-2,1.156826094E-1,3.184135258E-2
5.688748343E1,-1.313360315E-2,1.138500124E-1,3.123048507E-2
5.688948346E1,-1.007927675E-2,1.120174155E-1,2.878702432E-2
5.689148349E1,-1.252273750E-2,1.101848185E-1,3.061962128E-2
5.689348353E1,-8.857546374E-3,1.095739529E-1,3.000875562E-2
5.689548356E1,-8.246680722E-3,1.059087589E-1,3.000875562E-2
5.689748359E1,-2.748893574E-3,1.059087589E-1,2.817615867E-2
5.689948362E1,-2.138028387E-3,1.016327068E-1,2.939788997E-2
5.690148279E1,-9.162978968E-4,1.004109755E-1,3.123048507E-2
5.690348192E1,-9.162978968E-4,1.004109755E-1,3.123048507E-2
5.690548189E1,2.748893574E-3,9.674578160E-2,2.451096848E-2
5.690748186E1,7.024950348E-3,9.674578160E-2,2.695442922E-2
5.690948182E1,8.246680722E-3,9.124799818E-2,2.451096848E-2
5.691148179E1,8.857546374E-3,8.941540122E-2,2.267837152E-2
5.691348175E1,1.130100712E-2,9.430231899E-2,2.267837152E-2
5.691548172E1,3.207042441E-2,1.260673106E-1,3.000875562E-2
5.691748172E1,5.894849449E-2,1.938733608E-1,3.611740842E-2
5.691948172E1,7.727445662E-2,2.409099787E-1,3.978259861E-2
5.692148259E1,1.316414624E-1,3.636938930E-1,4.772384837E-2
5.692348349E1,2.049452960E-1,5.322927237E-1,5.199990422E-2
5.692548349E1,2.403754741E-1,6.379724145E-1,5.810855702E-2
5.692748349E1,3.210096955E-1,8.749880791E-1,7.582364976E-2
5.692948349E1,3.741549551E-1,1.071075797E0,1.063669100E-1
5.693148349E1,3.778201640E-1,1.125442863E0,1.216385439E-1
5.693348349E1,3.619376719E-1,1.145601392E0,1.576795876E-1
5.693548352E1,3.320052624E-1,1.096121311E0,1.870011240E-1
5.693748355E1,3.173444867E-1,1.064356327E0,1.992184222E-1
5.693948359E1,2.953533530E-1,1.006935000E0,2.151009291E-1
5.694148275E1,2.660318017E-1,9.739482999E-1,2.309834212E-1
5.694348188E1,2.660318017E-1,9.739482999E-1,2.309834212E-1
5.694548192E1,2.495384514E-1,9.653961658E-1,2.352594733E-1
5.694748195E1,2.263255715E-1,9.464593530E-1,2.315942794E-1
5.694948195E1,2.141082734E-1,9.336311817E-1,2.291508317E-1
5.695148192E1,1.896736622E-1,8.945357800E-1,2.224313021E-1
5.695348188E1,1.585195363E-1,8.474991918E-1,2.096031308E-1
5.695548185E1,1.444696337E-1,8.212319613E-1,2.022727579E-1
5.695748181E1,1.151480973E-1,7.693084478E-1,1.839468032E-1
5.695948178E1,8.704829961E-2,7.167739868E-1,1.619556546E-1
5.696148261E1,7.116580009E-2,6.905068159E-1,1.503492147E-1
5.696348345E1,4.306599870E-2,6.410267353E-1,1.246928647E-1
5.696548345E1,2.168571576E-2,5.982661247E-1,1.027017161E-1
5.696748348E1,1.313360315E-2,5.799401999E-1,8.865182102E-2
5.696948351E1,-3.970623948E-3,5.481752157E-1,6.727153808E-2
5.697148355E1,-1.679879427E-2,5.206862688E-1,4.405865446E-2
5.697348358E1,-2.718350291E-2,5.096907020E-1,3.245221451E-2
5.697548361E1,-3.390302137E-2,4.864778221E-1,1.229366288E-2
5.697748364E1,-3.940080851E-2,4.681518376E-1,-4.810563754E-3
5.697948368E1,-3.878994286E-2,4.565454125E-1,-1.214094646E-2
5.698148284E1,-3.817907721E-2,4.253912866E-1,-2.985603921E-2
5.698348194E1,-3.878994286E-2,4.095087945E-1,-3.413209692E-2
5.698548194E1,-3.329215571E-2,3.960697651E-1,-3.901901841E-2
5.698748194E1,-2.901609987E-2,3.600287139E-1,-4.207334295E-2
5.698948194E1,-2.840523422E-2,3.227659166E-1,-4.268420860E-2
5.699148194E1,-1.985312067E-2,2.793944776E-1,-4.085161164E-2
5.699348194E1,-2.779436857E-2,2.470186353E-1,-4.207334295E-2
5.699548191E1,-7.849618047E-2,9.918924421E-2,-5.490151420E-2
5.699748188E1,-1.524108797E-1,-1.427133977E-1,-5.490151420E-2
5.699948184E1,-1.988366395E-1,-2.758820057E-1,-5.306891724E-2
5.700148267E1,-2.800817192E-1,-5.489387512E-1,-4.818199575E-2
5.700348354E1,-3.729332387E-1,-8.452084064E-1,-4.696026444E-2
5.700548351E1,-4.010330439E-1,-9.832639694E-1,-5.001459271E-2
5.700748347E1,-4.462370574E-1,-1.184238672E0,-4.634939879E-2
5.700948344E1,-4.297437072E-1,-1.252044678E0,-4.146247730E-2
5.701148344E1,-4.028656185E-1,-1.237994790E0,-3.840815276E-2
5.701348347E1,-3.155119121E-1,-1.151251912E0,-3.962988406E-2
5.701548350E1,-2.061670274E-1,-1.007087708E0,-5.062545836E-2
5.701748354E1,-1.548543423E-1,-9.270643592E-1,-5.612324551E-2
5.701948357E1,-4.734205827E-2,-7.755697966E-1,-6.711881608E-2
5.702148274E1,7.910704613E-2,-6.063601375E-1,-6.895141304E-2
5.702348227E1,7.910704613E-2,-6.063601375E-1,-6.895141304E-2
5.702548230E1,1.377501190E-1,-5.568800569E-1,-6.956227869E-2
5.702748230E1,1.811215430E-1,-5.458844304E-1,-7.078400999E-2
5.702948227E1,1.908953935E-1,-5.452736020E-1,-6.834054738E-2
5.703148223E1,2.037235647E-1,-5.471062064E-1,-7.078400999E-2
5.703348220E1,2.061670274E-1,-5.477170348E-1,-7.872525603E-2
5.703548217E1,2.031126916E-1,-5.446627140E-1,-8.239044994E-2
5.703748213E1,1.902845204E-1,-5.336671472E-1,-9.399688989E-2
5.703948210E1,1.689042449E-1,-5.141194463E-1,-1.068250611E-1
5.704148293E1,1.603521258E-1,-5.031238794E-1,-1.135445759E-1
5.704348383E1,1.291979998E-1,-4.835762084E-1,-1.239292845E-1
5.704548386E1,9.743300825E-2,-4.518111944E-1,-1.288162023E-1
5.704748390E1,7.910704613E-2,-4.334852397E-1,-1.330922693E-1
5.704948393E1,4.795292020E-2,-3.864486217E-1,-1.361465901E-1
5.705148396E1,2.962696366E-2,-3.284164369E-1,-1.367574632E-1
5.705348400E1,1.557706390E-2,-3.009274900E-1,-1.373683214E-1
5.705548403E1,3.054326226E-4,-2.373975068E-1,-1.355357319E-1
5.705748406E1,-1.618792862E-2,-1.683697402E-1,-1.312596649E-1
5.705948410E1,-1.740965992E-2,-1.323286891E-1,-1.251510233E-1
5.706148323E1,-1.924225502E-2,-3.031418845E-2,-1.098793894E-1
5.706348233E1,-2.412917651E-2,2.672535367E-3,-1.031598672E-1
5.706548233E1,-2.901609987E-2,2.344195358E-2,-9.766208380E-2
5.706748233E1,-3.573561832E-2,6.131559983E-2,-8.605564386E-2
5.706948233E1,-4.489859566E-2,9.308059514E-2,-6.895141304E-2
5.707148233E1,-4.978551716E-2,1.089630872E-1,-6.162103266E-2
5.707348229E1,-5.528330430E-2,1.278999150E-1,-5.184718594E-2
5.707548226E1,-5.711590126E-2,1.456149966E-1,-3.962988406E-2
5.707748223E1,-6.017022580E-2,1.511127949E-1,-3.657555580E-2
5.707948219E1,-6.078109145E-2,1.535562575E-1,-3.229949996E-2
5.708148303E1,-6.566801667E-2,1.596648991E-1,-2.435825206E-2
5.708348349E1,-6.566801667E-2,1.645518243E-1,-1.947133057E-2
5.708548346E1,-6.627888232E-2,1.639409661E-1,-1.214094646E-2
5.708748342E1,-6.994406879E-2,1.584431678E-1,-9.697485715E-3
5.708948342E1,-6.994406879E-2,1.523345262E-1,-2.977967961E-3
5.709148342E1,-7.116580009E-2,1.340085566E-1,1.298088697E-3
5.709348346E1,-7.299839705E-2,1.101848185E-1,9.239336476E-3
5.709548349E1,-6.811147183E-2,9.796751291E-2,1.046106778E-2
5.709748352E1,-7.055493444E-2,7.780896127E-2,1.534798928E-2
5.709948356E1,-6.322455406E-2,5.459608138E-2,1.718058437E-2
5.710148272E1,-4.978551716E-2,2.405281924E-2,1.962404512E-2
5.710348185E1,-4.978551716E-2,2.405281924E-2,1.962404512E-2
5.710548185E1,-4.184427112E-2,7.559457328E-3,2.695442922E-2
5.710748182E1,-3.634648025E-2,8.399396902E-4,2.695442922E-2
5.710948179E1,-3.573561832E-2,-1.443169173E-2,3.184135258E-2
5.711148175E1,-3.390302137E-2,-3.275764734E-2,3.611740842E-2
5.711348172E1,-2.596177347E-2,-5.230533704E-2,3.672827408E-2
5.711548168E1,-2.596177347E-2,-6.207918003E-2,3.733913973E-2
5.711748165E1,-2.779436857E-2,-7.857254148E-2,4.161519557E-2
5.711948162E1,-3.023782931E-2,-9.567677230E-2,3.795000166E-2
5.712148248E1,-3.023782931E-2,-1.036180183E-1,3.611740842E-2
5.712348338E1,-3.023782931E-2,-1.225548387E-1,3.184135258E-2
5.712548338E1,-2.718350291E-2,-1.445459872E-1,2.512183413E-2
5.712748338E1,-2.718350291E-2,-1.549306959E-1,2.084577642E-2
5.712948338E1,-2.535090782E-2,-1.732566506E-1,1.412625890E-2
5.713148338E1,-2.474004216E-2,-1.958586723E-1,7.635815564E-5
5.713348338E1,-2.168571576E-2,-2.037999183E-1,-2.367102774E-3
5.713548338E1,-1.679879427E-2,-2.270127982E-1,-1.702786796E-2
5.713748338E1,-1.374446787E-2,-2.477822155E-1,-2.619084716E-2
5.713948342E1,-1.496619824E-2,-2.545017302E-1,-2.924517356E-2
5.714148258E1,-6.414085161E-3,-2.813797891E-1,-3.901901841E-2
5.714348181E1,-7.635815535E-3,-2.874884605E-1,-4.268420860E-2
5.714548185E1,-5.803219974E-3,-2.954297066E-1,-4.329507425E-2
5.714748188E1,-7.635815535E-3,-3.052035570E-1,-4.818199575E-2
5.714948191E1,-5.192354787E-3,-3.131448030E-1,-5.245805159E-2
5.715148195E1,-8.246680722E-3,-3.174208403E-1,-5.612324551E-2
5.715348195E1,-5.803219974E-3,-3.235295117E-1,-5.734497309E-2
5.715548191E1,2.138028387E-3,-3.235295117E-1,-5.978843570E-2
5.715748188E1,-9.162978968E-4,-3.192534447E-1,-5.856670439E-2
5.715948184E1,8.246680722E-3,-3.137556612E-1,-5.978843570E-2
5.716148268E1,1.374446787E-2,-2.997057736E-1,-5.917757004E-2
5.716348354E1,1.435533352E-2,-2.917645276E-1,-6.162103266E-2
5.716548351E1,1.985312067E-2,-2.740494311E-1,-6.223189831E-2
5.716748351E1,2.596177347E-2,-2.514474094E-1,-6.345362961E-2
5.716948351E1,2.657263726E-2,-2.386192381E-1,-6.223189831E-2
5.717148354E1,2.840523422E-2,-2.092977017E-1,-5.795583874E-2
5.717348358E1,2.962696366E-2,-1.799761802E-1,-4.818199575E-2
5.717548361E1,3.329215571E-2,-1.671480089E-1,-4.634939879E-2
5.717748364E1,4.001167417E-2,-1.408807933E-1,-3.962988406E-2
5.717948367E1,3.634648025E-2,-1.127809957E-1,-3.413209692E-2
5.718148284E1,3.451388702E-2,-6.146831438E-2,-3.779728711E-2
5.718348277E1,3.451388702E-2,-6.146831438E-2,-3.779728711E-2
5.718548277E1,2.657263726E-2,-1.137736533E-2,-5.184718594E-2
5.718748277E1,2.718350291E-2,1.183551457E-2,-5.551237985E-2
5.718948277E1,2.657263726E-2,4.787656292E-2,-6.039930135E-2
5.719148277E1,2.718350291E-2,7.536549866E-2,-6.223189831E-2
5.719348277E1,3.145955876E-2,8.025242388E-2,-6.589708477E-2
5.719548277E1,4.428773001E-2,7.964155823E-2,-7.017314434E-2
5.719748277E1,5.955936015E-2,6.742425263E-2,-7.261660695E-2
5.719948274E1,6.933320314E-2,6.009386852E-2,-7.506006956E-2
5.720148357E1,8.460483700E-2,3.932445124E-2,-8.239044994E-2
5.720348434E1,1.010981947E-1,1.794416644E-2,-9.033169597E-2
5.720548430E1,1.096503139E-1,7.559457328E-3,-9.644035250E-2
5.720748427E1,1.243110746E-1,-1.382082608E-2,-1.007164046E-1
5.720948424E1,1.261436790E-1,-3.092505224E-2,-1.092685238E-1
5.721148420E1,1.273654103E-1,-4.008803144E-2,-1.111011133E-1
5.721348417E1,1.261436790E-1,-4.986187443E-2,-1.214858219E-1
5.721548417E1,1.182024255E-1,-5.413793400E-2,-1.312596649E-1
5.721748420E1,1.151480973E-1,-5.535966158E-2,-1.349248588E-1
5.721948423E1,1.059851199E-1,-6.452263892E-2,-1.453095675E-1
5.722148340E1,9.804387391E-2,-8.162686974E-2,-1.581377387E-1
5.722348253E1,9.804387391E-2,-8.162686974E-2,-1.581377387E-1
5.722548230E1,9.437867999E-2,-1.005636901E-1,-1.642463952E-1
5.722748233E1,1.004873365E-1,-1.347721517E-1,-1.801288873E-1
5.722948236E1,9.437867999E-2,-1.695914567E-1,-1.996765733E-1
5.723148237E1,1.004873365E-1,-1.836413592E-1,-2.051743716E-1
5.723348233E1,9.926560521E-2,-2.062433809E-1,-2.180025280E-1
5.723548230E1,1.017090604E-1,-2.270127982E-1,-2.265546471E-1
5.723748226E1,1.004873365E-1,-2.355649173E-1,-2.296089679E-1
5.723948223E1,9.743300825E-2,-2.569451928E-1,-2.406045496E-1
5.724148306E1,1.004873365E-1,-2.697733641E-1,-2.406045496E-1
5.724348313E1,9.682214260E-2,-2.716059685E-1,-2.418262810E-1
5.724548313E1,9.437867999E-2,-2.807689309E-1,-2.424371392E-1
5.724748313E1,8.643743396E-2,-2.856558561E-1,-2.406045496E-1
5.724948313E1,8.093964309E-2,-2.880993187E-1,-2.387719452E-1
5.725148313E1,7.116580009E-2,-2.813797891E-1,-2.399936765E-1
5.725348313E1,4.917465150E-2,-2.667190433E-1,-2.418262810E-1
5.725548313E1,3.940080851E-2,-2.526691258E-1,-2.454914749E-1
5.725748313E1,1.679879427E-2,-2.117411643E-1,-2.509892583E-1
5.725948313E1,-7.024950348E-3,-1.567633003E-1,-2.583196461E-1
5.726148226E1,-4.550946131E-2,-5.047274008E-2,-2.699260712E-1
5.726348149E1,-4.550946131E-2,-5.047274008E-2,-2.699260712E-1
5.726548179E1,-6.261368841E-2,2.588541433E-2,-2.735912800E-1
5.726748183E1,-7.422012836E-2,6.192646548E-2,-2.717586756E-1
5.726948186E1,-8.460483700E-2,1.248455867E-1,-2.693152130E-1
5.727148189E1,-8.888089657E-2,1.694387496E-1,-2.632065713E-1
5.727348193E1,-8.888089657E-2,1.847103834E-1,-2.552653253E-1
5.727548196E1,-9.315694869E-2,2.152536362E-1,-2.448806018E-1
5.727748196E1,-9.254608303E-2,2.445751727E-1,-2.381610870E-1
5.727948193E1,-9.437867999E-2,2.580142021E-1,-2.326633036E-1
5.728148276E1,-9.865473956E-2,2.958878577E-1,-2.326633036E-1
5.728348362E1,-1.090394482E-1,3.380375504E-1,-2.308306992E-1
5.728548386E1,-1.072068512E-1,3.618612885E-1,-2.302198410E-1
5.728748382E1,-1.237002090E-1,4.113413990E-1,-2.375502288E-1
5.728948379E1,-1.249219403E-1,4.620431960E-1,-2.381610870E-1
5.729148376E1,-1.273654103E-1,4.846452177E-1,-2.357176244E-1
5.729348376E1,-1.310305893E-1,5.335144401E-1,-2.253329158E-1
5.729548379E1,-1.334740520E-1,5.750532746E-1,-2.186134011E-1
5.729748382E1,-1.340849251E-1,5.872705579E-1,-2.106721550E-1
5.729948385E1,-1.322523206E-1,6.025422215E-1,-1.807397604E-1
5.730148302E1,-1.127046347E-1,5.903248787E-1,-9.399688989E-2
5.730348215E1,-1.127046347E-1,5.903248787E-1,-9.399688989E-2
5.730548219E1,-9.682214260E-2,5.622251034E-1,-3.840815276E-2
5.730748222E1,-7.788532227E-2,5.225188732E-1,2.206750773E-2
5.730948225E1,-6.322455406E-2,5.035820603E-1,4.466952011E-2
5.731148225E1,-5.406157300E-2,4.773148298E-1,7.399105281E-2
5.731348225E1,-3.634648025E-2,4.431063831E-1,1.020908505E-1
5.731548225E1,-3.145955876E-2,4.327216744E-1,1.014799923E-1
5.731748225E1,-2.107485011E-2,4.101196527E-1,1.106429696E-1
5.731948225E1,-1.007927675E-2,3.820198476E-1,1.149190217E-1
5.732148312E1,-6.414085161E-3,3.612504303E-1,1.216385439E-1
5.732348388E1,6.414085161E-3,3.129920661E-1,1.442405581E-1
5.732548358E1,5.192354787E-3,2.738966942E-1,1.540143937E-1
5.732748355E1,1.069014147E-2,2.561815977E-1,1.540143937E-1
5.732948352E1,8.246680722E-3,2.268600762E-1,1.442405581E-1
5.733148348E1,8.857546374E-3,2.073123902E-1,1.350775808E-1
5.733348345E1,9.162978968E-4,1.975385547E-1,1.295797974E-1
5.733548341E1,-9.162978968E-4,1.694387496E-1,1.191950813E-1
5.733748338E1,-4.581489135E-3,1.376737505E-1,1.136972904E-1
5.733948338E1,-5.803219974E-3,1.169043332E-1,1.155298874E-1
5.734148251E1,-1.618792862E-2,4.787656292E-2,1.081995070E-1
5.734348165E1,-1.618792862E-2,4.787656292E-2,1.057560444E-1
5.734548168E1,-1.679879427E-2,3.504839167E-2,1.008691266E-1
5.734748171E1,-2.901609987E-2,1.672243699E-2,9.964739531E-2
5.734948175E1,-3.268129006E-2,8.399396902E-4,9.537133574E-2
5.735148178E1,-3.390302137E-2,-2.237293869E-2,9.537133574E-2
5.735348181E1,-3.695734590E-2,-3.031418845E-2,9.231700748E-2
5.735548181E1,-3.940080851E-2,-4.925100878E-2,8.376489580E-2
5.735748178E1,-4.184427112E-2,-5.902485549E-2,7.643451542E-2
5.735948174E1,-4.306599870E-2,-6.452263892E-2,7.093672454E-2
5.736148258E1,-4.917465150E-2,-6.696610153E-2,5.627596006E-2
5.736348344E1,-5.100724846E-2,-7.307475805E-2,4.466952011E-2
5.736548341E1,-5.345070735E-2,-7.735081017E-2,3.856086731E-2
5.736748337E1,-5.894849449E-2,-7.918340713E-2,2.451096848E-2
5.736948334E1,-6.261368841E-2,-8.223773539E-2,9.239336476E-3
5.737148334E1,-5.833763257E-2,-8.651378751E-2,3.741549561E-3
5.737348337E1,-6.261368841E-2,-8.834638447E-2,-4.810563754E-3
5.737548341E1,-6.505715102E-2,-8.223773539E-2,-1.458440814E-2
5.737748344E1,-6.811147183E-2,-7.429648191E-2,-1.886046492E-2
5.737948347E1,-5.955936015E-2,-6.574437022E-2,-2.313652076E-2
5.738148264E1,-5.833763257E-2,-3.459024429E-2,-3.596469015E-2
5.738348204E1,-5.833763257E-2,-3.459024429E-2,-3.596469015E-2
5.738548207E1,-5.772676691E-2,-1.443169173E-2,-4.024074972E-2
5.738748210E1,-5.589416996E-2,5.115996581E-3,-4.573853686E-2
5.738948210E1,-5.100724846E-2,1.061378326E-2,-4.268420860E-2
5.739148210E1,-5.528330430E-2,2.710714564E-2,-4.573853686E-2
5.739348210E1,-5.772676691E-2,4.543310404E-2,-4.879286140E-2
5.739548210E1,-6.383541971E-2,5.581781268E-2,-5.245805159E-2
5.739748210E1,-7.055493444E-2,8.147415519E-2,-5.367978290E-2
5.739948210E1,-8.277224004E-2,1.138500124E-1,-5.856670439E-2
5.740148297E1,-8.643743396E-2,1.297325045E-1,-5.734497309E-2
5.740348384E1,-9.926560521E-2,1.682170182E-1,-5.978843570E-2
5.740548380E1,-1.133155003E-1,2.054798007E-1,-6.162103266E-2
5.740748377E1,-1.157589629E-1,2.146427780E-1,-6.589708477E-2
5.740948373E1,-1.304197311E-1,2.402991205E-1,-6.956227869E-2
5.741148370E1,-1.383609772E-1,2.726749778E-1,-5.123632401E-2
5.741348367E1,-1.420261711E-1,2.848922908E-1,-4.207334295E-2
5.741548363E1,-1.456913650E-1,3.068834245E-1,-1.824959926E-2
5.741748363E1,-1.493565589E-1,3.191007376E-1,7.635815564E-5
5.741948363E1,-1.493565589E-1,3.233767748E-1,9.239336476E-3
5.742148280E1,-1.585195363E-1,3.404810131E-1,3.000875562E-2
5.742348363E1,-1.597412676E-1,3.447570801E-1,3.978259861E-2
5.742548366E1,-1.621847153E-1,3.435353339E-1,4.772384837E-2
5.742748370E1,-1.579086632E-1,3.239876628E-1,6.177374721E-2
5.742948373E1,-1.481348276E-1,2.971095741E-1,6.910412759E-2
5.743148376E1,-1.463022232E-1,2.824488282E-1,7.093672454E-2
5.743348376E1,-1.383609772E-1,2.555707395E-1,7.399105281E-2
5.743548373E1,-1.310305893E-1,2.329687327E-1,7.215845585E-2
5.743748370E1,-1.310305893E-1,2.280818075E-1,6.727153808E-2
5.743948366E1,-1.328631938E-1,2.140319049E-1,5.138903856E-2
5.744148449E1,-1.316414624E-1,1.908190250E-1,4.100432992E-2
5.744348509E1,-1.291979998E-1,1.743256748E-1,3.367394581E-2
5.744548506E1,-1.298088580E-1,1.395063549E-1,2.451096848E-2
5.744748503E1,-1.249219403E-1,9.491318464E-2,1.473712362E-2
5.744948503E1,-1.249219403E-1,7.047858089E-2,8.628471754E-3
5.745148506E1,-1.200350225E-1,2.344195358E-2,-6.032294128E-3
5.745348509E1,-1.133155003E-1,-1.015563495E-2,-2.191479132E-2
5.745548512E1,-1.108720452E-1,-2.420553565E-2,-2.802344225E-2
5.745748516E1,-1.059851199E-1,-5.230533704E-2,-4.268420860E-2
5.745948519E1,-1.035416573E-1,-7.124216110E-2,-5.490151420E-2
5.746148436E1,-9.804387391E-2,-9.628763795E-2,-6.406449527E-2
5.746348349E1,-9.804387391E-2,-9.628763795E-2,-6.406449527E-2
5.746548352E1,-9.315694869E-2,-1.164461896E-1,-7.078400999E-2
5.746748352E1,-8.521570265E-2,-1.286634952E-1,-7.261660695E-2
5.746948352E1,-7.666359097E-2,-1.457677186E-1,-7.506006956E-2
5.747148352E1,-6.261368841E-2,-1.598176211E-1,-7.383833826E-2
5.747348352E1,-5.283984542E-2,-1.732566506E-1,-7.506006956E-2
5.747548352E1,-4.856378585E-2,-1.793653071E-1,-7.689265907E-2
5.747748352E1,-3.390302137E-2,-1.989129931E-1,-8.361218125E-2
5.747948352E1,-1.924225502E-2,-2.202932835E-1,-8.727737516E-2
5.748148436E1,-1.863138936E-2,-2.306779921E-1,-8.788824081E-2
5.748348352E1,-9.162978968E-4,-2.563343346E-1,-9.094256163E-2
5.748548349E1,1.313360315E-2,-2.862667143E-1,-9.521862119E-2
5.748748345E1,2.168571576E-2,-3.021492362E-1,-9.460775554E-2
5.748948342E1,3.512475267E-2,-3.302490115E-1,-9.644035250E-2
5.749148339E1,5.283984542E-2,-3.601814210E-1,-9.582948685E-2
5.749348335E1,5.955936015E-2,-3.742313087E-1,-9.460775554E-2
5.749548335E1,7.605272532E-2,-4.023311138E-1,-9.705121815E-2
5.749748335E1,9.376781434E-2,-4.292092025E-1,-9.705121815E-2
5.749948339E1,1.010981947E-1,-4.414264858E-1,-9.766208380E-2
5.750148255E1,1.212567538E-1,-4.725806117E-1,-1.037707329E-1
5.750348168E1,1.285871267E-1,-4.780784249E-1,-1.086576581E-1
5.750548172E1,1.273654103E-1,-4.817436039E-1,-1.123228446E-1
5.750748175E1,1.401935667E-1,-4.811327457E-1,-1.257618815E-1
5.750948178E1,1.444696337E-1,-4.640285075E-1,-1.404226422E-1
5.751148178E1,1.450804919E-1,-4.524220824E-1,-1.483639032E-1
5.751348175E1,1.414152980E-1,-4.139375687E-1,-1.593594700E-1
5.751548172E1,1.353066564E-1,-3.730095923E-1,-1.709659100E-1
5.751748168E1,1.334740520E-1,-3.497967124E-1,-1.703550518E-1
5.751948165E1,1.237002090E-1,-3.033709526E-1,-1.782962978E-1
5.752148248E1,1.084285825E-1,-2.618321180E-1,-1.813506186E-1
5.752348335E1,1.010981947E-1,-2.398409694E-1,-1.831832081E-1
5.752548331E1,8.032877743E-2,-2.001347244E-1,-1.831832081E-1
5.752748331E1,6.017022580E-2,-1.598176211E-1,-1.819614917E-1
5.752948331E1,4.856378585E-2,-1.402699351E-1,-1.837940812E-1
5.753148331E1,2.351831272E-2,-9.078984708E-2,-1.892918646E-1
5.753348291E1,3.054326226E-4,-3.703370690E-2,-1.892918646E-1
5.753548291E1,-5.192354787E-3,-1.076649968E-2,-1.954005212E-1
5.753748291E1,-3.940080851E-2,4.726569727E-2,-2.045634985E-1
5.753948291E1,-6.017022580E-2,1.126282811E-1,-2.100612819E-1
5.754148204E1,-9.437867999E-2,2.158645093E-1,-1.978439838E-1
5.754348114E1,-9.437867999E-2,2.158645093E-1,-1.978439838E-1
5.754548118E1,-1.133155003E-1,2.732858360E-1,-1.801288873E-1
5.754748121E1,-1.194241568E-1,2.928335369E-1,-1.734093726E-1
5.754948124E1,-1.395827085E-1,3.239876628E-1,-1.618029326E-1
5.755148128E1,-1.695151031E-1,3.044399619E-1,-1.715767831E-1
5.755348131E1,-1.896736622E-1,2.738966942E-1,-1.929570585E-1
5.755548134E1,-2.348776907E-1,1.804343164E-1,-2.656500340E-1
5.755748138E1,-2.715296149E-1,1.144608781E-1,-3.187952936E-1
5.755948138E1,-2.855795026E-1,9.552405030E-2,-3.316234648E-1
5.756148221E1,-3.057380617E-1,3.688098863E-2,-3.688862622E-1
5.756348308E1,-3.216205537E-1,1.611157134E-2,-3.713297248E-1
5.756548304E1,-3.246748745E-1,-4.046982154E-3,-3.792709708E-1
5.756748301E1,-3.063489199E-1,-2.214386594E-3,-3.603341281E-1
5.756948297E1,-2.758056521E-1,1.855503209E-2,-2.961932719E-1
5.757148294E1,-2.629774809E-1,-5.268712528E-3,-2.888629138E-1
5.757348294E1,-2.354885489E-1,-7.735081017E-2,-3.200170398E-1
5.757548294E1,-2.055561543E-1,-1.121701300E-1,-3.145192564E-1
5.757748297E1,-1.902845204E-1,-1.298852265E-1,-3.102431893E-1
5.757948300E1,-1.511891484E-1,-1.463785917E-1,-2.888629138E-1
5.758148217E1,-8.460483700E-2,-1.677588671E-1,-2.467132062E-1
5.758348130E1,-8.460483700E-2,-1.677588671E-1,-2.467132062E-1
5.758548134E1,-4.734205827E-2,-1.830305010E-1,-2.180025280E-1
5.758748137E1,-1.007927675E-2,-2.056325078E-1,-1.911244690E-1
5.758948140E1,2.657263726E-2,-2.294562608E-1,-1.569160074E-1
5.759148144E1,4.428773001E-2,-2.422844321E-1,-1.434769779E-1
5.759348184E1,7.910704613E-2,-2.599995136E-1,-1.068250611E-1
5.759548184E1,1.127046347E-1,-2.746602893E-1,-7.383833826E-2
5.759748184E1,1.267545372E-1,-2.789363563E-1,-6.223189831E-2
5.759948184E1,1.499674171E-1,-2.966514230E-1,-5.551237985E-2
5.760148270E1,1.652390510E-1,-3.149773777E-1,-6.772968173E-2
5.760348360E1,1.689042449E-1,-3.149773777E-1,-6.956227869E-2
5.760548357E1,1.823432744E-1,-2.972623110E-1,-6.589708477E-2
5.760748353E1,1.829541475E-1,-2.795472145E-1,-7.078400999E-2
5.760948350E1,1.811215430E-1,-2.764928937E-1,-8.239044994E-2
5.761148347E1,1.731802970E-1,-2.606103718E-1,-1.031598672E-1
5.761348343E1,1.603521258E-1,-2.312888503E-1,-1.104902476E-1
5.761548340E1,1.530217379E-1,-2.160172164E-1,-1.129337102E-1
5.761748336E1,1.426370293E-1,-1.940260679E-1,-1.269836128E-1
5.761948333E1,1.169806942E-1,-1.885282844E-1,-1.569160074E-1
5.762148246E1,7.910704613E-2,-1.879174262E-1,-2.088395506E-1
5.762348163E1,7.910704613E-2,-1.879174262E-1,-2.088395506E-1
5.762548166E1,5.894849449E-2,-1.665371358E-1,-2.216677219E-1
5.762748170E1,5.039638281E-2,-1.500437707E-1,-2.247220576E-1
5.762948173E1,3.878994286E-2,-1.219439730E-1,-2.320524305E-1
5.763148176E1,2.412917651E-2,-1.030071527E-1,-2.473240644E-1
5.763348179E1,2.351831272E-2,-9.689849615E-2,-2.558761835E-1
5.763548183E1,1.313360315E-2,-8.345946670E-2,-2.656500340E-1
5.763748183E1,9.468411095E-3,-6.818783283E-2,-2.632065713E-1
5.763948179E1,1.007927675E-2,-6.391177326E-2,-2.601522505E-1
5.764148263E1,7.635815535E-3,-5.963572115E-2,-2.509892583E-1
5.764348349E1,2.748893574E-3,-6.574437022E-2,-2.473240644E-1
5.764548346E1,2.748893574E-3,-6.818783283E-2,-2.424371392E-1
5.764748342E1,3.359758761E-3,-7.490734756E-2,-2.302198410E-1
5.764948339E1,1.007927675E-2,-7.918340713E-2,-2.143373489E-1
5.765148336E1,5.192354787E-3,-8.468119800E-2,-2.070069611E-1
5.765348336E1,1.496619824E-2,-8.590292186E-2,-1.947896481E-1
5.765548339E1,1.618792862E-2,-8.162686974E-2,-1.819614917E-1
5.765748342E1,1.557706390E-2,-7.735081017E-2,-1.752419621E-1
5.765948346E1,1.496619824E-2,-6.696610153E-2,-1.630246639E-1
5.766148262E1,1.252273750E-2,-5.719225854E-2,-1.575268805E-1
5.766348359E1,1.252273750E-2,-5.719225854E-2,-1.575268805E-1
5.766548362E1,3.359758761E-3,-4.680754989E-2,-1.593594700E-1
5.766748365E1,-5.803219974E-3,-4.130976275E-2,-1.569160074E-1
5.766948369E1,-7.635815535E-3,-4.069889709E-2,-1.569160074E-1
5.767148369E1,-2.351831272E-2,-4.069889709E-2,-1.581377387E-1
5.767348369E1,-3.878994286E-2,-3.947716579E-2,-1.575268805E-1
5.767548369E1,-3.878994286E-2,-2.787072770E-2,-1.508073509E-1
5.767748369E1,-4.612032697E-2,-3.817907709E-4,-1.324813962E-1
5.767948369E1,-5.467243865E-2,3.138320148E-2,-1.208749637E-1
5.768148455E1,-5.772676691E-2,4.604396969E-2,-1.159880385E-1
5.768348539E1,-7.483099401E-2,8.025242388E-2,-1.159880385E-1
5.768548535E1,-9.682214260E-2,1.126282811E-1,-1.165989041E-1
5.768748532E1,-1.047633886E-1,1.315651089E-1,-1.233184189E-1
5.768948528E1,-1.304197311E-1,1.645518243E-1,-1.239292845E-1
5.769148525E1,-1.530217379E-1,2.012037337E-1,-1.159880385E-1
5.769348522E1,-1.670716405E-1,2.201405615E-1,-1.092685238E-1
5.769548518E1,-1.835650057E-1,2.433534414E-1,-1.019381359E-1
5.769748515E1,-1.988366395E-1,2.641228735E-1,-9.094256163E-2
5.769948515E1,-2.073887438E-1,2.738966942E-1,-8.361218125E-2
5.770148431E1,-2.177734673E-1,2.952769995E-1,-5.978843570E-2
5.770348345E1,-2.208277881E-1,3.044399619E-1,-5.367978290E-2
5.770548348E1,-2.226603776E-1,3.105486333E-1,-4.512767121E-2
5.770748351E1,-2.263255715E-1,3.215442002E-1,-2.863430791E-2
5.770948355E1,-2.293798923E-1,3.288745880E-1,-1.824959926E-2
5.771148358E1,-2.342668176E-1,3.294854462E-1,-7.864889689E-3
5.771348361E1,-2.299907655E-1,3.307071626E-1,-6.643159315E-3
5.771548361E1,-2.318233550E-1,3.300963044E-1,3.130684374E-3
5.771748358E1,-2.312124968E-1,3.245985210E-1,8.017606102E-3
5.771948354E1,-2.324342281E-1,3.221550584E-1,1.046106778E-2
5.772148438E1,-2.385428846E-1,3.123812079E-1,1.534798928E-2
5.772348341E1,-2.336559594E-1,3.032182455E-1,1.718058437E-2
5.772548338E1,-2.397646159E-1,3.001639247E-1,1.962404512E-2
5.772748334E1,-2.397646159E-1,2.842814028E-1,1.595885493E-2
5.772948331E1,-2.391537428E-1,2.690097690E-1,1.351539325E-2
5.773148331E1,-2.415972054E-1,2.598468065E-1,1.168279815E-2
5.773348331E1,-2.324342281E-1,2.427425832E-1,5.574145354E-3
5.773548331E1,-2.299907655E-1,2.299144119E-1,-5.345070967E-4
5.773748331E1,-2.251038402E-1,2.219731659E-1,-4.199698567E-3
5.773948331E1,-2.220495194E-1,2.103667259E-1,-1.580613852E-2
5.774148244E1,-2.055561543E-1,1.895972937E-1,-3.291036561E-2
5.774348174E1,-2.055561543E-1,1.895972937E-1,-3.291036561E-2
5.774548174E1,-2.000583708E-1,1.731039435E-1,-4.207334295E-2
5.774748174E1,-1.853975952E-1,1.517236531E-1,-5.123632401E-2
5.774948177E1,-1.798998117E-1,1.407280862E-1,-5.551237985E-2
5.775148181E1,-1.658499092E-1,1.150717437E-1,-6.589708477E-2
5.775348184E1,-1.505782902E-1,8.636107296E-2,-6.772968173E-2
5.775548187E1,-1.444696337E-1,7.231117040E-2,-7.322747260E-2
5.775748191E1,-1.316414624E-1,3.504839167E-2,-7.567093521E-2
5.775948194E1,-1.224784851E-1,-3.436116967E-3,-7.383833826E-2
5.776148280E1,-1.157589629E-1,-2.054034360E-2,-7.017314434E-2
5.776348367E1,-1.029307917E-1,-6.085744873E-2,-7.261660695E-2
5.776548364E1,-9.254608303E-2,-9.628763795E-2,-7.200574130E-2
5.776748360E1,-9.193521738E-2,-1.103375331E-1,-7.200574130E-2
5.776948357E1,-8.704829961E-2,-1.414916664E-1,-7.261660695E-2
5.777148353E1,-8.032877743E-2,-1.702023298E-1,-7.567093521E-2
5.777348350E1,-8.277224004E-2,-1.848630905E-1,-7.750352472E-2
5.777548347E1,-8.277224004E-2,-2.080759704E-1,-7.933612168E-2
5.777748347E1,-8.460483700E-2,-2.294562608E-1,-7.689265907E-2
5.777948350E1,-8.704829961E-2,-2.404518276E-1,-7.444920391E-2
5.778148267E1,-9.560041130E-2,-2.722168267E-1,-6.345362961E-2
5.778348180E1,-9.804387391E-2,-2.844341397E-1,-5.856670439E-2
5.778548183E1,-1.010981947E-1,-3.003166318E-1,-5.001459271E-2
5.778748186E1,-1.078177169E-1,-3.339142203E-1,-3.168863431E-2
5.778948190E1,-1.047633886E-1,-3.699552715E-1,-7.254024968E-3
5.779148193E1,-1.059851199E-1,-3.895029426E-1,4.963280167E-3
5.779348196E1,-1.047633886E-1,-4.353178442E-1,3.367394581E-2
5.779548196E1,-1.084285825E-1,-4.878522456E-1,6.482807547E-2
5.779748196E1,-1.114829108E-1,-5.128977299E-1,8.193229884E-2
5.779948196E1,-1.139263660E-1,-5.721516609E-1,1.210276783E-1
5.780148283E1,-1.084285825E-1,-6.314055920E-1,1.650099754E-1
5.780348353E1,-1.065959856E-1,-6.643922925E-1,1.876119822E-1
5.780548353E1,-1.029307917E-1,-7.267005444E-1,2.291508317E-1
5.780748353E1,-9.926560521E-2,-7.853436470E-1,2.767983079E-1
5.780948350E1,-9.804387391E-2,-8.158869147E-1,3.012329340E-1
5.781148346E1,-8.521570265E-2,-8.720865250E-1,3.427717686E-1
5.781348343E1,-7.727445662E-2,-9.160687923E-1,3.830888569E-1
5.781548339E1,-7.116580009E-2,-9.374490976E-1,4.032474160E-1
5.781748336E1,-6.078109145E-2,-9.795987606E-1,4.337906837E-1
5.781948332E1,-4.734205827E-2,-1.017472386E0,4.582252800E-1
5.782148243E1,-3.084869497E-2,-1.059011221E0,4.753295183E-1
5.782348153E1,-3.084869497E-2,-1.059011221E0,4.753295183E-1
5.782548152E1,-2.535090782E-2,-1.078558922E0,4.747186601E-1
5.782748156E1,-2.168571576E-2,-1.079169869E0,4.661665261E-1
5.782948159E1,-4.581489135E-3,-1.070617676E0,3.867540658E-1
5.783148162E1,-2.748893574E-3,-1.052902579E0,2.273182273E-1
5.783348166E1,-3.970623948E-3,-1.028468013E0,2.145664208E-2
5.783548169E1,-5.192354787E-3,-1.013807178E0,-7.383833826E-2
5.783748172E1,-3.359758761E-3,-9.826530814E-1,-2.192242593E-1
5.783948172E1,-1.313360315E-2,-9.600511193E-1,-2.992476225E-1
5.784148259E1,-1.863138936E-2,-9.508880973E-1,-3.102431893E-1
5.784348306E1,-4.001167417E-2,-9.453903437E-1,-3.071888685E-1
5.784548302E1,-6.017022580E-2,-9.545533061E-1,-2.778673172E-1
5.784748299E1,-6.750060618E-2,-9.624945521E-1,-2.638174295E-1
5.784948295E1,-9.132435173E-2,-9.820422530E-1,-2.351067662E-1
5.785148292E1,-1.127046347E-1,-1.006476879E0,-2.216677219E-1
5.785348289E1,-1.249219403E-1,-1.015639782E0,-2.149482071E-1
5.785548272E1,-1.432479024E-1,-1.032133222E0,-2.082286924E-1
5.785748272E1,-1.597412676E-1,-1.042517900E0,-2.015091777E-1
5.785948272E1,-1.658499092E-1,-1.047404766E0,-2.033417672E-1
5.786148185E1,-1.762346178E-1,-1.029689670E0,-2.051743716E-1
5.786348118E1,-1.737911552E-1,-1.014418125E0,-2.015091777E-1
5.786548118E1,-1.719585657E-1,-9.924269319E-1,-1.972331107E-1
5.786748118E1,-1.664607823E-1,-9.343947768E-1,-1.899027377E-1
5.786948118E1,-1.621847153E-1,-8.659778237E-1,-1.837940812E-1
5.787148118E1,-1.579086632E-1,-8.323802352E-1,-1.850158125E-1
5.787348122E1,-1.518000066E-1,-7.651850581E-1,-1.856266707E-1
5.787548125E1,-1.524108797E-1,-6.931029558E-1,-1.789071560E-1
5.787748128E1,-1.585195363E-1,-6.564510465E-1,-1.703550518E-1
5.787948132E1,-1.603521258E-1,-5.935319662E-1,-1.630246639E-1
5.788148222E1,-1.695151031E-1,-5.348888636E-1,-1.495856196E-1
5.788348315E1,-1.713477075E-1,-5.043455958E-1,-1.434769779E-1
5.788548318E1,-1.731802970E-1,-4.499786198E-1,-1.373683214E-1
5.788748318E1,-1.756237596E-1,-3.974441886E-1,-1.245401502E-1
5.788948315E1,-1.731802970E-1,-3.711769879E-1,-1.147663072E-1
5.789148311E1,-1.713477075E-1,-3.210860491E-1,-9.399688989E-2
5.789348308E1,-1.750128865E-1,-2.746602893E-1,-8.361218125E-2
5.789548305E1,-1.774563491E-1,-2.490039468E-1,-7.994698733E-2
5.789748301E1,-1.829541475E-1,-1.946369410E-1,-7.933612168E-2
5.789948298E1,-1.872301996E-1,-1.347721517E-1,-7.994698733E-2
5.790148208E1,-1.878410578E-1,-3.825543448E-2,-8.055785298E-2
5.790348211E1,-1.878410578E-1,-3.825543448E-2,-8.055785298E-2
5.790548214E1,-1.945605874E-1,2.405281924E-2,-7.750352472E-2
5.790748218E1,-1.957823038E-1,5.398521572E-2,-7.750352472E-2
5.790948221E1,-2.006692290E-1,1.101848185E-1,-6.956227869E-2
5.791148224E1,-2.049452960E-1,1.614975035E-1,-6.528622657E-2
5.791348228E1,-2.055561543E-1,1.859321147E-1,-6.284276396E-2
5.791548248E1,-2.098322064E-1,2.244166136E-1,-5.673411116E-2
5.791748251E1,-2.104430795E-1,2.610685229E-1,-5.367978290E-2
5.791948254E1,-2.061670274E-1,2.812270820E-1,-5.001459271E-2
5.792148341E1,-2.049452960E-1,3.178789914E-1,-4.634939879E-2
5.792348407E1,-2.006692290E-1,3.606395721E-1,-4.818199575E-2
5.792548407E1,-2.000583708E-1,3.814089894E-1,-4.696026444E-2
5.792748407E1,-2.000583708E-1,4.272238910E-1,-5.184718594E-2
5.792948407E1,-2.043344229E-1,4.767039716E-1,-5.062545836E-2
5.793148407E1,-2.037235647E-1,5.011385679E-1,-5.123632401E-2
5.793348404E1,-2.055561543E-1,5.512295365E-1,-5.062545836E-2
5.793548401E1,-2.055561543E-1,5.976552963E-1,-5.123632401E-2
5.793748397E1,-2.043344229E-1,6.202573180E-1,-5.062545836E-2
5.793948394E1,-2.073887438E-1,6.697373986E-1,-4.573853686E-2
5.794148304E1,-2.031126916E-1,7.259370089E-1,-3.718642145E-2
5.794348210E1,-2.031126916E-1,7.259370089E-1,-3.718642145E-2
5.794548207E1,-1.988366395E-1,7.577019930E-1,-2.863430791E-2
5.794748204E1,-1.786780804E-1,7.992408276E-1,-1.824959926E-2
5.794948204E1,-1.609629989E-1,8.407796621E-1,-1.458440814E-2
5.795148207E1,-1.536326110E-1,8.517752290E-1,-1.702786796E-2
5.795348210E1,-1.383609772E-1,8.652142882E-1,-2.496911772E-2
5.795548214E1,-1.261436790E-1,8.762098551E-1,-3.291036561E-2
5.795748217E1,-1.182024255E-1,8.847619295E-1,-3.535382450E-2
5.795948220E1,-9.315694869E-2,8.975901008E-1,-4.329507425E-2
5.796148310E1,-6.627888232E-2,9.061422348E-1,-5.734497309E-2
5.796348350E1,-5.345070735E-2,9.098074436E-1,-6.589708477E-2
5.796548350E1,-4.917465150E-2,8.914814591E-1,-8.422304690E-2
5.796748347E1,-6.505715102E-2,8.187885284E-1,-9.460775554E-2
5.796948343E1,-7.788532227E-2,7.662540674E-1,-1.019381359E-1
5.797148340E1,-1.127046347E-1,6.569092274E-1,-1.275944710E-1
5.797348337E1,-1.224784851E-1,5.909357667E-1,-1.673007160E-1
5.797548333E1,-1.157589629E-1,5.787184834E-1,-1.850158125E-1
5.797748330E1,-1.017090604E-1,5.628359914E-1,-1.813506186E-1
5.797948326E1,-9.743300825E-2,5.335144401E-1,-1.538616866E-1
5.798148240E1,-7.544185966E-2,4.382194579E-1,-1.300379336E-1
5.798348153E1,-7.544185966E-2,4.382194579E-1,-1.300379336E-1
5.798548156E1,-3.512475267E-2,4.015675485E-1,-1.526399553E-1
5.798748160E1,-6.414085161E-3,4.040110111E-1,-1.679115891E-1
5.798948163E1,1.004873365E-1,4.974733889E-1,-1.899027377E-1
5.799148166E1,2.299907655E-1,7.809148431E-1,-2.222785950E-1
5.799348169E1,2.782491148E-1,8.927031755E-1,-2.308306992E-1
5.799548173E1,3.350595832E-1,1.017930627E0,-2.314415723E-1
5.799748176E1,3.405573666E-1,1.031369567E0,-2.143373489E-1
5.799948176E1,3.228422701E-1,9.971611500E-1,-2.051743716E-1
5.800148263E1,2.880229652E-1,8.548295498E-1,-1.825723499E-1
5.800348353E1,2.489275932E-1,6.379724145E-1,-1.422552466E-1
5.800548353E1,2.403754741E-1,5.017494559E-1,-1.062141955E-1
5.800748353E1,2.257147133E-1,2.366339266E-1,-4.451680556E-2
5.800948353E1,2.073887438E-1,4.298964143E-2,7.406740915E-3
5.801148349E1,1.945605874E-1,-2.481640130E-2,2.390010282E-2
5.801348346E1,1.805106848E-1,-1.140027270E-1,4.955644161E-2
5.801548342E1,1.817324162E-1,-1.427133977E-1,5.566509441E-2
5.801748339E1,1.780672222E-1,-1.384373307E-1,5.505422875E-2
5.801948336E1,1.774563491E-1,-1.225548387E-1,4.833471403E-2
5.802148246E1,1.853975952E-1,-1.078940704E-1,4.528038576E-2
5.802348152E1,1.853975952E-1,-1.078940704E-1,4.528038576E-2
5.802548149E1,1.866193265E-1,-1.005636901E-1,4.772384837E-2
5.802748149E1,1.768454909E-1,-8.223773539E-2,5.566509441E-2
5.802948152E1,1.689042449E-1,-7.368562371E-2,6.421720982E-2
5.803148155E1,1.408044398E-1,-5.780312419E-2,7.276932150E-2
5.803348159E1,1.182024255E-1,-5.719225854E-2,7.399105281E-2
5.803548162E1,1.090394482E-1,-6.269004941E-2,7.704538107E-2
5.803748165E1,8.949175477E-2,-7.063129544E-2,7.582364976E-2
5.803948169E1,7.727445662E-2,-7.796167582E-2,8.254316449E-2
5.804148259E1,7.238753140E-2,-7.796167582E-2,8.681922406E-2
5.804348349E1,6.566801667E-2,-7.185302675E-2,9.353873879E-2
5.804548345E1,5.772676691E-2,-6.207918003E-2,1.002582610E-1
5.804748342E1,5.528330430E-2,-5.291620269E-2,1.027017161E-1
5.804948338E1,4.673119262E-2,-3.520110995E-2,1.027017161E-1
5.805148335E1,3.390302137E-2,-1.565342210E-2,1.014799923E-1
5.805348332E1,2.718350291E-2,-7.712173741E-3,9.781479836E-2
5.805548328E1,8.857546374E-3,1.061378326E-2,8.987355232E-2
5.805748325E1,-1.313360315E-2,1.916589774E-2,7.460191846E-2
5.805948325E1,-2.412917651E-2,1.977676153E-2,6.788240373E-2
5.806148238E1,-5.833763257E-2,1.733330078E-2,3.489567712E-2
5.806348148E1,-6.933320314E-2,1.672243699E-2,2.328923717E-2
5.806548148E1,-8.216137439E-2,1.794416644E-2,9.239336476E-3
5.806748148E1,-1.096503139E-1,2.649627998E-2,-1.458440814E-2
5.806948148E1,-1.328631938E-1,4.482223839E-2,-4.085161164E-2
5.807148148E1,-1.536326110E-1,6.681338698E-2,-6.772968173E-2
5.807348148E1,-1.664607823E-1,8.086328954E-2,-7.933612168E-2
5.807548148E1,-1.921171248E-1,1.071304902E-1,-1.019381359E-1
5.807748151E1,-2.086104751E-1,1.388954818E-1,-1.263727546E-1
5.807948155E1,-2.208277881E-1,1.529453844E-1,-1.337031275E-1
5.808148245E1,-2.354885489E-1,1.895972937E-1,-1.483639032E-1
5.808348338E1,-2.544253767E-1,2.262492180E-1,-1.550834179E-1
5.808548341E1,-2.660318017E-1,2.482403666E-1,-1.581377387E-1
5.808748345E1,-2.800817192E-1,2.903900743E-1,-1.556942761E-1
5.808948345E1,-2.929098904E-1,3.313180506E-1,-1.514182240E-1
5.809148345E1,-2.959642112E-1,3.478114009E-1,-1.434769779E-1
5.809348341E1,-3.051272035E-1,3.771329224E-1,-1.318705380E-1
5.809548338E1,-3.155119121E-1,3.942371607E-1,-1.214858219E-1
5.809748334E1,-3.222314119E-1,3.960697651E-1,-1.165989041E-1
5.809948331E1,-3.430008292E-1,3.850741684E-1,-1.159880385E-1
5.810148241E1,-3.778201640E-1,3.502548635E-1,-1.031598672E-1
5.810348168E1,-3.778201640E-1,3.502548635E-1,-1.031598672E-1
5.810548168E1,-3.912591934E-1,3.398701549E-1,-8.605564386E-2
5.810748171E1,-4.004221559E-1,3.478114009E-1,-7.078400999E-2
5.810948174E1,-3.998112977E-1,3.581961095E-1,-6.711881608E-2
5.811148178E1,-4.040873647E-1,3.875176311E-1,-5.551237985E-2
5.811348181E1,-4.071416855E-1,4.192826450E-1,-4.512767121E-2
5.811548184E1,-4.046982229E-1,4.333325326E-1,-3.901901841E-2
5.811748187E1,-4.034765065E-1,4.589888752E-1,-3.046690486E-2
5.811948191E1,-4.065308273E-1,4.815908968E-1,-1.763873361E-2
5.812148281E1,-4.053090811E-1,4.889212847E-1,-1.214094646E-2
5.812348371E1,-4.010330439E-1,4.931973219E-1,-1.145372284E-3
5.812548371E1,-4.040873647E-1,4.907538593E-1,1.351539325E-2
5.812748371E1,-4.022547603E-1,4.883103967E-1,2.023491077E-2
5.812948371E1,-3.967569768E-1,4.736496508E-1,3.184135258E-2
5.813148371E1,-3.918700516E-1,4.571562707E-1,4.405865446E-2
5.813348371E1,-3.863722682E-1,4.498258829E-1,5.077817291E-2
5.813548371E1,-3.790418804E-1,4.412737787E-1,6.177374721E-2
5.813748367E1,-3.784310222E-1,4.382194579E-1,7.338018715E-2
5.813948364E1,-3.802636266E-1,4.376085997E-1,7.887797803E-2
5.814148274E1,-3.717114925E-1,4.394411743E-1,9.353873879E-2
5.814348360E1,-3.753767014E-1,4.437172413E-1,9.659306705E-2
5.814548357E1,-3.674354553E-1,4.486041665E-1,1.008691266E-1
5.814748354E1,-3.686571717E-1,4.602105916E-1,1.130864322E-1
5.814948350E1,-3.717114925E-1,4.754822254E-1,1.222494096E-1
5.815148347E1,-3.735440969E-1,4.846452177E-1,1.301906556E-1
5.815348347E1,-3.735440969E-1,4.986951053E-1,1.381319016E-1
5.815548350E1,-3.717114925E-1,5.054146051E-1,1.411862224E-1
5.815748354E1,-3.704897761E-1,5.078580976E-1,1.399645060E-1
5.815948357E1,-3.668245673E-1,5.023602843E-1,1.369101703E-1
5.816148447E1,-3.582724631E-1,4.895321429E-1,1.301906556E-1
5.816348520E1,-3.527746797E-1,4.815908968E-1,1.283580661E-1
5.816548523E1,-3.442225754E-1,4.675409794E-1,1.271363348E-1
5.816748523E1,-3.338378668E-1,4.565454125E-1,1.259146035E-1
5.816948523E1,-3.271183372E-1,4.479933083E-1,1.277471930E-1
5.817148520E1,-3.106249869E-1,4.345542490E-1,1.320232451E-1
5.817348517E1,-2.916881442E-1,4.168391824E-1,1.350775808E-1
5.817548513E1,-2.825251818E-1,4.107305110E-1,1.387427747E-1
5.817748510E1,-2.617557645E-1,3.856850564E-1,1.485166103E-1
5.817948506E1,-2.415972054E-1,3.575852513E-1,1.546252668E-1
5.818148416E1,-2.183843255E-1,3.056617081E-1,1.753946841E-1
5.818348326E1,-2.183843255E-1,3.056617081E-1,1.753946841E-1
5.818548330E1,-2.031126916E-1,2.629011273E-1,1.857793927E-1
5.818748333E1,-1.927279830E-1,2.390773892E-1,1.955532432E-1
5.818948336E1,-1.768454909E-1,1.889864355E-1,2.077705413E-1
5.819148340E1,-1.621847153E-1,1.437824070E-1,2.248747647E-1
5.819348343E1,-1.456913650E-1,1.046870351E-1,2.413681298E-1
5.819548346E1,-1.420261711E-1,8.636107296E-2,2.480876446E-1
5.819748350E1,-1.322523206E-1,5.520694703E-2,2.578614950E-1
5.819948353E1,-1.304197311E-1,2.710714564E-2,2.658027411E-1
5.820148439E1,-1.249219403E-1,1.122464892E-2,2.719113827E-1
5.820348349E1,-1.218676195E-1,-2.115120925E-2,2.774091661E-1
5.820548349E1,-1.151480973E-1,-5.169447139E-2,2.865721583E-1
5.820748349E1,-1.096503139E-1,-6.818783283E-2,2.877938747E-1
5.820948349E1,-1.017090604E-1,-1.036180183E-1,2.951242626E-1
5.821148349E1,-9.071348608E-2,-1.353830099E-1,2.945134044E-1
5.821348349E1,-8.338310570E-2,-1.543198377E-1,2.932916880E-1
5.821548346E1,-7.055493444E-2,-1.830305010E-1,2.816852331E-1
5.821748343E1,-5.711590126E-2,-2.007455975E-1,2.676353455E-1
5.821948339E1,-6.078109145E-2,-1.989129931E-1,2.548071742E-1
5.822148249E1,-7.605272532E-2,-1.469894499E-1,2.077705413E-1
5.822348159E1,-9.315694869E-2,-1.152244583E-1,1.882228553E-1
5.822548156E1,-1.041525230E-1,-8.773551881E-2,1.637882441E-1
5.822748152E1,-1.365283877E-1,-1.931861416E-2,1.069777757E-1
5.822948149E1,-1.884519309E-1,5.826127157E-2,5.871942267E-2
5.823148149E1,-2.122756690E-1,9.674578160E-2,3.428481147E-2
5.823348152E1,-2.593123019E-1,1.608866304E-1,-1.153008174E-2
5.823548156E1,-3.032945991E-1,2.268600762E-1,-4.024074972E-2
5.823748159E1,-3.240640163E-1,2.671771944E-1,-4.451680556E-2
5.823948162E1,-3.717114925E-1,3.478114009E-1,-4.512767121E-2
5.824148252E1,-3.992004395E-1,4.143957198E-1,-4.207334295E-2
5.824348346E1,-4.089742899E-1,4.363868535E-1,-4.757113010E-2
5.824548346E1,-4.230241776E-1,4.583780169E-1,-6.650795043E-2
5.824748346E1,-4.266893864E-1,4.510476291E-1,-9.338602424E-2
5.824948342E1,-4.242459238E-1,4.431063831E-1,-1.117119789E-1
5.825148339E1,-4.321871698E-1,4.284456074E-1,-1.373683214E-1
5.825348335E1,-4.431827366E-1,4.272238910E-1,-1.575268805E-1
5.825548332E1,-4.431827366E-1,4.308890700E-1,-1.660789847E-1
5.825748329E1,-4.547891617E-1,4.443280995E-1,-1.764636934E-1
5.825948325E1,-4.462370574E-1,4.595997334E-1,-1.758528352E-1
5.826148238E1,-4.279111028E-1,4.742605090E-1,-1.520290822E-1
5.826348152E1,-4.279111028E-1,4.742605090E-1,-1.520290822E-1
5.826548155E1,-4.010330439E-1,4.736496508E-1,-1.294270754E-1
5.826748158E1,-3.875939846E-1,4.699844420E-1,-1.123228446E-1
5.826948162E1,-3.442225754E-1,4.571562707E-1,-8.055785298E-2
5.827148165E1,-2.941316068E-1,4.357759953E-1,-4.512767121E-2
5.827348168E1,-2.678644061E-1,4.235586822E-1,-2.680171281E-2
5.827548172E1,-2.147191316E-1,3.972914815E-1,8.017606102E-3
5.827748175E1,-1.499674171E-1,3.655264974E-1,3.550654277E-2
5.827948175E1,-1.243110746E-1,3.472005427E-1,5.016730726E-2
5.828148261E1,-6.933320314E-2,3.142138124E-1,7.276932150E-2
5.828348348E1,-2.535090782E-2,2.757292986E-1,9.231700748E-2
5.828548348E1,-5.803219974E-3,2.506838143E-1,1.027017161E-1
5.828748348E1,1.802052557E-2,1.706604809E-1,1.405753642E-1
5.828948348E1,4.062253982E-2,1.065196246E-1,1.527926624E-1
5.829148348E1,5.772676691E-2,8.330674469E-2,1.558469981E-1
5.829348345E1,8.888089657E-2,4.665483162E-2,1.466840208E-1
5.829548341E1,1.237002090E-1,1.672243699E-2,1.320232451E-1
5.829748338E1,1.438587606E-1,5.115996581E-3,1.246928647E-1
5.829948334E1,1.744020283E-1,-1.565342210E-2,1.094212383E-1
5.830148244E1,2.128865421E-1,-3.520110995E-2,8.254316449E-2
5.830348151E1,2.128865421E-1,-3.520110995E-2,8.254316449E-2
5.830548148E1,2.244929820E-1,-4.558581859E-2,6.177374721E-2
5.830748144E1,2.324342281E-1,-5.291620269E-2,4.161519557E-2
5.830948144E1,2.287690341E-1,-5.474879593E-2,2.878702432E-2
5.831148148E1,2.189951837E-1,-5.413793400E-2,1.298088697E-3
5.831348151E1,1.963931769E-1,-4.314235970E-2,-2.191479132E-2
5.831548154E1,1.646281779E-1,-2.970332280E-2,-5.062545836E-2
5.831748157E1,1.426370293E-1,-2.664899640E-2,-6.039930135E-2
5.831948161E1,1.053742543E-1,-2.481640130E-2,-8.361218125E-2
5.832148251E1,6.505715102E-2,-3.275764734E-2,-1.019381359E-1
5.832348341E1,4.306599870E-2,-3.825543448E-2,-1.117119789E-1
5.832548341E1,8.857546374E-3,-6.207918003E-2,-1.282053441E-1
5.832748337E1,-2.290744707E-2,-7.918340713E-2,-1.410335153E-1
5.832948334E1,-3.084869497E-2,-9.201157838E-2,-1.446987092E-1
5.833148331E1,-6.383541971E-2,-1.017854214E-1,-1.526399553E-1
5.833348327E1,-8.338310570E-2,-1.017854214E-1,-1.526399553E-1
5.833548324E1,-9.437867999E-2,-9.873109311E-2,-1.538616866E-1
5.833748320E1,-1.157589629E-1,-8.101600409E-2,-1.483639032E-1
5.833948394E1,-1.285871267E-1,-5.719225854E-2,-1.392009109E-1
5.834148307E1,-1.432479024E-1,-1.504255645E-2,-1.056033298E-1
5.834348217E1,-1.432479024E-1,-1.504255645E-2,-1.056033298E-1
5.834548217E1,-1.493565589E-1,1.305724494E-2,-7.872525603E-2
5.834748217E1,-1.499674171E-1,2.344195358E-2,-6.345362961E-2
5.834948217E1,-1.579086632E-1,4.482223839E-2,-2.557998151E-2
5.835148217E1,-1.499674171E-1,6.131559983E-2,5.574145354E-3
5.835348217E1,-1.444696337E-1,6.803511828E-2,2.206750773E-2
5.835548217E1,-1.420261711E-1,7.292203605E-2,4.711298272E-2
5.835748220E1,-1.298088580E-1,6.986771524E-2,7.032585889E-2
5.835948224E1,-1.237002090E-1,6.559165567E-2,7.643451542E-2
5.836148314E1,-1.102611795E-1,4.726569727E-2,9.048441797E-2
5.836348407E1,-9.315694869E-2,2.710714564E-2,9.842566401E-2
5.836548410E1,-8.460483700E-2,1.244637929E-2,9.964739531E-2
5.836748413E1,-6.261368841E-2,-1.504255645E-2,9.842566401E-2
5.836948417E1,-3.817907721E-2,-4.069889709E-2,9.659306705E-2
5.837148417E1,-3.084869497E-2,-5.352706835E-2,9.659306705E-2
5.837348413E1,-2.748893574E-3,-7.063129544E-2,9.109527618E-2
5.837548410E1,2.107485011E-2,-8.407033235E-2,9.048441797E-2
5.837748407E1,2.962696366E-2,-9.078984708E-2,8.804095536E-2
5.837948403E1,5.894849449E-2,-9.873109311E-2,8.254316449E-2
5.838148313E1,8.704829961E-2,-9.873109311E-2,6.788240373E-2
5.838348376E1,8.704829961E-2,-9.873109311E-2,6.788240373E-2
5.838548373E1,1.010981947E-1,-9.689849615E-2,5.566509441E-2
5.838748373E1,1.072068512E-1,-9.384417534E-2,4.100432992E-2
5.838948376E1,1.065959856E-1,-9.506590664E-2,3.184135258E-2
5.839148380E1,1.090394482E-1,-9.384417534E-2,1.168279815E-2
5.839348383E1,1.065959856E-1,-9.323330969E-2,-8.475755341E-3
5.839548386E1,1.029307917E-1,-9.323330969E-2,-1.824959926E-2
5.839748390E1,9.560041130E-2,-9.567677230E-2,-3.474296257E-2
5.839948320E1,8.216137439E-2,-9.262244403E-2,-5.001459271E-2
5.840148410E1,7.605272532E-2,-9.201157838E-2,-5.978843570E-2
5.840348503E1,5.711590126E-2,-8.712465316E-2,-7.078400999E-2
5.840548503E1,4.245513305E-2,-8.040513843E-2,-8.361218125E-2
5.840748503E1,3.451388702E-2,-7.735081017E-2,-8.727737516E-2
5.840948503E1,1.618792862E-2,-7.368562371E-2,-9.827294946E-2
5.841148503E1,-5.192354787E-3,-6.940956414E-2,-1.111011133E-1
5.841348503E1,-1.191187184E-2,-6.207918003E-2,-1.184315011E-1
5.841548503E1,-3.329215571E-2,-4.619668424E-2,-1.306488067E-1
5.841748499E1,-5.589416996E-2,-2.115120925E-2,-1.410335153E-1
5.841948496E1,-7.116580009E-2,-5.879578181E-3,-1.446987092E-1
5.842148406E1,-1.133155003E-1,4.482223839E-2,-1.514182240E-1
5.842348313E1,-1.267545372E-1,6.070473418E-2,-1.544725448E-1
5.842548309E1,-1.395827085E-1,7.780896127E-2,-1.532508135E-1
5.842748306E1,-1.615738571E-1,1.016327068E-1,-1.508073509E-1
5.842948302E1,-1.786780804E-1,1.199586615E-1,-1.428661048E-1
5.843148299E1,-1.902845204E-1,1.303433776E-1,-1.324813962E-1
5.843348299E1,-1.957823038E-1,1.340085566E-1,-1.227075532E-1
5.843548302E1,-2.061670274E-1,1.425606757E-1,-1.129337102E-1
5.843748306E1,-2.128865421E-1,1.456149966E-1,-9.460775554E-2
5.843948309E1,-2.165517360E-1,1.535562575E-1,-8.422304690E-2
5.844148399E1,-2.196060568E-1,1.535562575E-1,-6.528622657E-2
5.844348336E1,-2.110539377E-1,1.413389444E-1,-4.757113010E-2
5.844548339E1,-2.079996169E-1,1.333976984E-1,-4.207334295E-2
5.844748342E1,-1.957823038E-1,1.138500124E-1,-2.924517356E-2
5.844948342E1,-1.805106848E-1,9.308059514E-2,-1.519527286E-2
5.845148339E1,-1.750128865E-1,8.513934165E-2,-1.030835137E-2
5.845348335E1,-1.572978050E-1,7.475463301E-2,2.519819187E-3
5.845548332E1,-1.456913650E-1,6.986771524E-2,1.290452853E-2
5.845748328E1,-1.414152980E-1,7.047858089E-2,1.779145002E-2
5.845948325E1,-1.249219403E-1,7.047858089E-2,2.756529488E-2
5.846148235E1,-1.059851199E-1,7.719809562E-2,4.283692688E-2
5.846348175E1,-1.059851199E-1,7.719809562E-2,4.283692688E-2
5.846548175E1,-9.621127695E-2,8.452847600E-2,5.688682571E-2
5.846748175E1,-8.216137439E-2,9.063713253E-2,7.215845585E-2
5.846948175E1,-7.360926270E-2,9.185886383E-2,7.765624672E-2
5.847148175E1,-6.200282276E-2,1.004109755E-1,9.720393270E-2
5.847348175E1,-5.100724846E-2,1.162934676E-1,1.118647009E-1
5.847548175E1,-4.673119262E-2,1.266781837E-1,1.204168126E-1
5.847748175E1,-3.817907721E-2,1.535562575E-1,1.369101703E-1
5.847948175E1,-3.695734590E-2,2.005928755E-1,1.589013189E-1
5.848148262E1,-3.756821156E-2,2.421317101E-1,1.790598780E-1
5.848348355E1,-4.428773001E-2,3.313180506E-1,2.089922726E-1
5.848548358E1,-4.489859566E-2,4.247804284E-1,2.377029359E-1
5.848748362E1,-4.673119262E-2,4.828126132E-1,2.554180324E-1
5.848948365E1,-3.512475267E-2,5.738315582E-1,2.505311072E-1
5.849148368E1,-9.162978968E-4,5.897140503E-1,1.900554448E-1
5.849348372E1,1.802052557E-2,5.823836327E-1,1.558469981E-1
5.849548372E1,4.795292020E-2,5.652794242E-1,1.027017161E-1
5.849748372E1,7.422012836E-2,5.481752157E-1,6.727153808E-2
5.849948368E1,7.971791178E-2,5.390121937E-1,5.138903856E-2
5.850148278E1,8.827003092E-2,5.029711723E-1,6.795875728E-3
5.850348185E1,9.132435173E-2,4.901430011E-1,-6.643159315E-3
5.850548181E1,9.865473956E-2,4.876995385E-1,-1.214094646E-2
5.850748178E1,9.865473956E-2,5.041928887E-1,-9.086620063E-3
5.850948174E1,1.053742543E-1,5.432882905E-1,-7.254024968E-3
5.851148175E1,1.065959856E-1,5.634468198E-1,-1.519527286E-2
5.851348178E1,1.273654103E-1,5.707772374E-1,-5.062545836E-2
5.851548181E1,1.487456858E-1,5.457317233E-1,-9.460775554E-2
5.851748184E1,1.591303945E-1,5.206862688E-1,-1.178206354E-1
5.851948188E1,1.878410578E-1,4.565454125E-1,-1.550834179E-1
5.852148278E1,2.153300047E-1,3.875176311E-1,-1.813506186E-1
5.852348338E1,2.293798923E-1,3.533091843E-1,-1.886810064E-1
5.852548341E1,2.470949888E-1,2.995530367E-1,-1.856266707E-1
5.852748344E1,2.605340183E-1,2.592359483E-1,-1.819614917E-1
5.852948344E1,2.690861523E-1,2.433534414E-1,-1.746311039E-1
5.853148344E1,2.758056521E-1,2.146427780E-1,-1.636355221E-1
5.853348344E1,2.880229652E-1,1.859321147E-1,-1.495856196E-1
5.853548344E1,2.929098904E-1,1.724930704E-1,-1.422552466E-1
5.853748344E1,3.045163155E-1,1.358411610E-1,-1.269836128E-1
5.853948344E1,3.173444867E-1,9.185886383E-2,-1.080467924E-1
5.854148258E1,3.338378668E-1,1.244637929E-2,-6.650795043E-2
5.854348164E1,3.338378668E-1,1.244637929E-2,-6.650795043E-2
5.854548161E1,3.484986126E-1,-5.230533704E-2,-3.535382450E-2
5.854748157E1,3.558290005E-1,-8.284860104E-2,-1.886046492E-2
5.854948154E1,3.698789179E-1,-1.500437707E-1,1.534798928E-2
5.855148151E1,3.790418804E-1,-2.184606791E-1,5.322163552E-2
5.855348147E1,3.906483352E-1,-2.850449979E-1,8.743008971E-2
5.855548144E1,3.918700516E-1,-3.161991239E-1,1.027017161E-1
5.855748140E1,3.967569768E-1,-3.772856593E-1,1.228602752E-1
5.855948140E1,3.998112977E-1,-4.334852397E-1,1.356884390E-1
5.856148230E1,3.961461186E-1,-4.603633285E-1,1.430188268E-1
5.856348324E1,3.985895813E-1,-5.086216927E-1,1.552361250E-1
5.856548327E1,4.016439021E-1,-5.477170348E-1,1.692860276E-1
5.856748330E1,4.010330439E-1,-5.678756237E-1,1.723403633E-1
5.856948334E1,4.046982229E-1,-6.088035703E-1,1.839468032E-1
5.857148337E1,4.114177525E-1,-6.491206884E-1,1.943315119E-1
5.857348337E1,4.071416855E-1,-6.711118221E-1,2.028836161E-1
5.857548337E1,4.163046777E-1,-7.053202987E-1,2.151009291E-1
5.857748334E1,4.193589985E-1,-7.285331488E-1,2.370920777E-1
5.857948330E1,4.218024611E-1,-7.419722080E-1,2.450333238E-1
5.858148240E1,4.156937897E-1,-7.474699616E-1,2.890156209E-1
5.858348153E1,4.150829315E-1,-7.456374168E-1,3.103958964E-1
5.858548150E1,4.144720733E-1,-7.389178872E-1,3.311653137E-1
5.858748147E1,4.071416855E-1,-7.218136191E-1,3.659846485E-1
5.858948147E1,4.022547603E-1,-6.900486350E-1,4.056908786E-1
5.859148147E1,4.004221559E-1,-6.729444265E-1,4.246276915E-1
5.859348150E1,3.998112977E-1,-6.454554796E-1,4.692208767E-1
5.859548153E1,3.937026560E-1,-6.161339283E-1,5.144249201E-1
5.859748156E1,3.930917978E-1,-6.051383615E-1,5.382486582E-1
5.859948160E1,3.943135142E-1,-5.745950937E-1,5.871178508E-1
5.860148250E1,3.998112977E-1,-5.416083932E-1,6.365979314E-1
5.860348343E1,3.930917978E-1,-5.238932967E-1,6.555347443E-1
5.860548346E1,3.888157308E-1,-4.805218875E-1,7.025713921E-1
5.860748346E1,3.778201640E-1,-4.243222773E-1,7.380015850E-1
5.860948346E1,3.680463135E-1,-3.956116140E-1,7.502188683E-1
5.861148346E1,3.521638215E-1,-3.186425865E-1,7.752643824E-1
5.861348346E1,3.301726580E-1,-2.355649173E-1,7.899250984E-1
5.861548346E1,3.179553747E-1,-1.897500157E-1,7.942011952E-1
5.861748346E1,2.929098904E-1,-1.042288840E-1,8.058075905E-1
5.861948346E1,2.703078687E-1,-2.298380435E-2,8.149706125E-1
5.862148256E1,2.385428846E-1,6.925684959E-2,8.284096122E-1
5.862348256E1,2.385428846E-1,6.925684959E-2,8.284096122E-1
5.862548253E1,2.208277881E-1,1.236238554E-1,8.387943506E-1
5.862748250E1,2.134974003E-1,1.407280862E-1,8.381834626E-1
5.862948246E1,2.018909603E-1,1.743256748E-1,8.363508582E-1
5.863148243E1,1.988366395E-1,2.024254650E-1,8.314639330E-1
5.863348239E1,1.902845204E-1,2.152536362E-1,8.284096122E-1
5.863548236E1,1.805106848E-1,2.311361432E-1,8.131380081E-1
5.863748236E1,1.707368344E-1,2.378556579E-1,7.935903072E-1
5.863948239E1,1.652390510E-1,2.421317101E-1,7.819838524E-1
5.864148329E1,1.585195363E-1,2.488512248E-1,7.612144351E-1
5.864348416E1,1.450804919E-1,2.622902691E-1,7.386124134E-1
5.864548419E1,1.499674171E-1,2.720641196E-1,7.282277346E-1
5.864748423E1,1.499674171E-1,2.836705446E-1,7.025713921E-1
5.864948426E1,1.548543423E-1,2.977204621E-1,6.879106164E-1
5.865148429E1,1.603521258E-1,3.087160289E-1,6.781367660E-1
5.865348429E1,1.719585657E-1,3.392592967E-1,6.628651619E-1
5.865548426E1,1.915062517E-1,3.643047512E-1,6.390414238E-1
5.865748422E1,2.012801021E-1,3.759112060E-1,6.243806481E-1
5.865948419E1,2.244929820E-1,3.807981312E-1,5.962808132E-1
5.866148329E1,2.379320115E-1,3.972914815E-1,5.516876578E-1
5.866348236E1,2.379320115E-1,3.972914815E-1,5.516876578E-1
5.866548232E1,2.281581759E-1,4.229478240E-1,5.296965241E-1
5.866748232E1,2.281581759E-1,4.785365760E-1,5.089271069E-1
5.866948232E1,2.208277881E-1,5.078580976E-1,4.967097938E-1
5.867148232E1,2.043344229E-1,5.817728043E-1,4.502840340E-1
5.867348232E1,2.067778856E-1,5.811619163E-1,3.702606857E-1
5.867548232E1,2.165517360E-1,5.438991189E-1,2.706896663E-1
5.867748232E1,2.275473028E-1,5.109124184E-1,2.267073691E-1
5.867948232E1,2.397646159E-1,4.247804284E-1,1.405753642E-1
5.868148319E1,2.440406680E-1,3.386484087E-1,6.788240373E-2
5.868348315E1,2.446515262E-1,2.903900743E-1,3.856086731E-2
5.868548319E1,2.562579811E-1,2.036471963E-1,-1.886046492E-2
5.868748322E1,2.641992271E-1,1.468367279E-1,-7.872525603E-2
5.868948325E1,2.770273983E-1,1.364520192E-1,-1.031598672E-1
5.869148329E1,3.197879493E-1,1.474476010E-1,-1.459204406E-1
5.869348332E1,3.668245673E-1,1.798234582E-1,-1.801288873E-1
5.869548335E1,3.882048726E-1,2.073123902E-1,-1.978439838E-1
5.869748338E1,4.419609904E-1,2.836705446E-1,-2.332741618E-1
5.869948338E1,4.932736754E-1,3.893502355E-1,-2.668717504E-1
5.870148248E1,5.592471361E-1,5.756641626E-1,-3.077997267E-1
5.870348172E1,5.592471361E-1,5.756641626E-1,-3.077997267E-1
5.870548168E1,5.916230083E-1,7.302130461E-1,-3.218496144E-1
5.870748165E1,6.007859707E-1,8.047385812E-1,-3.304017484E-1
5.870948162E1,6.209445000E-1,9.544005990E-1,-3.426190317E-1
5.871148158E1,6.276640296E-1,1.063134551E0,-3.475059569E-1
5.871348155E1,6.215553880E-1,1.094899535E0,-3.548363447E-1
5.871548155E1,5.500841737E-1,1.065578103E0,-3.652210534E-1
5.871748158E1,4.376849532E-1,1.013654470E0,-3.493385613E-1
5.871948161E1,4.071416855E-1,1.042365193E0,-3.261256814E-1
5.872148251E1,4.456261992E-1,1.116279840E0,-2.760347426E-1
5.872348345E1,5.476406813E-1,1.117501616E0,-2.406045496E-1
5.872548348E1,5.977316499E-1,1.097953916E0,-2.314415723E-1
5.872748351E1,7.052439451E-1,1.063745499E0,-2.308306992E-1
5.872948354E1,7.870998979E-1,1.053971648E0,-2.516001165E-1
5.873148358E1,8.261952400E-1,1.063134551E0,-2.552653253E-1
5.873348358E1,8.475755453E-1,1.105895162E0,-2.577087879E-1
5.873548358E1,8.298604488E-1,1.165759921E0,-2.418262810E-1
5.873748358E1,8.084801435E-1,1.182864189E0,-2.283872366E-1
5.873948358E1,7.418958545E-1,1.187140226E0,-1.917353272E-1
5.874148271E1,6.246097088E-1,1.093677878E0,-1.379791945E-1
5.874348181E1,6.246097088E-1,1.093677878E0,-1.379791945E-1
5.874548178E1,5.415320396E-1,9.733374119E-1,-1.031598672E-1
5.874748174E1,4.566217661E-1,8.212319613E-1,-6.589708477E-2
5.874948171E1,4.150829315E-1,7.393760085E-1,-4.512767121E-2
5.875148168E1,3.430008292E-1,5.787184834E-1,-7.254024968E-3
5.875348164E1,2.715296149E-1,4.339433908E-1,3.000875562E-2
5.875548161E1,2.446515262E-1,3.691916764E-1,5.016730726E-2
5.875748157E1,1.811215430E-1,2.622902691E-1,9.109527618E-2
5.875948154E1,1.163698286E-1,1.700496078E-1,1.271363348E-1
5.876148240E1,8.888089657E-2,1.285107732E-1,1.491274834E-1
5.876348317E1,2.107485011E-2,5.459608138E-2,1.918880492E-1
5.876548320E1,-4.428773001E-2,-4.657847341E-3,2.328160107E-1
5.876748324E1,-7.666359097E-2,-2.909245715E-2,2.529745698E-1
5.876948327E1,-1.444696337E-1,-7.551821321E-2,2.987894714E-1
5.877148330E1,-2.128865421E-1,-1.207222417E-1,3.409391642E-1
5.877348334E1,-2.501493096E-1,-1.433242559E-1,3.604868650E-1
5.877548337E1,-3.252857327E-1,-1.934152097E-1,4.014148116E-1
5.877748337E1,-3.998112977E-1,-2.514474094E-1,4.350124002E-1
5.877948334E1,-4.309654236E-1,-2.826015353E-1,4.539492428E-1
5.878148244E1,-5.354233980E-1,-3.907246888E-1,4.973206818E-1
5.878348150E1,-5.726861954E-1,-4.322635233E-1,5.107597113E-1
5.878548147E1,-6.026185751E-1,-4.762458205E-1,5.205335617E-1
5.878748143E1,-6.698137522E-1,-5.660430193E-1,5.425246954E-1
5.878948140E1,-7.351763248E-1,-6.552293301E-1,5.590180755E-1
5.879148136E1,-7.932085395E-1,-7.309766412E-1,5.718462467E-1
5.879348137E1,-8.219192028E-1,-7.651850581E-1,5.761222839E-1
5.879548140E1,-8.762862086E-1,-8.061130643E-1,5.810092092E-1
5.879748143E1,-9.227119684E-1,-8.171086311E-1,5.840635300E-1
5.879948146E1,-9.465357065E-1,-8.103891015E-1,5.852852464E-1
5.880148236E1,-9.795224071E-1,-7.847327590E-1,5.938373804E-1
5.880348330E1,-1.002124429E0,-7.450265288E-1,6.048329473E-1
5.880548333E1,-1.010065675E0,-7.230353951E-1,6.091089845E-1
5.880748336E1,-1.016785145E0,-6.851617098E-1,6.152176857E-1
5.880948340E1,-1.008843899E0,-6.497315168E-1,6.176611185E-1
5.881148416E1,-1.003346205E0,-6.369034052E-1,6.158285141E-1
5.881348416E1,-9.899071455E-1,-5.984188914E-1,6.054438353E-1
5.881548416E1,-9.905179739E-1,-5.263367891E-1,5.871178508E-1
5.881748416E1,-9.990701079E-1,-4.731914997E-1,5.797874928E-1
5.881948416E1,-1.030835152E0,-3.259729743E-1,5.571854711E-1
5.882148330E1,-1.102917194E0,-7.185302675E-2,4.912120104E-1
5.882348236E1,-1.102917194E0,-7.185302675E-2,4.912120104E-1
5.882548233E1,-1.129795313E0,3.932445124E-2,4.221842289E-1
5.882748229E1,-1.123075724E0,8.391761035E-2,3.372739851E-1
5.882948226E1,-1.119410515E0,9.613491595E-2,2.914590836E-1
5.883148222E1,-1.092532516E0,1.101848185E-1,2.028836161E-1
5.883348219E1,-1.055269718E0,1.285107732E-1,1.210276783E-1
5.883548216E1,-1.038776398E0,1.413389444E-1,8.315403014E-2
5.883748212E1,-1.005789638E0,1.798234582E-1,2.206750773E-2
5.883948212E1,-9.770789742E-1,2.189188302E-1,-2.680171281E-2
5.884148299E1,-9.569203854E-1,2.421317101E-1,-4.634939879E-2
5.884348392E1,-9.141598344E-1,2.763401568E-1,-7.628180087E-2
5.884548396E1,-8.695666790E-1,3.050508201E-1,-9.705121815E-2
5.884748399E1,-8.530732989E-1,3.203224540E-1,-1.068250611E-1
5.884948402E1,-8.109236360E-1,3.368158340E-1,-1.159880385E-1
5.885148405E1,-7.803803682E-1,3.423136175E-1,-1.111011133E-1
5.885348409E1,-7.614435554E-1,3.404810131E-1,-1.013272703E-1
5.885548409E1,-7.278459668E-1,3.239876628E-1,-8.055785298E-2
5.885748405E1,-6.844745278E-1,2.989421785E-1,-4.818199575E-2
5.885948402E1,-6.618725061E-1,2.830596864E-1,-2.985603921E-2
5.886148312E1,-5.958990455E-1,2.390773892E-1,3.367394581E-2
5.886348375E1,-5.751296282E-1,2.299144119E-1,5.933028832E-2
5.886548282E1,-5.568036437E-1,2.231948823E-1,8.559749275E-2
5.886748278E1,-5.317581892E-1,2.189188302E-1,1.387427747E-1
5.886948275E1,-5.085453391E-1,2.244166136E-1,1.918880492E-1
5.887148198E1,-5.042692423E-1,2.305252701E-1,2.163226604E-1
5.887348202E1,-5.054910183E-1,2.476294935E-1,2.609158158E-1
5.887548205E1,-5.128213763E-1,2.622902691E-1,3.006220460E-1
5.887748208E1,-5.183191895E-1,2.702315152E-1,3.165045679E-1
5.887948212E1,-5.280929804E-1,2.787836194E-1,3.384957016E-1
5.888148302E1,-5.348125100E-1,2.787836194E-1,3.439934850E-1
5.888348395E1,-5.384777188E-1,2.745075822E-1,3.433826268E-1
5.888548398E1,-5.439754725E-1,2.561815977E-1,3.342196345E-1
5.888748401E1,-5.335907936E-1,2.335795909E-1,3.146719635E-1
5.888948401E1,-5.299255848E-1,2.231948823E-1,3.085633218E-1
5.889148401E1,-5.128213763E-1,1.957059503E-1,2.914590836E-1
5.889348401E1,-4.889976382E-1,1.614975035E-1,2.786309123E-1
5.889548401E1,-4.792237878E-1,1.431715488E-1,2.743548453E-1
5.889748401E1,-4.584543705E-1,1.089630872E-1,2.688570619E-1
5.889948401E1,-4.376849532E-1,7.475463301E-2,2.725222707E-1
5.890148315E1,-3.912591934E-1,2.038762718E-2,2.731331289E-1
5.890348221E1,-3.912591934E-1,2.038762718E-2,2.731331289E-1
5.890548218E1,-3.484986126E-1,-1.687515154E-2,2.706896663E-1
5.890748214E1,-3.332269788E-1,-3.581197560E-2,2.658027411E-1
5.890948211E1,-2.794708610E-1,-7.063129544E-2,2.535854280E-1
5.891148208E1,-2.110539377E-1,-1.011745557E-1,2.493093759E-1
5.891348204E1,-1.560760736E-1,-1.262200326E-1,2.535854280E-1
5.891548201E1,-1.206458881E-1,-1.402699351E-1,2.548071742E-1
5.891748201E1,-4.734205827E-2,-1.653154045E-1,2.627484202E-1
5.891948201E1,2.840523422E-2,-1.738675237E-1,2.786309123E-1
5.892148291E1,6.200282276E-2,-1.726457924E-1,2.859613001E-1
5.892348228E1,1.218676195E-1,-1.537089646E-1,3.067307174E-1
5.892548321E1,1.664607823E-1,-1.146135926E-1,3.213914633E-1
5.892748324E1,1.817324162E-1,-9.017898142E-2,3.287218511E-1
5.892948327E1,2.196060568E-1,-2.664899640E-2,3.384957016E-1
5.893148331E1,2.354885489E-1,3.871358559E-2,3.378848433E-1
5.893348331E1,2.464841306E-1,6.620252132E-2,3.342196345E-1
5.893548327E1,2.568688393E-1,1.059087589E-1,3.201697469E-1
5.893748324E1,2.611449063E-1,1.266781837E-1,3.000111878E-1
5.893948320E1,2.617557645E-1,1.278999150E-1,2.877938747E-1
5.894148230E1,2.446515262E-1,9.918924421E-2,2.505311072E-1
5.894348170E1,2.342668176E-1,8.452847600E-2,2.413681298E-1
5.894548167E1,2.232712507E-1,6.620252132E-2,2.358703464E-1
5.894748164E1,1.945605874E-1,3.993531689E-2,2.205987126E-1
5.894948164E1,1.530217379E-1,1.977676153E-2,2.132683247E-1
5.895148124E1,1.261436790E-1,1.000291854E-2,2.108248621E-1
5.895348124E1,8.582656831E-2,2.290744742E-4,2.016618848E-1
5.895548124E1,4.367686436E-2,-1.320996135E-2,1.961641014E-1
5.895748124E1,2.046398632E-2,-2.176207490E-2,1.900554448E-1
5.895948124E1,-2.748893574E-3,-4.986187443E-2,1.747838110E-1
5.896148210E1,-3.084869497E-2,-9.201157838E-2,1.613447815E-1
5.896348300E1,-4.612032697E-2,-1.201113760E-1,1.540143937E-1
5.896548300E1,-6.444628537E-2,-1.720349193E-1,1.442405581E-1
5.896748304E1,-8.521570265E-2,-2.227367461E-1,1.356884390E-1
5.896948307E1,-8.949175477E-2,-2.453387529E-1,1.314123869E-1
5.897148310E1,-1.072068512E-1,-2.691625059E-1,1.283580661E-1
5.897348314E1,-1.145372316E-1,-2.752711475E-1,1.265254617E-1
5.897548317E1,-1.182024255E-1,-2.703842223E-1,1.271363348E-1
5.897748320E1,-1.151480973E-1,-2.477822155E-1,1.356884390E-1
5.897948323E1,-1.023199260E-1,-2.117411643E-1,1.448514163E-1
5.898148237E1,-8.765916526E-2,-1.323286891E-1,1.650099754E-1
5.898348143E1,-8.765916526E-2,-1.323286891E-1,1.650099754E-1
5.898548140E1,-7.116580009E-2,-7.368562371E-2,1.747838110E-1
5.898748136E1,-6.872233748E-2,-4.375322163E-2,1.790598780E-1
5.898948133E1,-4.184427112E-2,1.122464892E-2,1.857793927E-1
5.899148130E1,-1.191187184E-2,6.253732741E-2,1.827250719E-1
5.899348126E1,-9.162978968E-4,8.513934165E-2,1.863902509E-1
5.899548126E1,3.023782931E-2,1.156826094E-1,1.900554448E-1
5.899748126E1,5.894849449E-2,1.388954818E-1,1.949423701E-1
5.899948130E1,7.177666575E-2,1.480584592E-1,1.973858327E-1
5.900148220E1,9.193521738E-2,1.584431678E-1,1.998292953E-1
5.900348280E1,1.090394482E-1,1.657735556E-1,1.986075640E-1
5.900548283E1,1.139263660E-1,1.639409661E-1,1.918880492E-1
5.900748286E1,1.328631938E-1,1.627192348E-1,1.790598780E-1
5.900948290E1,1.389718503E-1,1.517236531E-1,1.601230502E-1
5.901148333E1,1.426370293E-1,1.395063549E-1,1.503492147E-1
5.901348333E1,1.426370293E-1,1.150717437E-1,1.259146035E-1
5.901548333E1,1.463022232E-1,9.430231899E-2,1.039234474E-1
5.901748333E1,1.414152980E-1,8.391761035E-2,9.598220140E-2
5.901948333E1,1.255328059E-1,7.414376736E-2,8.559749275E-2
5.902148246E1,8.949175477E-2,7.841982692E-2,8.132143319E-2
5.902348156E1,8.949175477E-2,7.841982692E-2,8.132143319E-2
5.902548156E1,5.161811411E-2,9.430231899E-2,8.865182102E-2
5.902748153E1,1.191187184E-2,1.107956842E-1,1.002582610E-1
5.902948149E1,-3.145955876E-2,1.162934676E-1,1.069777757E-1
5.903148146E1,-5.283984542E-2,1.193477958E-1,1.234711409E-1
5.903348143E1,-8.888089657E-2,1.052978933E-1,1.326341182E-1
5.903548139E1,-1.298088580E-1,7.719809562E-2,1.387427747E-1
5.903748136E1,-1.432479024E-1,5.826127157E-2,1.369101703E-1
5.903948132E1,-1.829541475E-1,2.038762718E-2,1.344667077E-1
5.904148216E1,-2.226603776E-1,-6.490443368E-3,1.320232451E-1
5.904348306E1,-2.379320115E-1,-1.870774850E-2,1.295797974E-1
5.904548309E1,-2.764165103E-1,-3.153591976E-2,1.246928647E-1
5.904748312E1,-3.051272035E-1,-3.397937864E-2,1.130864322E-1
5.904948316E1,-3.216205537E-1,-3.092505224E-2,1.112538353E-1
5.905148319E1,-3.472768962E-1,-1.931861416E-2,1.027017161E-1
5.905348322E1,-3.717114925E-1,-7.712173741E-3,9.659306705E-2
5.905548325E1,-3.888157308E-1,-2.825251780E-3,9.414960444E-2
5.905748329E1,-4.211915731E-1,8.399396902E-4,1.002582610E-1
5.905948329E1,-4.554000497E-1,-4.046982154E-3,1.161407530E-1
5.906148239E1,-5.146539807E-1,-5.230533704E-2,1.534035355E-1
5.906348152E1,-5.146539807E-1,-5.230533704E-2,1.534035355E-1
5.906548239E1,-5.513058901E-1,-1.011745557E-1,1.839468032E-1
5.906748235E1,-5.684100986E-1,-1.274417639E-1,1.998292953E-1
5.906948232E1,-5.922338367E-1,-1.787544489E-1,2.273182273E-1
5.907148228E1,-6.093381047E-1,-2.154063582E-1,2.511419654E-1
5.907348228E1,-6.117815375E-1,-2.282345295E-1,2.603049576E-1
5.907548228E1,-6.087272167E-1,-2.453387529E-1,2.609158158E-1
5.907748232E1,-6.007859707E-1,-2.502256632E-1,2.444224507E-1
5.907948235E1,-5.897904038E-1,-2.490039468E-1,2.364812046E-1
5.908148325E1,-5.720753074E-1,-2.276236564E-1,2.096031308E-1
5.908348418E1,-5.598580241E-1,-1.909717470E-1,1.857793927E-1
5.908548422E1,-5.488623977E-1,-1.714240611E-1,1.705077589E-1
5.908748425E1,-5.256495476E-1,-1.243874356E-1,1.454622895E-1
5.908948428E1,-5.054910183E-1,-7.124216110E-2,1.289689243E-1
5.909148432E1,-4.914411008E-1,-4.558581859E-2,1.222494096E-1
5.909348432E1,-4.694499373E-1,1.122464892E-2,1.167516187E-1
5.909548432E1,-4.517348409E-1,6.253732741E-2,1.149190217E-1
5.909748432E1,-4.444044530E-1,8.636107296E-2,1.161407530E-1
5.909948432E1,-4.242459238E-1,1.150717437E-1,1.112538353E-1
5.910148345E1,-4.040873647E-1,1.327868253E-1,9.842566401E-2
5.910348435E1,-4.040873647E-1,1.327868253E-1,9.842566401E-2
5.910548431E1,-3.973678350E-1,1.352302879E-1,8.620835841E-2
5.910748428E1,-3.949243724E-1,1.340085566E-1,7.521278411E-2
5.910948425E1,-3.949243724E-1,1.297325045E-1,6.666067243E-2
5.911148421E1,-4.034765065E-1,1.107956842E-1,4.772384837E-2
5.911348418E1,-4.150829315E-1,7.353290170E-2,2.695442922E-2
5.911548414E1,-4.218024611E-1,5.459608138E-2,1.840231568E-2
5.911748411E1,-4.315762818E-1,8.781188168E-3,4.963280167E-3
5.911948408E1,-4.382958114E-1,-3.642284125E-2,7.635815564E-5
5.912148494E1,-4.370740950E-1,-5.413793400E-2,5.574145354E-3
5.912348581E1,-4.242459238E-1,-8.712465316E-2,1.656972058E-2
5.912548494E1,-4.095851481E-1,-1.097266674E-1,3.061962128E-2
5.912748497E1,-4.034765065E-1,-1.170570552E-1,3.489567712E-2
5.912948501E1,-3.943135142E-1,-1.231657043E-1,4.222606122E-2
5.913148504E1,-3.900374472E-1,-1.274417639E-1,4.039346427E-2
5.913348507E1,-3.955352604E-1,-1.286634952E-1,3.733913973E-2
5.913548511E1,-3.961461186E-1,-1.427133977E-1,2.512183413E-2
5.913748511E1,-4.101960063E-1,-1.530981064E-1,1.412625890E-2
5.913948507E1,-4.175263941E-1,-1.634828150E-1,6.795875728E-3
5.914148417E1,-4.382958114E-1,-1.830305010E-1,-9.697485715E-3
5.914348324E1,-4.566217661E-1,-1.793653071E-1,-8.475755341E-3
5.914548320E1,-4.633412957E-1,-1.787544489E-1,-2.977967961E-3
5.914748317E1,-4.853324294E-1,-1.983021349E-1,2.573269792E-2
5.914948314E1,-5.109887719E-1,-2.294562608E-1,7.338018715E-2
5.915148310E1,-5.299255848E-1,-2.624429762E-1,1.326341182E-1
5.915348310E1,-5.403103232E-1,-2.795472145E-1,1.631773859E-1
5.915548310E1,-5.616905689E-1,-3.100904822E-1,2.242639065E-1
5.915748310E1,-5.659666657E-1,-3.418554664E-1,2.731331289E-1
5.915948310E1,-5.623014569E-1,-3.601814210E-1,2.914590836E-1
5.916148397E1,-4.981606007E-1,-4.035528600E-1,3.220023513E-1
5.916348307E1,-4.780020416E-1,-4.151592851E-1,3.501021564E-1
5.916548307E1,-4.627304375E-1,-4.163810313E-1,3.604868650E-1
5.916748307E1,-4.407392740E-1,-4.108832479E-1,3.806453943E-1
5.916948307E1,-4.053090811E-1,-4.059963226E-1,3.971387744E-1
5.917148310E1,-3.924809098E-1,-4.029420018E-1,4.038582742E-1
5.917348313E1,-3.619376719E-1,-3.876703680E-1,4.179081917E-1
5.917548317E1,-3.375030458E-1,-3.638466001E-1,4.423427880E-1
5.917748320E1,-3.289509416E-1,-3.479641080E-1,4.539492428E-1
5.917948323E1,-3.295617998E-1,-3.100904822E-1,4.863250852E-1
5.918148240E1,-3.484986126E-1,-2.459496260E-1,5.474116206E-1
5.918348160E1,-3.484986126E-1,-2.459496260E-1,5.474116206E-1
5.918548156E1,-3.778201640E-1,-1.952477992E-1,5.889504552E-1
5.918748153E1,-4.156937897E-1,-1.537089646E-1,6.213263273E-1
5.918948150E1,-4.273002446E-1,-1.353830099E-1,6.353762150E-1
5.919148146E1,-4.566217661E-1,-1.158353239E-1,6.439283490E-1
5.919348143E1,-4.792237878E-1,-1.231657043E-1,6.372088194E-1
5.919548140E1,-4.908302128E-1,-1.390482038E-1,6.274349689E-1
5.919748136E1,-5.073235631E-1,-1.952477992E-1,5.962808132E-1
5.919948136E1,-5.238169432E-1,-2.734385431E-1,5.565745831E-1
5.920148226E1,-5.329799056E-1,-3.143665195E-1,5.376377702E-1
5.920348319E1,-5.568036437E-1,-4.023311138E-1,4.954880774E-1
5.920548323E1,-5.800165534E-1,-4.939609170E-1,4.557818174E-1
5.920748326E1,-5.885686874E-1,-5.287802219E-1,4.411210716E-1
5.920948329E1,-5.946773291E-1,-5.788711905E-1,4.203516543E-1
5.921148333E1,-6.062837839E-1,-5.990297198E-1,4.117995203E-1
5.921348336E1,-6.191119552E-1,-5.929210782E-1,4.075234830E-1
5.921548339E1,-6.282749176E-1,-5.788711905E-1,4.111886621E-1
5.921748339E1,-6.130032539E-1,-5.776494741E-1,4.111886621E-1
5.921948339E1,-5.958990455E-1,-5.831472278E-1,4.063017368E-1
5.922148253E1,-5.067127347E-1,-5.990297198E-1,4.117995203E-1
5.922348163E1,-4.749477208E-1,-6.033058167E-1,4.136321247E-1
5.922548162E1,-4.419609904E-1,-6.191883087E-1,4.093560576E-1
5.922748162E1,-4.046982229E-1,-6.405685544E-1,4.154647291E-1
5.922948163E1,-3.820962012E-1,-6.381251216E-1,4.276820421E-1
5.923148159E1,-3.711006343E-1,-6.356816292E-1,4.344015419E-1
5.923348156E1,-3.674354553E-1,-6.204100251E-1,4.515057802E-1
5.923548152E1,-3.637702465E-1,-6.094144583E-1,4.686099887E-1
5.923748149E1,-3.643811047E-1,-6.112470627E-1,4.734969139E-1
5.923948146E1,-3.619376719E-1,-6.228534579E-1,4.869359732E-1
5.924148229E1,-3.515529633E-1,-6.558402181E-1,4.973206818E-1
5.924348305E1,-3.460551500E-1,-6.790530682E-1,4.997641146E-1
5.924548305E1,-3.301726580E-1,-7.291440368E-1,5.064836740E-1
5.924748305E1,-3.185662329E-1,-7.737371922E-1,5.150357485E-1
5.924948309E1,-3.106249869E-1,-7.951174974E-1,5.229769945E-1
5.925148312E1,-3.002402782E-1,-8.134434223E-1,5.535202622E-1
5.925348315E1,-2.813034356E-1,-8.042804599E-1,6.127741933E-1
5.925548319E1,-2.648100853E-1,-7.993935347E-1,6.530913115E-1
5.925748322E1,-2.031126916E-1,-7.822893262E-1,7.361689806E-1
5.925948325E1,-1.267545372E-1,-7.963392138E-1,8.137488365E-1
5.926148238E1,-1.557706390E-2,-8.623126745E-1,9.279806614E-1
5.926348145E1,-1.557706390E-2,-8.623126745E-1,9.279806614E-1
5.926548142E1,5.222897977E-2,-9.179013968E-1,1.000062823E0
5.926748138E1,8.827003092E-2,-9.453903437E-1,1.034882069E0
5.926948135E1,1.511891484E-1,-9.985355735E-1,1.103299022E0
5.927148132E1,2.104430795E-1,-1.040685296E0,1.178435445E0
5.927348128E1,2.721404731E-1,-1.072450280E0,1.252350092E0
5.927548125E1,3.039054573E-1,-1.085278511E0,1.296332359E0
5.927748125E1,3.680463135E-1,-1.115210891E0,1.386129618E0
5.927948125E1,4.480696619E-1,-1.156749725E0,1.466763854E0
5.928148211E1,4.957171381E-1,-1.171410441E0,1.494252801E0
5.928348301E1,6.704245806E-1,-1.075504661E0,1.428279281E0
5.928548301E1,8.426886201E-1,-1.023581028E0,1.223028541E0
5.928748301E1,8.854491711E-1,-1.066341639E0,1.141783476E0
5.928948301E1,9.019425511E-1,-1.198288560E0,1.081918716E0
5.929148301E1,8.823948503E-1,-1.307022572E0,1.102688074E0
5.929348301E1,8.781188130E-1,-1.346728802E0,1.116127133E0
5.929548305E1,8.958339095E-1,-1.404760957E0,1.132620573E0
5.929748308E1,9.453139901E-1,-1.443856359E0,1.128344417E0
5.929948311E1,9.795224071E-1,-1.457906246E0,1.133231401E0
5.930148228E1,1.119410515E0,-1.432249904E0,1.276784778E0
5.930348161E1,1.176221013E0,-1.415145755E0,1.350699425E0
5.930548164E1,1.238529325E0,-1.397430658E0,1.414229393E0
5.930748168E1,1.367421865E0,-1.367498159E0,1.512578726E0
5.930948168E1,1.501812220E0,-1.344285369E0,1.564502239E0
5.931148164E1,1.569618225E0,-1.335122347E0,1.583439112E0
5.931348161E1,1.694845676E0,-1.318629026E0,1.592602015E0
5.931548158E1,1.804801345E0,-1.308244228E0,1.596878052E0
5.931748154E1,1.853670597E0,-1.305800796E0,1.594434619E0
5.931948151E1,1.942856908E0,-1.307633400E0,1.591991186E0
5.932148234E1,2.024712801E0,-1.329624534E0,1.578552127E0
5.932348324E1,2.061975718E0,-1.351004839E0,1.572443485E0
5.932548324E1,2.118786097E0,-1.410869598E0,1.551063180E0
5.932748327E1,2.169487953E0,-1.482951760E0,1.537013292E0
5.932948331E1,2.187813759E0,-1.517160177E0,1.527850389E0
5.933148334E1,2.221411467E0,-1.592907429E0,1.507080913E0
5.933348337E1,2.240348339E0,-1.655826569E0,1.472872496E0
5.933548341E1,2.248289585E0,-1.680261254E0,1.452713966E0
5.933748344E1,2.270280600E0,-1.713858843E0,1.402012110E0
5.933948347E1,2.290439129E0,-1.728519559E0,1.342758179E0
5.934148264E1,2.322204113E0,-1.703474045E0,1.232802391E0
5.934348174E1,2.322204113E0,-1.703474045E0,1.232802391E0
5.934548174E1,2.347860575E0,-1.671098232E0,1.155222535E0
5.934748174E1,2.353969336E0,-1.650328875E0,1.112461925E0
5.934948174E1,2.379014730E0,-1.599627018E0,1.026940823E0
5.935148174E1,2.399784088E0,-1.533042669E0,9.426414371E-1
5.935348174E1,2.403449297E0,-1.497612476E0,9.066003561E-1
5.935548170E1,2.421164513E0,-1.420643449E0,8.339074254E-1
5.935748167E1,2.433381796E0,-1.340620160E0,7.673230767E-1
5.935948164E1,2.448653221E0,-1.299692154E0,7.367798686E-1
5.936148247E1,2.453540325E0,-1.223333955E0,6.787476540E-1
5.936348313E1,2.461481571E0,-1.146365047E0,6.304892898E-1
5.936548310E1,2.466979265E0,-1.109102249E0,6.072764397E-1
5.936748307E1,2.468811989E0,-1.037020087E0,5.687919259E-1
5.936948303E1,2.471866131E0,-9.637162685E-1,5.358051658E-1
5.937148303E1,2.472477198E0,-9.282860756E-1,5.205335617E-1
5.937348306E1,2.474920511E0,-8.549822569E-1,4.942663312E-1
5.937548310E1,2.479807377E0,-7.767915130E-1,4.747186601E-1
5.937748313E1,2.481640100E0,-7.346417904E-1,4.692208767E-1
5.937948316E1,2.488970518E0,-6.521750093E-1,4.594470263E-1
5.938148233E1,2.493246555E0,-5.397757888E-1,4.582252800E-1
5.938348303E1,2.489581347E0,-5.061782002E-1,4.643339515E-1
5.938548306E1,2.489581347E0,-4.762458205E-1,4.716643393E-1
5.938748306E1,2.476142168E0,-4.182136059E-1,4.924337566E-1
5.938948303E1,2.464535713E0,-3.937790096E-1,5.089271069E-1
5.939148300E1,2.441933870E0,-3.540727794E-1,5.431355834E-1
5.939348296E1,2.408946991E0,-3.271946907E-1,5.852852464E-1
5.939548293E1,2.372905970E0,-3.045926690E-1,6.335436106E-1
5.939748289E1,2.358856201E0,-2.948188484E-1,6.591999531E-1
5.939948286E1,2.310597897E0,-2.685516477E-1,7.184538841E-1
5.940148369E1,2.261117697E0,-2.373975068E-1,7.850381732E-1
5.940348459E1,2.235461473E0,-2.184606791E-1,8.229118586E-1
5.940548463E1,2.181705236E0,-1.744783819E-1,9.004917145E-1
5.940748466E1,2.128559828E0,-1.219439730E-1,9.841802716E-1
5.940948469E1,2.101681948E0,-9.201157838E-2,1.024497390E0
5.941148472E1,2.038762808E0,-3.092505224E-2,1.108796835E0
5.941348476E1,1.981341481E0,2.344195358E-2,1.186376691E0
5.941548479E1,1.953852534E0,4.726569727E-2,1.219974279E0
5.941748482E1,1.900096297E0,8.391761035E-2,1.281671643E0
5.941948486E1,1.847561955E0,1.046870351E-1,1.329929948E0
5.942148399E1,1.780977607E0,1.028544381E-1,1.380020976E0
5.942348309E1,1.780977607E0,1.028544381E-1,1.380020976E0
5.942548309E1,1.743714809E0,7.108944654E-2,1.405066371E0
5.942748309E1,1.721723676E0,4.421137273E-2,1.416061997E0
5.942948309E1,1.691180468E0,-3.520110995E-2,1.442329168E0
5.943148309E1,1.662469745E0,-1.390482038E-1,1.479591966E0
5.943348306E1,1.658193707E0,-1.970804036E-1,1.502804875E0
5.943548302E1,1.641700387E0,-3.204751909E-1,1.559615374E0
5.943748299E1,1.641700387E0,-4.420373738E-1,1.629864812E0
5.943948295E1,1.647809029E0,-4.957934916E-1,1.667127609E0
5.944148379E1,1.666745782E0,-5.990297198E-1,1.740431428E0
5.944348309E1,1.695456505E0,-6.912704110E-1,1.813124418E0
5.944548305E1,1.713171601E0,-7.364743948E-1,1.847943783E0
5.944748302E1,1.756543040E0,-8.238281608E-1,1.915138960E0
5.944948302E1,1.802357912E0,-9.191231132E-1,1.979279757E0
5.945148305E1,1.826181650E0,-9.716575146E-1,2.008601189E0
5.945348218E1,1.871996522E0,-1.084056735E0,2.064189911E0
5.945548222E1,1.922087550E0,-1.211116672E0,2.107561350E0
5.945748225E1,1.940413475E0,-1.277701020E0,2.119778872E0
5.945948228E1,1.974011064E0,-1.415756583E0,2.135050297E0
5.946148145E1,1.987450123E0,-1.618563771E0,2.129552603E0
5.946348058E1,1.987450123E0,-1.618563771E0,2.129552603E0
5.946548058E1,1.971567631E0,-1.730352163E0,2.112448454E0
5.946748055E1,1.932472229E0,-1.812819004E0,2.091678858E0
5.946948051E1,1.903761506E0,-1.836031795E0,2.077629089E0
5.947148048E1,1.839009762E0,-1.858633876E0,2.046474934E0
5.947348045E1,1.764484286E0,-1.842751384E0,1.998216629E0
5.947548041E1,1.720502019E0,-1.826868892E0,1.970727682E0
5.947748038E1,1.635591745E0,-1.779832244E0,1.896812916E0
5.947948034E1,1.547627091E0,-1.712026238E0,1.803961396E0
5.948148121E1,1.505477428E0,-1.672320008E0,1.751427054E0
5.948348214E1,1.406517267E0,-1.582522750E0,1.631086588E0
5.948548218E1,1.302059293E0,-1.485395193E0,1.496696234E0
5.948748221E1,1.247692227E0,-1.434082508E0,1.424003243E0
5.948948224E1,1.131627917E0,-1.330846310E0,1.273730397E0
5.949148228E1,1.010065675E0,-1.228831768E0,1.117959738E0
5.949348231E1,9.495900273E-1,-1.180573463E0,1.036103845E0
5.949548234E1,8.286387324E-1,-1.082224131E0,8.693376184E-1
5.949748237E1,7.058547735E-1,-9.741010070E-1,7.080692053E-1
5.949948237E1,6.429356933E-1,-9.111818671E-1,6.292675734E-1
5.950148151E1,4.608978331E-1,-6.607271433E-1,4.234059751E-1
5.950348061E1,4.095851481E-1,-5.544365644E-1,3.592651188E-1
5.950548061E1,3.527746797E-1,-4.383721650E-1,3.036763966E-1
5.950748061E1,2.556470931E-1,-1.866956949E-1,1.967749745E-1
5.950948061E1,1.847867370E-1,7.719809562E-2,1.045343131E-1
5.951148057E1,1.298088580E-1,3.252093792E-1,1.168279815E-2
5.951348144E1,1.059851199E-1,4.376085997E-1,-3.046690486E-2
5.951548140E1,7.727445662E-2,6.275876760E-1,-1.165989041E-1
5.951748137E1,4.184427112E-2,7.815257311E-1,-1.984548420E-1
5.951948134E1,2.718350291E-2,8.426122665E-1,-2.381610870E-1
5.952148217E1,-6.414085161E-3,9.372963309E-1,-3.157409728E-1
5.952348304E1,-4.795292020E-2,1.004491568E0,-3.829361498E-1
5.952548300E1,-6.750060618E-2,1.028315306E0,-4.140902758E-1
5.952748300E1,-1.041525230E-1,1.078406215E0,-4.647921026E-1
5.952948304E1,-1.377501190E-1,1.132162333E0,-4.971679449E-1
5.953148307E1,-1.530217379E-1,1.162094712E0,-5.087743998E-1
5.953348310E1,-1.768454909E-1,1.231733441E0,-5.246568918E-1
5.953548313E1,-1.988366395E-1,1.314200163E0,-5.344307423E-1
5.953748317E1,-2.086104751E-1,1.355738997E0,-5.374850631E-1
5.953948320E1,-2.275473028E-1,1.445536256E0,-5.387067795E-1
5.954148237E1,-2.617557645E-1,1.562211514E0,-5.252677798E-1
5.954348153E1,-2.617557645E-1,1.562211514E0,-5.252677798E-1
5.954548150E1,-2.941316068E-1,1.608026385E0,-5.008331537E-1
5.954748146E1,-3.246748745E-1,1.616578460E0,-4.678464234E-1
5.954948143E1,-3.344487250E-1,1.603139520E0,-4.476878643E-1
5.955148140E1,-3.582724631E-1,1.546939850E0,-4.116468132E-1
5.955348080E1,-3.802636266E-1,1.450423121E0,-3.774383664E-1
5.955548076E1,-3.869831264E-1,1.394223571E0,-3.664427996E-1
5.955748073E1,-4.138612151E-1,1.278770089E0,-3.462842405E-1
5.955948073E1,-4.486805201E-1,1.173090339E0,-3.340669274E-1
5.956148159E1,-4.700607955E-1,1.129718900E0,-3.310126066E-1
5.956348249E1,-5.128213763E-1,1.067410707E0,-3.242930770E-1
5.956548249E1,-5.525276065E-1,1.033202171E0,-3.108540475E-1
5.956748249E1,-5.720753074E-1,1.030147910E0,-2.986367345E-1
5.956948249E1,-6.062837839E-1,1.035645723E0,-2.723695338E-1
5.957148249E1,-6.319400668E-1,1.059469461E0,-2.375502288E-1
5.957348249E1,-6.386595964E-1,1.079627991E0,-2.173916698E-1
5.957548249E1,-6.527095437E-1,1.125442863E0,-1.752419621E-1
5.957748253E1,-6.612616181E-1,1.184085965E0,-1.379791945E-1
5.957948256E1,-6.710354686E-1,1.219516158E0,-1.220966876E-1
5.958148173E1,-6.844745278E-1,1.339856505E0,-7.933612168E-2
5.958348086E1,-6.887505651E-1,1.383838892E0,-6.834054738E-2
5.958548089E1,-6.948592067E-1,1.430875421E0,-5.978843570E-2
5.958748092E1,-7.034113407E-1,1.528003097E0,-3.901901841E-2
5.958948093E1,-7.003570199E-1,1.617800236E0,-2.496911772E-2
5.959148093E1,-7.015787363E-1,1.660560846E0,-1.763873361E-2
5.959348089E1,-6.948592067E-1,1.730810285E0,-1.145372284E-3
5.959548086E1,-6.814202070E-1,1.789453387E0,2.023491077E-2
5.959748082E1,-6.722571850E-1,1.815720558E0,3.061962128E-2
5.959948079E1,-6.545420885E-1,1.871309280E0,5.016730726E-2
5.960148162E1,-6.319400668E-1,1.928119779E0,7.399105281E-2
5.960348242E1,-6.185010672E-1,1.962328196E0,8.559749275E-2
5.960548319E1,-5.958990455E-1,2.018527746E0,1.118647009E-1
5.960748322E1,-5.671883821E-1,2.058233976E0,1.448514163E-1
5.960948325E1,-5.586362481E-1,2.064342737E0,1.619556546E-1
5.961148289E1,-5.342016816E-1,2.040518999E0,1.979966909E-1
5.961348349E1,-5.103778839E-1,1.957441330E0,2.309834212E-1
5.961548352E1,-5.024366379E-1,1.900020003E0,2.438115925E-1
5.961748355E1,-4.853324294E-1,1.760742664E0,2.639701366E-1
5.961948359E1,-4.761694670E-1,1.611691594E0,2.749657333E-1
5.962148275E1,-4.847215712E-1,1.432708025E0,2.816852331E-1
5.962348392E1,-4.847215712E-1,1.432708025E0,2.816852331E-1
5.962548392E1,-4.957171381E-1,1.362458587E0,2.816852331E-1
5.962748392E1,-5.048801303E-1,1.344743490E0,2.853504419E-1
5.962948392E1,-5.170974135E-1,1.328250170E0,2.932916880E-1
5.963148392E1,-5.244278312E-1,1.328250170E0,3.091741800E-1
5.963348392E1,-5.280929804E-1,1.328250170E0,3.329979181E-1
5.963548392E1,-5.256495476E-1,1.323363185E0,3.501021564E-1
5.963748388E1,-5.219843388E-1,1.304426432E0,3.812562823E-1
5.963948385E1,-5.256495476E-1,1.268996239E0,4.124104083E-1
5.964148468E1,-5.189300179E-1,1.250059366E0,4.264602959E-1
5.964348555E1,-5.225952268E-1,1.220737815E0,4.435645342E-1
5.964548552E1,-5.256495476E-1,1.203022718E0,4.527274966E-1
5.964748548E1,-5.293147564E-1,1.205466151E0,4.527274966E-1
5.964948455E1,-5.219843388E-1,1.223181248E0,4.441753924E-1
5.965148451E1,-5.140430927E-1,1.267163634E0,4.350124002E-1
5.965348451E1,-5.115996599E-1,1.300761223E0,4.295146167E-1
5.965548455E1,-4.981606007E-1,1.373454094E0,4.209625125E-1
5.965748458E1,-4.841107130E-1,1.453477502E0,4.154647291E-1
5.965948461E1,-4.712825418E-1,1.496848941E0,4.105778039E-1
5.966148378E1,-4.462370574E-1,1.628184915E0,4.008039534E-1
5.966348298E1,-4.450153410E-1,1.676443338E0,3.971387744E-1
5.966548224E1,-4.376849532E-1,1.725923419E0,3.965279162E-1
5.966748224E1,-4.315762818E-1,1.835268259E0,3.812562823E-1
5.966948224E1,-4.285219610E-1,1.954386950E0,3.672063649E-1
5.967148261E1,-4.334088862E-1,2.014251709E0,3.568216562E-1
5.967348258E1,-4.376849532E-1,2.139479160E0,3.323870599E-1
5.967548254E1,-4.327980280E-1,2.272037029E0,3.067307174E-1
5.967748251E1,-4.309654236E-1,2.342286348E0,2.939025462E-1
5.967948247E1,-4.254676402E-1,2.477898598E0,2.645809948E-1
5.968148331E1,-4.114177525E-1,2.616564989E0,2.389246672E-1
5.968348214E1,-4.028656185E-1,2.686203480E0,2.279291004E-1
5.968548217E1,-3.882048726E-1,2.813874483E0,2.065488100E-1
5.968748221E1,-3.680463135E-1,2.916499853E0,1.870011240E-1
5.968948224E1,-3.662137091E-1,2.955595016E0,1.766164154E-1
5.969148227E1,-3.637702465E-1,2.998966455E0,1.515709460E-1
5.969348230E1,-3.619376719E-1,2.991025209E0,1.289689243E-1
5.969548234E1,-3.692680299E-1,2.963536263E0,1.179733500E-1
5.969748237E1,-3.662137091E-1,2.865797997E0,9.659306705E-2
5.969948240E1,-3.704897761E-1,2.719190359E0,8.071056753E-2
5.970148154E1,-3.515529633E-1,2.441246510E0,5.749769136E-2
5.970348064E1,-3.515529633E-1,2.441246510E0,5.749769136E-2
5.970548024E1,-3.271183372E-1,2.265317440E0,3.917173296E-2
5.970748024E1,-3.124575615E-1,2.193235397E0,2.939788997E-2
5.970948114E1,-2.788599730E-1,2.090610027E0,9.239336476E-3
5.971148114E1,-2.434297949E-1,2.069840431E0,-2.977967961E-3
5.971348114E1,-2.232712507E-1,2.073505640E0,-7.254024968E-3
5.971548110E1,-1.829541475E-1,2.106492519E0,-7.864889689E-3
5.971748107E1,-1.334740520E-1,2.142533541E0,-7.254024968E-3
5.971948104E1,-9.987647086E-2,2.152307272E0,-1.756237587E-3
5.972148187E1,-4.856378585E-2,2.158416033E0,-2.977967961E-3
5.972348267E1,1.252273750E-2,2.138257504E0,-1.153008174E-2
5.972548263E1,3.451388702E-2,2.123596668E0,-1.947133057E-2
5.972748260E1,7.238753140E-2,2.096718550E0,-4.390593991E-2
5.972948257E1,9.682214260E-2,2.094275236E0,-7.933612168E-2
5.973148257E1,9.437867999E-2,2.105881691E0,-9.766208380E-2
5.973348260E1,9.926560521E-2,2.162081242E0,-1.398117840E-1
5.973548263E1,1.041525230E-1,2.254321814E0,-1.764636934E-1
5.973748266E1,1.084285825E-1,2.312354088E0,-1.960113794E-1
5.973948270E1,1.175915599E-1,2.453463793E0,-2.265546471E-1
5.974148186E1,1.499674171E-1,2.703918695E0,-2.668717504E-1
5.974348100E1,1.499674171E-1,2.703918695E0,-2.668717504E-1
5.974548100E1,1.701259762E-1,2.877404451E0,-2.864194512E-1
5.974748100E1,1.835650057E-1,3.036229372E0,-3.090214431E-1
5.974948096E1,1.853975952E-1,3.114420176E0,-3.200170398E-1
5.975148093E1,1.872301996E-1,3.254919052E0,-3.401755691E-1
5.975348090E1,1.829541475E-1,3.389309406E0,-3.633884490E-1
5.975548086E1,1.670716405E-1,3.522478104E0,-3.847687542E-1
5.975748083E1,1.542434692E-1,3.589062452E0,-4.000403881E-1
5.975948079E1,1.285871267E-1,3.727728844E0,-4.256967306E-1
5.976148166E1,1.010981947E-1,3.879223347E0,-4.513530433E-1
5.976348259E1,8.643743396E-2,3.962301016E0,-4.654029608E-1
5.976548302E1,5.650503561E-2,4.134564877E0,-4.886158407E-1
5.976748306E1,2.657263726E-2,4.317213535E0,-5.130504370E-1
5.976948309E1,1.924225502E-2,4.414341450E0,-5.264894962E-1
5.977148312E1,-6.414085161E-3,4.606153011E0,-5.552001595E-1
5.977348316E1,-2.657263726E-2,4.799186230E0,-5.839108229E-1
5.977548319E1,-4.184427112E-2,4.897535801E0,-5.955172777E-1
5.977748322E1,-6.566801667E-2,5.066745281E0,-6.138432026E-1
5.977948322E1,-8.765916526E-2,5.185253143E0,-6.223953366E-1
5.978148236E1,-1.133155003E-1,5.119279861E0,-6.022367477E-1
5.978348149E1,-1.133155003E-1,5.119279861E0,-6.022367477E-1
5.978548149E1,-1.163698286E-1,4.893870354E0,-5.790238976E-1
5.978748149E1,-1.145372316E-1,4.738100052E0,-5.619196892E-1
5.978948149E1,-1.163698286E-1,4.375246048E0,-5.344307423E-1
5.979148149E1,-1.188132912E-1,3.986124754E0,-5.099961162E-1
5.979348146E1,-1.249219403E-1,3.803476095E0,-5.063309073E-1
5.979548142E1,-1.450804919E-1,3.487047911E0,-5.057200789E-1
5.979748139E1,-1.652390510E-1,3.255529881E0,-5.234351754E-1
5.979948135E1,-1.762346178E-1,3.168787003E0,-5.393176675E-1
5.980148219E1,-1.921171248E-1,3.053333521E0,-5.765804052E-1
5.980348305E1,-1.970040351E-1,2.986138344E0,-6.138432026E-1
5.980548302E1,-2.006692290E-1,2.966590643E0,-6.333909035E-1
5.980748298E1,-1.988366395E-1,2.940934420E0,-6.737080216E-1
5.980948298E1,-1.872301996E-1,2.929327965E0,-7.109707594E-1
5.981148302E1,-1.798998117E-1,2.932993174E0,-7.299076319E-1
5.981348305E1,-1.756237596E-1,2.952540874E0,-7.659486532E-1
5.981548308E1,-1.627955884E-1,3.000188351E0,-8.068766594E-1
5.981748312E1,-1.652390510E-1,3.033785820E0,-8.294786215E-1
5.981948315E1,-1.695151031E-1,3.121139526E0,-8.716283441E-1
5.982148232E1,-1.908953935E-1,3.290349245E0,-9.357692003E-1
5.982348142E1,-1.908953935E-1,3.290349245E0,-9.357692003E-1
5.982548142E1,-2.147191316E-1,3.410689831E0,-9.724211097E-1
5.982748138E1,-2.422080636E-1,3.526754141E0,-1.004186153E0
5.982948135E1,-2.605340183E-1,3.580510378E0,-1.018236041E0
5.983148131E1,-3.045163155E-1,3.679470539E0,-1.048168421E0
5.983348128E1,-3.613267839E-1,3.752774239E0,-1.070159554E0
5.983548125E1,-3.937026560E-1,3.780874014E0,-1.081155181E0
5.983748121E1,-4.480696619E-1,3.819969416E0,-1.097037673E0
5.983948121E1,-5.091561675E-1,3.850512743E0,-1.100091934E0
5.984148208E1,-5.378668308E-1,3.864562511E0,-1.095815897E0
5.984348278E1,-6.062837839E-1,3.903047085E0,-1.076879025E0
5.984548278E1,-6.685920358E-1,3.962911844E0,-1.043892384E0
5.984748278E1,-6.985244155E-1,3.994676828E0,-1.024344683E0
5.984948278E1,-7.675521970E-1,4.056985378E0,-9.779189229E-1
5.985148278E1,-8.255843520E-1,4.071645737E0,-9.314931631E-1
5.985348278E1,-8.567385077E-1,4.049044132E0,-9.095019698E-1
5.985548278E1,-9.043859839E-1,3.940920830E0,-8.679631352E-1
5.985748281E1,-9.392052889E-1,3.758272171E0,-8.215373755E-1
5.985948284E1,-9.569203854E-1,3.659312010E0,-7.934376001E-1
5.986148201E1,-9.795224071E-1,3.447341681E0,-6.804275513E-1
5.986348324E1,-9.801332951E-1,3.432070017E0,-6.260605454E-1
5.986548328E1,-9.752463698E-1,3.438789606E0,-5.680283308E-1
5.986748331E1,-9.630290866E-1,3.502319574E0,-4.336379766E-1
5.986948334E1,-9.392052889E-1,3.546301842E0,-2.894737720E-1
5.987148334E1,-9.049968719E-1,3.507817268E0,-2.204459906E-1
5.987348331E1,-8.787296414E-1,3.457726479E0,-8.483391255E-2
5.987548327E1,-8.206974864E-1,3.303177357E0,2.756529488E-2
5.987748324E1,-7.486153841E-1,3.094261646E0,1.246928647E-1
5.987948321E1,-7.131851912E-1,2.978807926E0,1.692860276E-1
5.988148404E1,-6.294966340E-1,2.733850956E0,2.450333238E-1
5.988348490E1,-5.384777188E-1,2.499278784E0,3.189480305E-1
5.988548487E1,-4.926628172E-1,2.389933825E0,3.525456190E-1
5.988748487E1,-3.906483352E-1,2.182239771E0,4.221842289E-1
5.988948490E1,-2.678644061E-1,2.007532358E0,4.912120104E-1
5.989148494E1,-2.104430795E-1,1.940337062E0,5.284748077E-1
5.989348494E1,-9.621127695E-2,1.904906869E0,6.176611185E-1
5.989548497E1,2.535090782E-2,1.856648564E0,6.946301460E-1
5.989748500E1,8.888089657E-2,1.826105237E0,7.270060182E-1
5.989948504E1,2.018909603E-1,1.758910060E0,7.825947404E-1
5.990148420E1,3.405573666E-1,1.677664995E0,8.394051790E-1
5.990348353E1,3.405573666E-1,1.677664995E0,8.394051790E-1
5.990548353E1,4.144720733E-1,1.647121787E0,8.613963723E-1
5.990748353E1,4.712825418E-1,1.621465445E0,8.595637679E-1
5.990948353E1,4.951062799E-1,1.617189407E0,8.571202755E-1
5.991148353E1,5.409211516E-1,1.626352310E0,8.436812758E-1
5.991348353E1,5.824599862E-1,1.656895638E0,8.290205002E-1
5.991548353E1,5.965099335E-1,1.681330204E0,8.235226870E-1
5.991748350E1,6.191119552E-1,1.740584135E0,8.033641577E-1
5.991948347E1,6.294966340E-1,1.829159617E0,7.770969272E-1
5.992148430E1,6.264423132E-1,1.878639698E0,7.642687559E-1
5.992348307E1,6.160575747E-1,1.993482351E0,7.306711674E-1
5.992548303E1,5.952881575E-1,2.097329378E0,6.848562956E-1
5.992748300E1,5.824599862E-1,2.143755198E0,6.579782367E-1
5.992948296E1,5.470298529E-1,2.234163284E0,5.975025892E-1
5.993148293E1,5.018258095E-1,2.308078051E0,5.321399570E-1
5.993348293E1,4.761694670E-1,2.342286348E0,4.997641146E-1
5.993548296E1,4.254676402E-1,2.387490511E0,4.301255047E-1
5.993748300E1,3.668245673E-1,2.422920704E0,3.678172231E-1
5.993948303E1,3.362813294E-1,2.432083607E0,3.384957016E-1
5.994148219E1,2.391537428E-1,2.468124628E0,2.548071742E-1
5.994348133E1,2.000583708E-1,2.482174635E0,2.248747647E-1
5.994548136E1,1.689042449E-1,2.497446299E0,1.979966909E-1
5.994748139E1,9.071348608E-2,2.538374186E0,1.430188268E-1
5.994948073E1,1.740965992E-2,2.585410833E0,8.743008971E-2
5.995148069E1,-1.618792862E-2,2.614121437E0,6.116288155E-2
5.995348069E1,-8.032877743E-2,2.678873062E0,4.352414981E-3
5.995548066E1,-1.420261711E-1,2.752787828E0,-5.429064855E-2
5.995748062E1,-1.658499092E-1,2.782109499E0,-8.361218125E-2
5.995948059E1,-2.104430795E-1,2.829756975E0,-1.379791945E-1
5.996148142E1,-2.458732575E-1,2.852358818E0,-1.862375438E-1
5.996348226E1,-2.587014437E-1,2.852358818E0,-2.082286924E-1
5.996548226E1,-2.843577862E-1,2.831589460E0,-2.473240644E-1
5.996748229E1,-3.014619946E-1,2.788828850E0,-2.796999216E-1
5.996948232E1,-3.167336285E-1,2.758896589E0,-3.010801971E-1
5.997148236E1,-3.497203588E-1,2.672153711E0,-3.652210534E-1
5.997348239E1,-4.034765065E-1,2.543871880E0,-4.574617147E-1
5.997548242E1,-4.358523488E-1,2.465070248E0,-5.093852282E-1
5.997748245E1,-5.274821520E-1,2.266539097E0,-6.291148663E-1
5.997948249E1,-6.374378800E-1,2.023414850E0,-7.470118403E-1
5.998148165E1,-8.035932183E-1,1.589700460E0,-8.746826649E-1
5.998348075E1,-8.035932183E-1,1.589700460E0,-8.746826649E-1
5.998548075E1,-9.092729092E-1,1.294041634E0,-9.052259326E-1
5.998748075E1,-9.526443481E-1,1.153542638E0,-9.021716118E-1
5.998948075E1,-1.037554622E0,9.036987424E-1,-8.728500605E-1
5.999148075E1,-1.109636664E0,6.892850995E-1,-8.105418086E-1
5.999348075E1,-1.176831841E0,5.145776272E-1,-7.317401767E-1
5.999548072E1,-1.211651206E0,4.376085997E-1,-6.914231181E-1
5.999748069E1,-1.275792122E0,3.099377453E-1,-6.138432026E-1
5.999948065E1,-1.348484993E0,2.042580694E-1,-5.417611003E-1
6.000148148E1,-1.380860925E0,1.627192348E-1,-5.118287206E-1
6.000348235E1,-1.456608176E0,8.636107296E-2,-4.654029608E-1
6.000548232E1,-1.530522823E0,2.405281924E-2,-4.336379766E-1
6.000748228E1,-1.565953016E0,-3.436116967E-3,-4.195880592E-1
6.000948292E1,-1.628872156E0,-5.658139288E-2,-3.951534629E-1
6.001148292E1,-1.684460878E0,-1.017854214E-1,-3.713297248E-1
6.001348295E1,-1.702786922E0,-1.219439730E-1,-3.536146283E-1
6.001548298E1,-1.732719302E0,-1.549306959E-1,-3.206278980E-1
6.001748301E1,-1.754099607E0,-1.824196279E-1,-2.803107798E-1
6.001948305E1,-1.755321264E0,-1.921934783E-1,-2.570978999E-1
6.002148221E1,-1.752267003E0,-2.050216496E-1,-1.947896481E-1
6.002348141E1,-1.743103981E0,-2.031890452E-1,-1.752419621E-1
6.002548145E1,-1.732108355E0,-1.976912618E-1,-1.618029326E-1
6.002748145E1,-1.705841184E0,-1.805870384E-1,-1.428661048E-1
6.002948141E1,-1.672854424E0,-1.592067480E-1,-1.392009109E-1
6.003148138E1,-1.655139327E0,-1.457677186E-1,-1.410335153E-1
6.003348134E1,-1.614211440E0,-1.133918613E-1,-1.501964927E-1
6.003548131E1,-1.567785621E0,-8.040513843E-2,-1.660789847E-1
6.003748128E1,-1.547016263E0,-6.269004941E-2,-1.770745665E-1
6.003948124E1,-1.507310033E0,-2.298380435E-2,-1.984548420E-1
6.004148208E1,-1.469436288E0,2.344195358E-2,-2.186134011E-1
6.004348298E1,-1.451110363E0,4.543310404E-2,-2.302198410E-1
6.004548301E1,-1.422399759E0,9.857837856E-2,-2.509892583E-1
6.004748304E1,-1.400408626E0,1.602757722E-1,-2.711478174E-1
6.004948307E1,-1.386358619E0,1.944842190E-1,-2.809216678E-1
6.005148311E1,-1.372919679E0,2.677880526E-1,-2.980258763E-1
6.005348314E1,-1.369865298E0,3.465896547E-1,-3.163518310E-1
6.005548317E1,-1.364367485E0,3.881285191E-1,-3.218496144E-1
6.005748321E1,-1.361313224E0,4.650975168E-1,-3.420081735E-1
6.005948324E1,-1.363145828E0,5.255731940E-1,-3.646101952E-1
6.006148237E1,-1.366200089E0,5.793293118E-1,-4.110359550E-1
6.006348147E1,-1.366200089E0,5.793293118E-1,-4.110359550E-1
6.006548147E1,-1.365589261E0,5.695554614E-1,-4.373031557E-1
6.006748147E1,-1.363145828E0,5.506186485E-1,-4.452444017E-1
6.006948147E1,-1.357037187E0,4.974733889E-1,-4.348596931E-1
6.007148147E1,-1.369254470E0,4.272238910E-1,-3.743840456E-1
6.007348144E1,-1.371697903E0,3.801872432E-1,-3.358995318E-1
6.007548140E1,-1.379028320E0,2.555707395E-1,-2.772564590E-1
6.007748137E1,-1.380860925E0,9.124799818E-2,-2.595413625E-1
6.007948134E1,-1.374752283E0,5.115996581E-3,-2.570978999E-1
6.008148217E1,-1.358869791E0,-1.708131880E-1,-2.540435791E-1
6.008348297E1,-1.346041560E0,-3.253620863E-1,-2.308306992E-1
6.008548294E1,-1.338711143E0,-3.913355470E-1,-2.100612819E-1
6.008748290E1,-1.314887404E0,-5.055673718E-1,-1.459204406E-1
6.008948290E1,-1.291674614E0,-6.008623242E-1,-6.223189831E-2
6.009148290E1,-1.277013779E0,-6.460663676E-1,-2.008219436E-2
6.009348293E1,-1.240361929E0,-7.328092456E-1,6.299547851E-2
6.009548297E1,-1.197601318E0,-8.134434223E-1,1.344667077E-1
6.009748300E1,-1.173777580E0,-8.458192945E-1,1.656208336E-1
6.009948303E1,-1.116967082E0,-8.983536959E-1,2.157117873E-1
6.010148220E1,-1.036332846E0,-9.405034184E-1,2.676353455E-1
6.010348336E1,-1.003957033E0,-9.368382096E-1,2.835178375E-1
6.010548337E1,-9.740246534E-1,-9.258426428E-1,2.951242626E-1
6.010748333E1,-9.098837972E-1,-8.952993751E-1,3.171154261E-1
6.010948330E1,-8.836165667E-1,-8.763625622E-1,3.256675303E-1
6.011148326E1,-8.188648820E-1,-8.342128396E-1,3.446043432E-1
6.011348323E1,-7.571674585E-1,-7.896196842E-1,3.678172231E-1
6.011548320E1,-7.082982659E-1,-7.438048124E-1,3.983604908E-1
6.011748316E1,-6.765332818E-1,-7.212027907E-1,4.166864455E-1
6.011948313E1,-6.264423132E-1,-6.766096354E-1,4.515057802E-1
6.012148399E1,-5.806274414E-1,-6.344599128E-1,4.906011522E-1
6.012348489E1,-5.623014569E-1,-6.143013835E-1,5.058727860E-1
6.012548489E1,-5.256495476E-1,-5.788711905E-1,5.400812626E-1
6.012748489E1,-4.920519590E-1,-5.501605272E-1,5.767331719E-1
6.012948489E1,-4.737260044E-1,-5.373323560E-1,5.944482684E-1
6.013148489E1,-4.468479156E-1,-5.128977299E-1,6.286566854E-1
6.013348489E1,-4.083634019E-1,-4.964043796E-1,6.573673487E-1
6.013548489E1,-3.869831264E-1,-4.909065962E-1,6.695846915E-1
6.013748489E1,-3.466660380E-1,-4.756349623E-1,6.897432208E-1
6.013948493E1,-3.014619946E-1,-4.615850449E-1,7.056257129E-1
6.014148409E1,-2.202169150E-1,-4.267657399E-1,7.257842422E-1
6.014348366E1,-2.202169150E-1,-4.267657399E-1,7.257842422E-1
6.014548369E1,-1.640173197E-1,-3.968333304E-1,7.355580926E-1
6.014748372E1,-1.365283877E-1,-3.809508383E-1,7.434993386E-1
6.014948376E1,-7.483099401E-2,-3.497967124E-1,7.520514727E-1
6.015148379E1,-1.252273750E-2,-3.223077655E-1,7.636579275E-1
6.015348379E1,1.802052557E-2,-3.094795942E-1,7.697665691E-1
6.015548376E1,8.765916526E-2,-2.862667143E-1,7.948120236E-1
6.015748372E1,1.695151031E-1,-2.538908720E-1,8.406269550E-1
6.015948369E1,2.232712507E-1,-2.337323129E-1,8.754462600E-1
6.016148452E1,3.222314119E-1,-1.702023298E-1,9.725738168E-1
6.016348335E1,4.364632070E-1,-8.162686974E-2,1.116738081E0
6.016548332E1,4.999932051E-1,-2.848159149E-2,1.193706989E0
6.016748332E1,6.337726712E-1,1.071304902E-1,1.348255992E0
6.016948332E1,7.675521970E-1,2.457969040E-1,1.500361443E0
6.017148335E1,8.310821652E-1,3.142138124E-1,1.577941298E0
6.017348339E1,9.563095570E-1,4.504367709E-1,1.726381540E0
6.017548342E1,1.076650023E0,5.848271251E-1,1.872989178E0
6.017748345E1,1.129184365E0,6.508005857E-1,1.943238735E0
6.017948349E1,1.228144526E0,7.595345974E-1,2.075185537E0
6.018148265E1,1.360702276E0,8.804858923E-1,2.249892950E0
6.018348178E1,1.360702276E0,8.804858923E-1,2.249892950E0
6.018548178E1,1.435227871E0,9.311876893E-1,2.337857723E0
6.018748138E1,1.480431914E0,9.635635614E-1,2.404442072E0
6.018948138E1,1.498147011E0,9.739482999E-1,2.425211430E0
6.019148138E1,1.521359921E0,9.782243371E-1,2.452089548E0
6.019348138E1,1.518305540E0,9.715048075E-1,2.454532862E0
6.019548138E1,1.507920861E0,9.611201286E-1,2.447202444E0
6.019748138E1,1.468214631E0,9.311876893E-1,2.414215803E0
6.019948135E1,1.397354245E0,8.743772507E-1,2.349464178E0
6.020148218E1,1.353982806E0,8.401687741E-1,2.306092739E0
6.020348262E1,1.239750981E0,7.613671422E-1,2.201023817E0
6.020548258E1,1.104138970E0,6.703482270E-1,2.094122410E0
6.020748255E1,1.026558995E0,6.214790344E-1,2.036701202E0
6.020948251E1,8.677340746E-1,5.219079852E-1,1.929799676E0
6.021148248E1,7.003570199E-1,4.266130030E-1,1.852219820E0
6.021348245E1,6.123924255E-1,3.844633102E-1,1.816789627E0
6.021548245E1,4.364632070E-1,3.245985210E-1,1.758146524E0
6.021748248E1,2.562579811E-1,2.946661115E-1,1.701946974E0
6.021948251E1,1.701259762E-1,2.964987159E-1,1.675679684E0
6.022148168E1,-1.762346178E-1,3.869067729E-1,1.605430245E0
6.022348081E1,-1.762346178E-1,3.869067729E-1,1.585271716E0
6.022548084E1,-2.611449063E-1,4.253912866E-1,1.562669635E0
6.022748088E1,-4.205807149E-1,5.219079852E-1,1.519909143E0
6.022948091E1,-5.671883821E-1,6.336963177E-1,1.479591966E0
6.023148091E1,-7.028004527E-1,6.917285323E-1,1.456990004E0
6.023348088E1,-7.614435554E-1,8.077929020E-1,1.413618565E0
6.023548084E1,-8.738427162E-1,9.238573313E-1,1.365360141E0
6.023748081E1,-9.685268402E-1,1.032591343E0,1.311604023E0
6.023948077E1,-1.008233070E0,1.086958289E0,1.283504248E0
6.024148161E1,-1.077871680E0,1.190194607E0,1.229137182E0
6.024348247E1,-1.135293007E0,1.290376425E0,1.168661594E0
6.024548247E1,-1.157284260E0,1.334358811E0,1.136285663E0
6.024748287E1,-1.200655699E0,1.414992929E0,1.069090486E0
6.024948287E1,-1.231809735E0,1.479744673E0,1.000062823E0
6.025148287E1,-1.244637966E0,1.502957582E0,9.664651752E-1
6.025348287E1,-1.272126913E0,1.536555171E0,8.968265653E-1
6.025548287E1,-1.295950651E0,1.556102872E0,8.302422166E-1
6.025748287E1,-1.305724502E0,1.562822342E0,7.966446280E-1
6.025948287E1,-1.320996046E0,1.559157133E0,7.343363762E-1
6.026148201E1,-1.339322090E0,1.528613925E0,6.482043862E-1
6.026348137E1,-1.339322090E0,1.528613925E0,6.482043862E-1
6.026548140E1,-1.346041560E0,1.485242486E0,5.981134176E-1
6.026748144E1,-1.353371978E0,1.436984181E0,5.577962995E-1
6.026948147E1,-1.359480619E0,1.410106063E0,5.358051658E-1
6.027148150E1,-1.361313224E0,1.350241303E0,5.101488233E-1
6.027348154E1,-1.365589261E0,1.286100388E0,4.893794060E-1
6.027548157E1,-1.362534881E0,1.254946232E0,4.851033688E-1
6.027748157E1,-1.363145828E0,1.197524905E0,4.783838391E-1
6.027948154E1,-1.360702276E0,1.153542638E0,4.783838391E-1
6.028148237E1,-1.359480619E0,1.137660146E0,4.814381599E-1
6.028348324E1,-1.363145828E0,1.119334221E0,4.912120104E-1
6.028548320E1,-1.363145828E0,1.122388482E0,5.052618980E-1
6.028748317E1,-1.364367485E0,1.130329728E0,5.144249201E-1
6.028948313E1,-1.368643522E0,1.162705660E0,5.303074121E-1
6.029148310E1,-1.372919679E0,1.204244494E0,5.492442250E-1
6.029348310E1,-1.376584888E0,1.227457404E0,5.584071875E-1
6.029548313E1,-1.379028320E0,1.273272276E0,5.779548883E-1
6.029748316E1,-1.372919679E0,1.316643715E0,5.944482684E-1
6.029948320E1,-1.370476127E0,1.336802244E0,6.005569100E-1
6.030148236E1,-1.352150202E0,1.395445347E0,6.237697601E-1
6.030348150E1,-1.349706769E0,1.412549496E0,6.292675734E-1
6.030548153E1,-1.341765523E0,1.430264592E0,6.329327226E-1
6.030748156E1,-1.327104688E0,1.458975315E0,6.433174610E-1
6.030948160E1,-1.305113554E0,1.488296866E0,6.482043862E-1
6.031148160E1,-1.299615860E0,1.501735806E0,6.506478190E-1
6.031348160E1,-1.280068159E0,1.531057358E0,6.494261026E-1
6.031548160E1,-1.257466078E0,1.559157133E0,6.530913115E-1
6.031748160E1,-1.248914003E0,1.572596192E0,6.500369906E-1
6.031948160E1,-1.233031511E0,1.597641706E0,6.494261026E-1
6.032148206E1,-1.224479437E0,1.619632840E0,6.433174610E-1
6.032348270E1,-1.218981624E0,1.631850123E0,6.427065730E-1
6.032548266E1,-1.210429430E0,1.658117294E0,6.378196478E-1
6.032748263E1,-1.204320788E0,1.688049793E0,6.347653270E-1
6.032948259E1,-1.198823094E0,1.698434472E0,6.298784018E-1
6.033148256E1,-1.189660072E0,1.719203830E0,6.262132525E-1
6.033348252E1,-1.183551431E0,1.725312471E0,6.194937229E-1
6.033548249E1,-1.170112371E0,1.725312471E0,6.170502305E-1
6.033748246E1,-1.157284260E0,1.717982173E0,6.091089845E-1
6.033948246E1,-1.138958216E0,1.701488733E0,5.987243056E-1
6.034148159E1,-1.113301873E0,1.661782503E0,5.803983212E-1
6.034348279E1,-1.113301873E0,1.661782503E0,5.803983212E-1
6.034548242E1,-1.095586777E0,1.630628467E0,5.626832247E-1
6.034748246E1,-1.088256478E0,1.617189407E0,5.577962995E-1
6.034948249E1,-1.077871680E0,1.590922117E0,5.382486582E-1
6.035148252E1,-1.070541382E0,1.567098379E0,5.254204869E-1
6.035348256E1,-1.071763039E0,1.546329021E0,5.119814277E-1
6.035548256E1,-1.076039076E0,1.539609551E0,5.089271069E-1
6.035748252E1,-1.086423874E0,1.520061851E0,4.997641146E-1
6.035948249E1,-1.103528023E0,1.502957582E0,4.991532564E-1
6.036148332E1,-1.115134478E0,1.493183732E0,5.003749728E-1
6.036348419E1,-1.141401768E0,1.474857807E0,4.967097938E-1
6.036548415E1,-1.170723200E0,1.451034069E0,4.973206818E-1
6.036748412E1,-1.182940602E0,1.438816786E0,5.009858608E-1
6.036948408E1,-1.218981624E0,1.410106063E0,5.022075772E-1
6.037148408E1,-1.254411817E0,1.380173683E0,5.040401816E-1
6.037348412E1,-1.267850757E0,1.366734624E0,5.040401816E-1
6.037548415E1,-1.304502726E0,1.334969640E0,4.979315400E-1
6.037748418E1,-1.344208956E0,1.305037260E0,4.936554730E-1
6.037948422E1,-1.362534881E0,1.292209029E0,4.881576896E-1
6.038148378E1,-1.423010588E0,1.265331030E0,4.765512347E-1
6.038348302E1,-1.442558289E0,1.259833217E0,4.716643393E-1
6.038548278E1,-1.463327646E0,1.256778836E0,4.643339515E-1
6.038748281E1,-1.506699085E0,1.248837590E0,4.527274966E-1
6.038948281E1,-1.545794487E0,1.240896344E0,4.398993254E-1
6.039148281E1,-1.565953016E0,1.237231255E0,4.331798255E-1
6.039348281E1,-1.603826642E0,1.221959591E0,4.246276915E-1
6.039548281E1,-1.642311215E0,1.195081472E0,4.124104083E-1
6.039748281E1,-1.662469745E0,1.177977324E0,4.081343412E-1
6.039948281E1,-1.699121714E0,1.135216713E0,4.038582742E-1
6.040148368E1,-1.736995339E0,1.068021536E0,3.995822370E-1
6.040348248E1,-1.758986473E0,1.019763112E0,3.995822370E-1
6.040548285E1,-1.807855725E0,9.122508764E-1,4.044691622E-1
6.040748281E1,-1.858557463E0,8.267297745E-1,4.105778039E-1
6.040948278E1,-1.883602977E0,7.839691639E-1,4.136321247E-1
6.041148274E1,-1.934915662E0,7.112762332E-1,4.197407961E-1
6.041348271E1,-1.985617518E0,6.520223022E-1,4.301255047E-1
6.041548268E1,-2.010052204E0,6.245333552E-1,4.325689375E-1
6.041748268E1,-2.068695068E0,5.744423866E-1,4.398993254E-1
6.041948268E1,-2.124894857E0,5.341253281E-1,4.515057802E-1
6.042148184E1,-2.211637735E0,5.011385679E-1,4.612796307E-1
6.042348098E1,-2.211637735E0,5.011385679E-1,4.612796307E-1
6.042548061E1,-2.260506868E0,4.986951053E-1,4.679991305E-1
6.042748064E1,-2.281887054E0,5.054146051E-1,4.692208767E-1
6.042948067E1,-2.320982456E0,5.225188732E-1,4.716643393E-1
6.043148071E1,-2.345417023E0,5.335144401E-1,4.777729809E-1
6.043348071E1,-2.360688686E0,5.390121937E-1,4.771621227E-1
6.043548067E1,-2.377793074E0,5.493969321E-1,4.771621227E-1
6.043748064E1,-2.383290768E0,5.610033870E-1,4.777729809E-1
6.043948061E1,-2.383290768E0,5.671120286E-1,4.777729809E-1
6.044148144E1,-2.375349522E0,5.817728043E-1,4.765512347E-1
6.044348220E1,-2.357023478E0,5.964335799E-1,4.710534513E-1
6.044548244E1,-2.346638918E0,6.068182588E-1,4.686099887E-1
6.044748240E1,-2.320982456E0,6.361398101E-1,4.643339515E-1
6.044948240E1,-2.286774158E0,6.770677567E-1,4.582252800E-1
6.045148240E1,-2.269669771E0,7.002806664E-1,4.533383846E-1
6.045348240E1,-2.231796265E0,7.546476722E-1,4.435645342E-1
6.045548240E1,-2.185370445E0,8.224536777E-1,4.325689375E-1
6.045748240E1,-2.165211916E0,8.560512662E-1,4.264602959E-1
6.045948240E1,-2.116342545E0,9.317985773E-1,4.099669456E-1
6.046148154E1,-2.051590919E0,1.042976022E0,3.775910735E-1
6.046348064E1,-2.051590919E0,1.042976022E0,3.775910735E-1
6.046548064E1,-1.995391369E0,1.215850949E0,3.739258945E-1
6.046748067E1,-1.820073009E0,1.677054167E0,4.215733707E-1
6.046948070E1,-1.705841184E0,1.910404682E0,4.612796307E-1
6.047148074E1,-1.479210138E0,2.202398300E0,5.437464118E-1
6.047348077E1,-1.278235555E0,2.316630125E0,5.999460220E-1
6.047548080E1,-1.106582403E0,2.312964916E0,6.139959097E-1
6.047748083E1,-1.030224204E0,2.268982649E0,6.048329473E-1
6.047948087E1,-8.946121335E-1,2.088166475E0,5.559637547E-1
6.048148173E1,-7.754934430E-1,1.802281499E0,4.692208767E-1
6.048348260E1,-7.162395120E-1,1.634293556E0,4.142429829E-1
6.048548296E1,-5.977316499E-1,1.267163634E0,2.767983079E-1
6.048748293E1,-4.999932051E-1,9.183595181E-1,1.295797974E-1
6.048948290E1,-4.535674453E-1,7.729735970E-1,5.994115397E-2
6.049148286E1,-4.095851481E-1,5.579490662E-1,-8.239044994E-2
6.049348283E1,-4.040873647E-1,4.730387628E-1,-2.143373489E-1
6.049548283E1,-4.132503271E-1,4.687627256E-1,-2.772564590E-1
6.049748283E1,-4.407392740E-1,5.133558512E-1,-3.817144334E-1
6.049948286E1,-4.749477208E-1,5.860488415E-1,-4.690681398E-1
6.050148203E1,-5.219843388E-1,6.752351522E-1,-5.655848384E-1
6.050348159E1,-5.219843388E-1,6.752351522E-1,-5.655848384E-1
6.050548163E1,-5.488623977E-1,6.886742115E-1,-6.144540906E-1
6.050748166E1,-5.555819273E-1,6.831763983E-1,-6.321691871E-1
6.050948169E1,-5.787948370E-1,6.416375637E-1,-6.700428128E-1
6.051148173E1,-6.007859707E-1,5.665011406E-1,-6.926448345E-1
6.051348173E1,-6.038402915E-1,5.225188732E-1,-7.060838938E-1
6.051548173E1,-6.191119552E-1,4.278347492E-1,-7.225772142E-1
6.051748173E1,-6.294966340E-1,3.319289088E-1,-7.311293483E-1
6.051948173E1,-6.349944472E-1,2.873357534E-1,-7.280750275E-1
6.052148259E1,-6.331618428E-1,2.109775841E-1,-7.164685726E-1
6.052348349E1,-6.209445000E-1,1.547779888E-1,-6.810383797E-1
6.052548349E1,-6.117815375E-1,1.346194297E-1,-6.590472460E-1
6.052748346E1,-5.824599862E-1,1.278999150E-1,-6.065128446E-1
6.052948342E1,-5.623014569E-1,1.553888470E-1,-5.558109879E-1
6.053148339E1,-5.537493229E-1,1.779908538E-1,-5.289329290E-1
6.053348336E1,-5.268712640E-1,2.250274867E-1,-4.837289155E-1
6.053548332E1,-5.048801303E-1,2.879466116E-1,-4.354705513E-1
6.053748329E1,-4.926628172E-1,3.288745880E-1,-4.122576714E-1
6.053948325E1,-4.694499373E-1,4.394411743E-1,-3.823252916E-1
6.054148235E1,-4.224133193E-1,6.911176443E-1,-3.743840456E-1
6.054348189E1,-4.224133193E-1,6.911176443E-1,-3.743840456E-1
6.054548192E1,-3.924809098E-1,8.548295498E-1,-3.725514412E-1
6.054748195E1,-3.619376719E-1,1.010600209E0,-3.743840456E-1
6.054948199E1,-3.527746797E-1,1.091234446E0,-3.725514412E-1
6.055148202E1,-3.326161206E-1,1.251281142E0,-3.725514412E-1
6.055348205E1,-3.197879493E-1,1.417436481E0,-3.737731576E-1
6.055548208E1,-3.173444867E-1,1.502346754E0,-3.731622994E-1
6.055748212E1,-3.155119121E-1,1.672167301E0,-3.749949038E-1
6.055948212E1,-3.197879493E-1,1.836490035E0,-3.694971204E-1
6.056148295E1,-3.258966208E-1,1.915291667E0,-3.707188368E-1
6.056348338E1,-3.423899710E-1,2.061899185E0,-3.603341281E-1
6.056548335E1,-3.656028509E-1,2.193846226E0,-3.499494195E-1
6.056748332E1,-3.759875596E-1,2.256154537E0,-3.426190317E-1
6.056948328E1,-4.077525437E-1,2.363055944E0,-3.267365396E-1
6.057148325E1,-4.474588037E-1,2.457129002E0,-3.077997267E-1
6.057348325E1,-4.688390791E-1,2.498057127E0,-2.980258763E-1
6.057548325E1,-5.183191895E-1,2.573193550E0,-2.809216678E-1
6.057748325E1,-5.800165534E-1,2.634890795E0,-2.662608922E-1
6.057948325E1,-6.123924255E-1,2.662379742E0,-2.577087879E-1
6.058148238E1,-7.266241908E-1,2.735683680E0,-2.357176244E-1
6.058348355E1,-7.632761002E-1,2.754620552E0,-2.308306992E-1
6.058548355E1,-8.035932183E-1,2.774779081E0,-2.241111845E-1
6.058748355E1,-8.836165667E-1,2.808987379E0,-2.076178193E-1
6.058948355E1,-9.679159522E-1,2.825480938E0,-1.954005212E-1
6.059148355E1,-1.044274092E0,2.807765722E0,-1.868484020E-1
6.059348358E1,-1.080315232E0,2.792494059E0,-1.813506186E-1
6.059548361E1,-1.152397275E0,2.749122620E0,-1.721876413E-1
6.059748365E1,-1.221425056E0,2.692923069E0,-1.587486118E-1
6.059948368E1,-1.252579212E0,2.658714533E0,-1.532508135E-1
6.060148458E1,-1.313665748E0,2.581745625E0,-1.349248588E-1
6.060348508E1,-1.372919679E0,2.492559195E0,-1.141554415E-1
6.060548508E1,-1.397354245E0,2.444911718E0,-1.025490016E-1
6.060748505E1,-1.443780065E0,2.340453863E0,-7.444920391E-2
6.060948501E1,-1.486540556E0,2.228054523E0,-4.573853686E-2
6.061148498E1,-1.502423048E0,2.167578936E0,-2.802344225E-2
6.061348494E1,-1.536631465E0,2.047849417E0,6.185010541E-3
6.061548491E1,-1.556179166E0,1.926287174E0,4.772384837E-2
6.061748488E1,-1.570840001E0,1.871920228E0,6.543894112E-2
6.061948484E1,-1.636813402E0,1.904906869E0,7.948884368E-2
6.062148397E1,-1.715004206E0,1.947056651E0,9.231700748E-2
6.062348321E1,-1.715004206E0,1.947056651E0,9.231700748E-2
6.062548324E1,-1.744936585E0,1.867644072E0,1.430188268E-1
6.062748327E1,-1.757764697E0,1.742416739E0,2.108248621E-1
6.062948331E1,-1.755932093E0,1.669112921E0,2.486985177E-1
6.063148334E1,-1.760208249E0,1.529835701E0,3.268892765E-1
6.063348297E1,-1.760208249E0,1.407662630E0,4.032474160E-1
6.063548301E1,-1.755932093E0,1.347797751E0,4.398993254E-1
6.063748304E1,-1.751656055E0,1.242728949E0,5.083162189E-1
6.063948304E1,-1.771203756E0,1.196914077E0,5.889504552E-1
6.064148390E1,-1.776090741E0,1.165149093E0,6.237697601E-1
6.064348274E1,-1.772425532E0,1.061912894E0,6.934084296E-1
6.064548274E1,-1.751045227E0,9.104182720E-1,7.489971519E-1
6.064748274E1,-1.736384511E0,8.310058117E-1,7.789295316E-1
6.064948274E1,-1.699121714E0,6.514114141E-1,8.351291418E-1
6.065148274E1,-1.647809029E0,4.834234715E-1,8.925504684E-1
6.065348284E1,-1.627039552E0,4.046218693E-1,9.218720198E-1
6.065548280E1,-1.568396568E0,2.506838143E-1,9.811259508E-1
6.065748277E1,-1.510364294E0,1.052978933E-1,1.033049464E0
6.065948274E1,-1.482264519E0,3.565925732E-2,1.057484150E0
6.066148184E1,-1.415680170E0,-1.396590620E-1,1.116738081E0
6.066348094E1,-1.399797678E0,-1.885282844E-1,1.132009625E0
6.066548090E1,-1.380249977E0,-2.312888503E-1,1.146059513E0
6.066748090E1,-1.353982806E0,-2.942079604E-1,1.168661594E0
6.066948090E1,-1.344819784E0,-3.290272951E-1,1.185765743E0
6.067148093E1,-1.339322090E0,-3.394120038E-1,1.190652728E0
6.067348097E1,-1.346041560E0,-3.369685411E-1,1.203480840E0
6.067548100E1,-1.359480619E0,-3.003166318E-1,1.208367825E0
6.067748103E1,-1.367421865E0,-2.826015353E-1,1.210811257E0
6.067948107E1,-1.380249977E0,-2.514474094E-1,1.210200429E0
6.068148197E1,-1.391245604E0,-2.123520374E-1,1.204091787E0
6.068348277E1,-1.395521641E0,-1.866956949E-1,1.201648355E0
6.068548273E1,-1.410182476E0,-1.268308908E-1,1.193096161E0
6.068748270E1,-1.423621416E0,-5.841398984E-2,1.186987519E0
6.068948266E1,-1.431562662E0,-1.992947794E-2,1.179657102E0
6.069148263E1,-1.439503908E0,5.154175684E-2,1.166828990E0
6.069348263E1,-1.448666930E0,1.242347211E-1,1.149724722E0
6.069548260E1,-1.452942967E0,1.621083617E-1,1.141783476E0
6.069748256E1,-1.453553796E0,2.329687327E-1,1.122846723E0
6.069948256E1,-1.440725684E0,2.916117907E-1,1.103909850E0
6.070148173E1,-1.420567155E0,3.600287139E-1,1.076420903E0
6.070348103E1,-1.420567155E0,3.600287139E-1,1.076420903E0
6.070548106E1,-1.394299865E0,3.917936981E-1,1.060538411E0
6.070748109E1,-1.379639149E0,4.088979363E-1,1.055040598E0
6.070948113E1,-1.349706769E0,4.314999282E-1,1.044655919E0
6.071148116E1,-1.314887404E0,4.486041665E-1,1.040379882E0
6.071348106E1,-1.274570346E0,4.675409794E-1,1.041601658E0
6.071548109E1,-1.248303175E0,4.767039716E-1,1.043434143E0
6.071748109E1,-1.206764340E0,4.956407845E-1,1.048321128E0
6.071948109E1,-1.164614558E0,5.121341348E-1,1.059927583E0
6.072148196E1,-1.139569163E0,5.194645524E-1,1.065425396E0
6.072348283E1,-1.091921568E0,5.390121937E-1,1.080696940E0
6.072548282E1,-1.049161077E0,5.658903122E-1,1.098412037E0
6.072748282E1,-1.024115562E0,5.805510283E-1,1.108796835E0
6.072948283E1,-9.776898026E-1,5.946009755E-1,1.128955364E0
6.073148279E1,-9.306532145E-1,6.092617512E-1,1.152779102E0
6.073348276E1,-9.062185884E-1,6.141486168E-1,1.163774610E0
6.073548272E1,-8.616254330E-1,6.263659596E-1,1.184544086E0
6.073748229E1,-8.072584271E-1,6.269767880E-1,1.210200429E0
6.073948226E1,-7.791585922E-1,6.214790344E-1,1.216309071E0
6.074148136E1,-6.966918111E-1,6.129269004E-1,1.240132809E0
6.074348052E1,-6.722571850E-1,6.135377884E-1,1.245630622E0
6.074548052E1,-6.447682381E-1,6.141486168E-1,1.251128435E0
6.074748052E1,-5.946773291E-1,6.220899224E-1,1.263345718E0
6.074948055E1,-5.409211516E-1,6.294202805E-1,1.269454360E0
6.075148059E1,-5.164865851E-1,6.318637133E-1,1.273119569E0
6.075348099E1,-4.694499373E-1,6.453027725E-1,1.281671643E0
6.075548102E1,-4.236350358E-1,6.648504734E-1,1.284726024E0
6.075748105E1,-4.059199691E-1,6.764569283E-1,1.285947680E0
6.075948109E1,-3.674354553E-1,7.033349872E-1,1.285947680E0
6.076148195E1,-3.277291954E-1,7.350999713E-1,1.284726024E0
6.076348265E1,-3.112358451E-1,7.479281425E-1,1.278617263E0
6.076548262E1,-2.758056521E-1,7.784714103E-1,1.271897793E0
6.076748258E1,-2.470949888E-1,8.077929020E-1,1.261513114E0
6.076948255E1,-2.336559594E-1,8.212319613E-1,1.256626129E0
6.077148252E1,-2.104430795E-1,8.487209082E-1,1.244408846E0
6.077348248E1,-1.890627891E-1,8.768206835E-1,1.232802391E0
6.077548245E1,-1.786780804E-1,8.884271383E-1,1.223639488E0
6.077748245E1,-1.670716405E-1,9.061422348E-1,1.208367825E0
6.077948245E1,-1.591303945E-1,9.275225401E-1,1.194317937E0
6.078148158E1,-1.597412676E-1,9.623418450E-1,1.166828990E0
6.078348068E1,-1.597412676E-1,9.623418450E-1,1.166828990E0
6.078548068E1,-1.670716405E-1,9.757808447E-1,1.147281289E0
6.078748068E1,-1.756237596E-1,9.806677699E-1,1.135674834E0
6.078948068E1,-1.890627891E-1,9.916633964E-1,1.116738081E0
6.079148068E1,-2.165517360E-1,1.006935000E0,1.094136000E0
6.079348068E1,-2.318233550E-1,1.011211038E0,1.085583925E0
6.079548071E1,-2.666426897E-1,1.014876246E0,1.062981844E0
6.079748115E1,-3.039054573E-1,1.013654470E0,1.039158106E0
6.079948118E1,-3.289509416E-1,1.007545829E0,1.030606031E0
6.080148208E1,-3.704897761E-1,9.941068292E-1,1.008004069E0
6.080348291E1,-4.254676402E-1,9.757808447E-1,9.835693836E-1
6.080548295E1,-4.517348409E-1,9.678395987E-1,9.750173092E-1
6.080748298E1,-5.061018467E-1,9.409615397E-1,9.524152875E-1
6.080948298E1,-5.659666657E-1,9.091965556E-1,9.310349822E-1
6.081148294E1,-6.252205968E-1,8.664360046E-1,9.108764529E-1
6.081348291E1,-6.527095437E-1,8.444448709E-1,9.029352069E-1
6.081548288E1,-7.156286240E-1,7.937430143E-1,8.833875060E-1
6.081748284E1,-7.473936081E-1,7.674758434E-1,8.754462600E-1
6.081948281E1,-8.097018600E-1,7.131088376E-1,8.595637679E-1
6.082148191E1,-9.013316631E-1,6.245333552E-1,8.357400298E-1
6.082348101E1,-9.013316631E-1,6.245333552E-1,8.357400298E-1
6.082548101E1,-9.569203854E-1,5.567272902E-1,8.253552914E-1
6.082748104E1,-1.010065675E0,4.803691506E-1,8.137488365E-1
6.082948108E1,-1.036943793E0,4.400520623E-1,8.082510829E-1
6.083148111E1,-1.077871680E0,3.526983261E-1,8.003098369E-1
6.083348114E1,-1.112691045E0,2.604576647E-1,7.929794192E-1
6.083548117E1,-1.145066857E0,1.724930704E-1,7.887033820E-1
6.083748121E1,-1.153619051E0,1.303433776E-1,7.856490612E-1
6.083948124E1,-1.167668939E0,4.787656292E-2,7.801512480E-1
6.084148301E1,-1.173777580E0,-2.909245715E-2,7.801512480E-1
6.084348391E1,-1.168279767E0,-6.513350457E-2,7.783187032E-1
6.084548391E1,-1.157895088E0,-1.323286891E-1,7.801512480E-1
6.084748391E1,-1.140179992E0,-1.879174262E-1,7.856490612E-1
6.084948391E1,-1.129184365E0,-2.147954851E-1,7.844273448E-1
6.085148391E1,-1.109636664E0,-2.557234764E-1,7.929794192E-1
6.085348391E1,-1.083980322E0,-2.905427814E-1,7.917577028E-1
6.085548387E1,-1.069930434E0,-3.021492362E-1,7.954229116E-1
6.085748384E1,-1.046106696E0,-3.235295117E-1,7.954229116E-1
6.085948380E1,-1.018006921E0,-3.363576829E-1,7.978663445E-1
6.086148290E1,-9.764680862E-1,-3.442989290E-1,7.972555161E-1
6.086348197E1,-9.764680862E-1,-3.442989290E-1,7.972555161E-1
6.086548194E1,-9.447031021E-1,-3.449097872E-1,7.960337996E-1
6.086748190E1,-9.190467596E-1,-3.461315334E-1,7.948120236E-1
6.086948110E1,-8.768970370E-1,-3.351359367E-1,7.948120236E-1
6.087148110E1,-8.310821652E-1,-3.180317283E-1,7.880925536E-1
6.087348114E1,-8.090910316E-1,-3.070361316E-1,7.819838524E-1
6.087548117E1,-7.693848014E-1,-2.734385431E-1,7.752643824E-1
6.087748120E1,-7.284567952E-1,-2.337323129E-1,7.667122483E-1
6.087948123E1,-7.095199823E-1,-2.117411643E-1,7.618253231E-1
6.088148213E1,-6.747006774E-1,-1.622610837E-1,7.563275099E-1
6.088348307E1,-6.423248053E-1,-1.127809957E-1,7.489971519E-1
6.088548310E1,-6.239988208E-1,-8.773551881E-2,7.471645474E-1
6.088748310E1,-5.800165534E-1,-4.436408728E-2,7.392233014E-1
6.088948307E1,-5.384777188E-1,1.450804994E-3,7.276168466E-1
6.089148303E1,-5.158756971E-1,2.588541433E-2,7.233408093E-1
6.089348300E1,-4.816672504E-1,7.780896127E-2,7.117343545E-1
6.089548296E1,-4.480696619E-1,1.303433776E-1,7.001278996E-1
6.089748293E1,-4.382958114E-1,1.596648991E-1,6.952410340E-1
6.089948290E1,-4.175263941E-1,2.189188302E-1,6.854671836E-1
6.090148113E1,-3.863722682E-1,3.019964993E-1,6.756933331E-1
6.090348023E1,-3.863722682E-1,3.019964993E-1,6.756933331E-1
6.090548026E1,-3.625485301E-1,3.551417887E-1,6.714172363E-1
6.090748030E1,-3.460551500E-1,4.070653319E-1,6.677520871E-1
6.090948033E1,-3.320052624E-1,4.314999282E-1,6.665303111E-1
6.091148036E1,-3.081815243E-1,4.742605090E-1,6.628651619E-1
6.091348039E1,-2.910772860E-1,5.151884556E-1,6.604216695E-1
6.091548043E1,-2.843577862E-1,5.365687609E-1,6.591999531E-1
6.091748046E1,-2.758056521E-1,5.768858790E-1,6.561456323E-1
6.091948049E1,-2.611449063E-1,6.117051840E-1,6.506478190E-1
6.092148136E1,-2.580905557E-1,6.239224672E-1,6.482043862E-1
6.092348226E1,-2.434297949E-1,6.459136605E-1,6.445391774E-1
6.092548226E1,-2.226603776E-1,6.624069810E-1,6.396522522E-1
6.092748226E1,-2.141082734E-1,6.727917194E-1,6.378196478E-1
6.092948302E1,-1.896736622E-1,6.886742115E-1,6.329327226E-1
6.093148303E1,-1.658499092E-1,7.045567036E-1,6.286566854E-1
6.093348299E1,-1.548543423E-1,7.131088376E-1,6.237697601E-1
6.093548296E1,-1.346957833E-1,7.241044044E-1,6.194937229E-1
6.093748292E1,-1.114829108E-1,7.369325757E-1,6.146067977E-1
6.093948289E1,-1.035416573E-1,7.412086129E-1,6.121633053E-1
6.094148199E1,-7.483099401E-2,7.589237094E-1,6.023895144E-1
6.094348106E1,-6.444628537E-2,7.625889182E-1,5.981134176E-1
6.094548102E1,-5.772676691E-2,7.656432390E-1,5.926156640E-1
6.094748099E1,-4.428773001E-2,7.760279179E-1,5.865070224E-1
6.094948099E1,-3.145955876E-2,7.778605223E-1,5.742896795E-1
6.095148102E1,-1.740965992E-2,7.790822387E-1,5.706244707E-1
6.095348105E1,-1.374446787E-2,7.839691639E-1,5.608506799E-1
6.095548109E1,-6.414085161E-3,7.912995815E-1,5.504659414E-1
6.095748112E1,1.527163084E-3,7.974082232E-1,5.425246954E-1
6.095948115E1,5.192354787E-3,8.022951484E-1,5.376377702E-1
6.096148205E1,8.857546374E-3,8.358927369E-1,5.235878825E-1
6.096348299E1,1.740965992E-2,8.682686090E-1,5.113705397E-1
6.096548298E1,1.740965992E-2,8.823184967E-1,5.046510696E-1
6.096748295E1,3.145955876E-2,8.951466680E-1,4.936554730E-1
6.096948292E1,4.917465150E-2,8.847619295E-1,4.789946973E-1
6.097148288E1,5.406157300E-2,8.743772507E-1,4.722751975E-1
6.097348285E1,7.727445662E-2,8.493317366E-1,4.655556679E-1
6.097548282E1,1.004873365E-1,8.090146780E-1,4.588361681E-1
6.097748278E1,1.072068512E-1,7.803040147E-1,4.563927054E-1
6.097948275E1,1.249219403E-1,7.155522704E-1,4.539492428E-1
6.098148188E1,1.518000066E-1,6.098725796E-1,4.527274966E-1
6.098348115E1,1.518000066E-1,6.098725796E-1,4.527274966E-1
6.098548118E1,1.689042449E-1,5.353470445E-1,4.515057802E-1
6.098748121E1,1.811215430E-1,4.644866586E-1,4.515057802E-1
6.098948121E1,1.829541475E-1,4.314999282E-1,4.533383846E-1
6.099148124E1,1.853975952E-1,3.704134226E-1,4.588361681E-1
6.099348128E1,1.896736622E-1,3.203224540E-1,4.667774141E-1
6.099548131E1,1.872301996E-1,3.050508201E-1,4.759403765E-1
6.099748134E1,1.786780804E-1,2.952769995E-1,4.948772192E-1
6.099948134E1,1.591303945E-1,3.081051707E-1,5.174792409E-1
6.100148221E1,1.518000066E-1,3.209333420E-1,5.278639197E-1
6.100348311E1,1.310305893E-1,3.514765799E-1,5.535202622E-1
6.100548311E1,1.182024255E-1,3.899610937E-1,5.749005675E-1
6.100748311E1,1.096503139E-1,4.058435857E-1,5.846744180E-1
6.100948311E1,9.621127695E-2,4.443280995E-1,6.030003428E-1
6.101148308E1,8.704829961E-2,4.785365760E-1,6.158285141E-1
6.101348304E1,7.971791178E-2,4.913647175E-1,6.213263273E-1
6.101548301E1,6.933320314E-2,5.212971568E-1,6.280458570E-1
6.101748297E1,5.589416996E-2,5.426774025E-1,6.402631402E-1
6.101948294E1,5.406157300E-2,5.493969321E-1,6.427065730E-1
6.102148204E1,3.268129006E-2,5.487860441E-1,6.585890651E-1
6.102348111E1,2.962696366E-2,5.432882905E-1,6.622542739E-1
6.102548107E1,2.779436857E-2,5.347361565E-1,6.677520871E-1
6.102748107E1,1.435533352E-2,5.078580976E-1,6.781367660E-1
6.102948110E1,1.130100712E-2,4.767039716E-1,6.903541088E-1
6.103148114E1,6.414085161E-3,4.595997334E-1,6.952410340E-1
6.103348117E1,-5.192354787E-3,4.223369658E-1,7.062366009E-1
6.103548120E1,-1.557706390E-2,3.856850564E-1,7.172321677E-1
6.103748124E1,-2.290744707E-2,3.685808182E-1,7.221190929E-1
6.103948127E1,-3.329215571E-2,3.380375504E-1,7.306711674E-1
6.104148217E1,-4.673119262E-2,3.154355288E-1,7.367798686E-1
6.104348294E1,-5.467243865E-2,3.050508201E-1,7.404450178E-1
6.104548290E1,-7.422012836E-2,2.946661115E-1,7.465536594E-1
6.104748247E1,-9.804387391E-2,2.855031490E-1,7.465536594E-1
6.104948247E1,-1.053742543E-1,2.842814028E-1,7.465536594E-1
6.105148243E1,-1.230893433E-1,2.842814028E-1,7.447211146E-1
6.105348150E1,-1.469130963E-1,2.873357534E-1,7.410559058E-1
6.105548147E1,-1.536326110E-1,2.928335369E-1,7.380015850E-1
6.105748143E1,-1.701259762E-1,3.001639247E-1,7.325037718E-1
6.105948143E1,-1.805106848E-1,3.087160289E-1,7.270060182E-1
6.106148060E1,-1.963931769E-1,3.288745880E-1,7.117343545E-1
6.106347973E1,-1.963931769E-1,3.288745880E-1,7.117343545E-1
6.106547976E1,-2.012801021E-1,3.410918713E-1,7.037931085E-1
6.106747980E1,-1.994474977E-1,3.514765799E-1,7.025713921E-1
6.106947983E1,-2.000583708E-1,3.685808182E-1,6.897432208E-1
6.107147986E1,-1.994474977E-1,3.856850564E-1,6.811910868E-1
6.107347990E1,-1.933388561E-1,4.058435857E-1,6.756933331E-1
6.107547993E1,-1.853975952E-1,4.131739736E-1,6.726390123E-1
6.107747993E1,-1.786780804E-1,4.266130030E-1,6.646977663E-1
6.107947993E1,-1.695151031E-1,4.424955249E-1,6.555347443E-1
6.108148080E1,-1.597412676E-1,4.467715621E-1,6.530913115E-1
6.108348170E1,-1.493565589E-1,4.547128081E-1,6.439283490E-1
6.108548170E1,-1.365283877E-1,4.589888752E-1,6.372088194E-1
6.108748170E1,-1.304197311E-1,4.608214796E-1,6.323218942E-1
6.108948166E1,-1.188132912E-1,4.583780169E-1,6.243806481E-1
6.109148163E1,-1.078177169E-1,4.516584873E-1,6.103307605E-1
6.109348119E1,-1.078177169E-1,4.473824203E-1,6.023895144E-1
6.109548116E1,-9.865473956E-2,4.345542490E-1,5.889504552E-1
6.109748112E1,-9.254608303E-2,4.180608988E-1,5.736788511E-1
6.109948109E1,-9.193521738E-2,4.107305110E-1,5.651267171E-1
6.110148019E1,-8.949175477E-2,3.838524520E-1,5.370268822E-1
6.110347926E1,-8.765916526E-2,3.838524520E-1,5.370268822E-1
6.110547926E1,-8.949175477E-2,3.661373556E-1,5.150357485E-1
6.110747969E1,-8.827003092E-2,3.453679383E-1,4.930446148E-1
6.110947972E1,-9.376781434E-2,3.270419836E-1,4.686099887E-1
6.111147976E1,-9.682214260E-2,3.142138124E-1,4.582252800E-1
6.111348069E1,-1.053742543E-1,2.946661115E-1,4.319580793E-1
6.111548072E1,-1.072068512E-1,2.751184404E-1,4.081343412E-1
6.111748076E1,-1.102611795E-1,2.690097690E-1,3.959170282E-1
6.111948079E1,-1.169806942E-1,2.525164187E-1,3.727041483E-1
6.112148165E1,-1.273654103E-1,2.366339266E-1,3.494912684E-1
6.112348252E1,-1.328631938E-1,2.317470014E-1,3.354413807E-1
6.112548249E1,-1.377501190E-1,2.201405615E-1,3.158936799E-1
6.112748245E1,-1.511891484E-1,2.134210467E-1,2.920699418E-1
6.112948242E1,-1.511891484E-1,2.109775841E-1,2.829069793E-1
6.113148238E1,-1.621847153E-1,2.103667259E-1,2.615266740E-1
6.113348235E1,-1.725694388E-1,2.103667259E-1,2.462550551E-1
6.113548232E1,-1.737911552E-1,2.103667259E-1,2.364812046E-1
6.113748232E1,-1.823432744E-1,2.121993154E-1,2.199878395E-1
6.113948232E1,-1.860084683E-1,2.213622928E-1,2.083813995E-1
6.114148145E1,-1.896736622E-1,2.415208519E-1,1.931097806E-1
6.114348055E1,-1.896736622E-1,2.415208519E-1,1.931097806E-1
6.114548055E1,-1.933388561E-1,2.610685229E-1,1.851685345E-1
6.114748055E1,-1.927279830E-1,2.690097690E-1,1.808924675E-1
6.114948055E1,-1.951714456E-1,2.879466116E-1,1.747838110E-1
6.115148055E1,-1.908953935E-1,3.044399619E-1,1.662317067E-1
6.115348052E1,-1.860084683E-1,3.105486333E-1,1.619556546E-1
6.115548055E1,-1.835650057E-1,3.276528418E-1,1.576795876E-1
6.115748058E1,-1.731802970E-1,3.453679383E-1,1.509600729E-1
6.115948061E1,-1.719585657E-1,3.539200425E-1,1.491274834E-1
6.116148151E1,-1.597412676E-1,3.734677434E-1,1.466840208E-1
6.116348245E1,-1.475239545E-1,3.948480189E-1,1.442405581E-1
6.116548248E1,-1.414152980E-1,4.040110111E-1,1.460731477E-1
6.116748248E1,-1.255328059E-1,4.278347492E-1,1.442405581E-1
6.116948248E1,-1.072068512E-1,4.547128081E-1,1.454622895E-1
6.117148245E1,-1.004873365E-1,4.644866586E-1,1.424079537E-1
6.117348241E1,-8.399397135E-2,4.931973219E-1,1.466840208E-1
6.117548238E1,-6.750060618E-2,5.219079852E-1,1.436296850E-1
6.117748234E1,-5.711590126E-2,5.365687609E-1,1.448514163E-1
6.117948231E1,-3.756821156E-2,5.658903122E-1,1.430188268E-1
6.118148141E1,-1.007927675E-2,6.080399752E-1,1.430188268E-1
6.118348051E1,-1.007927675E-2,6.080399752E-1,1.430188268E-1
6.118548054E1,1.007927675E-2,6.343072057E-1,1.411862224E-1
6.118748058E1,3.207042441E-2,6.593526602E-1,1.375210434E-1
6.118948061E1,3.940080851E-2,6.709591150E-1,1.362993121E-1
6.119148064E1,6.383541971E-2,6.935611367E-1,1.308015138E-1
6.119348068E1,8.155050874E-2,7.149413824E-1,1.265254617E-1
6.119548071E1,1.023199260E-1,7.326564789E-1,1.265254617E-1
6.119748074E1,1.108720452E-1,7.424303293E-1,1.198059469E-1
6.119948077E1,1.267545372E-1,7.564802766E-1,1.161407530E-1
6.120148164E1,1.401935667E-1,7.705301642E-1,1.106429696E-1
6.120348254E1,1.481348276E-1,7.784714103E-1,1.081995070E-1
6.120548254E1,1.627955884E-1,7.888560891E-1,1.014799923E-1
6.120748254E1,1.707368344E-1,7.986299396E-1,9.842566401E-2
6.120948254E1,1.768454909E-1,8.053494692E-1,9.598220140E-2
6.121148254E1,1.829541475E-1,8.157341480E-1,9.231700748E-2
6.121348297E1,1.811215430E-1,8.193993568E-1,8.559749275E-2
6.121548294E1,1.884519309E-1,8.242862821E-1,8.315403014E-2
6.121748291E1,1.945605874E-1,8.297840953E-1,7.765624672E-2
6.121948287E1,1.982257664E-1,8.340601325E-1,7.765624672E-2
6.122148197E1,2.031126916E-1,8.474991918E-1,8.376489580E-2
6.122348114E1,2.031126916E-1,8.474991918E-1,8.376489580E-2
6.122548110E1,2.073887438E-1,8.536078334E-1,8.804095536E-2
6.122748107E1,2.061670274E-1,8.572730422E-1,9.048441797E-2
6.122948104E1,2.073887438E-1,8.511643410E-1,9.720393270E-2
6.123148104E1,2.061670274E-1,8.383361697E-1,1.045343131E-1
6.123348107E1,2.086104751E-1,8.291732073E-1,1.069777757E-1
6.123548110E1,2.061670274E-1,8.065711856E-1,1.143081561E-1
6.123748113E1,2.073887438E-1,7.876343727E-1,1.240820065E-1
6.123948117E1,2.037235647E-1,7.790822387E-1,1.308015138E-1
6.124148207E1,2.031126916E-1,7.589237094E-1,1.375210434E-1
6.124348300E1,1.988366395E-1,7.363216877E-1,1.442405581E-1
6.124548300E1,1.982257664E-1,7.259370089E-1,1.503492147E-1
6.124748300E1,1.896736622E-1,7.021132708E-1,1.564578563E-1
6.124948297E1,1.762346178E-1,6.789003611E-1,1.625665128E-1
6.125148293E1,1.737911552E-1,6.672939062E-1,1.650099754E-1
6.125348290E1,1.689042449E-1,6.428593397E-1,1.692860276E-1
6.125548286E1,1.536326110E-1,6.172029972E-1,1.760055423E-1
6.125748283E1,1.444696337E-1,6.037639380E-1,1.772272736E-1
6.125948280E1,1.310305893E-1,5.756641626E-1,1.839468032E-1
6.126148193E1,1.127046347E-1,5.280166268E-1,1.943315119E-1
6.126348106E1,1.127046347E-1,5.280166268E-1,1.943315119E-1
6.126548110E1,9.315694869E-2,4.944190681E-1,1.998292953E-1
6.126748113E1,7.910704613E-2,4.608214796E-1,2.034944892E-1
6.126948116E1,6.994406879E-2,4.449389875E-1,2.047162205E-1
6.127148119E1,5.222897977E-2,4.107305110E-1,2.089922726E-1
6.127348123E1,3.145955876E-2,3.814089894E-1,2.120465934E-1
6.127548126E1,2.412917651E-2,3.661373556E-1,2.126574665E-1
6.127748129E1,2.748893574E-3,3.386484087E-1,2.151009291E-1
6.127948129E1,-1.618792862E-2,3.172681332E-1,2.175443918E-1
6.128148216E1,-2.412917651E-2,3.062725663E-1,2.169335186E-1
6.128348296E1,-4.367686436E-2,2.891683280E-1,2.181552500E-1
6.128548296E1,-6.139195710E-2,2.745075822E-1,2.199878395E-1
6.128748296E1,-7.055493444E-2,2.690097690E-1,2.187661231E-1
6.128948296E1,-8.338310570E-2,2.586250603E-1,2.205987126E-1
6.129148296E1,-1.004873365E-1,2.488512248E-1,2.181552500E-1
6.129348293E1,-1.072068512E-1,2.445751727E-1,2.187661231E-1
6.129548289E1,-1.182024255E-1,2.360230535E-1,2.205987126E-1
6.129748286E1,-1.304197311E-1,2.244166136E-1,2.193769813E-1
6.129948282E1,-1.371392459E-1,2.213622928E-1,2.199878395E-1
6.130148192E1,-1.463022232E-1,2.036471963E-1,2.169335186E-1
6.130348099E1,-1.475239545E-1,1.981494129E-1,2.175443918E-1
6.130548096E1,-1.493565589E-1,1.938733608E-1,2.157117873E-1
6.130748092E1,-1.548543423E-1,1.840995103E-1,2.157117873E-1
6.130948092E1,-1.591303945E-1,1.755474061E-1,2.157117873E-1
6.131148095E1,-1.560760736E-1,1.712713391E-1,2.163226604E-1
6.131348099E1,-1.548543423E-1,1.651626974E-1,2.157117873E-1
6.131548102E1,-1.554652005E-1,1.590540409E-1,2.169335186E-1
6.131748105E1,-1.493565589E-1,1.541671157E-1,2.157117873E-1
6.131948109E1,-1.493565589E-1,1.492801905E-1,2.151009291E-1
6.132148199E1,-1.426370293E-1,1.462258697E-1,2.151009291E-1
6.132348289E1,-1.334740520E-1,1.425606757E-1,2.163226604E-1
6.132548289E1,-1.298088580E-1,1.395063549E-1,2.151009291E-1
6.132748285E1,-1.212567538E-1,1.376737505E-1,2.175443918E-1
6.132948282E1,-1.102611795E-1,1.370628923E-1,2.175443918E-1
6.133148278E1,-1.047633886E-1,1.333976984E-1,2.199878395E-1
6.133348275E1,-8.949175477E-2,1.309542358E-1,2.205987126E-1
6.133548272E1,-7.666359097E-2,1.278999150E-1,2.218204439E-1
6.133748268E1,-6.872233748E-2,1.278999150E-1,2.199878395E-1
6.133948268E1,-5.345070735E-2,1.230129898E-1,2.169335186E-1
6.134148182E1,-2.596177347E-2,1.199586615E-1,2.138791978E-1
6.134348105E1,-2.596177347E-2,1.199586615E-1,2.138791978E-1
6.134548105E1,-1.130100712E-2,1.181260645E-1,2.089922726E-1
6.134748105E1,3.054326226E-4,1.205695271E-1,2.004401535E-1
6.134948105E1,1.069014147E-2,1.211803928E-1,1.986075640E-1
6.135148105E1,2.290744707E-2,1.211803928E-1,1.900554448E-1
6.135348105E1,3.390302137E-2,1.248455867E-1,1.821141988E-1
6.135548105E1,4.123340547E-2,1.291216463E-1,1.802816093E-1
6.135748108E1,4.734205827E-2,1.358411610E-1,1.717294902E-1
6.135948111E1,5.406157300E-2,1.456149966E-1,1.631773859E-1
6.136148201E1,5.283984542E-2,1.541671157E-1,1.601230502E-1
6.136348295E1,4.428773001E-2,1.731039435E-1,1.491274834E-1
6.136548298E1,3.634648025E-2,1.883755773E-1,1.497383416E-1
6.136748291E1,2.718350291E-2,1.950950921E-1,1.479057521E-1
6.136948338E1,2.351831272E-2,1.957059503E-1,1.460731477E-1
6.137148338E1,1.130100712E-2,1.889864355E-1,1.497383416E-1
6.137348335E1,1.435533352E-2,1.773799956E-1,1.485166103E-1
6.137548331E1,1.374446787E-2,1.572214365E-1,1.515709460E-1
6.137748328E1,1.557706390E-2,1.297325045E-1,1.540143937E-1
6.137948324E1,2.046398632E-2,1.150717437E-1,1.564578563E-1
6.138148234E1,3.329215571E-2,6.498079002E-2,1.595121920E-1
6.138348141E1,4.062253982E-2,4.909829423E-2,1.570687294E-1
6.138548138E1,4.856378585E-2,3.565925732E-2,1.570687294E-1
6.138748138E1,6.139195710E-2,9.392052889E-3,1.552361250E-1
6.138948141E1,7.238753140E-2,-1.076649968E-2,1.509600729E-1
6.139148144E1,7.666359097E-2,-1.504255645E-2,1.521818042E-1
6.139348147E1,8.093964309E-2,-2.664899640E-2,1.479057521E-1
6.139548151E1,9.010262042E-2,-3.520110995E-2,1.466840208E-1
6.139748154E1,9.132435173E-2,-3.886630014E-2,1.466840208E-1
6.139948157E1,9.865473956E-2,-4.375322163E-2,1.442405581E-1
6.140148247E1,1.035416573E-1,-4.802928120E-2,1.442405581E-1
